6	header
postResults v2.0.3	--cr f,p,texture --time RVE_1_40_D_tensionX.spectralOut
addCauchy v2.0.3	RVE_1_40_D_tensionX.txt
addStrainTensors v2.0.3	--left --logarithmic RVE_1_40_D_tensionX.txt
addMises v2.0.3	-s Cauchy RVE_1_40_D_tensionX.txt
addMises v2.0.3	-e ln(V) RVE_1_40_D_tensionX.txt
inc	time	elem	node	ip	grain	1_pos	2_pos	3_pos	1_f	2_f	3_f	4_f	5_f	6_f	7_f	8_f	9_f	1_p	2_p	3_p	4_p	5_p	6_p	7_p	8_p	9_p	texture	1_Cauchy	2_Cauchy	3_Cauchy	4_Cauchy	5_Cauchy	6_Cauchy	7_Cauchy	8_Cauchy	9_Cauchy	1_ln(V)	2_ln(V)	3_ln(V)	4_ln(V)	5_ln(V)	6_ln(V)	7_ln(V)	8_ln(V)	9_ln(V)	Mises(Cauchy)	Mises(ln(V))
0	0.0	nan	nan	1	1	6.000000000000838e-05	6.000000000000867e-05	5.999999999999513e-05	1.0	0.0	0.0	0.0	1.0	0.0	0.0	0.0	1.0	2.7716487604837305e-06	-1.193192284640359e-09	-2.8066754232013673e-08	-1.19319228464005e-09	2.7018729684353462e-06	-1.6832583398956398e-08	-2.8066754232013544e-08	-1.6832583398956544e-08	2.6991213888906947e-06	1599.565890624997	2.7716487604837305e-06	-1.193192284640359e-09	-2.8066754232013673e-08	-1.19319228464005e-09	2.7018729684353462e-06	-1.6832583398956398e-08	-2.8066754232013544e-08	-1.6832583398956544e-08	2.6991213888906947e-06	0.0	0.0	0.0	0.0	0.0	0.0	0.0	0.0	0.0	9.102600058541354e-08	0.0
2	2.0	nan	nan	1	1	6.000000000000838e-05	6.000000000000867e-05	5.999999999999513e-05	0.9999331859138993	5.473454113263384e-24	-3.159697591054557e-22	-2.6701390173211735e-24	1.000200000000001	-4.59250676089441e-22	-3.427836458419747e-24	-1.5087774372967225e-24	0.9999338800589289	-1.289907474301799e-06	-494.16260334728025	2741.2009145038724	-494.2944617006715	14158906.776136192	727.4803459824838	2741.2028174219977	727.2867876673091	4.91402945272057e-06	1599.565890624997	-1.2897348215841884e-06	-494.22830092229026	2740.8359103935845	-494.2283009222884	14160789.164309	727.3834784690403	2740.8359103935786	727.3834784690066	4.913375126020598e-06	-6.681631826113055e-05	0.0	0.0	0.0	0.00019998000266735472	0.0	0.0	0.0	-6.61221270905273e-05	14160790.04196268	0.00017763326904611168
4	4.0	nan	nan	1	1	6.000000000000838e-05	6.000000000000867e-05	5.999999999999513e-05	0.9998663539893823	-1.5297878248555694e-23	8.559267932004705e-22	-4.347661299578714e-24	1.0003999999999935	5.8273219793135695e-22	-1.0137925587449907e-23	1.5961277099823221e-23	0.9998677425139985	8.752635077144077e-06	-988.3614006085027	5482.594259824009	-988.888906226027	28326310.375522703	1455.4063112439574	5482.601873558566	1454.6319700760823	7.697280189859157e-06	1599.565890624997	8.750292714695873e-06	-988.6242617819419	5481.134630761511	-988.6242617819679	28333843.942879673	1455.0188389545704	5481.134630761433	1455.0188389545522	7.695230945772317e-06	-0.00013365494204156818	0.0	0.0	0.0	0.00039992002132045463	0.0	0.0	0.0	-0.0001322662327942928	28333845.697167143	0.0003552546439164273
6	6.0	nan	nan	1	1	6.000000000000838e-05	6.000000000000867e-05	5.999999999999513e-05	0.9997995042228787	6.272345148867098e-23	5.5557420406001595e-22	-1.6795075157276673e-23	1.000599999999987	2.9337515523744727e-21	-2.710505431213761e-23	9.396771758602394e-23	0.9998015873617152	8.834131680032442e-06	-1482.5963387184038	8224.17977104964	-1483.7833888253042	42502212.496083714	2183.777960925435	8224.19690659356	2182.0354505084533	7.841688009648351e-06	1599.565890624997	8.83058647937036e-06	-1483.1879358651038	8220.896477144293	-1483.1879358651702	42519172.06018385	2182.9061433011443	8220.89647714433	2182.906143301095	7.838557415818134e-06	-0.00020051587908660723	0.0	0.0	0.0	0.0005998200719542348	0.0	0.0	0.0	-0.00019843232467637293	42519174.69009723	0.0005328641403780848
8	8.0	nan	nan	1	1	6.000000000000838e-05	6.000000000000867e-05	5.999999999999513e-05	0.9997326366108238	4.435673316754356e-23	3.896219208471773e-22	-2.8574127080031785e-23	1.0008000000000166	2.3907637285150634e-21	-2.5596276874840888e-23	1.61465655570351e-24	0.9997354145986067	1.0162595023757603e-05	-1976.867365479313	10965.957183071203	-1978.9779656275741	56686614.836158924	2912.5953601424067	10965.987654513126	2909.497132224195	9.177211824862752e-06	1599.565890624997	1.0157158882564296e-05	-1977.9193773810487	10960.121765228014	-1977.9193773808984	56716781.24717774	2911.045453403686	10960.121765227908	2911.0454534037613	9.172328268895636e-06	-0.0002673991371390873	0.0	0.0	0.0	0.0007996801705806623	0.0	0.0	0.0	-0.0002646204102859707	56716784.7517027	0.000710461774203485
10	10.0	nan	nan	1	1	6.000000000000838e-05	6.000000000000867e-05	5.999999999999513e-05	0.9996657511496487	1.8636379200819714e-22	4.676680660027806e-22	1.8978831974416666e-23	1.0010000000000063	1.880227854447335e-21	-7.543887186483612e-24	-1.3107834858760298e-22	0.9996692242211906	-3.408255127396842e-06	-2471.174428101927	13707.926230747331	-2474.4726921826023	70879519.09388886	3641.858574029423	13707.97385527388	3637.0169185047607	-4.2918109211314005e-06	1599.565890624997	-3.4059768917727374e-06	-2472.8186400026266	13698.81081051309	-2472.8186400025966	70926679.24069385	3639.4368312524966	13698.810810512705	3639.4368312525003	-4.288956976672879e-06	-0.0003343047239490555	0.0	0.0	0.0	0.0009995003330900778	0.0	0.0	0.0	-0.0003308304971837317	70926683.61883324	0.0008880475610901562
12	12.0	nan	nan	1	1	6.000000000000838e-05	6.000000000000867e-05	5.999999999999513e-05	0.9995988478357942	-2.835575139831779e-23	-1.4544879193336421e-21	4.727502636863064e-23	1.0012000000000039	4.301868580867778e-21	1.44524996625265e-23	2.4124557128986544e-22	0.9996030162259613	-1.0717783152358606e-05	-2965.51747399185	16450.08664889692	-2970.2676242463685	85080926.9674518	4371.567667890559	16450.15524679427	4364.5947128039725	-1.1608836481173058e-05	1599.565890624997	-1.0709188601817207e-05	-2967.885777653118	16436.963928304085	-2967.8857776530986	85148873.7836848	4368.080339082949	16436.96392830381	4368.080339083009	-1.1599575769006429e-05	-0.00040123264725988654	0.0	0.0	0.0	0.0011992805754855137	0.0	0.0	0.0	-0.00039706259295774264	85148879.03442153	0.0010656215168176326
14	14.0	nan	nan	1	1	6.000000000000838e-05	6.000000000000867e-05	5.999999999999513e-05	0.999531926665684	-1.3688846521017544e-22	3.984760621239449e-22	1.6437733132653766e-23	1.0014000000000023	9.75861364575759e-22	3.2796056926502444e-23	-1.1249656330721176e-22	0.9995367906094426	-7.499434705096064e-07	-3459.8964507398186	19192.438172172046	-3466.362817772852	99290840.15508364	5101.722706825583	19192.531566827394	5092.230418373973	-1.613148269825615e-06	1599.565890624997	-7.492420734412305e-07	-3463.1208444965637	19174.58143358509	-3463.120844496489	99383372.62524746	5096.97603900247	19174.58143358503	5096.976039002417	-1.6116473887651184e-06	-0.0004681829148349393	0.0	0.0	0.0	0.0013990209137091827	0.0	0.0	0.0	-0.0004633167051681152	99383378.74755442	0.0012431836571223014
16	16.0	nan	nan	1	1	6.000000000000838e-05	6.000000000000867e-05	5.999999999999513e-05	0.999464987635723	-2.183028898200946e-22	-6.649208635946258e-23	-1.8370027043577637e-23	1.0015999999999816	5.843997940462638e-22	5.0239641684020686e-23	-8.983843196815923e-23	0.9994705473681232	-9.785989290321595e-06	-3954.3113057110877	21934.980535090494	-3962.758328502611	113509260.35486016	5832.3237561647165	21935.102552993667	5819.92393870015	-1.0612749592837645e-05	1599.565890624997	-9.775532400928723e-06	-3958.5238945271076	21911.6636410526	-3958.5238945271753	113630183.52041744	5826.123993425032	21911.66364105271	5826.123993424937	-1.0601468235312677e-05	-0.0005351555344594527	0.0	0.0	0.0	0.0015987213636784515	0.0	0.0	0.0	-0.0005295928414131825	113630190.5133049	0.001420733997743999
18	18.0	nan	nan	1	1	6.000000000000838e-05	6.000000000000867e-05	5.999999999999513e-05	0.9993980307423609	-8.318128239833246e-23	9.739290706648351e-22	-5.129843286808856e-23	1.0017999999999954	-4.032406224522504e-21	3.57342024622908e-23	-1.3637230450794236e-22	0.9994042864985181	3.1817872968531446e-06	-4448.761986374598	24677.71347228071	-4459.454212291554	127736189.26506063	6563.370881132307	24677.86794302516	6547.67517716417	2.4048646228038705e-06	1599.565890624997	3.1779635259908477e-06	-4454.094981898035	24648.210865357287	-4454.094981897889	127889314.23052697	6555.5242647342275	24648.210865357098	6555.524264734081	2.4019895681214098e-06	-0.0006021505138767889	0.0	0.0	0.0	0.0017983819413756293	0.0	0.0	0.0	-0.0005958910092685244	127889322.09296533	0.0015982725544442875
20	20.0	nan	nan	1	1	6.000000000000838e-05	6.000000000000867e-05	5.999999999999513e-05	0.9993310470963387	-4.12002119500412e-23	-4.359043304807443e-22	-1.3208420021246746e-22	1.0020000000000187	1.1459296985166616e-21	1.291725244562808e-23	-1.4653669987499395e-22	0.9993379520533497	-0.379409056655255	-5037.646265624078	27453.43552269805	-5051.100504988177	141957659.7023105	7368.152506407691	27453.625213523635	7348.577279874617	-0.5373265595430057	1599.565890624997	-0.37890260484046506	-5044.358076473402	27416.978913859177	-5044.358074957673	142146794.25251427	7358.368016828264	27416.978912999013	7358.368015093706	-0.536613020278173	-0.0006691767524900878	0.0	0.0	0.0	0.001998002662691894	0.0	0.0	0.0	-0.0006622671971667772	142146803.48234996	0.0017758209057595956
22	22.0	nan	nan	1	1	6.000000000000838e-05	6.000000000000867e-05	5.999999999999513e-05	0.9992629068362929	4.595153738854579e-22	-2.44374299238786e-21	-1.0100867896007531e-22	1.002199999999991	-8.173867941003998e-23	-5.209252625613947e-23	-1.7258296300306368e-22	0.9992625532076733	784.1641402154695	-13589.421934571616	15593.345645916641	-13629.36693840884	153986206.50946334	21028.44626132407	15593.34137109926	20966.80770113657	1952.7194323986976	1599.565890624997	783.0202018661837	-13609.482262282987	15570.59256895267	-13609.48442310656	154213516.6761859	20997.762541032014	15570.59381064208	20997.758321079873	1949.8701159951943	-0.0007373649504360284	0.0	0.0	0.0	0.0021975835434792255	0.0	0.0	0.0	-0.0007377188399673206	154212158.68277067	0.001956750303121092
24	24.0	nan	nan	1	1	6.000000000000838e-05	6.000000000000867e-05	5.999999999999513e-05	0.9991936790318778	1.0363448109656365e-21	1.1046791939853772e-20	-3.0112021274890376e-22	1.0024000000000248	2.7062702664774894e-21	-2.526275765185951e-22	8.669382215147765e-22	0.9991664104616395	-2503.609261877433	-13039.762675116608	-73898.02709074198	-13081.587102051637	161313918.94243875	79048.73600949263	-73896.01139786244	78793.75133058935	737.3106836126337	1599.565890624997	-2499.6987086037293	-13061.173051083762	-73780.58729381334	-13061.15410396119	161578785.08604455	78923.11063260643	-73780.58831899555	78923.12514527308	736.1389389752505	-0.0008066462197238591	0.0	0.0	0.0	0.0023971245997460393	0.0	0.0	0.0	-0.0008339371673195577	161579776.8331195	0.0021450020669298796
26	26.0	nan	nan	1	1	6.000000000000838e-05	6.000000000000867e-05	5.999999999999513e-05	0.9991251919718819	-1.9481757786848909e-22	2.987167567610697e-21	-8.360215189399944e-22	1.002599999999996	-1.7753810574450136e-21	-4.1843427594362436e-22	-2.1904272015996206e-21	0.9990581099397292	-2135.5028312642676	-1033.3667657933768	-198590.29991856497	-1036.955608281983	166165294.15410966	156230.57947345523	-198576.97144955018	155678.66878943125	724.9576299922521	1599.565890624997	-2131.9730066495936	-1035.2466433761408	-198248.7337116486	-1035.2415991142823	166467578.32063583	155961.870042748	-198248.73873945113	155961.87592290927	723.7107361210354	-0.0008751908959680184	0.0	0.0	0.0	0.0025966258472619273	0.0	0.0	0.0	-0.0009423339174454908	166468855.80124512	0.0023372469987916647
28	28.0	nan	nan	1	1	6.000000000000838e-05	6.000000000000867e-05	5.999999999999513e-05	0.9990576761887725	-3.3881317890172014e-24	-8.507641273869555e-20	-1.8024861117571512e-21	1.0028000000000121	7.003268407898556e-21	-5.319366908757006e-22	-2.5233111498705608e-21	0.9989435756066098	-978.7188009608697	8198.11205105384	-319808.51923311723	8228.820760083854	169868535.34609297	248451.4635662915	-319772.00220453535	247495.995875348	1949.7325717280505	1599.565890624997	-977.0181858930846	8214.52263591732	-319216.36085498414	8214.522417637625	170208569.9781609	247991.43011858038	-319216.36856934725	247991.42140971372	1946.1224412654967	-0.0009427680774271064	0.0	0.0	0.0	0.002796087302013588	0.0	0.0	0.0	-0.0010569828029523708	170209526.02526036	0.002531500819043553
30	30.0	nan	nan	1	1	6.000000000000838e-05	6.000000000000867e-05	5.999999999999513e-05	0.9989910936866419	6.708500942254059e-22	3.6131037398079434e-20	-2.2514135738019302e-21	1.0029999999999915	3.001207138711437e-20	4.841852084742395e-22	6.264655677892805e-21	0.9988250515755066	-1041.5459883349195	11884.342122124996	-425098.1530056848	11932.030754158859	172903939.751237	349097.58158815943	-425027.5057410678	347644.47596703644	1173.1775099816318	1599.565890624997	-1039.65223400055	11910.33845251529	-424254.706238324	11910.335759207514	173282157.40075997	348404.92925692233	-424254.7144382947	348404.9287176162	1170.8497822054985	-0.0010094156019111557	0.0	0.0	0.0	0.0029955089797899584	0.0	0.0	0.0	-0.001175639217543988	173284701.87141836	0.0027270467738167736
32	32.0	nan	nan	1	1	6.000000000000838e-05	6.000000000000867e-05	5.999999999999513e-05	0.998925084815275	8.334804200982315e-22	-4.9451689284837375e-20	-1.7889335846010824e-21	1.0031999999999859	2.3030825835844425e-21	9.510062415297656e-22	4.692562527788824e-22	0.998704007885889	-701.2998655693647	16115.257425367492	-515991.43721935974	16184.218867411239	175505855.0157944	449259.47767493926	-515877.25049914006	447246.04220239836	1352.732431865685	1599.565890624997	-699.9700200293562	16153.533452541842	-514899.00427680474	16153.529411536505	175922706.3696715	448308.326516672	-514899.0140920773	448308.31512879994	1349.8684900161918	-0.0010754933203871995	0.0	0.0	0.0	0.0031948908965055657	0.0	0.0	0.0	-0.0012968326381775778	175926357.81661367	0.0029234968698276073
34	34.0	nan	nan	1	1	6.000000000000838e-05	6.000000000000867e-05	5.999999999999513e-05	0.9988593034226909	8.101023107540128e-21	1.8975655600864463e-20	-1.4738373282224825e-22	1.0034000000000052	-3.522386511157008e-20	1.2745728273809085e-21	-1.0994487655360819e-21	0.9985813786705474	-228.37976928394573	25906.31390119942	-594783.7281550935	26024.08352388363	177802025.6223056	541785.8130000394	-594618.2531138848	539183.9769024261	1631.8570872064831	1599.565890624997	-227.92925449472182	25972.74438145925	-593445.2568544088	25972.74695173336	178257955.94100344	540566.6055343812	-593445.2756745511	540566.5838866013	1628.1848383290303	-0.001141347666827313	0.0	0.0	0.0	0.003394233068020928	0.0	0.0	0.0	-0.0014196285253563078	178262683.8263501	0.0031206194641001275
36	36.0	nan	nan	1	1	6.000000000000838e-05	6.000000000000867e-05	5.999999999999513e-05	0.9987935543863464	5.434563389583591e-21	5.152252602219653e-20	8.165397611531455e-22	1.0036000000000147	-6.760424061920747e-20	-3.7332977150233285e-22	-3.769296615281637e-21	0.9984576999179456	-41.58469282284945	41925.82788740807	-664209.1590780105	42127.5964481901	179866726.508879	626705.9555722723	-663985.8185082959	623494.793981707	1507.5303078784323	1599.565890624997	-41.499529661091266	42041.31053246044	-662626.0056158085	42041.321449692805	180362160.62147278	625212.1916128532	-662626.0121029036	625212.1799371794	1503.937084578704	-0.0012071739550246925	0.0	0.0	0.0	0.003593535510145263	0.0	0.0	0.0	-0.001543490651126115	180368346.47716334	0.0033182645420840604
38	38.0	nan	nan	1	1	6.000000000000838e-05	6.000000000000867e-05	5.999999999999513e-05	0.9987277655241025	2.803679055411734e-21	-4.256610551704797e-20	3.567702773835113e-21	1.003800000000019	-1.0088162401798717e-20	-1.4443499937461923e-21	-9.629070544386887e-21	0.9983332657901217	77.45549786645438	61587.41373879232	-728009.8169144199	61900.20859723737	181747037.24284315	704127.0070622544	-727722.2637753673	700292.3020236429	1351.598172508244	1599.565890624997	77.29110492660139	61768.81938537952	-726177.720607544	61768.830482718506	182282372.90324578	702355.0138016718	-726177.7329720822	702355.0120829976	1348.1967650509546	-0.0012730444532386403	0.0	0.0	0.0	0.003792798238715286	0.0	0.0	0.0	-0.0016681247566706567	182290090.2072692	0.003516327964331159
40	40.0	nan	nan	1	1	6.000000000000838e-05	6.000000000000867e-05	5.999999999999513e-05	0.9986619227956613	-6.989715880742487e-21	-1.2154541628272945e-19	4.482498356869757e-21	1.0040000000000258	-6.306329698897717e-20	5.632769099241098e-22	1.5111067779016718e-21	0.9982082299165195	118.44131664121356	81959.55203816528	-787970.5520935896	82397.65015765524	183472872.8826744	773067.5150334655	-787612.5944730503	768607.9225235338	1154.706593069292	1599.565890624997	118.18119241065942	82216.68057619296	-785882.799043512	82216.68606544015	184048475.24260548	771019.248054276	-785882.8170109106	771019.2464817583	1151.6471612095354	-0.0013389732290303694	0.0	0.0	0.0	0.00399202126956289	0.0	0.0	0.0	-0.0017933772235342307	184057773.69215268	0.003714740040498814
44	48.666666666666664	nan	nan	1	1	6.000000000000838e-05	6.000000000000867e-05	5.999999999999513e-05	0.9983743665301016	-8.978549240895584e-22	-2.8623996144801385e-20	1.5449880957918439e-21	1.0048666666666513	1.0008371898167362e-19	1.2344869931520986e-20	9.693445048378214e-21	0.9976627470765068	8282.577234785524	162274.42932659583	-983756.5239457441	163329.76965054934	189503369.6254407	978231.0020192137	-983055.2613549738	971217.995651598	4549.106027578387	1599.565890624997	8261.773765307802	162919.44154961235	-980586.1694436268	162919.53189708077	190256612.0815594	975078.4546298218	-980586.1071841415	975078.4158114993	4534.445612705308	-0.001626956245747809	0.0	0.0	0.0	0.004854862726166987	0.0	0.0	0.0	-0.002339988562525743	190265500.12135178	0.004577439297148272
48	57.33333333333333	nan	nan	1	1	6.000000000000838e-05	6.000000000000867e-05	5.999999999999513e-05	0.9980809452839892	-5.370188885592264e-21	-1.6043026367145103e-19	-3.0018847650692404e-21	1.0057333333333374	3.2282119685755896e-20	-1.020505294851981e-20	2.1687431581499105e-20	0.9971166587329638	1272.480855169069	223577.44028068718	-1094275.8667667152	225291.50888307684	193904464.98817223	1089959.2414815964	-1093218.506910152	1080620.8289239437	-3442.466437974529	1599.565890624997	1268.8855176559023	224655.07985211047	-1090129.8022127892	224654.95784186086	194839081.30851555	1085829.5320421627	-1090129.6671118825	1085829.4034808879	-3429.4233941589523	-0.0019208984607212939	0.0	0.0	0.0	0.005716960329233735	0.0	0.0	0.0	-0.00288750610315573	194858775.05293602	0.005442794621552894
52	66.0	nan	nan	1	1	6.000000000000838e-05	6.000000000000867e-05	5.999999999999513e-05	0.9977819392882452	-1.1130012926921507e-20	2.2680450657212687e-19	-5.282097459077817e-21	1.006599999999978	7.788637356592742e-20	-7.406456090791602e-21	-2.824346659324739e-20	0.9965731227974707	157.0339020581251	271670.4697677015	-1170347.026112171	274071.42421585263	197373289.42568463	1152279.6758469348	-1168929.0869353085	1140801.499872458	-2748.157252709589	1599.565890624997	156.54071967423278	273210.65024578257	-1165257.9947696235	273210.67251459614	198492257.14981017	1147269.2069390544	-1165257.9355078787	1147269.0419684816	-2736.207413831674	-0.0022205242519439104	0.0	0.0	0.0	0.006578315360100007	0.0	0.0	0.0	-0.0034327623952786885	198514317.59481496	0.006308913934688266
56	74.66666666666666	nan	nan	1	1	6.000000000000838e-05	6.000000000000867e-05	5.999999999999513e-05	0.9974785064348768	1.4631647130870785e-20	3.012811490088821e-20	-1.8024861117571512e-21	1.0074666666666647	-1.9825991976613055e-19	2.7511630126819677e-21	7.487771253728015e-21	0.9960326489500989	119.62029961591709	306533.67109240615	-1230420.593969284	309602.988423481	200287738.89262614	1189866.2398459348	-1228636.927223422	1176361.97114607	-1791.7796126761564	1599.565890624997	119.20668903373755	308532.6047711994	-1224388.831010912	308532.4755364751	201593833.2779347	1184033.2822815888	-1224388.674741295	1184033.1335152658	-1782.9959577615055	-0.0025246778839752952	0.0	0.0	0.0	0.007438929096996224	0.0	0.0	0.0	-0.003975241864413154	201616958.09902933	0.007174970362600642
60	83.33333333333333	nan	nan	1	1	6.000000000000838e-05	6.000000000000867e-05	5.999999999999513e-05	0.9971715755509513	-2.9813865677456864e-20	9.531831162042092e-20	-7.914675859144182e-21	1.0083333333333284	-5.593331245216937e-19	-1.0235546134620965e-20	-4.013580917269777e-20	0.9954952390552725	280.7769510839655	331484.67568345275	-1276753.0292232367	335195.0390709122	202854239.4083569	1213427.0251192676	-1274606.5883185377	1197977.5573517107	-1028.6198013685473	1599.565890624997	279.71653654326593	333929.18559248646	-1269792.864478898	333929.1029175744	204350173.41284993	1206812.079388376	-1269792.7624161395	1206811.9567208772	-1023.0123243444514	-0.0028324319999678826	0.0	0.0	0.0	0.00829880281468956	0.0	0.0	0.0	-0.004514937955146041	204373888.0117127	0.008040552320785472
64	92.0	nan	nan	1	1	6.000000000000838e-05	6.000000000000867e-05	5.999999999999513e-05	0.9968619151149073	-4.5007942685304505e-20	-3.040001247695684e-20	2.3344228026328516e-21	1.0092000000000088	-3.106578037349872e-19	-1.5975041385216104e-20	6.781006962539027e-20	0.9949606200336668	596.5065068367996	352732.5268468686	-1311232.893787267	357098.2386584171	205182937.72229993	1232042.2512521434	-1308731.9265844151	1214658.583675083	-541.3568180643284	1599.565890624997	594.0623810885601	355635.0963329032	-1303369.6066454737	355635.06434304477	206871349.44721645	1224653.859732743	-1303369.5284166725	1224653.7802407115	-538.1103741055346	-0.0031430189986143588	0.0	0.0	0.0	0.009157937784773865	0.0	0.0	0.0	-0.005052120462379745	206895429.44387034	0.008905478483286244
68	100.66666666666666	nan	nan	1	1	6.000000000000838e-05	6.000000000000867e-05	5.999999999999513e-05	0.9965502944775311	2.605473345754228e-21	1.8519528358768023e-20	-2.5173819192397805e-20	1.0100666666666727	-5.432869323689082e-19	1.0401564592282808e-20	1.662217455691839e-20	0.9944283141635031	741.6839033271572	367717.77333077986	-1340417.9967873357	372705.16061798244	207339242.21792915	1247392.7798533107	-1337563.6999016479	1228079.938400826	-178.73752394632612	1599.565890624997	738.4061975755218	371058.10169576516	-1331652.7466574616	371058.0737078559	209222700.6803302	1239235.8394423204	-1331652.6369640823	1239235.7501407703	-177.56872502782542	-0.003455669476438361	0.0	0.0	0.0	0.010016335275494496	0.0	0.0	0.0	-0.005587265575250111	209247129.50432974	0.00976969206240434
72	109.33333333333333	nan	nan	1	1	6.000000000000838e-05	6.000000000000867e-05	5.999999999999513e-05	0.9962372205917505	-1.6483261153568685e-20	2.431120083891403e-19	-2.7382881118837024e-20	1.0109333333333301	-5.392550555399778e-20	2.5912431922403555e-20	6.789816105190472e-21	0.9938979881993497	916.5844232765597	376919.1662618467	-1365208.6023229142	382479.3733249054	209362146.13815495	1259480.85699391	-1362002.942656134	1238257.096049245	38.06547156290582	1599.565890624997	912.2379685921912	380665.6127701601	-1355544.3650730196	380665.6514007214	211443133.65903732	1250565.0606877785	-1355544.3078376753	1250564.9444929752	37.7960081654535	-0.003769876471402839	0.0	0.0	0.0	0.010873996551874732	0.0	0.0	0.0	-0.006120705158178795	211467815.17049652	0.010633169265715881
76	118.0	nan	nan	1	1	6.000000000000838e-05	6.000000000000867e-05	5.999999999999513e-05	0.9959230951981638	6.348850752849882e-20	3.0917719014318668e-19	1.85737384673923e-20	1.011800000000001	9.15886561470708e-19	-2.6142824884056726e-20	7.447113672259808e-21	0.9933693534159704	997.9375008302867	383186.8720087208	-1385856.24124411	389295.61778686376	211277458.90742323	1268912.107704027	-1382302.6140257542	1245797.865486907	236.65029998494092	1599.565890624997	992.8826243988169	387323.6899888194	-1375300.824304202	387323.7094844021	213558373.14181763	1259247.3993754855	-1375300.8038933724	1259247.2798222639	234.8478456531317	-0.0040852380351286965	0.0	0.0	0.0	0.011730922875699358	0.0	0.0	0.0	-0.00665272698008265	213583234.53676215	0.011495907749761893
80	126.66666666666666	nan	nan	1	1	6.000000000000838e-05	6.000000000000867e-05	5.999999999999513e-05	0.9956081619877803	-4.965984763162512e-20	4.526645714080652e-19	3.543308224954189e-20	1.0126666666666586	1.127028158298682e-19	-6.3764640269303726e-21	-7.453889935837843e-22	0.9928422425840498	1053.3858374487397	386950.5560601111	-1404794.6646356522	393580.39778513776	213102927.8513601	1275853.4385460485	-1400892.0223132514	1250876.6438238614	311.52649036736705	1599.565890624997	1047.709093599726	391459.44851081405	-1393342.5057152663	391459.37524734647	215586082.7856624	1265452.4335414204	-1393342.551940592	1265452.3258270728	308.98686591874883	-0.004401510463063008	0.0	0.0	0.0	0.012587115505463905	0.0	0.0	0.0	-0.007183497060527821	215611119.0262821	0.012357903300780893
84	135.33333333333331	nan	nan	1	1	6.000000000000838e-05	6.000000000000867e-05	5.999999999999513e-05	0.995292731301879	-6.963627265967054e-20	-2.418177420457357e-19	5.351892973931571e-20	1.0135333333333405	-1.5921508902949632e-19	4.278532823170922e-20	-6.030196958092814e-20	0.9923164040165723	1088.372445023785	389151.6582569838	-1422736.7843484161	396283.5602337921	214852131.63537923	1281625.4960748467	-1418482.251534398	1254796.3889250031	397.72701830632474	1599.565890624997	1082.1546520271054	394019.6512387539	-1410378.5404068865	394019.620939126	217539769.33838677	1270492.9797187517	-1410378.5651080909	1270492.942916824	394.2722629584351	-0.004718382779112307	0.0	0.0	0.0	0.01344257569649659	0.0	0.0	0.0	-0.00771326689094022	217564946.11409536	0.013219173105594052
88	144.0	nan	nan	1	1	6.000000000000838e-05	6.000000000000867e-05	5.999999999999513e-05	0.9949769417223869	9.754431420580523e-21	-5.217045328728686e-19	1.0347354483658532e-20	1.0143999999999982	-6.437450399132683e-20	-3.873312261204465e-20	-4.6166683757148384e-20	0.9917917384697855	1162.7553497643955	390591.60445763025	-1439355.2255413884	398216.3961047724	216534358.77259412	1286672.1360720366	-1434747.417417773	1257995.598001079	544.5916834755593	1599.565890624997	1155.7359418655737	395812.4054039633	-1426086.0514579343	395812.4137736441	219428642.14246672	1274810.5217471586	-1426086.0275934404	1274810.4617451336	539.5711842101883	-0.005035716240423849	0.0	0.0	0.0	0.014297304700823299	0.0	0.0	0.0	-0.00824213479665671	219453875.76091254	0.014079718680373134
92	152.66666666666666	nan	nan	1	1	6.000000000000838e-05	6.000000000000867e-05	5.999999999999513e-05	0.994660867417728	-5.499954333111623e-20	-7.546453696313793e-19	-4.1179353763715065e-20	1.0152666666666608	1.56003140093508e-19	-4.4831759832275606e-20	4.87890977618477e-20	0.9912682001674501	1121.620082550778	391224.36165897583	-1454795.532276156	399329.0970576369	218157016.87508985	1291761.5503144858	-1449833.4181210422	1261227.288208254	549.783342096986	1599.565890624997	1114.485634381164	396789.05523838685	-1440611.2403981066	396789.02775083756	221260036.7022817	1279166.843732019	-1440611.2567697251	1279166.7216400306	544.4229411189931	-0.0053534366876990674	0.0	0.0	0.0	0.015151303767338168	0.0	0.0	0.0	-0.008770145376971265	221285435.5852803	0.01493953746539379
96	161.33333333333331	nan	nan	1	1	6.000000000000838e-05	6.000000000000867e-05	5.999999999999513e-05	0.9943445791432022	6.454391058077769e-21	-1.355727054057343e-19	3.4206578541917665e-20	1.016133333333331	-1.072885812310187e-18	-8.890457814381137e-21	1.5612511283791263e-20	0.9907457436323698	1135.0379509627373	391496.8954131708	-1469574.8498589525	400075.63645880105	219725980.36453807	1296839.3367176994	-1464256.0145812894	1264438.354354411	621.3966986398785	1599.565890624997	1127.4504630644183	397401.2206677016	-1454467.770646348	397401.21570708195	223039757.99634722	1283507.960920341	-1454467.7737729067	1283507.8677934208	615.0088041071812	-0.005671473300156453	0.0	0.0	0.0	0.016004574141713024	0.0	0.0	0.0	-0.009297343027437375	223065253.6831237	0.015798628466603154
100	170.0	nan	nan	1	1	6.000000000000838e-05	6.000000000000867e-05	5.999999999999513e-05	0.9940281229167323	-4.26040631809968e-20	-2.8555174717836973e-19	-7.77237432400546e-21	1.0170000000000166	3.297058806528419e-19	5.788284348356987e-20	7.522330197975991e-20	0.990224338646141	1080.7292426385427	392187.2603201222	-1483838.870810119	401250.6438373522	221245693.0873054	1301804.8815328188	-1478160.7944326084	1267530.8677186766	601.2489365647314	1599.565890624997	1073.1547528408366	398438.42426516564	-1467800.79714296	398438.40485263756	224772179.63991454	1287734.3223899032	-1467800.8324596498	1287734.3369824286	594.750336934664	-0.0059897800530242604	0.0	0.0	0.0	0.016857117066438963	0.0	0.0	0.0	-0.009823756831395813	224797847.40651014	0.016656991310801936
104	208.75	nan	nan	1	1	6.000000000000838e-05	6.000000000000867e-05	5.999999999999513e-05	0.9926123592568322	4.938540895671473e-20	-1.1270010532443697e-18	-1.1663304870512814e-19	1.0208749999999713	-3.488962591058353e-19	3.3068166260807885e-21	1.2077334575130716e-19	0.9879055620891144	16834.42660330799	400276.2597960076	-1538642.8307460311	411675.58374895604	227517936.04791278	1322497.8124690796	-1531346.9588684107	1279785.4338853788	13534.67910640907	1599.565890624997	16692.075073151398	408192.2210375991	-1518397.8166549306	408194.4643348112	232017386.41361773	1305096.7715557027	-1518397.9236602422	1305094.7837262931	13356.593741987674	-0.007415064509143335	0.0	0.0	0.0	0.020660102696274187	0.0	0.0	0.0	-0.012168170732846168	232029356.5593259	0.020485781349365458
108	247.5	nan	nan	1	1	6.000000000000838e-05	6.000000000000867e-05	5.999999999999513e-05	0.991197340448024	5.911612345477213e-20	6.476617202613722e-19	1.1354307251354445e-19	1.0247499999999956	1.1318528579662424e-18	-3.886864788360533e-20	6.124387021827493e-20	0.9856041513635277	17030.203975368102	407151.9326043548	-1583868.7201102937	420934.87448888377	233092263.02849108	1348022.2040114694	-1574930.5251768422	1296524.672294249	13186.566141549947	1599.565890624997	16861.623919368438	416767.503436242	-1559341.1037879325	416768.0879479719	238597124.93883184	1327146.8808270362	-1559340.466683479	1327144.261256999	12982.360432564892	-0.008841631834621657	0.0	0.0	0.0	0.024448680402305172	0.0	0.0	0.0	-0.014500474195186162	238609654.53540662	0.02430045280580901
112	286.25	nan	nan	1	1	6.000000000000838e-05	6.000000000000867e-05	5.999999999999513e-05	0.9897835320893745	-4.0948960802061897e-20	-6.558609991907937e-19	5.175710120902677e-20	1.0286249999999881	-7.368102438939927e-19	-1.120522945263769e-19	-1.5357723773257171e-19	0.9833205648381274	14302.033692921346	411876.7340989562	-1625412.4719311188	428040.74305889563	238104060.0427893	1373673.2952608	-1614797.865877427	1313168.6570207782	11261.178959743542	1599.565890624997	14139.875955148667	423186.606984582	-1596490.316544685	423187.57881251845	244642245.93601906	1349230.51954583	-1596489.1431801482	1349227.4322773688	11060.800549135442	-0.010269014217049247	0.0	0.0	0.0	0.028222958943727974	0.0	0.0	0.0	-0.01682010331106555	244657532.82743484	0.028100716572187812
116	325.0	nan	nan	1	1	6.000000000000838e-05	6.000000000000867e-05	5.999999999999513e-05	0.9883716583545309	1.0377508856580786e-19	8.304582065424282e-19	-6.685461646088741e-20	1.0325000000000097	1.2864058776540511e-19	-2.667137344314341e-20	1.1645686585209924e-19	0.981054298888806	12541.754179936532	417766.4286997354	-1663834.3745425744	436420.711083148	242644903.53932342	1395586.0932219422	-1651514.6547358667	1326046.6010867634	9728.577528399295	1599.565890624997	12381.554647627869	430844.1583993692	-1630420.9558644616	430846.1803753801	250240641.83585787	1367559.6843752104	-1630419.3700178144	1367557.0668082566	9533.206499243672	-0.01169647954576261	0.0	0.0	0.0	0.03198304585305999	0.0	0.0	0.0	-0.01912747039931771	250257941.58989462	0.03188662358250826
120	363.75	nan	nan	1	1	6.000000000000838e-05	6.000000000000867e-05	5.999999999999513e-05	0.9869629837902263	-4.7115360658073204e-20	-2.3215750068888984e-18	1.4277587358918487e-19	1.0363750000000116	1.1509619212562994e-18	6.971419969081794e-20	5.64327230778705e-20	0.9788041745909717	11373.84695541978	427146.3012193086	-1695457.1668710476	448533.12219155085	246780428.44127476	1417577.8102206166	-1681441.0303415344	1338827.1690701067	8774.187962671464	1599.565890624997	11212.298184855106	442160.5302612582	-1657559.1289070754	442162.36876647035	255454781.61982515	1385891.124931025	-1657558.633093412	1385887.058636335	8578.061209952597	-0.013122744010574987	0.0	0.0	0.0	0.03572904745425734	0.0	0.0	0.0	-0.021423682413549347	255473445.0073287	0.035658371742710235
124	402.5	nan	nan	1	1	6.000000000000838e-05	6.000000000000867e-05	5.999999999999513e-05	0.9855580206142831	1.7885608901042905e-19	-1.1896950438683441e-18	1.0389367317842347e-19	1.0402500000000143	2.414897708885588e-18	3.198396408832238e-20	-7.521652571618188e-21	0.9765697000433897	10814.020178129465	439073.20802573796	-1723053.853738383	463439.63614646904	250561093.17071873	1441771.3106393088	-1707339.509339113	1353506.357836684	8378.69438953968	1599.565890624997	10645.013236621768	456196.0237012355	-1680656.3872479273	456196.7686292657	260332382.63997257	1406295.0829537336	-1680656.349530309	1406289.9015765996	8172.528219025886	-0.01454727983087524	0.0	0.0	0.0	0.0394610688809276	0.0	0.0	0.0	-0.023709153800064026	260351842.45051005	0.0394160675043089
128	441.25	nan	nan	1	1	6.000000000000838e-05	6.000000000000867e-05	5.999999999999513e-05	0.98415679799479	-1.1207939958068902e-19	1.4228662735885079e-18	2.4353891299455642e-20	1.0441249999999944	-8.769027171062759e-19	-2.3223610534639504e-19	7.840136959785804e-20	0.9743508177079464	10536.64321603165	453126.7484210951	-1747256.0709868963	480738.45314279513	254027026.2237169	1466054.1395717661	-1729846.1507427292	1368079.889950669	8161.035441560523	1599.565890624997	10357.010729572856	472541.6017041526	-1700355.6429864352	472542.6509405337	264911171.6890859	1426701.8272464601	-1700355.1108661676	1426697.1983206666	7941.974216653787	-0.015970047068676003	0.0	0.0	0.0	0.04317921409392795	0.0	0.0	0.0	-0.02598385773803963	264931182.1891401	0.04315976007923661
132	480.0	nan	nan	1	1	6.000000000000838e-05	6.000000000000867e-05	5.999999999999513e-05	0.9827594756478224	-2.6585992522060177e-19	-1.593099567195888e-18	-8.798300629719868e-20	1.0480000000000127	3.627415208484752e-18	5.854691731421724e-20	3.7135279660344133e-19	0.9721473091998211	10078.243537927534	466281.73678724066	-1768646.651297086	497238.0420967557	257210719.9593998	1490848.596813288	-1749546.3469398797	1382939.7783947778	7799.617860226999	1599.565890624997	9892.168096596892	488055.3604200473	-1717246.1586608393	488057.4951312706	269221504.3604938	1447521.4843761823	-1717244.3284968724	1447517.924751268	7572.944997054405	-0.01739087275481428	0.0	0.0	0.0	0.04688358589886275	0.0	0.0	0.0	-0.028247933329931158	269242202.9273889	0.04688953207316491
136	518.75	nan	nan	1	1	6.000000000000838e-05	6.000000000000867e-05	5.999999999999513e-05	0.98136625087547	-2.7240579583698296e-20	-3.7888529119678436e-18	2.0366737810140201e-19	1.05187500000001	-1.2886827022162705e-18	5.345116710353537e-20	4.621953861305705e-19	0.9699589141059897	9793.508404927665	475515.2560241401	-1788002.0634584439	509681.86202342366	260141491.29997408	1515131.9728597763	-1767215.9707871226	1397135.1893701877	7563.546505191723	1599.565890624997	9598.885879668589	499551.18998498464	-1732099.210727538	499553.15564320155	273290898.44548184	1467760.551272692	-1732096.7856399782	1467756.3707532075	7327.068127988262	-0.01880954467302088	0.0	0.0	0.0	0.05057428596294343	0.0	0.0	0.0	-0.030501564973537083	273312095.65567964	0.05060547378715791
140	557.5	nan	nan	1	1	6.000000000000838e-05	6.000000000000867e-05	5.999999999999513e-05	0.9799772329569717	1.4665189635582054e-19	1.5259603476647233e-18	1.597842951700512e-19	1.0557499999999904	9.078024790221128e-19	2.688821387764051e-20	-1.2845085238522013e-19	0.9677854374168376	9653.808738288299	481195.0118373836	-1804350.7168189886	518401.79187214293	262843787.4202481	1540855.522307869	-1781899.4452783566	1412466.503988262	7432.066895660837	1599.565890624997	9448.405360931225	507371.4757334078	-1743989.5575590504	507371.79513560364	277142191.897528	1489309.0991476586	-1743986.1020484222	1489303.0827898874	7183.441077333024	-0.020225939263938515	0.0	0.0	0.0	0.05425141483190725	0.0	0.0	0.0	-0.032744871835902266	277163735.1329892	0.054307670503544604
144	596.25	nan	nan	1	1	6.000000000000838e-05	6.000000000000867e-05	5.999999999999513e-05	0.9785924800971484	2.177620063437136e-19	4.1331413118406155e-18	-2.5435382966509935e-19	1.0596250000000034	2.818220917050196e-18	-6.559423143537302e-20	6.104058231093389e-20	0.9656267228819743	9546.558273172299	484103.30945600383	-1818639.4199318695	524191.2830076156	265338761.4447105	1569248.0314783505	-1794540.3741050428	1430035.3799873313	7371.563480989246	1599.565890624997	9330.079745439858	512303.002840646	-1753850.335215133	512304.6790663235	280795114.6024895	1513343.5225697996	-1753847.2314009988	1513336.936611988	7108.951307498304	-0.021639984504535217	0.0	0.0	0.0	0.05791507194643618	0.0	0.0	0.0	-0.034977934683275966	280816962.4053526	0.05799620409531713
148	635.0	nan	nan	1	1	6.000000000000838e-05	6.000000000000867e-05	5.999999999999513e-05	0.9772120145210917	3.113015487749005e-20	1.161099211569039e-18	-3.1338863795693504e-19	1.063499999999993	5.190401060339855e-18	-2.48173877281932e-19	5.568733408428673e-19	0.9634826415297751	9456.00882349667	484976.8988093206	-1832513.4107571915	527802.3688099511	267644981.00465378	1597883.1212626677	-1806765.5092333949	1447602.610705123	7297.340078451227	1599.565890624997	9228.401474264962	515096.2161343395	-1763278.3270206861	515098.09787224425	284266977.0896617	1537512.7190313097	-1763276.430921831	1537505.4545300533	7021.635710658052	-0.023051644830608526	0.0	0.0	0.0	0.06156535565814867	0.0	0.0	0.0	-0.03720080734628588	284289131.34972155	0.06167115393804991
152	673.75	nan	nan	1	1	6.000000000000838e-05	6.000000000000867e-05	5.999999999999513e-05	0.9758357733341418	1.6616753546055961e-19	8.050201130704871e-20	-1.468009741545373e-19	1.0673749999999949	-1.00169980817022e-17	7.54604712049911e-20	-2.4367443826611713e-20	0.9613531412126374	9439.294951741009	485963.7851753762	-1845097.127396468	531552.6487365327	269778654.7364665	1625768.467457111	-1817711.41056207	1464275.1322248927	7282.726538473532	1599.565890624997	9198.9780068686	518017.2493690096	-1771436.0196540353	518019.7409042969	287572862.2753703	1560863.534016241	-1771433.9231989465	1560856.5894284581	6991.981029067131	-0.024460971753686386	0.0	0.0	0.0	0.06520236324562856	0.0	0.0	0.0	-0.039413464867556376	287595241.5000304	0.06533258874631347
156	712.5	nan	nan	1	1	6.000000000000838e-05	6.000000000000867e-05	5.999999999999513e-05	0.9744638369982653	-1.622237500581436e-20	8.082185094793193e-19	-1.301584708068848e-19	1.071250000000002	-6.552050568764401e-18	3.93348548177741e-19	-1.2739375526704678e-19	0.9592380197373388	9265.259230092364	487353.1107286075	-1856681.0295357557	535763.2260881773	271754131.6905271	1651727.8560749302	-1827668.7659096364	1479011.3894311655	7082.250402739447	1599.565890624997	9016.54918409634	521376.7155005482	-1778610.035202047	521381.578117596	290726115.18306553	1582274.873014777	-1778608.122106112	1582265.6784865344	6784.451091890436	-0.025867870011682045	0.0	0.0	0.0	0.06882619092985419	0.0	0.0	0.0	-0.041616039130523794	290748855.456475	0.06898060305284615
160	751.25	nan	nan	1	1	6.000000000000838e-05	6.000000000000867e-05	5.999999999999513e-05	0.9730963117583816	-2.6178061454662503e-19	-1.4901003608097652e-18	4.0874421902703517e-19	1.075125000000013	-3.84599036645783e-18	-1.6696713456276768e-20	2.708879127955033e-19	0.9571370537910328	9182.068124837713	489636.8939361184	-1865497.5689417257	540978.3969157763	273585099.1663364	1672959.0470075652	-1834900.5952807793	1489353.9184239989	7023.661394364228	1599.565890624997	8922.928654315137	525707.5065421984	-1783117.24519781	525710.7193691793	293739589.66539675	1599081.2193452227	-1783115.402418139	1599071.770346792	6713.496691301331	-0.0272722173593196	0.0	0.0	0.0	0.07243693388951843	0.0	0.0	0.0	-0.04380868588017284	293762476.0295511	0.07261529338391537
164	790.0	nan	nan	1	1	6.000000000000838e-05	6.000000000000867e-05	5.999999999999513e-05	0.9717332533040333	4.519361230734265e-19	2.980553087325588e-18	-1.6306400674181987e-19	1.0790000000000226	-4.86205043240262e-18	-2.262729933977248e-19	-1.0652286344670081e-19	0.9550500579342573	8914.134127371635	492239.8965352143	-1872995.0929322047	546580.782235823	275283062.2902228	1690329.138956858	-1840834.3646903443	1496141.9012818204	6801.467253822808	1599.565890624997	8650.308267302427	530400.1164231927	-1786356.4814737279	530403.9844773199	296624002.47482127	1612140.0555686264	-1786352.381070857	1612128.2411506525	6486.853680634532	-0.02867394294187639	0.0	0.0	0.0	0.07603468627601856	0.0	0.0	0.0	-0.04599152319002678	296647135.4225726	0.07623675318811189
168	828.75	nan	nan	1	1	6.000000000000838e-05	6.000000000000867e-05	5.999999999999513e-05	0.970374767694887	1.2983321015513916e-19	5.986015719564031e-18	3.458604930228759e-20	1.0828749999999878	2.533780477098624e-18	-1.0809495659680479e-19	-5.88721779659629e-20	0.952976803356867	8744.839654090209	493118.86730347853	-1879167.2020836803	550291.6645405067	276859308.50169736	1704912.8236725014	-1845469.0986956668	1500386.5068753166	6629.745541046709	1599.565890624997	8474.0533475874	533248.6869852125	-1788329.7496851983	533251.7354812581	299390010.2534619	1622498.6897454152	-1788323.6528363926	1622487.371324208	6309.268898877184	-0.030072923653578075	0.0	0.0	0.0	0.07961954122815607	0.0	0.0	0.0	-0.04816471627803814	299413254.8404588	0.07984508094304495
172	867.5	nan	nan	1	1	6.000000000000838e-05	6.000000000000867e-05	5.999999999999513e-05	0.9690210240005483	-7.017227510869306e-19	-5.420387446178343e-18	2.172741153660951e-19	1.0867500000000103	6.204130091613802e-18	1.3725999503666486e-19	6.29894357159766e-19	0.9509169901582651	8614.432656300549	491023.9784688929	-1883329.422346448	550681.1504251705	278322932.13146955	1717588.7948644892	-1848136.2896941658	1502898.9247487886	6438.23202422864	1599.565890624997	8335.937011139511	532876.8999054012	-1788394.982338159	532878.2017709118	302046066.48592544	1631008.9706073941	-1788387.9662839787	1631000.022419538	6113.695092658766	-0.0314689707317454	0.0	0.0	0.0	0.08319159088677348	0.0	0.0	0.0	-0.05032850714629646	302069345.21005994	0.08344038867919293
176	906.25	nan	nan	1	1	6.000000000000838e-05	6.000000000000867e-05	5.999999999999513e-05	0.9676720582251684	-7.724940478959218e-21	1.1342164187022607e-17	2.27899296656453e-19	1.0906250000000013	-8.631225074939852e-18	2.0372158821002628e-19	8.520202772477337e-19	0.9488704508906953	8559.537805619046	488524.06834904704	-1887499.6725168729	550598.135343712	279682318.30005574	1728217.6135380894	-1850818.44677886	1503584.588316148	6460.869582231382	1599.565890624997	8271.188976121994	532048.0330616784	-1788476.489329604	532049.8992759441	304599992.0465642	1637550.7849157301	-1788469.1301615713	1637543.1111489893	6121.915418950789	-0.03286203193066501	0.0	0.0	0.0	0.0867509264086559	0.0	0.0	0.0	-0.05248300087016552	304623145.6797717	0.08702276679159962
180	945.0	nan	nan	1	1	6.000000000000838e-05	6.000000000000867e-05	5.999999999999513e-05	0.9663274924522571	1.6718397499726479e-19	8.28655720430671e-19	1.9190378452993429e-19	1.0944999999999907	6.545653775946736e-18	-1.6154612370034016e-19	1.5954034968124198e-19	0.9468374198532991	8456.139550464166	485934.90574647486	-1892539.284740906	550386.1442030576	280945026.73260874	1739507.6540783257	-1854362.6997983528	1504818.1341191018	6360.057769849984	1599.565890624997	8159.827207957555	531102.5022867128	-1789389.1584933407	531100.0140843752	307058836.3548081	1644698.2963157205	-1789383.8105362935	1644690.8157160613	6013.411987016659	-0.034252483121894294	0.0	0.0	0.0	0.09029763798077228	0.0	0.0	0.0	-0.05462787967579314	307081982.53409415	0.09059224288528732
184	983.75	nan	nan	1	1	6.000000000000838e-05	6.000000000000867e-05	5.999999999999513e-05	0.9649870709657232	5.900770323752358e-19	-6.530962836509557e-19	1.233822072288504e-19	1.0983749999999906	-5.320234270494995e-18	-4.550396517921662e-19	4.2148359455373987e-19	0.9448180122794756	8123.466859420385	484375.41355512984	-1896875.521709232	551324.0576443202	282118691.3644207	1751218.2006589195	-1857225.0863902417	1506382.6725565656	6083.814775448267	1599.565890624997	7827.852063553164	531266.5003438317	-1789644.203612399	531261.2505229723	309429846.454621	1652220.9634745785	-1789640.245546574	1652211.5454909	5739.8936957769665	-0.035640575695885746	0.0	0.0	0.0	0.09383181483386178	0.0	0.0	0.0	-0.056762949632664525	309453189.18728346	0.09414886283014327
188	1022.5	nan	nan	1	1	6.000000000000838e-05	6.000000000000867e-05	5.999999999999513e-05	0.9636507297755627	-1.2826111700503518e-19	-2.036077469819153e-18	2.9707139526102824e-19	1.1022500000000186	4.5869883412430476e-18	7.175249977509069e-19	6.152847328855238e-20	0.9428121588181455	8118.344227871528	484410.8976037181	-1898992.6876526966	554077.8696852933	283210133.12740046	1762230.8684917195	-1857923.9754841414	1507319.7369591582	6005.867850029683	1599.565890624997	7811.999014062987	533174.1379095289	-1787818.925390761	533169.7757820336	311719491.2922324	1659063.6278287196	-1787815.3299852626	1659054.1321072225	5654.263060355043	-0.0370263635338167	0.0	0.0	0.0	0.09735354525592683	0.0	0.0	0.0	-0.058888211505499256	311742750.87049913	0.09769270055635726
192	1061.25	nan	nan	1	1	6.000000000000838e-05	6.000000000000867e-05	5.999999999999513e-05	0.9623185703403575	-1.577514160966409e-19	-5.488773498207866e-20	-6.659169743405969e-19	1.1061250000000167	7.643516895805557e-18	5.204170427930421e-20	-5.796144814107507e-19	0.9408196154917435	7835.3400711779495	484378.31627749	-1900805.0852692814	556762.1523866064	284224641.19240683	1773177.7926508326	-1858339.6510072972	1508174.868416602	5762.954863653621	1599.565890624997	7529.173046678937	535006.9983206862	-1785724.718943446	535006.5923213946	313932657.64194626	1665824.3604023142	-1785724.7655921322	1665813.8528893506	5414.048517617324	-0.03840972893592468	0.0	0.0	0.0	0.10086291660539208	0.0	0.0	0.0	-0.06100385225523141	313956048.3167908	0.10122386089589724
196	1100.0	nan	nan	1	1	6.000000000000838e-05	6.000000000000867e-05	5.999999999999513e-05	0.9609906147165761	2.5974773547321473e-19	-3.0659340084088216e-18	4.528712474471952e-19	1.110000000000011	-2.6657278814901097e-18	6.396792817664476e-20	2.837357085394565e-19	0.9388402249611417	7576.185707869286	485151.6270715543	-1901456.4894852515	560379.0841178722	285167751.35692745	1783257.6762146982	-1857627.6031999157	1508277.8608168908	5514.475218840296	1599.565890624997	7270.025663732514	537732.9600498237	-1782560.4518586593	537733.6934500259	316074584.70977414	1671752.4837784888	-1782559.307501376	1671746.8795689768	5169.660989992158	-0.03979063622334644	0.0	0.0	0.0	0.10436001532425286	0.0	0.0	0.0	-0.06310996871276471	316098078.9948253	0.10474243241050173
200	1138.75	nan	nan	1	1	6.000000000000838e-05	6.000000000000867e-05	5.999999999999513e-05	0.9596668418700315	6.632606790180074e-20	3.0222135558033436e-20	-1.2744796537567105e-19	1.1138750000000124	7.795413620170777e-20	2.49366499671666e-19	-8.971772977317549e-20	0.9368738704681805	7494.382979475227	488111.49734580325	-1902925.986053348	566548.5933050928	286044212.3476281	1793871.6745596626	-1857728.4565580662	1508810.723198633	5365.514434275742	1599.565890624997	7181.551834837681	542896.9745608816	-1780184.235040681	542899.675786224	318149722.591272	1678164.0999922797	-1780183.004039506	1678159.1527012133	5019.430224183778	-0.041169094471191235	0.0	0.0	0.0	0.10784492695075816	0.0	0.0	0.0	-0.06520661576370072	318173230.08517337	0.1082484974964582
204	1177.5	nan	nan	1	1	6.000000000000838e-05	6.000000000000867e-05	5.999999999999513e-05	0.9583472674036578	-1.572635251190224e-19	1.46150452851046e-18	-5.512083844916304e-19	1.117750000000011	-1.323051911084061e-18	5.913238648735941e-19	2.5153490401663704e-20	0.9349203941760359	7296.173434571562	492727.58382935316	-1905242.6158929733	574692.4121521596	286857847.80955154	1805550.6305611578	-1858670.265487999	1510210.0217206113	5166.6876924013595	1599.565890624997	6981.935571080096	549932.4326127571	-1778618.0678276909	549941.0657952107	320161564.3962025	1685551.7229697292	-1778619.4582532672	1685542.880604413	4823.303868951584	-0.0425450746250302	0.0	0.0	0.0	0.11131773613196291	0.0	0.0	0.0	-0.06729389323673685	320185210.03561205	0.11174214633348134
208	1216.25	nan	nan	1	1	6.000000000000838e-05	6.000000000000867e-05	5.999999999999513e-05	0.9570318788871812	1.255506115738214e-19	-3.4026872031828194e-18	-1.0256552551712871e-19	1.1216249999999945	4.3751894468480045e-18	-4.2717565595928877e-20	3.2200804522819484e-19	0.9329796730116047	7206.9603760731125	497435.6125934511	-1907683.073014764	582989.5668361952	287612691.10263604	1816808.393813272	-1859740.2606037543	1511229.1653156918	5019.058567918637	1599.565890624997	6887.034709326808	557106.5800331832	-1777182.9621287463	557109.9565506397	322113895.06059545	1692524.8059337644	-1777184.1465415866	1692511.9364614454	4675.716579450026	-0.043918576812119185	0.0	0.0	0.0	0.11477852663608007	0.0	0.0	0.0	-0.06937186506922763	322137605.7117215	0.11522346143344067
212	1255.0	nan	nan	1	1	6.000000000000838e-05	6.000000000000867e-05	5.999999999999513e-05	0.9557205501071303	3.3924685977071434e-19	7.401848231558539e-19	5.598277917628902e-19	1.1255000000000277	-5.714938071388342e-18	-4.0874421902703517e-19	4.962935444552396e-19	0.931051690322416	6822.35157102494	499973.89941885613	-1909666.3363735203	588799.1486102132	288312315.17596525	1826879.3610885397	-1860374.2706464352	1511244.2980303918	4682.1632062119215	1599.565890624997	6510.506900891665	561878.7605811645	-1775338.0805401765	561885.5727908541	324010046.3237258	1698374.44192084	-1775337.9316781973	1698360.8026332185	4352.81414400251	-0.045289720265520146	0.0	0.0	0.0	0.11822738136467509	0.0	0.0	0.0	-0.0714404819547882	324034020.2727167	0.1186925095817284
216	1293.75	nan	nan	1	1	6.000000000000838e-05	6.000000000000867e-05	5.999999999999513e-05	0.9544130751110712	-1.7114131292683688e-19	-1.6154612370034016e-18	-3.3154902434606724e-19	1.1293750000000011	4.832505923202391e-18	3.120333852413282e-19	2.282245573081987e-19	0.9291365139673832	6418.938965828468	501656.5585630605	-1911553.9113881958	593631.1486311584	288960400.4966716	1836650.7831004052	-1860928.4753843956	1511003.7277796473	4342.190090779166	1599.565890624997	6117.099555243747	565705.7413932664	-1773421.6278194636	565716.6791274847	325853524.30056256	1703931.1327277313	-1773421.559188339	1703921.6760566374	4028.4157162477845	-0.046658708469272406	0.0	0.0	0.0	0.12166438236435709	0.0	0.0	0.0	-0.07349960374398003	325877766.39675033	0.12214934214643365
220	1332.5	nan	nan	1	1	6.000000000000838e-05	6.000000000000867e-05	5.999999999999513e-05	0.9531092602143048	2.0702840483610707e-19	7.026090863629375e-18	-1.2468324983583302e-20	1.1332499999999734	8.679255231180961e-18	7.099355825435083e-19	-2.7489946083369963e-19	0.9272341980800373	6175.413476297388	503998.63119072927	-1912471.256919945	599270.1123338939	289560019.70988756	1847605.9424692092	-1860553.7777256581	1511723.6119022577	4100.46798411114	1599.565890624997	5876.934800858247	570291.9312653824	-1770624.62515685	570305.3555534423	327647205.0478686	1710570.3249055694	-1770626.9041178715	1710567.6976431364	3796.3391925834135	-0.04802573319623244	0.0	0.0	0.0	0.12508961083879816	0.0	0.0	0.0	-0.07554910446157126	327671605.0996521	0.12559401293547162
224	1371.25	nan	nan	1	1	6.000000000000838e-05	6.000000000000867e-05	5.999999999999513e-05	0.9518092022659631	1.328147661294743e-19	2.0066684858904838e-18	1.9797531669585312e-19	1.1371249999999613	9.07715742848314e-18	5.117434254131581e-19	-1.7168341401307962e-19	0.9253445118696069	5988.172019334855	507548.9296045946	-1912412.9018026555	606376.9281171034	290113902.61891925	1858831.9590016338	-1859239.7766861734	1512636.4929306428	3876.3047268179625	1599.565890624997	5690.921648293124	576268.0787341803	-1766947.1422362016	576276.6293461318	329393623.9931068	1717441.7798370325	-1766947.8866584569	1717438.6049507277	3581.4575152842476	-0.049390682064954276	0.0	0.0	0.0	0.12850314716005484	0.0	0.0	0.0	-0.07758916554579276	329418148.6682936	0.1290266211148353
228	1410.0	nan	nan	1	1	6.000000000000838e-05	6.000000000000867e-05	5.999999999999513e-05	0.950513025120762	-2.3662712414496135e-19	2.317211093144644e-19	-3.7621815385247e-20	1.1409999999999734	-5.8681358383605445e-18	-1.710871028182126e-19	7.961838653647301e-19	0.9234672017903479	5827.971891509318	510116.8965853851	-1911326.639117248	612354.2811536496	290624916.03801763	1870519.5946686978	-1856941.6320674007	1513901.1156148303	3683.62587497112	1599.565890624997	5531.084948573411	581152.5676142614	-1762346.0761914502	581159.8975996925	331095514.18260556	1724719.7839643473	-1762345.821617785	1724717.4644535389	3396.5014006768215	-0.05075341370644826	0.0	0.0	0.0	0.13190507087991543	0.0	0.0	0.0	-0.07961999508954708	331120126.89026177	0.13244726837124393
232	1448.75	nan	nan	1	1	6.000000000000838e-05	6.000000000000867e-05	5.999999999999513e-05	0.9492209480213116	-1.3324302598760607e-18	8.476089296584332e-18	-6.9410623082522e-19	1.1448750000000174	-6.841749389252527e-18	-1.0885389811754465e-19	-3.4857099845408966e-19	0.9216019230507709	5591.4729049281395	510383.21285836597	-1908912.6170823753	615585.9827727468	291095773.3696951	1883163.285408308	-1853368.8083094207	1515903.4030635867	3347.835295709714	1599.565890624997	5299.3765595818895	583425.8870930091	-1756550.5906998408	583428.013151574	332755477.7048857	1732856.4711485018	-1756549.5507201108	1732849.485245736	3080.624023132488	-0.05211368553076592	0.0	0.0	0.0	0.13529546074103035	0.0	0.0	0.0	-0.0816419023990554	332780265.90613985	0.1358560702638541
236	1487.5	nan	nan	1	1	6.000000000000838e-05	6.000000000000867e-05	5.999999999999513e-05	0.947933530406695	3.9085488318102435e-19	8.050987177279922e-18	-1.4257258568184383e-19	1.1487500000000235	3.52062129449493e-18	6.951904329977054e-19	-7.208860244856119e-19	0.919748004993558	5387.57606072286	510299.7305237955	-1905474.816462388	618407.6187355319	291528959.98321354	1897512.2042682262	-1848819.6285524785	1519235.9158667007	3075.062692295677	1599.565890624997	5099.164652648544	585300.1010010744	-1749845.89684237	585302.5989505381	334375896.1968655	1742533.627923503	-1749847.3511616173	1742522.8386629054	2823.9081346855733	-0.05347089479008124	0.0	0.0	0.0	0.13867439468778076	0.0	0.0	0.0	-0.08365555407429053	334400827.64406306	0.13925319229628727
240	1526.25	nan	nan	1	1	6.000000000000838e-05	6.000000000000867e-05	5.999999999999513e-05	0.9466509560967467	6.754579534584693e-19	-5.313891687785954e-18	7.137302901472076e-19	1.152624999999994	1.740187854926134e-17	-1.8214596497756474e-19	3.0758815633413763e-19	0.9179051414702042	5213.415401753239	510204.5694972502	-1901784.4457431114	621213.441349334	291926655.4442898	1911977.9298162886	-1844037.3470847858	1522617.7325119097	2942.8580301413394	1599.565890624997	4927.611874540492	587160.2727960843	-1742943.7774388036	587158.0325610938	335958838.6596007	1752285.8822580613	-1742945.7713143898	1752278.7850896867	2697.0649081717797	-0.05482483230515543	0.0	0.0	0.0	0.14204194987716326	0.0	0.0	0.0	-0.08566122543254151	335983837.4556401	0.1426387426831616
244	1565.0	nan	nan	1	1	6.000000000000838e-05	6.000000000000867e-05	5.999999999999513e-05	0.9453730934945858	-6.3745666731285235e-19	-3.8023580052788665e-18	-6.020574663812006e-19	1.1565000000000034	2.246466901389965e-18	-7.689161807267197e-19	3.1978543077459953e-19	0.916073329448501	4944.1633919137685	508671.93074373726	-1897456.8052468277	622267.7008711951	292290717.2470723	1926407.2392365767	-1838652.0221709798	1525918.9264879052	2673.2655076681394	1599.565890624997	4666.775812074217	587359.9043498557	-1735493.6280539355	587355.9639655554	337506037.48387545	1761972.9099957817	-1735496.201020073	1761967.8628563785	2445.0808270446582	-0.056175621473759554	0.0	0.0	0.0	0.14539820268936016	0.0	0.0	0.0	-0.08765886352907576	337531197.77971905	0.146012782722307
248	1603.75	nan	nan	1	1	6.000000000000838e-05	6.000000000000867e-05	5.999999999999513e-05	0.944099739013536	2.798325807185087e-19	1.1089348569189722e-17	-5.1640549475484575e-19	1.1603750000000146	-5.940289492939454e-18	2.914335439641036e-19	-6.964914756046881e-19	0.9142526418010459	4733.123471578842	505811.34094043897	-1892966.0217307534	621681.5617565035	292623376.6830335	1942654.9422893168	-1833130.5993582443	1530597.179672176	2466.0497227798	1599.565890624997	4461.524133406546	586009.2361669324	-1727931.7215031162	586007.8038795198	339019684.9595853	1773288.6170071824	-1727940.6416994876	1773277.9230914302	2251.0523136063284	-0.057523462683132354	0.0	0.0	0.0	0.14874322873797197	0.0	0.0	0.0	-0.08964833237405322	339044970.7906617	0.14937535989869885
252	1642.5	nan	nan	1	1	6.000000000000838e-05	6.000000000000867e-05	5.999999999999513e-05	0.9428306577208889	2.8796409701215e-19	-2.220988150336556e-19	8.762521958027848e-19	1.1642500000000198	-7.423532275008249e-18	9.213550061781816e-19	-6.768132061740761e-19	0.9124431798562829	4695.579630141081	501872.3808472665	-1886492.7891982165	619735.3202533115	292926406.01854664	1960629.6325040313	-1825696.7825776224	1536563.8453834818	2421.6408700594156	1599.565890624997	4420.151286300523	583383.0019242686	-1718601.5811705864	583383.5412777863	340501475.29037434	1786140.5067672865	-1718606.9915851348	1786121.85682502	2206.1233693240115	-0.0588685907135001	0.0	0.0	0.0	0.15207710288036672	0.0	0.0	0.0	-0.09162946411491255	340526725.87812954	0.1527265175755856
256	1681.25	nan	nan	1	1	6.000000000000838e-05	6.000000000000867e-05	5.999999999999513e-05	0.9415657170769979	5.067560954197248e-19	1.1401859681013302e-18	-3.585456584409563e-19	1.1681249999999774	8.484640941219813e-18	4.163336342344337e-19	5.40095312223654e-19	0.9106449373858696	4004.776501876763	497354.7197744846	-1878832.047835308	617026.3445442436	293200723.7817334	1979959.7590034003	-1817140.6047055423	1543514.3310127305	2106.969851079052	1599.565890624997	3764.782471373013	580051.466189528	-1708236.524775824	580049.8392923848	341952137.89172596	1800181.9703963357	-1708244.9153928102	1800159.3534579233	1915.6597101702248	-0.060211132920441945	0.0	0.0	0.0	0.15539989922767053	0.0	0.0	0.0	-0.0936022080943109	341977788.25326335	0.15606631819413533
260	1720.0	nan	nan	1	1	6.000000000000838e-05	6.000000000000867e-05	5.999999999999513e-05	0.9403047105389015	-5.340779901663595e-19	-1.979604089159814e-18	5.507747036226363e-19	1.1720000000000057	7.458552005179531e-18	-8.057790545912269e-19	2.765257640924279e-19	0.9088579928589863	2952.125455322043	492622.1430897428	-1869192.8500998334	614008.2371975874	293447967.7007151	2000400.1005514932	-1806691.8394914756	1551242.96760679	1616.840417713629	1599.565890624997	2771.476286327788	576433.5985265314	-1696125.1258260969	576435.2818865557	343373253.4658014	1815183.9560424287	-1696135.095080612	1815161.1301882947	1467.1378915176044	-0.06155129609886913	0.0	0.0	0.0	0.1587116911548261	0.0	0.0	0.0	-0.09556642048627934	343399545.32708204	0.15939480703989142
264	1750.0	nan	nan	1	1	6.000000000000838e-05	6.000000000000867e-05	5.999999999999513e-05	0.9393310651470711	2.4882439858542326e-19	-2.437665954507784e-18	8.3559461433457825e-19	1.1750000000000047	5.167524394500411e-18	-5.815660453212246e-19	-1.205632815803881e-19	0.9074821694923988	1035.6700210707386	489107.0922208468	-1860005.4021524054	611814.2766651883	293622106.7569041	2015573.0009858438	-1796944.2099558453	1556666.7665923485	803.1801025081161	1599.565890624997	971.282218163375	573782.3360088959	-1685224.0703153117	573777.666296661	344454580.59879893	1826173.264232645	-1685227.8454070727	1826160.1762247004	727.7067260012677	-0.06258728987118194	0.0	0.0	0.0	0.16126814759612648	0.0	0.0	0.0	-0.09708136097841459	344482053.4606454	0.16196403332285964
268	1780.0	nan	nan	1	1	6.000000000000838e-05	6.000000000000867e-05	5.999999999999513e-05	0.9383598781783452	8.914310262175817e-19	1.0161413811077268e-18	-6.321982867762977e-19	1.1779999999999848	1.221483851565619e-17	5.232359684415044e-19	4.499439015814844e-19	0.90611304270615	-98.12856310301962	485975.56107515894	-1849358.1716881131	610078.2598751024	293781989.66400594	2029799.20643111	-1785809.0522931674	1561307.0646997427	251.36379778102307	1599.565890624997	-91.93222415740365	571561.0401410958	-1673039.9442874899	571554.8008332136	345520131.12673986	1836277.6898660206	-1673043.942622263	1836269.8895910406	227.39871630792837	-0.06362173812133981	0.0	0.0	0.0	0.1638180852293823	0.0	0.0	0.0	-0.09859120952359503	345548270.36930174	0.16452650927820162
272	1810.0	nan	nan	1	1	6.000000000000838e-05	6.000000000000867e-05	5.999999999999513e-05	0.9373911577171233	2.3613923316734286e-19	-2.6291902682773483e-18	-6.043342909434202e-19	1.1810000000000063	8.829200391635706e-18	5.039371697712624e-19	9.603862843876599e-19	0.9047504039636564	-603.3581543815044	483250.49171464914	-1838023.3456794056	608833.1538996913	293928246.97880375	2043453.7913152175	-1774027.094718896	1565458.428791545	-51.03517618922412	1599.565890624997	-564.6723251584874	569800.2905406097	-1660275.9352781347	569796.2812792901	346570574.47032803	1845840.0773573685	-1660280.8749571978	1845830.8534559717	-46.09978163706452	-0.06465462631258459	0.0	0.0	0.0	0.16636153721523056	0.0	0.0	0.0	-0.10009617004636376	346598960.8664912	0.16708233538684458
276	1840.0	nan	nan	1	1	6.000000000000838e-05	6.000000000000867e-05	5.999999999999513e-05	0.936424936397867	-8.374377580278036e-19	-7.78726855134998e-18	6.238499300481592e-19	1.1839999999999806	-1.182506783464765e-17	-2.777725965907862e-19	-6.496539417533143e-19	0.9033941622793886	-953.223835458659	481007.8046476805	-1826099.339036993	608177.9862582211	294061239.5535093	2056269.1311488373	-1761693.9138529196	1568929.1690052354	-300.14696459336693	1599.565890624997	-891.1809844285063	568593.4770653506	-1647023.2380571028	568593.2687998363	347606215.64206284	1854621.4711887669	-1647029.8559558704	1854612.093305542	-270.71310686650673	-0.06568591364961476	0.0	0.0	0.0	0.16889853646179834	0.0	0.0	0.0	-0.10159631772695596	347634739.1013568	0.16963155333949675
280	1870.0	nan	nan	1	1	6.000000000000838e-05	6.000000000000867e-05	5.999999999999513e-05	0.93546114037186	-1.441988889405721e-20	-3.3608369993248786e-18	-1.1917550279960666e-18	1.1870000000000045	4.670526118633056e-18	-3.7079714299004254e-20	-1.810942888702538e-18	0.902044330566499	-1474.8199052214009	479053.931172847	-1814041.479837566	607869.9123165265	294181150.7669481	2068506.065518626	-1749244.8624102725	1571926.4256555056	-618.5874835491348	1599.565890624997	-1377.4009884004033	567715.5314887717	-1633694.1093365967	567717.1938616877	348627153.42456347	1862860.4758626525	-1633698.8631005394	1862852.9861291794	-557.0890959307424	-0.06671567301706295	0.0	0.0	0.0	0.17142911562753477	0.0	0.0	0.0	-0.10309161315767502	348655920.68106204	0.1721741882270886
284	1900.0	nan	nan	1	1	6.000000000000838e-05	6.000000000000867e-05	5.999999999999513e-05	0.9344996819714264	6.0617743463664555e-19	1.5203672197074137e-17	-3.222248856626919e-19	1.1899999999999984	-1.3020183889378423e-17	-7.507015842289633e-19	-6.497623619705628e-19	0.900700940976955	-1919.3108642789066	477347.84172691783	-1802606.1981285987	607861.5400484869	294288538.9742988	2080686.8499072748	-1737414.2744343146	1574852.391839917	-877.5332361647371	1599.565890624997	-1790.6790135623671	567120.2945649149	-1620969.1171667334	567122.7747285524	349633932.158138	1871029.3627615797	-1620973.09872835	1871027.1091315811	-789.1098325231329	-0.06774399240607834	0.0	0.0	0.0	0.17395330712343648	0.0	0.0	0.0	-0.10458199547559388	349662892.316269	0.17471026037664825
288	1930.0	nan	nan	1	1	6.000000000000838e-05	6.000000000000867e-05	5.999999999999513e-05	0.9335405776558409	-5.542441505745899e-19	-9.258544451939965e-19	5.855775933594209e-19	1.1930000000000007	3.40916531116342e-18	-1.249000902703301e-19	1.8171228410857054e-19	0.8993639224483511	-2399.173645363122	475808.13079235767	-1791716.4115313368	608054.8792433144	294383820.22105896	2092900.4836059094	-1726124.496113679	1577768.3103725514	-1179.0539351334737	1599.565890624997	-2236.071963651672	566713.028714183	-1608776.1828433876	566717.8240580377	350626934.6093475	1879208.3554165217	-1608778.3387383725	1879206.7640615636	-1058.6685911468132	-0.06877084864744533	0.0	0.0	0.0	0.17647114311577966	0.0	0.0	0.0	-0.10606751836051345	350656134.63504106	0.17723980699386088
292	1960.0	nan	nan	1	1	6.000000000000838e-05	6.000000000000867e-05	5.999999999999513e-05	0.9325838780929491	2.3060980208766677e-19	-1.2196759444429994e-17	-3.769770953732099e-19	1.1960000000000088	1.8973212757844583e-17	3.129007469793166e-19	7.129713486264677e-19	0.898033173364622	-2781.0229061849586	475416.48210206494	-1782072.672422791	609714.7378350708	294467639.3490271	2104725.351884338	-1716053.321301547	1580359.8729127815	-1462.3553328086014	1599.565890624997	-2589.291862946373	567667.3955994613	-1597740.8071070437	567679.3980674413	351606820.9887955	1887019.3311962336	-1597744.085942712	1887016.5569348014	-1311.0940007527286	-0.0697961818118654	0.0	0.0	0.0	0.17898265552844755	0.0	0.0	0.0	-0.10754826997626012	351636226.2130369	0.17976286932125915
296	1990.0	nan	nan	1	1	6.000000000000838e-05	6.000000000000867e-05	5.999999999999513e-05	0.931629572361979	9.255833946508752e-19	1.1642352663529531e-17	-6.547496919639961e-19	1.1990000000000047	-1.6493100288283992e-17	5.852523327076753e-19	4.898425415289509e-19	0.8967086485460957	-3303.4602273993733	475829.61393846385	-1773728.5528920668	612406.7536152253	294540374.39710027	2116800.90435536	-1707247.173957145	1583108.2530326108	-1813.7542472109214	1599.565890624997	-3072.5470421429186	569582.7699758565	-1587905.702604889	569599.2776913531	352573941.18501055	1895036.4314903154	-1587909.9167113053	1895029.5599940661	-1623.7381461634031	-0.07081999784977218	0.0	0.0	0.0	0.18148787604538114	0.0	0.0	0.0	-0.10902427621049773	352603673.978592	0.18227948060473834
300	2020.0	nan	nan	1	1	6.000000000000838e-05	6.000000000000867e-05	5.999999999999513e-05	0.9306777058871889	-8.174884380540703e-20	1.0898942338910534e-18	4.818194454525582e-19	1.202000000000015	-8.85207705747515e-18	2.9446931004706303e-19	-1.5996318852851132e-18	0.8953902548063579	-3463.825956723028	476564.36446965684	-1765491.1512876844	615513.407868626	294602671.7615936	2129033.6368351914	-1698557.9565757923	1585946.192564591	-1969.2070666602738	1599.565890624997	-3218.394158886303	571886.5603381805	-1578199.0110255552	571900.7771610703	353528969.39255506	1903175.0896302995	-1578205.45093008	1903166.4567629367	-1760.3037221914526	-0.07184224221169655	0.0	0.0	0.0	0.18398683611302874	0.0	0.0	0.0	-0.11049561685482735	353558781.3255539	0.1847896797224986
