6	header
postResults v2.0.3	--cr f,p,texture --time RVE_1_40_D_tensionX.spectralOut
addCauchy v2.0.3	RVE_1_40_D_tensionX.txt
addStrainTensors v2.0.3	--left --logarithmic RVE_1_40_D_tensionX.txt
addMises v2.0.3	-s Cauchy RVE_1_40_D_tensionX.txt
addMises v2.0.3	-e ln(V) RVE_1_40_D_tensionX.txt
inc	time	elem	node	ip	grain	1_pos	2_pos	3_pos	1_f	2_f	3_f	4_f	5_f	6_f	7_f	8_f	9_f	1_p	2_p	3_p	4_p	5_p	6_p	7_p	8_p	9_p	texture	1_Cauchy	2_Cauchy	3_Cauchy	4_Cauchy	5_Cauchy	6_Cauchy	7_Cauchy	8_Cauchy	9_Cauchy	1_ln(V)	2_ln(V)	3_ln(V)	4_ln(V)	5_ln(V)	6_ln(V)	7_ln(V)	8_ln(V)	9_ln(V)	Mises(Cauchy)	Mises(ln(V))
0	0.0	nan	nan	1	1	6.000000000000838e-05	6.000000000000867e-05	5.999999999999513e-05	1.0	0.0	0.0	0.0	1.0	0.0	0.0	0.0	1.0	2.7716487604837305e-06	-1.193192284640359e-09	-2.8066754232013673e-08	-1.19319228464005e-09	2.7018729684353462e-06	-1.6832583398956398e-08	-2.8066754232013544e-08	-1.6832583398956544e-08	2.6991213888906947e-06	1599.565890624997	2.7716487604837305e-06	-1.193192284640359e-09	-2.8066754232013673e-08	-1.19319228464005e-09	2.7018729684353462e-06	-1.6832583398956398e-08	-2.8066754232013544e-08	-1.6832583398956544e-08	2.6991213888906947e-06	0.0	0.0	0.0	0.0	0.0	0.0	0.0	0.0	0.0	9.102600058541354e-08	0.0
2	2.0	nan	nan	1	1	6.000000000000838e-05	6.000000000000867e-05	5.999999999999513e-05	0.9999331859138993	-4.251708348522562e-25	1.5778304748326492e-22	-1.4492204331929045e-24	1.000200000000001	1.8659209385726177e-22	-2.0844951436336298e-25	-2.3564721290410652e-23	0.9999338800589289	-1.3572570888754853e-05	-494.16260335422334	2741.200914478705	-494.29446170760315	14158906.776119016	727.4803459888683	2741.202817396762	727.2867876736909	-7.31194437639715e-06	1599.565890624997	-1.3570754214839908e-05	-494.2283009292343	2740.8359103684206	-494.22830092921913	14160789.164291823	727.383478475424	2740.835910368346	727.3834784753893	-7.310970755770727e-06	-6.681631826113055e-05	0.0	0.0	0.0	0.0001999800026669107	0.0	0.0	0.0	-6.612212709097142e-05	14160790.041957755	0.00017763326904596312
4	4.0	nan	nan	1	1	6.000000000000838e-05	6.000000000000867e-05	5.999999999999513e-05	0.9998663539893821	-1.2411017910745627e-23	-1.9356026333740846e-23	-6.617444900424222e-24	1.0003999999999935	-1.0192651856776415e-21	-2.3425754947501743e-24	-1.945528800724721e-23	0.9998677425139985	8.057271884354122e-07	-988.3614006043512	5482.594259824709	-988.8889062218624	28326310.375508867	1455.406311259853	5482.601873559334	1454.6319700919623	-2.0561844939948059e-07	1599.565890624997	8.055115613588044e-07	-988.6242617777895	5481.1346307622125	-988.6242617778045	28333843.94286584	1455.018838970462	5481.134630762201	1455.0188389704367	-2.0556370767501948e-07	-0.00013365494204179026	0.0	0.0	0.0	0.0003999200213202327	0.0	0.0	0.0	-0.00013226623279407072	28333845.697161235	0.0003552546439162799
6	6.0	nan	nan	1	1	6.000000000000838e-05	6.000000000000867e-05	5.999999999999513e-05	0.9997995042228784	-1.6093625997831706e-23	3.006172869364715e-22	-1.1262891220522025e-23	1.000599999999987	-7.615620289204211e-22	-4.817499887508833e-24	-7.615355591408193e-23	0.9998015873617152	3.0918612569621473e-06	-1482.5963387162697	8224.179771027442	-1483.783388823082	42502212.4960664	2183.777960918076	8224.196906571318	2182.0354505010814	2.02558459204738e-06	1599.565890624997	3.0906204707746595e-06	-1483.1879358629692	8220.896477122107	-1483.1879358629487	42519172.06016654	2182.9061432937892	8220.896477122098	2182.9061432937206	2.0247759290885606e-06	-0.0002005158790868293	0.0	0.0	0.0	0.0005998200719546787	0.0	0.0	0.0	-0.00019843232467637293	42519174.69008569	0.000532864140378455
8	8.0	nan	nan	1	1	6.000000000000838e-05	6.000000000000867e-05	5.999999999999513e-05	0.9997326366108238	-1.256156478223028e-22	3.2723265032597777e-22	-1.5339237279183346e-23	1.0008000000000166	1.0320434717803607e-21	-9.568825326013424e-24	8.337980574534519e-24	0.9997354145986068	-2.7479923010105266e-06	-1976.8673654713643	10965.957183077473	-1978.9779656196567	56686614.83617208	2912.5953601402443	10965.987654519542	2909.497132222055	-3.6836690705968065e-06	1599.565890624997	-2.7465223541945837e-06	-1977.9193773730958	10960.121765234282	-1977.9193773729853	56716781.247190915	2911.0454534015257	10960.12176523432	2911.0454534016208	-3.681708845158825e-06	-0.0002673991371390873	0.0	0.0	0.0	0.000799680170581106	0.0	0.0	0.0	-0.0002646204102858596	56716784.75172875	0.0007104617742037439
10	10.0	nan	nan	1	1	6.000000000000838e-05	6.000000000000867e-05	5.999999999999513e-05	0.9996657511496485	2.1008071453131755e-22	-5.266162651757595e-22	-1.0905549195899116e-23	1.001000000000008	-2.4608689397901576e-21	-2.556980709523919e-23	-1.4235447469792585e-22	0.9996692242211905	-4.160666923780809e-06	-2471.1744280937633	13707.926230734154	-2474.4726921744473	70879519.09388329	3641.858574020369	13707.973855261193	3637.0169184957695	-5.043954686698271e-06	1599.565890624997	-4.1578857412694084e-06	-2472.8186399944584	13698.8108104999	-2472.818639994443	70926679.2406883	3639.4368312434426	13698.810810500001	3639.4368312435035	-5.040600585879081e-06	-0.0003343047239492776	0.0	0.0	0.0	0.0009995003330918524	0.0	0.0	0.0	-0.00033083049718406486	70926683.61882843	0.0008880475610915243
12	12.0	nan	nan	1	1	6.000000000000838e-05	6.000000000000867e-05	5.999999999999513e-05	0.9995988478357944	1.906155003567197e-22	6.668266877259479e-22	-4.58985978293424e-23	1.0012000000000039	-1.9289322489144573e-21	-7.684177018372606e-23	1.6035392482707973e-22	0.9996030162259619	3.0209092274162687e-06	-2965.517473993655	16450.086648860262	-2970.267624248048	85080926.96748038	4371.567667888967	16450.155246757433	4364.594712802322	2.138633357390063e-06	1599.565890624997	3.0184867715196085e-06	-2967.8857776549225	16436.963928267454	-2967.8857776547748	85148873.78371334	4368.080339081356	16436.963928266992	4368.080339081353	2.1369273063152068e-06	-0.00040123264725966444	0.0	0.0	0.0	0.0011992805754864008	0.0	0.0	0.0	-0.0003970625929568541	85148879.03443633	0.0010656215168178547
14	14.0	nan	nan	1	1	6.000000000000838e-05	6.000000000000867e-05	5.999999999999513e-05	0.9995319266224525	9.194277944649413e-23	1.8245619079449663e-22	-4.870439446712227e-23	1.0014000000000167	3.0727443650629828e-21	-1.1591116487583065e-22	3.77511996679401e-22	0.9995367904371774	1.185790854106017e-05	-3460.021173430337	19192.751573782527	-3466.4877737135744	99290794.009985	5102.2017829396045	19192.844967485657	5092.708602239132	9.504137597105e-06	1599.565890624997	1.1846818237610481e-05	-3463.2456841670128	19174.894544434243	-3463.2456841669205	99383326.45857139	5097.454669602127	19174.89454443455	5097.454669602183	9.495294901290648e-06	-0.0004681829580867138	0.0	0.0	0.0	0.0013990209137240389	0.0	0.0	0.0	-0.00046331687751292703	99383332.58113727	0.0012431837288291163
16	16.0	nan	nan	1	1	6.000000000000838e-05	6.000000000000867e-05	5.999999999999513e-05	0.999464972427463	-3.853073467721007e-22	1.5064745664713748e-21	-7.604767679567516e-23	1.0016000000000287	2.2059914320054185e-21	-1.3380473588657775e-22	1.4309562852677336e-22	0.9994704726853283	0.0023483597459962764	-4014.733613046578	21842.6964632058	-4023.3097684841673	113489970.72858901	5988.270513735024	21842.816667983247	5975.538699017404	0.0030263130892417395	1599.565890624997	0.002345850564550151	-4019.010932143261	21819.47799919016	-4019.010932140866	113610883.56263159	5981.905070545658	21819.47799919171	5981.905070551301	0.0030230961630860775	-0.0005351707508605158	0.0	0.0	0.0	0.0015987213637256715	0.0	0.0	0.0	-0.0005296675637728709	113610890.53144348	0.00142076390004029
18	18.0	nan	nan	1	1	6.000000000000838e-05	6.000000000000867e-05	5.999999999999513e-05	0.9993974002775918	-2.6469779601696886e-22	-2.1666838092968987e-21	-1.3552527156068806e-22	1.0017999999999936	-6.188422712639918e-21	-9.439123405965109e-23	1.768181277393352e-23	0.9994008884187661	-9.364359531648475	-6457.744628859336	17719.771674992342	-6473.269339203859	126870029.38889611	13476.209762674982	17719.833499150405	13443.936944077172	-13.772452969720925	1599.565890624997	-9.353137543524833	-6465.511973473643	17698.59856546423	-6465.511953191481	127022628.05857512	13460.107226448084	17698.59854331511	13460.10724767682	-13.755996456592701	-0.0006027813585938357	0.0	0.0	0.0	0.0017983819413725263	0.0	0.0	0.0	-0.0005992911202906306	127022645.94529343	0.0015996133897840535
20	20.0	nan	nan	1	1	6.000000000000838e-05	6.000000000000867e-05	5.999999999999513e-05	0.9993277058291274	2.6872120251642676e-22	-5.199988202753353e-21	-2.369574669943905e-22	1.0020000000000122	2.6582011467208082e-21	-6.553917429380149e-23	-2.32722302258119e-22	0.9993154122614135	342.6156388191143	-8834.05061825186	-37508.82688571449	-8857.672850282679	136382823.11917385	52754.20189075874	-37508.36552867104	52612.86251144131	1249.4644972925605	1599.565890624997	342.1660179290081	-8846.049591568528	-37459.14253094792	-8846.04876107023	136568067.00402072	52684.323446142116	-37459.1426013302	52684.32467083667	1247.8094512005866	-0.0006725202619374665	0.0	0.0	0.0	0.001998002662685024	0.0	0.0	0.0	-0.000684822175774162	136567318.77656263	0.0017844633891124346
22	22.0	nan	nan	1	1	6.000000000000838e-05	6.000000000000867e-05	5.999999999999513e-05	0.9992572788086108	8.241630576784342e-22	1.0592782280125467e-20	-3.570243872676876e-22	1.0022000000000355	-5.061868892791699e-21	-2.385985933296957e-22	6.877907531704919e-22	0.9992128998109809	-628.4431150202076	-2222.7685193381267	-145835.31248998444	-2229.308003849866	142072523.553197	125166.07135506265	-145828.8371601495	124793.01019113125	473.6500706118583	1599.565890624997	-627.5575258020237	-2226.1728647714085	-145623.33663404707	-2226.1665084861097	142290118.8369817	124984.13884052416	-145623.3381375607	124984.14053630824	472.96160649834223	-0.0007429971454196512	0.0	0.0	0.0	0.002197583543522651	0.0	0.0	0.0	-0.0007874101150122724	142290584.41608366	0.0019753578827106594
24	24.0	nan	nan	1	1	6.000000000000838e-05	6.000000000000867e-05	5.999999999999513e-05	0.9991877108807811	-9.452887691357993e-22	2.3216114293056306e-20	-2.168404344971009e-22	1.0023999999999942	2.7534076499921916e-20	-7.370245432296481e-22	3.388555305490828e-21	0.9991008542227603	-350.29861744786075	6354.706846423581	-263907.2847423281	6375.139900577633	145884327.68668273	218067.40523193992	-263884.34753396123	217349.68973891909	610.2482461633556	1599.565890624997	-349.7744118404834	6365.596501195137	-263489.4533413668	6365.599799882844	146134320.33047912	217722.1498536315	-263489.456867009	217722.1480038182	609.2820701827359	-0.0008126192047875837	0.0	0.0	0.0	0.002397124599715249	0.0	0.0	0.0	-0.0008995502512767724	146135390.19219905	0.0021693868755199163
26	26.0	nan	nan	1	1	6.000000000000838e-05	6.000000000000867e-05	5.999999999999513e-05	0.9991192651082383	-2.292918188217391e-21	6.857366982734002e-20	1.4145450219146816e-22	1.0025999999999944	1.5841210179549926e-20	-2.194132970743858e-21	-1.0020399766018373e-21	0.998983545740375	-232.32706956004714	14389.65120867762	-370309.17679538764	14439.784777516506	148794333.02490243	319822.4986681267	-370258.87761699565	318668.8722376771	610.761655827644	1599.565890624997	-231.9603627361586	14416.990059338948	-369674.4549251266	14416.992910759762	149077026.88529056	319274.3125922025	-369674.4581720959	319274.31017235515	609.7147906545326	-0.0008811229666138821	0.0	0.0	0.0	0.002596625847259934	0.0	0.0	0.0	-0.0010169711995833457	149079240.8098316	0.0023650828114116207
28	28.0	nan	nan	1	1	6.000000000000838e-05	6.000000000000867e-05	5.999999999999513e-05	0.9990516463789131	1.2078689827846322e-21	-1.8149374960817893e-20	3.930232875259954e-22	1.0028000000000037	-4.0938796406694845e-20	-2.2853478312513055e-21	-4.273281218897945e-21	0.9988630822107005	-140.83768235051903	24657.216722505644	-462037.2926328279	24749.728752360686	151191552.12423307	420546.2699529997	-461950.08932780026	418895.2345465801	582.6769147738337	1599.565890624997	-140.60429344680196	24708.71445741263	-461184.5665251595	24708.714785328535	151507322.65742397	419770.11878600623	-461184.56959529076	419770.11657342257	581.6015387695894	-0.0009488035928929868	0.0	0.0	0.0	0.002796087302005395	0.0	0.0	0.0	-0.0011375645706003163	151510958.4517995	0.0025618333529049183
30	30.0	nan	nan	1	1	6.000000000000838e-05	6.000000000000867e-05	5.999999999999513e-05	0.9989844991844915	-1.5212711732687234e-21	-2.984520589650527e-20	7.606355866343617e-22	1.0030000000000183	-4.866712501744308e-20	-1.473810858442881e-21	-3.859929140637847e-21	0.9987406554251279	-81.65005820287251	39230.249362234565	-542174.8255090284	39387.9394896297	153255550.5129617	514198.7117990066	-542042.487497215	512015.1112035811	495.83351286814485	1599.565890624997	-81.5084879529381	39319.64519131397	-541102.65619963	39319.64608530544	153604781.20157197	513181.86621381104	-541102.6585231881	513181.86431148485	494.8529850936041	-0.0010160167858033926	0.0	0.0	0.0	0.0029955089798167456	0.0	0.0	0.0	-0.001260138215632873	153610020.49939686	0.00275932629832696
32	32.0	nan	nan	1	1	6.000000000000838e-05	6.000000000000867e-05	5.999999999999513e-05	0.998917584337746	-5.153348451095163e-21	-3.406279469912125e-20	6.217221832846564e-22	1.003200000000019	5.542729496947965e-20	-2.5331049683231884e-21	-8.582137821580571e-21	0.99861694444462	-44.15073588952472	57016.52749146206	-613920.1291413541	57260.962006341055	155080637.96286577	598803.9913119447	-613735.3622755773	596068.3939792378	379.2080953345579	1599.565890624997	-44.07085663920155	57157.36175483078	-612624.9660758149	57157.363218558814	155463696.49643785	597540.718165763	-612624.9680851373	597540.7188800486	378.4080949828547	-0.0010830018971583319	0.0	0.0	0.0	0.003194890896538102	0.0	0.0	0.0	-0.001384012859486046	155470626.952069	0.0029573762380691957
34	34.0	nan	nan	1	1	6.000000000000838e-05	6.000000000000867e-05	5.999999999999513e-05	0.9988507597489735	9.391901319155681e-21	6.362593862419083e-20	7.318364664277155e-22	1.0033999999999967	1.1030063039145499e-20	-2.8466659774848898e-21	6.877907531704919e-22	0.9984923341926222	1.0101684415064083	75964.14164536023	-679046.3358229204	76310.12063515211	156718670.89919084	673733.5456482412	-678802.6710239063	670438.2897096061	294.9426227924308	1599.565890624997	1.0082656344050522	76166.37658153311	-677524.0393550304	76166.37882588503	157135893.94311544	672223.1594746726	-677524.0421440647	672223.1587516373	294.281415906802	-0.0011499011339944905	0.0	0.0	0.0	0.00339423306801274	0.0	0.0	0.0	-0.0015088034791003657	157144496.99921358	0.0031558669849979836
36	36.0	nan	nan	1	1	6.000000000000838e-05	6.000000000000867e-05	5.999999999999513e-05	0.9987839142318217	4.223306275009941e-21	2.166891597066772e-20	-9.656175598699024e-23	1.0036000000000003	2.717789914560148e-20	-2.4805359860342186e-21	1.0367683274392636e-21	0.9983670732179926	61.24483122386513	94943.12853636728	-737505.14191951	95400.94153274306	158198868.48538357	738478.0915225489	-737197.3469775266	734627.5486183937	234.3912366813594	1599.565890624997	61.12495329055998	95214.20592964425	-735754.3876292978	95214.20793453122	158650550.85091633	736725.0275593665	-735754.3893821229	736725.0244860933	233.8348182377673	-0.0012168258004988037	0.0	0.0	0.0	0.003593535510130218	0.0	0.0	0.0	-0.0016342614600978666	158660738.62774372	0.003354721039259529
38	38.0	nan	nan	1	1	6.000000000000838e-05	6.000000000000867e-05	5.999999999999513e-05	0.9987169420286408	-4.741690438729573e-21	8.746842054685189e-20	2.303929616531697e-22	1.003799999999995	1.254506616860454e-19	-2.2503547826178626e-21	5.4498099826341685e-21	0.99824135292419	128.15209927982042	113331.74151043307	-788616.0501167038	113908.55422266945	159539323.58364978	793430.771895439	-788240.5114120836	789037.0626431671	189.3206926335612	1599.565890624997	127.89188149694402	113677.25769229367	-786639.9583019919	113677.25850767887	160025713.51471928	791442.6154869419	-786639.9586360805	791442.6117823363	188.84629819153406	-0.0012838817949891728	0.0	0.0	0.0	0.0037927982386913956	0.0	0.0	0.0	-0.0017601953110446744	160037347.5746568	0.003553880261015447
40	40.0	nan	nan	1	1	6.000000000000838e-05	6.000000000000867e-05	5.999999999999513e-05	0.9986497534548702	3.3881317890172014e-23	-1.584752322198493e-20	-2.0938654456126304e-21	1.0040000000000049	-3.858658591216965e-20	-3.993760346304026e-22	9.732408563951911e-21	0.9981153321427001	186.54172628049454	130880.27045220995	-832332.9256718548	131581.4594870903	160754658.07039082	839536.8147527245	-831887.5073317433	834616.0984581445	141.05309563180265	1599.565890624997	186.149361870861	131304.69576388324	-830137.7488662837	131304.69630546978	161275961.59168336	837322.6385663378	-830137.7484053948	837322.634718283	140.68108525670547	-0.0013511589494024396	0.0	0.0	0.0	0.003992021269542322	0.0	0.0	0.0	-0.0018864460783551485	161288888.3769244	0.003753294420249488
44	48.666666666666664	nan	nan	1	1	6.000000000000838e-05	6.000000000000867e-05	5.999999999999513e-05	0.9983548157393641	-1.0564194918155633e-20	-1.3100200974323168e-19	-2.117582368135751e-21	1.0048666666666717	-2.6038301018365546e-19	8.910786605115239e-21	-1.5226264259843302e-20	0.9975686218336143	1637.31704041688	193014.76300894973	-958022.3354158339	194273.70960697992	164903953.58150065	961409.9607667107	-957267.8237895997	954427.4565142952	-915.6225180841534	1599.565890624997	1633.3586678907911	193804.0420562179	-954953.6150430569	193804.03409779823	165578281.45852175	958330.3892117167	-954953.5361102674	958330.3164915356	-912.6896120639628	-0.001646539062397845	0.0	0.0	0.0	0.004854862726186875	0.0	0.0	0.0	-0.002434338766145266	165594841.85448208	0.004619314811760007
48	57.33333333333333	nan	nan	1	1	6.000000000000838e-05	6.000000000000867e-05	5.999999999999513e-05	0.9980539568064873	6.579751934271405e-21	6.902047970701666e-20	-2.5817564232311075e-21	1.005733333333337	-2.270793687635109e-19	-6.081696561285876e-22	1.8648277366750675e-20	0.9970241152071396	420.6151459044075	238389.30801325713	-1036476.4618719253	240223.5335161786	167996473.315908	1019012.2078838407	-1035406.9085494196	1010187.9151888199	-1227.684361322428	1599.565890624997	419.46564777975993	239567.05241234152	-1032577.3127862313	239567.02719689402	168826447.223558	1015178.7580517959	-1032577.2474893893	1015178.6724046185	-1223.0659020220346	-0.0019479391957690124	0.0	0.0	0.0	0.005716960329232632	0.0	0.0	0.0	-0.0029803215423669215	168845987.63778552	0.005486533210041386
52	66.0	nan	nan	1	1	6.000000000000838e-05	6.000000000000867e-05	5.999999999999513e-05	0.9977482783332127	-9.447805493674466e-21	2.5511954744941723e-19	-2.8223137802513286e-21	1.0065999999999924	2.1224612779119356e-19	3.418624975118356e-21	-6.644126438262732e-21	0.9964830559766508	207.21087037564547	266418.5234146552	-1091793.525569478	268782.0823358905	170533975.96457335	1046361.985652815	-1090409.0037810015	1035845.3399819718	-888.6926277690322	1599.565890624997	206.57877153087014	267962.1856406856	-1087082.7427639682	267962.15988957894	171522071.13745135	1041847.2271981143	-1087082.7001446493	1041847.1573588033	-884.8581683660111	-0.0022542606040557396	0.0	0.0	0.0	0.006578315360115007	0.0	0.0	0.0	-0.0035231430095734404	171542864.096996	0.006353720203618733
56	74.66666666666666	nan	nan	1	1	6.000000000000838e-05	6.000000000000867e-05	5.999999999999513e-05	0.9974389861825216	-3.8014838672773e-21	2.1154817264265603e-19	6.742382260144231e-21	1.0074666666666627	-1.147560236940126e-19	2.0452457544402337e-20	3.869246503057644e-21	0.9959453453871043	183.53162372754215	285100.9626589732	-1132049.8890583306	287967.17868541024	172760876.3140742	1061073.6238084966	-1130354.620249236	1048939.220238303	-606.8603444512917	1599.565890624997	182.91305981064679	286996.65720276185	-1126544.9924660833	286996.6314719811	173909598.67388076	1055913.8683663707	-1126544.9412022077	1055913.831400701	-603.9093230568911	-0.002564298823193714	0.0	0.0	0.0	0.007438929096994461	0.0	0.0	0.0	-0.004062897012510615	173931081.18100595	0.0072203780942790095
60	83.33333333333333	nan	nan	1	1	6.000000000000838e-05	6.000000000000867e-05	5.999999999999513e-05	0.997127027105458	-4.6281880237974974e-21	1.7075845403467793e-19	2.569220335611744e-20	1.0083333333333646	-9.722244168584859e-20	8.04003673533782e-21	-2.1623057077507778e-20	0.9954105630108788	216.13834394079242	298242.01338924014	-1162882.96170006	301593.8123412701	174793820.90667838	1068874.2830850896	-1160881.0985349293	1055175.588084634	-403.3508786060944	1599.565890624997	215.34036768419054	300480.3590584112	-1156595.2254434233	300480.3370689128	176105671.59993967	1063094.8540239607	-1156595.1604802622	1063094.8201236217	-401.1699506648593	-0.0028771078027201463	0.0	0.0	0.0	0.008298802814725673	0.0	0.0	0.0	-0.0046000007887133975	176127552.67175183	0.008086318662069707
64	92.0	nan	nan	1	1	6.000000000000838e-05	6.000000000000867e-05	5.999999999999513e-05	0.9968131608529945	-3.5494068621744204e-20	-2.1313720645170507e-19	-6.4408385309217e-21	1.0092000000000085	6.523508946573719e-19	-1.83772268236293e-20	-4.812502393120033e-20	0.9948782216825021	253.02236687107174	306623.0740485324	-1187857.5449973496	310433.2859353061	176693825.30762318	1072606.17005884	-1185551.7157280294	1057384.536922082	-268.4027611330404	1599.565890624997	252.00650312318217	309186.9434496847	-1180791.8730732845	309186.922124787	178171274.10525367	1066226.0419590678	-1180791.8242443237	1066225.997623885	-266.8062347973143	-0.0031919279331846548	0.0	0.0	0.0	0.009157937784774526	0.0	0.0	0.0	-0.005134939582686104	178193393.99933445	0.008951484308488113
68	100.66666666666666	nan	nan	1	1	6.000000000000838e-05	6.000000000000867e-05	5.999999999999513e-05	0.9964979621427416	2.955467359559705e-20	4.614059514237295e-19	-3.0588053791247295e-20	1.0100666666666724	-7.009638095661908e-19	7.535205098774256e-21	7.365798509323395e-20	0.9943478987116487	278.96934031413116	311758.74813920894	-1207983.229612467	316003.74543737364	178495357.3141807	1074362.7531443145	-1205376.8359843285	1057643.3418981896	-175.89411122195273	1599.565890624997	277.75895910888767	314632.7119644489	-1200147.0197116619	314632.6808113001	180140825.81492403	1067393.3417842358	-1200146.9943613466	1067393.280665791	-174.75308281852608	-0.0035081843461889687	0.0	0.0	0.0	0.010016335275494056	0.0	0.0	0.0	-0.005668134856949858	180163077.77964485	0.00981586720617582
72	109.33333333333333	nan	nan	1	1	6.000000000000838e-05	6.000000000000867e-05	5.999999999999513e-05	0.9961818282783483	-2.8883823501371643e-21	2.8299370767766176e-19	6.742382260144231e-22	1.010933333333339	6.305042208817891e-19	5.511812794373183e-20	1.2332799712022613e-21	0.9938192872000853	290.651362877165	314467.3029280006	-1224564.122876178	319123.91721601516	180219264.03567183	1075111.3595122278	-1221659.943253237	1056910.7897270077	-110.07716056071455	1599.565890624997	289.2959981825345	317635.8108256079	-1215963.1096357633	317635.7793785557	182035116.29147455	1067560.0627974703	-1215963.1017193163	1067560.0055695947	-109.30400781373862	-0.0038254795469183133	0.0	0.0	0.0	0.010873996551884178	0.0	0.0	0.0	-0.006199892475489549	182057431.1257656	0.010679472738271772
76	118.0	nan	nan	1	1	6.000000000000838e-05	6.000000000000867e-05	5.999999999999513e-05	0.995865031032526	-4.494356818131318e-21	9.845470521751415e-19	4.0044329614394306e-20	1.0118000000000122	1.4499848804278015e-19	-1.9217483507305565e-20	-6.003769530138481e-21	0.9932921718032564	301.0664809752788	315667.78657520487	-1238860.7411013371	320718.8042412893	181878805.3813185	1075598.6719212495	-1235660.0862119088	1055923.7916339608	-52.64119474153477	1599.565890624997	299.5647570275912	319119.07871914544	-1229496.6018710684	319119.0542218176	183867341.80745235	1067468.5767575197	-1229496.5958869364	1067468.5283529162	-52.243297334301396	-0.004143541591505585	0.0	0.0	0.0	0.011730922875711208	0.0	0.0	0.0	-0.006730426791321683	183889675.8195932	0.011542308922553018
80	126.66666666666666	nan	nan	1	1	6.000000000000838e-05	6.000000000000867e-05	5.999999999999513e-05	0.9955477581557927	-6.471670530201756e-20	-8.726268947885362e-19	-1.1977045874175807e-20	1.0126666666666464	-1.0907073855204175e-19	-2.4584284261108814e-20	1.7726705520137998e-20	0.9927664014299138	308.01391800879605	316210.57494614867	-1251710.915208522	321647.94497299753	183482865.4793213	1076341.0894921587	-1248213.8883894105	1055189.48631856	-7.728607139417028	1599.565890624997	306.37742062871524	319939.0274937327	-1241582.0518809387	319939.00914743525	185646319.87154362	1067631.321400449	-1241582.049246113	1067631.2711295781	-7.6660671355897385	-0.004462182589635458	0.0	0.0	0.0	0.012587115505451187	0.0	0.0	0.0	-0.007259887898573398	185668661.32421422	0.012404383317110555
84	135.33333333333331	nan	nan	1	1	6.000000000000838e-05	6.000000000000867e-05	5.999999999999513e-05	0.9952301394666129	-4.06541933364174e-20	-3.157196726277789e-19	2.913793338554793e-22	1.0135333333333445	1.0267394573437726e-19	3.1482520583547834e-20	-7.657177843178875e-22	0.992241871600091	314.41454708382105	316681.6169251177	-1263719.1743084623	322505.66747273784	185037775.1021415	1077534.9787905014	-1259924.7479396989	1054898.9676322446	30.502280496525113	1599.565890624997	312.6418019132944	320687.3169881479	-1252820.9839337058	320687.30261086184	187378314.58336088	1068242.4226806804	-1252820.9878470013	1068242.3656550422	30.23923181729833	-0.00478127262198319	0.0	0.0	0.0	0.013442575696499657	0.0	0.0	0.0	-0.007788379239549464	187400664.76797274	0.013265701683841424
88	144.0	nan	nan	1	1	6.000000000000838e-05	6.000000000000867e-05	5.999999999999513e-05	0.994912271010651	5.549082244052372e-20	1.0405494825158068e-18	3.491469808582226e-20	1.0144000000000335	-7.108300493358088e-21	-4.481143104154151e-20	5.372899391023478e-20	0.9917185042232023	316.46214785566866	317393.9153205202	-1275156.653004176	323610.81884684146	186548215.55891013	1079206.5978377035	-1271063.282973413	1055076.0036236222	55.70753486197576	1599.565890624997	314.57493396787567	321680.9870304438	-1263483.3208572287	321680.9740432666	189067941.17069986	1069327.076727841	-1263483.3297431658	1069327.0218965667	55.19756414112408	-0.0051007155492746445	0.0	0.0	0.0	0.014297304700857666	0.0	0.0	0.0	-0.008315977870456544	189090312.95600992	0.014126269068407098
92	152.66666666666666	nan	nan	1	1	6.000000000000838e-05	6.000000000000867e-05	5.999999999999513e-05	0.9945942331248613	5.978189135131401e-20	9.710453469959079e-19	4.038653092508504e-21	1.0152666666666816	-1.1667777204474317e-18	-7.616520261710669e-20	4.8077590086154086e-20	0.9911962322720793	317.9787435905341	318464.8570832661	-1286151.3035907536	325084.0655326187	188017780.8366664	1081418.7139001063	-1281757.2173073494	1055779.864123034	75.39966816364327	1599.565890624997	315.97907169375156	323039.72744746506	-1273696.624498941	323039.710420712	190718728.6943675	1070946.5999210558	-1273696.634838835	1070946.5486223276	74.66952182084101	-0.0054204309036479745	0.0	0.0	0.0	0.01515130376735807	0.0	0.0	0.0	-0.00884274985271894	190741132.75290835	0.014986090910400684
96	161.33333333333331	nan	nan	1	1	6.000000000000838e-05	6.000000000000867e-05	5.999999999999513e-05	0.9942760901392483	2.333914582864499e-20	6.430064271832625e-19	-2.898885558683117e-20	1.0161333333333393	-3.263448539181368e-20	-2.45029690981724e-20	-3.258027528318941e-20	0.9906750014490884	316.18658514833635	319927.79590448464	-1296781.9537790495	326960.7692190994	189449334.0215428	1084329.9361900121	-1292085.2558600982	1057162.950802737	88.80451286191179	1599.565890624997	314.09537224790296	324798.3198147843	-1283539.576205866	324798.29740453605	192333477.01553807	1073257.059684375	-1283539.5885787185	1073257.0116967296	87.89766581172493	-0.005740354213483814	0.0	0.0	0.0	0.016004574141721326	0.0	0.0	0.0	-0.00936874854137205	192355929.48917133	0.01584517212523204
100	170.0	nan	nan	1	1	6.000000000000838e-05	6.000000000000867e-05	5.999999999999513e-05	0.9939578906329137	1.1651785222430156e-20	3.821812658011403e-20	-5.1458945611593256e-20	1.0169999999999835	-4.842046902320263e-19	2.821636153893525e-20	3.5087492807062137e-20	0.9901547710984048	315.52050225116795	321727.82924190874	-1307089.1771292596	329186.1583392985	190845242.98867038	1088049.6636973736	-1302087.957947068	1059328.9292844834	101.63649148659367	1599.565890624997	313.33113161061095	326901.98559262865	-1293052.862317229	326901.9628426392	193914492.94550902	1076365.5277730578	-1293052.8774175537	1076365.4831936492	100.54505731679255	-0.006060436771300003	0.0	0.0	0.0	0.016857117066406867	0.0	0.0	0.0	-0.009894013629623865	193937006.674277	0.016703516455784505
104	208.75	nan	nan	1	1	6.000000000000838e-05	6.000000000000867e-05	5.999999999999513e-05	0.9925351176273395	-6.954140496957805e-20	1.0027514842775309e-19	9.52742659071637e-20	1.0208749999999887	-7.299933227344901e-19	8.421540374781156e-20	7.848268476079446e-20	0.9878410046900292	13629.747861810034	331271.5277809502	-1350261.8851608932	340730.69698983064	196691945.1147144	1111585.8047875161	-1343876.7506274374	1075614.7069655505	10330.706037301954	1599.565890624997	13515.37822199093	337871.2039206302	-1332599.2308891967	337871.5650759359	200610492.37332213	1097045.250855678	-1332600.0416604884	1097043.378377793	10195.571000814087	-0.007492884046916879	0.0	0.0	0.0	0.020660102696291805	0.0	0.0	0.0	-0.012233520611411764	200621767.48588502	0.020532114422203245
108	247.5	nan	nan	1	1	6.000000000000838e-05	6.000000000000867e-05	5.999999999999513e-05	0.9911134274701052	8.785425728921603e-21	-6.667436784971171e-19	5.3905176763263674e-20	1.0247500000000174	-5.232359684415044e-19	-3.6266562669640125e-20	-9.879792296774159e-21	0.9855448515103125	11008.993850263383	339949.9337010026	-1390821.2611063088	351487.33001934935	201979623.23061976	1139660.6911750399	-1383006.8722662784	1096057.5209319075	8012.163720653173	1599.565890624997	10900.672919624027	348028.8186502947	-1369399.0872990026	348028.9363447332	206779653.98931593	1122107.0269548893	-1369399.0354810006	1122105.2465867193	7888.756084750412	-0.008926293613518226	0.0	0.0	0.0	0.024448680402327057	0.0	0.0	0.0	-0.014560641998986155	206793874.73421615	0.024346398348725786
112	286.25	nan	nan	1	1	6.000000000000838e-05	6.000000000000867e-05	5.999999999999513e-05	0.9896941733937299	9.378009978820711e-20	4.1786506980306946e-19	-3.935653886122381e-20	1.0286249999999857	1.066380599275274e-18	-3.220080452281948e-20	3.2986851097871475e-20	0.9832657420495662	9576.662252713078	347978.51446878066	-1427441.2260763322	361667.2007483631	206800875.5874392	1168285.4081073864	-1418168.9034066629	1116765.60517049	6934.139095237055	1599.565890624997	9468.609099800275	357586.00075476815	-1402168.3073873506	357586.5220823762	212510528.6077402	1147600.8562076343	-1402167.7521357625	1147598.8600704866	6811.369813860952	-0.010359299341714015	0.0	0.0	0.0	0.028222958943725816	0.0	0.0	0.0	-0.0168758575776166	212526464.13900775	0.028146282317255834
116	325.0	nan	nan	1	1	6.000000000000838e-05	6.000000000000867e-05	5.999999999999513e-05	0.988278028231943	-7.253312533928025e-20	6.580971661715451e-19	2.296475726595859e-20	1.032500000000009	1.2269780460746893e-18	3.903127820947816e-21	-1.2658060363768265e-20	0.9810030581257385	8783.037179892171	357463.162109162	-1459420.7533969227	373459.48350558605	211216937.05613726	1197829.7331489727	-1448676.9347248154	1138084.9978715107	6373.863801119835	1599.565890624997	8671.301755266033	368707.34691022296	-1430247.8953262793	368708.4329161968	217860872.7818779	1173885.9069997172	-1430247.2583916506	1173884.0378617474	6246.454468616594	-0.011791215728196245	0.0	0.0	0.0	0.03198304585305913	0.0	0.0	0.0	-0.019179702066140936	217877921.39782903	0.03193188055844217
120	363.75	nan	nan	1	1	6.000000000000838e-05	6.000000000000867e-05	5.999999999999513e-05	0.9868654120375601	-1.551493308826757e-19	8.620762523975367e-19	-8.53267109746092e-20	1.0363749999999925	7.190428807923865e-19	-6.789816105190471e-20	-6.884683795282953e-21	0.9787563822229898	8314.320554654021	367978.97497083456	-1487499.8969228736	386441.12127110764	215275708.89543653	1228394.786062022	-1475276.801991718	1160098.6332106744	6040.29919398438	1599.565890624997	8196.628076768759	380969.73021330003	-1454394.0467810917	380970.89519307925	222875583.43753645	1201055.5884012748	-1454393.6785600793	1201053.5747324098	5905.866082196446	-0.013221609497515944	0.0	0.0	0.0	0.03572904745423827	0.0	0.0	0.0	-0.02147251090861224	222893453.11302653	0.03570329106910188
124	402.5	nan	nan	1	1	6.000000000000838e-05	6.000000000000867e-05	5.999999999999513e-05	0.985456610394952	-3.4254012386963904e-19	-5.0105861300331346e-18	-1.1827290449101247e-19	1.0402499999999846	-5.901854525924844e-19	-4.334098184510804e-20	-1.1153729849444626e-20	0.9765253966617676	7974.967057902106	378462.70053023734	-1512256.709837837	399507.47038636537	219016237.73871824	1259380.1852478879	-1498550.5518691132	1182229.8452619482	5787.096885272169	1599.565890624997	7850.68642203054	393280.1567915021	-1475197.9106072616	393281.60862485954	227591094.70257097	1228518.283868015	-1475197.3750948654	1228516.1477123296	5645.280446168925	-0.01465018136983402	0.0	0.0	0.0	0.03946106888089878	0.0	0.0	0.0	-0.02375452115744916	227609655.4909022	0.03946060547646717
128	441.25	nan	nan	1	1	6.000000000000838e-05	6.000000000000867e-05	5.999999999999513e-05	0.9840518353927756	-1.0081047325041781e-19	-3.299633786688072e-18	7.731716742537254e-20	1.0441249999999704	-3.0275261464485225e-18	-2.253514215511121e-19	7.047314121155779e-21	0.9743098333168112	7731.150177585684	388268.2288289705	-1534056.770906032	411972.3447536278	222471215.37159893	1290269.9760237033	-1518869.1662769178	1203994.7252007748	5594.739682722577	1599.565890624997	7599.666413244771	404964.35025388666	-1493038.3453536557	404965.9261162554	232037814.30913153	1255770.0514070045	-1493037.7400419917	1255768.3204484188	5445.144558530959	-0.016076705072642954	0.0	0.0	0.0	0.04317921409390541	0.0	0.0	0.0	-0.026025921902591856	232056955.8810542	0.043203913711852886
132	480.0	nan	nan	1	1	6.000000000000838e-05	6.000000000000867e-05	5.999999999999513e-05	0.9826512258051529	-2.5974773547321473e-19	3.966553648038218e-19	2.3635607360183997e-20	1.0480000000000158	5.84601811404184e-19	-8.901299836105991e-20	1.4034997122824855e-19	0.9721094778466222	7559.006366575353	396667.5875040701	-1553221.4418535174	423048.6266304656	225668355.4190475	1320902.4011045794	-1536557.9296153146	1225248.106639113	5447.838374603126	1599.565890624997	7419.7325495641135	415252.3866161378	-1508247.7786274457	415254.00467159017	236241442.7685922	1282655.5561016572	-1508247.0276874246	1282653.8303273274	5290.095736130989	-0.01750102768853778	0.0	0.0	0.0	0.046883585898865716	0.0	0.0	0.0	-0.028286849334705787	236261071.8728836	0.04693330196160594
136	518.75	nan	nan	1	1	6.000000000000838e-05	6.000000000000867e-05	5.999999999999513e-05	0.9812548933825967	-1.6563898690147293e-19	1.4353481510992471e-18	-6.95515693649451e-20	1.0518749999999966	-9.35612264746366e-19	2.1217836515541323e-19	-1.111307226797642e-20	0.9699241284823001	7420.700818406458	402831.6001386596	-1570318.5465303846	431824.6490228733	228631534.16851103	1351399.029833705	-1552184.5506624198	1246110.1367698754	5328.124960878462	1599.565890624997	7273.49301052087	423256.78879693424	-1521394.322337634	423258.3476007832	240224076.10666877	1309295.375606648	-1521393.1617183827	1309292.9521789749	5162.1240047737465	-0.01892302301123054	0.0	0.0	0.0	0.050574285962930135	0.0	0.0	0.0	-0.030537428603384875	240244133.24779359	0.050648857860976663
140	557.5	nan	nan	1	1	6.000000000000838e-05	6.000000000000867e-05	5.999999999999513e-05	0.9798629031722597	-1.942890293094024e-19	1.5191027689237524e-18	1.2468324983583302e-20	1.0557500000000148	-1.7406865879254773e-19	-6.727474480272556e-20	-2.59598657674498e-19	0.967753618931959	7293.4929745116615	406763.0967483874	-1586262.397688804	438267.0522997885	231381535.91110596	1381969.5918338364	-1566657.6333047198	1266780.2224199548	5234.29967919141	1599.565890624997	7138.54456016055	428954.69441508094	-1533375.8653772217	428956.1795734411	244004917.90786827	1335894.2517270334	-1533374.3879571254	1335891.401021925	5059.786332903056	-0.020342611825882817	0.0	0.0	0.0	0.054251414831930175	0.0	0.0	0.0	-0.032777749999509616	244025373.89789367	0.054350665958674986
144	596.25	nan	nan	1	1	6.000000000000838e-05	6.000000000000867e-05	5.999999999999513e-05	0.9784752466762978	1.1424780392566003e-20	-2.0989476432961562e-18	1.8661829893906744e-19	1.059625000000029	9.242823520438926e-19	-1.7054500173196984e-19	1.3907603367557809e-19	0.9655978470522188	7186.757530163066	408917.41434693395	-1600758.1289301491	442832.22927138995	233936529.15290663	1412136.5107794257	-1579689.5196802525	1286825.496709959	5164.591823373769	1599.565890624997	7024.0000787116605	432802.21409722674	-1543916.0298911321	432803.4722478978	247600723.8216989	1361992.2685284226	-1543914.5211181648	1361988.7649497697	4981.199820163071	-0.0217597896797849	0.0	0.0	0.0	0.05791507194646006	0.0	0.0	0.0	-0.03500783884896142	247621533.82237506	0.058038802600107416
148	635.0	nan	nan	1	1	6.000000000000838e-05	6.000000000000867e-05	5.999999999999513e-05	0.9770919048176498	3.2283474938471503e-19	3.4716560138800536e-18	9.470505976660882e-20	1.0634999999999926	-2.0071834819224145e-18	-1.71954464556201e-19	4.41405809473161e-20	0.9634567140875971	7114.744759907982	410467.64829203254	-1613818.2366975748	446767.9537852279	236312536.92918518	1441205.2897164084	-1591296.032982496	1305627.2270486886	5110.255324824963	1599.565890624997	6943.678793265422	436024.9193126437	-1553036.6667411542	436025.92515900714	251026250.8527987	1386924.8768752953	-1553035.1250676303	1386920.5251500583	4917.78672182006	-0.023174562972873482	0.0	0.0	0.0	0.061565355658148045	0.0	0.0	0.0	-0.03722771783737526	251047361.85821646	0.061713345111679564
152	673.75	nan	nan	1	1	6.000000000000838e-05	6.000000000000867e-05	5.999999999999513e-05	0.9757129464121456	3.8012128167341783e-19	1.026603932072212e-19	2.680960922013531e-19	1.0673749999999973	-3.502894588974792e-18	2.701831813833877e-19	1.720493322462935e-19	0.9613300293268682	7066.144046586427	412226.58182324056	-1625739.7385259455	450954.4382646355	238523897.78675807	1468270.0966199501	-1601773.6649510546	1322390.7371282433	5064.171563569177	1599.565890624997	6886.4111931888765	439482.3285868217	-1561032.4367296349	439484.06242638093	254294707.43805274	1409830.3636116222	-1561031.30965789	1409825.047876131	4862.608625820432	-0.024586848111182013	0.0	0.0	0.0	0.06520236324563064	0.0	0.0	0.0	-0.03943750615124229	254316069.67604977	0.06537438640068244
156	712.5	nan	nan	1	1	6.000000000000838e-05	6.000000000000867e-05	5.999999999999513e-05	0.9743384880090727	-2.2432142948725086e-19	3.2330908783517744e-19	2.809167828909942e-19	1.0712500000000238	-5.8646663914085904e-18	2.0843786766033824e-19	1.2961636972064206e-19	0.9592175512190964	7007.049998060328	414178.05706507654	-1636220.1937652046	455375.9529798961	240583525.88810676	1493027.348519906	-1610826.418205881	1336879.1200397206	5008.252240979237	1599.565890624997	6819.103226853469	443159.5488619739	-1567620.9365433399	443161.6202619178	257417999.2819961	1430431.5148352538	-1567619.9869173488	1430425.2425103926	4798.279044816487	-0.02599651208867154	0.0	0.0	0.0	0.0688261909298747	0.0	0.0	0.0	-0.041637377668202614	257439576.83218586	0.06902202816048819
160	751.25	nan	nan	1	1	6.000000000000838e-05	6.000000000000867e-05	5.999999999999513e-05	0.9729685954800015	-2.710505431213761e-22	7.575930442878243e-18	-9.551821139597294e-20	1.0751249999999883	-6.064918532666663e-18	-2.3570555229834866e-19	-2.998090057465541e-19	0.9571190852833122	6910.960218081049	415798.71889096225	-1645286.538299381	459457.66717830143	242503096.77534106	1514890.043735894	-1618483.5162494876	1348608.8738309056	4923.986216107779	1599.565890624997	6716.0428140127	446496.79706986446	-1572837.158550601	446499.0777870063	260406901.39333344	1448182.6091939984	-1572835.6474208722	1448175.5602123493	4707.160916110316	-0.02740347328823386	0.0	0.0	0.0	0.07243693388949529	0.0	0.0	0.0	-0.04382745923798476	260428667.4698068	0.07265636521659657
164	790.0	nan	nan	1	1	6.000000000000838e-05	6.000000000000867e-05	5.999999999999513e-05	0.9716032880932683	-2.2941717969793275e-19	-2.2049961682923945e-18	-2.5993747085339968e-20	1.078999999999989	4.149485659590835e-18	-1.5081252219273367e-19	2.186564731360141e-19	0.9550344812298657	6791.6188195859	417016.2922079382	-1652675.7380256632	463114.51825704944	244293220.41467917	1532606.5053886499	-1624490.9378865573	1356518.7584520583	4831.786870192744	1599.565890624997	6590.719165264867	449412.3416533339	-1576439.2195742195	449415.34739654936	263271220.54466608	1461908.677957332	-1576437.6421203257	1461900.3696590057	4608.9006739429315	-0.02880769765516473	0.0	0.0	0.0	0.07603468627598749	0.0	0.0	0.0	-0.04600783315335362	263293106.53926545	0.07627748565189
168	828.75	nan	nan	1	1	6.000000000000838e-05	6.000000000000867e-05	5.999999999999513e-05	0.9702425423531978	2.4150603392114612e-20	-7.287058326546637e-18	1.4810201676151992e-19	1.0828750000000003	6.4308909759891455e-18	1.6084139228822459e-19	-3.146354704552934e-19	0.9529636289376878	6700.587193089528	417388.2248506798	-1658058.8533190077	465844.6501689496	245963475.52295846	1546919.4968028888	-1628528.444881126	1361328.905425319	4758.490087722188	1599.565890624997	6493.191477668502	451422.8662895077	-1578124.641803969	451425.8863035241	266019812.04147577	1472343.259652645	-1578122.4413210258	1472334.291820774	4529.085593181596	-0.030209195077324624	0.0	0.0	0.0	0.07961954122816735	0.0	0.0	0.0	-0.04817854086453239	266041715.53691506	0.07988547148269196
172	867.5	nan	nan	1	1	6.000000000000838e-05	6.000000000000867e-05	5.999999999999513e-05	0.9688863033133196	1.70572106786282e-19	2.6743201837070574e-19	7.54604712049911e-20	1.0867499999999886	-6.422217358609261e-18	-1.375852556884105e-19	8.074595679585795e-20	0.9509064462486062	6635.22176644898	416761.4006465111	-1662327.4164848938	467462.8614599621	247522324.55681497	1559161.166631015	-1631476.2047225235	1364258.5707742579	4701.896565369802	1599.565890624997	6420.783144751675	452352.3812852762	-1578752.685415531	452355.28928912274	268660467.9820402	1480773.1945006372	-1578749.7818557438	1480764.8026454756	4465.505264191795	-0.031608008017529866	0.0	0.0	0.0	0.08319159088675387	0.0	0.0	0.0	-0.05033959535717553	268682324.76721823	0.08348040085693856
176	906.25	nan	nan	1	1	6.000000000000838e-05	6.000000000000867e-05	5.999999999999513e-05	0.9675345009928784	-2.0702840483610707e-19	4.850178418613904e-18	2.930056371142076e-19	1.0906250000000255	-3.915270885279654e-18	-1.5081252219273367e-19	-4.155204826050696e-19	0.9488628644491852	6547.254171448636	416077.52610844857	-1665975.665210682	469013.6010110613	248977508.7455762	1570575.6656752496	-1633822.8482548262	1366421.125197005	4635.768865429437	1599.565890624997	6326.74458954943	453215.0761714614	-1578798.6429896215	453217.3618005857	271200325.685689	1488390.7259035672	-1578796.1784888783	1488382.8505004176	4393.188776276613	-0.033004194773041166	0.0	0.0	0.0	0.08675092640867892	0.0	0.0	0.0	-0.05249099613635779	271222140.20696515	0.0870623499065913
180	945.0	nan	nan	1	1	6.000000000000838e-05	6.000000000000867e-05	5.999999999999513e-05	0.9661870884138563	1.1731067506293159e-19	-1.204074275180933e-18	2.621058751983707e-19	1.0945000000000065	4.2331047521437794e-18	-7.968885967768457e-20	-4.403758174092998e-19	0.9468327919543172	6442.244626637842	416439.52111389383	-1669347.3387976629	471744.3701437515	250336233.31954324	1582228.792609937	-1635905.7309129385	1368751.2635590758	4538.6969957871825	1599.565890624997	6216.531741143874	455215.8951736862	-1578591.3317606708	455216.15844554844	273646056.0711241	1496209.0865254838	-1578589.5275831702	1496201.249210328	4291.945461870271	-0.034397790215603255	0.0	0.0	0.0	0.09029763798078669	0.0	0.0	0.0	-0.0546327674318055	273667867.7305104	0.0906313982005986
184	983.75	nan	nan	1	1	6.000000000000838e-05	6.000000000000867e-05	5.999999999999513e-05	0.9648440889528094	4.542265001628021e-19	2.2687065984530742e-18	-8.565197162635485e-21	1.0983750000000028	-9.873829184825488e-19	-2.277908764392045e-19	-2.6047957193964243e-20	0.9448160675337912	6326.485870411384	417611.5955665645	-1672722.6822794653	475407.13322297327	251605114.6561916	1594087.1968002922	-1637998.9827858517	1371216.7154373475	4428.945803009377	1599.565890624997	6096.27616719981	458108.2765505125	-1578396.7066900549	458107.903083887	276003795.56048506	1504195.5299952058	-1578395.0782783614	1504186.5047689567	4179.194521384987	-0.035788756548330386	0.0	0.0	0.0	0.0938318148338727	0.0	0.0	0.0	-0.056765007963115836	276025633.7475416	0.09418763623204796
188	1022.5	nan	nan	1	1	6.000000000000838e-05	6.000000000000867e-05	5.999999999999513e-05	0.9635055035139487	2.410452479978398e-19	6.836802716840562e-18	-1.181238266922957e-19	1.102250000000013	2.897801356510632e-18	1.9298798670241978e-20	2.89346454782069e-19	0.9428125522794493	6228.236908381851	418969.325672659	-1676017.474760046	479300.14284779073	252790256.73504913	1606084.7529960792	-1640020.8254072873	1373759.394150647	4337.443253563326	1599.565890624997	5993.212275422373	461214.20229576895	-1578135.3034189781	461213.5893323612	278279218.70177794	1512286.7673852514	-1578134.083106508	1512276.2080547623	4084.1294485934663	-0.037177079142006866	0.0	0.0	0.0	0.0973535452559216	0.0	0.0	0.0	-0.05888779417823236	278301077.86821395	0.09773115072194423
192	1061.25	nan	nan	1	1	6.000000000000838e-05	6.000000000000867e-05	5.999999999999513e-05	0.9621713263598832	6.922630871319945e-20	7.733790279192132e-18	-3.681950577760773e-19	1.1061249999999938	4.95968283803494e-18	3.402226417259513e-19	6.351527376963206e-19	0.9408221126443191	6115.886386174142	420555.4040504621	-1679201.224134121	483476.1592902945	253897083.9183936	1618329.7662128147	-1641941.3426828096	1376473.4157101153	4228.68032082124	1599.565890624997	5876.891659643891	464582.9756121561	-1577778.8268270092	464583.0266881769	280477344.0312353	1520583.955785957	-1577778.0640679088	1520575.1945227704	3973.27144580434	-0.03856275024407918	0.0	0.0	0.0	0.10086291660537161	0.0	0.0	0.0	-0.061001198027767704	280499251.2423176	0.10126202767663418
196	1100.0	nan	nan	1	1	6.000000000000838e-05	6.000000000000867e-05	5.999999999999513e-05	0.9608415302690695	-4.369605805659704e-19	-2.481257658105279e-18	-1.1606384256457325e-19	1.1100000000000059	1.2673022353748565e-17	2.585822181377928e-19	3.3233507092111923e-19	0.9388446364668507	5985.492880565821	422620.78307095496	-1681475.6691691244	488227.7847482879	254930674.26489913	1630573.8673998946	-1642980.4521184699	1379142.8956131823	4113.887886939888	1599.565890624997	5743.587084579407	468495.42543089885	-1576579.3811734926	468495.8874344185	282602890.05963945	1528853.0104591292	-1576578.820374774	1528846.1038647508	3857.2492828360164	-0.03994578447413894	0.0	0.0	0.0	0.10436001532424746	0.0	0.0	0.0	-0.06310526983512091	282624853.2668306	0.10478034946299816
200	1138.75	nan	nan	1	1	6.000000000000838e-05	6.000000000000867e-05	5.999999999999513e-05	0.9595160336889317	-2.7072528246963044e-19	-5.207612769828063e-18	-2.743031496388326e-20	1.113875000000019	-1.7503143032171485e-17	-2.401507812055392e-19	-3.3382584890828683e-19	0.9368800652956595	5881.308905771855	425569.36654574337	-1682838.5767166435	494032.9626848417	255895745.82136986	1642213.7264900533	-1643138.2343118377	1381259.5060610478	4002.6597725121724	1599.565890624997	5635.773565437318	473406.3994742544	-1574540.2467773878	473407.86824195983	284660253.28223985	1536529.7907621283	-1574539.8131028241	1536522.9288270727	3745.070378808192	-0.04132625321133087	0.0	0.0	0.0	0.10784492695076414	0.0	0.0	0.0	-0.06520000355346246	284682247.57016504	0.10828618965968861
204	1177.5	nan	nan	1	1	6.000000000000838e-05	6.000000000000867e-05	5.999999999999513e-05	0.9581947996146069	-4.0288952729561347e-19	-2.6481367012415324e-18	2.4557179206796676e-20	1.117749999999993	-1.4407420569073627e-18	1.0668549377257363e-19	-2.862293735361732e-19	0.9349282965465433	5768.012117566554	428890.27096384147	-1683907.934991046	500310.28018105845	256796400.28053847	1652875.9224382557	-1643019.7282907239	1382521.7734816861	3866.027513020732	1599.565890624997	5519.543764389788	478755.8358491103	-1572243.6718816387	478758.44068068615	286653215.4787835	1543269.4718389648	-1572243.454280819	1543262.7225498923	3609.661292260301	-0.042704181792043584	0.0	0.0	0.0	0.11131773613194643	0.0	0.0	0.0	-0.06728544081965472	286675247.51416975	0.11177962874788926
208	1216.25	nan	nan	1	1	6.000000000000838e-05	6.000000000000867e-05	5.999999999999513e-05	0.9568778035803596	-5.013350845572972e-19	-1.0763230720101449e-17	-1.0776969594505914e-19	1.1216249999999843	-2.8311771330113977e-18	-3.0249240612345574e-19	-5.2583805365546964e-20	0.9329892162043295	5627.342649296322	432051.8513978786	-1685251.8808412103	506443.4327786126	257636379.34519652	1662455.9267617369	-1643179.1672009467	1382856.750610721	3725.0172850707067	1599.565890624997	5377.4831145529215	483952.53148491634	-1570220.5588166974	483956.84747999965	288585218.61047226	1548980.6028431351	-1570220.4000165379	1548973.8626828855	3470.756383340126	-0.04407958264072845	0.0	0.0	0.0	0.11477852663607097	0.0	0.0	0.0	-0.06936163639630594	288607297.82268673	0.11526074861103199
212	1255.0	nan	nan	1	1	6.000000000000838e-05	6.000000000000867e-05	5.999999999999513e-05	0.9555649676648108	1.5233040523421338e-19	6.0216571719185975e-18	2.1499729080387554e-19	1.12549999999998	-5.804384750618397e-18	8.890457814381137e-21	-5.969617161705188e-19	0.9310627634363843	5469.213898344937	435004.98721486935	-1686709.1752321604	512371.2962632175	258419264.1561581	1671442.9151438654	-1643458.6841257159	1382684.6834531534	3582.1615101910684	1599.565890624997	5219.158083434914	488939.4262139555	-1568319.305485806	488945.36624750367	290459581.96505386	1554124.5819551502	-1568318.7447910423	1554117.9426259706	3330.730118917849	-0.04545252424348835	0.0	0.0	0.0	0.11822738136463187	0.0	0.0	0.0	-0.0714285889006893	290481715.99207157	0.11872962233788781
216	1293.75	nan	nan	1	1	6.000000000000838e-05	6.000000000000867e-05	5.999999999999513e-05	0.9542562154854651	-1.6837659738699883e-19	-2.835730782135837e-18	-2.1196152472091612e-20	1.129374999999985	-3.274236350797599e-18	4.77048955893622e-19	-4.1600837358268807e-19	0.9291488767053092	5295.949481126985	437892.88986082183	-1687805.0875453688	518257.8690598943	259148432.49220255	1680568.7526739805	-1643396.383391954	1382616.8938802164	3432.37911142532	1599.565890624997	5046.849541162189	493875.6223596096	-1566098.6830504425	493881.1251862663	292279450.8521998	1559384.1550543956	-1566097.6965558797	1559378.5484094834	3184.8727354831753	-0.04682307390097084	0.0	0.0	0.0	0.12166438236434234	0.0	0.0	0.0	-0.073486298211915	292301652.7416538	0.12218632272866256
220	1332.5	nan	nan	1	1	6.000000000000838e-05	6.000000000000867e-05	5.999999999999513e-05	0.9529515023159001	8.754932542820448e-20	5.5342015692350085e-18	-3.0292608699244994e-19	1.133249999999994	-8.21402407896743e-18	-6.7220534694101274e-21	5.554367729643239e-19	0.9272474652358066	5199.906344100927	440289.5233921219	-1688584.8307948988	523597.12471814355	259827045.1064243	1690401.188133548	-1643036.6055731582	1383115.3420490678	3338.946078967373	1599.565890624997	4948.506431739561	498278.21246208274	-1563602.502149185	498282.77046710375	294047776.9888508	1565284.419946689	-1563600.7020561283	1565279.6708753644	3091.8105791326575	-0.04819126611298529	0.0	0.0	0.0	0.12508961083881617	0.0	0.0	0.0	-0.07553479625240257	294069992.786392	0.12563092655196512
224	1371.25	nan	nan	1	1	6.000000000000838e-05	6.000000000000867e-05	5.999999999999513e-05	0.9516508114432722	8.218794568526366e-19	4.5392563405993734e-18	4.767236952418763e-19	1.1371249999999922	2.9865433043285704e-18	-9.898765834792656e-20	8.642717617968198e-19	0.9253584093737571	5064.954677803507	442116.5825144538	-1689213.6979505038	528287.6610688551	260457853.9894249	1702062.4598523446	-1642541.9833963101	1385083.5303345334	3202.038412863751	1599.565890624997	4813.460139928914	502052.5832650227	-1560985.1247790079	502056.14082098316	295767097.63601756	1572858.5344162465	-1560983.4377958581	1572853.8397890925	2958.970991956613	-0.049557106178847586	0.0	0.0	0.0	0.12850314716008218	0.0	0.0	0.0	-0.07757414692341877	295789393.0714904	0.1290635153954005
228	1410.0	nan	nan	1	1	6.000000000000838e-05	6.000000000000867e-05	5.999999999999513e-05	0.9503541738215789	1.93421667571414e-19	-1.8187491443444335e-18	4.1188840532724313e-19	1.1410000000000249	5.455488491512561e-18	-3.694961003830599e-19	-8.486050404044043e-19	0.9234815463508835	4943.039599013916	443767.57836156635	-1689496.3404371748	532793.4206230347	261043551.8834644	1716609.666101541	-1641722.2318324144	1389354.5320379406	3071.167062113202	1599.565890624997	4691.159764263569	505640.5110711328	-1558066.983124346	505644.15020865755	297439924.46116567	1583071.1080278752	-1558065.8669223667	1583067.2854299305	2832.254728589342	-0.0509205493165963	0.0	0.0	0.0	0.1319050708799604	0.0	0.0	0.0	-0.07960446183714866	297462332.0288914	0.13248417655449535
232	1448.75	nan	nan	1	1	6.000000000000838e-05	6.000000000000867e-05	5.999999999999513e-05	0.9490617292881343	-3.0292608699244994e-19	5.1403380250253375e-19	-6.057437537676513e-19	1.1448749999999908	-1.2035728316761586e-18	-3.864096542738338e-19	1.4642150339416738e-19	0.9216166083730332	4846.921052320868	445496.25533843075	-1688966.5604033158	537415.5193790566	261586580.34214616	1733768.5418305758	-1640124.2648566659	1395669.6760489047	2960.0216312641837	1599.565890624997	4593.6466051688785	509330.0553132593	-1554420.510704997	509333.028021692	299068523.7828939	1595653.487415991	-1554420.0493437632	1595650.9281116403	2724.2210968752343	-0.052281435819438844	0.0	0.0	0.0	0.1352954607410063	0.0	0.0	0.0	-0.08162596796479084	299091054.0801591	0.13589301341033913
236	1487.5	nan	nan	1	1	6.000000000000838e-05	6.000000000000867e-05	5.999999999999513e-05	0.9477736351595258	-1.7889335846010822e-19	4.054983887731567e-18	-5.985338093206227e-19	1.1487500000000161	6.1630388292766015e-18	-5.126107871511465e-19	4.1492417141020254e-19	0.919763311901162	4695.979413317332	447215.4916473176	-1687498.4568407151	542049.1710269551	262089280.62263507	1752350.702839413	-1637627.01127686	1403042.7376395606	2822.613830323999	1599.565890624997	4444.517062307499	513022.1702502096	-1549934.1115168661	513023.2859213224	300655084.753585	1609499.622747051	-1549934.6467905412	1609497.0850993777	2592.515235509574	-0.05363958671724459	0.0	0.0	0.0	0.138674394687774	0.0	0.0	0.0	-0.08363891171121993	300677788.01425844	0.13929013137731774
240	1526.25	nan	nan	1	1	6.000000000000838e-05	6.000000000000867e-05	5.999999999999513e-05	0.9464899802037653	-2.6617163334519135e-19	1.6667711048162782e-18	2.667137344314341e-19	1.1526249999999902	-4.7947756875998944e-18	5.323432666903827e-19	-5.531057382934801e-19	0.9179214425311447	4535.233615308841	448180.6209038405	-1685597.2768363843	545788.6563120156	262553958.69252792	1771505.4813730973	-1634720.8507491262	1410779.8795462283	2687.6891087415133	1599.565890624997	4286.532421855977	515859.62504071486	-1545075.710375176	515858.93235256127	302201791.79309577	1623822.0882767474	-1545076.7307260174	1623819.3838234872	2463.627116644602	-0.05499489454435026	0.0	0.0	0.0	0.14204194987716018	0.0	0.0	0.0	-0.08564346660816946	302224673.9792273	0.1426756242586936
244	1565.0	nan	nan	1	1	6.000000000000838e-05	6.000000000000867e-05	5.999999999999513e-05	0.9452108238959693	-1.2427125301028852e-18	4.8395803423778585e-18	3.3415110956003245e-19	1.1565000000000107	5.040672740319607e-18	4.90059381963448e-20	5.464378949326942e-20	0.9160908147924816	4369.123367580647	447634.075837233	-1683231.3343657628	547695.5234243984	262982775.51540932	1790931.2484934337	-1631375.3324357998	1418635.4356279608	2566.5094186657834	1599.565890624997	4123.919146438565	516958.7904752564	-1539818.3254018985	516957.72022095	303710697.8328119	1638342.0981193816	-1539819.1816645712	1638338.3180913967	2347.840225222063	-0.05634728230036689	0.0	0.0	0.0	0.1453982026893663	0.0	0.0	0.0	-0.08763977643577613	303733748.18610847	0.14604958109239446
248	1603.75	nan	nan	1	1	6.000000000000838e-05	6.000000000000867e-05	5.999999999999513e-05	0.9439361774897461	-4.298861613905025e-19	-3.2008900738289547e-18	2.401507812055392e-19	1.1603750000000137	-1.1459908542954533e-17	6.288372600415926e-21	1.2208116462186779e-19	0.9142712911536752	4226.678130574497	445203.89514760603	-1680339.7286293872	547285.0030817923	263377648.358523	1809774.8761165896	-1627533.293894503	1425934.4928453804	2477.4001118878214	1599.565890624997	3984.0587177114885	515871.15072389814	-1534108.5871500708	515869.7966207339	305183606.9148014	1652279.6735417019	-1534109.7683784922	1652273.2071720958	2261.8049913952295	-0.05769672371357083	0.0	0.0	0.0	0.14874322873797197	0.0	0.0	0.0	-0.08962793411478573	305206776.95382375	0.14941208299023045
252	1642.5	nan	nan	1	1	6.000000000000838e-05	6.000000000000867e-05	5.999999999999513e-05	0.9426660102088883	-8.513697559442424e-19	5.872581067267735e-19	-2.5175174445113414e-19	1.1642500000000098	-1.2170277806367036e-17	2.3266978621538924e-19	-1.81603863891322e-19	0.9124627747944875	4018.095188603229	441482.21345567313	-1676842.6106476577	545254.7363702542	263740211.2178867	1827232.2315338766	-1623118.6723346382	1432056.9059392517	2354.3112980681753	1599.565890624997	3782.3247842778324	513263.2948002071	-1527876.344115326	513260.7383139162	306622023.84419876	1664905.7484812953	-1527878.6823190048	1664896.622064187	2145.160503532577	-0.05904323701780771	0.0	0.0	0.0	0.1520771028803583	0.0	0.0	0.0	-0.09160798910338618	306645328.1076045	0.15276320459546266
256	1681.25	nan	nan	1	1	6.000000000000838e-05	6.000000000000867e-05	5.999999999999513e-05	0.9414002814480432	-1.0131869301877039e-19	-9.263477571824774e-18	-5.644356509959537e-19	1.1681249999999994	-7.603618255858091e-18	1.9754163582685891e-19	-5.134781488891349e-19	0.910665181367459	3756.484207251597	438045.38628502906	-1672272.7406832008	543541.1221608168	264072248.3709702	1843540.9361338306	-1617677.9924142826	1437206.7770580775	2207.980202274173	1599.565890624997	3531.2910740737157	510959.0018000601	-1520699.7269329585	510957.0031928367	308027653.42432266	1676444.3562137468	-1520701.6827890566	1676432.9979908627	2007.8512368143645	-0.06038685104759871	0.0	0.0	0.0	0.15539989922768974	0.0	0.0	0.0	-0.09357997796295459	308051101.6707363	0.1561030176337671
260	1720.0	nan	nan	1	1	6.000000000000838e-05	6.000000000000867e-05	5.999999999999513e-05	0.940138946009106	1.293886872644201e-18	-9.95525276797915e-18	6.949735925632084e-20	1.171999999999999	-2.3176664580570882e-17	-3.3957212042246e-19	1.4728886513215578e-19	0.9088784319779343	3470.295008851143	435980.324579485	-1666760.6258111023	543502.0172200829	264375433.58475864	1859116.543698425	-1611340.8029693642	1441721.332939131	2071.928466915581	1599.565890624997	3257.8642677605503	510233.59328441543	-1512702.6815068333	510232.0686976014	309402098.78550124	1687279.2273442189	-1512704.1395009062	1687265.7199148843	1880.4210390249223	-0.06172759973832964	0.0	0.0	0.0	0.15871169115482026	0.0	0.0	0.0	-0.09554393194650032	309425686.4536123	0.159431592555922
264	1750.0	nan	nan	1	1	6.000000000000838e-05	6.000000000000867e-05	5.999999999999513e-05	0.9391653589832082	-2.1391308863139003e-19	1.0885389811754465e-19	1.2224379494774062e-19	1.1750000000000071	-4.703052183807621e-18	-6.366435156834882e-19	-1.161722627818218e-19	0.9075024383732117	1475.913869662457	435206.31138909975	-1661831.8789821938	544490.5007472215	264590917.44507208	1870758.275685621	-1605805.7238071368	1444860.4775314599	1068.4275967522478	1599.565890624997	1384.1251078098458	510628.8154826119	-1505938.2140332754	510628.0173520857	310445283.597095	1695265.5754199554	-1505938.839842016	1695258.9493122161	968.2001935492937	-0.06276371412428579	0.0	0.0	0.0	0.16126814759612876	0.0	0.0	0.0	-0.09705902593411078	310470210.1007323	0.16200094105499685
268	1780.0	nan	nan	1	1	6.000000000000838e-05	6.000000000000867e-05	5.999999999999513e-05	0.938194438710362	-5.467089454758157e-19	6.020303613268884e-19	-2.050226308170089e-19	1.1780000000000088	-3.1630514180092106e-18	-3.5431726996826283e-19	9.128982292327947e-20	0.9061329392118133	830.2003402149672	435033.76530627225	-1656085.28725627	546228.7017763185	264791259.1763882	1881955.9424395023	-1599492.2149562282	1447619.0182101126	737.7817278539252	1599.565890624997	777.760169996957	511726.83735369466	-1498457.9291854927	511725.7936087606	311471900.39798504	1702830.0571393487	-1498459.1992470727	1702823.0012449587	667.5591460283368	-0.06379806072167478	0.0	0.0	0.0	0.16381808522940244	0.0	0.0	0.0	-0.0985692516813792	311497215.3036798	0.16456357109336894
272	1810.0	nan	nan	1	1	6.000000000000838e-05	6.000000000000867e-05	5.999999999999513e-05	0.9372260861636033	-5.57822017743792e-19	-9.451315598207888e-18	2.0973891026732084e-19	1.1809999999999896	-1.8685140240615185e-18	4.668574554722582e-19	1.056934487847494e-18	0.9047698198250665	560.1957730059313	435637.54710567836	-1649450.7383316574	548945.6211788728	264976510.0574208	1893294.614024733	-1592332.354546325	1450455.8087160634	573.4698356891931	1599.565890624997	524.266157979478	513739.348420187	-1490201.80145788	513737.5639427574	312481925.69253427	1710503.3687540526	-1490203.9714882935	1710495.8629778149	518.1032463510642	-0.06483073858775497	0.0	0.0	0.0	0.16636153721521665	0.0	0.0	0.0	-0.10007471036754269	312507375.08981717	0.16711957127475008
276	1840.0	nan	nan	1	1	6.000000000000838e-05	6.000000000000867e-05	5.999999999999513e-05	0.9362602511002157	6.652664530371055e-19	8.464854251571952e-18	9.689514815502952e-19	1.1840000000000048	-7.3186899249289e-18	9.063930161978817e-20	2.946861504815601e-19	0.9034130688888742	135.32915882264817	436977.7500535444	-1642087.8088389116	552602.7478120234	265147022.71121746	1905153.28173707	-1584480.2444944114	1453659.3927566274	324.34952905286696	1599.565890624997	126.51828932827708	516626.1316126989	-1481317.2785721198	516624.4654111413	313475641.80358344	1718627.0182232081	-1481319.5600411543	1718619.3774632665	292.5937085072626	-0.06586179510494447	0.0	0.0	0.0	0.16889853646181802	0.0	0.0	0.0	-0.1015753895292383	313501341.6842015	0.16966897100272416
280	1870.0	nan	nan	1	1	6.000000000000838e-05	6.000000000000867e-05	5.999999999999513e-05	0.935296881430512	1.1934897514720432e-18	9.09970883367084e-19	6.5014183273093275e-19	1.186999999999991	7.741203511546501e-19	2.9750507613002244e-19	-2.5153490401663704e-20	0.9020626834159845	-216.35144217219238	438702.8763128858	-1634093.4330733211	556763.6377977977	265303406.96167386	1917702.9126650929	-1576030.4861097129	1457356.1538096368	102.23306701268372	1599.565890624997	-202.05628242686822	519977.1727048252	-1471894.4897883453	519976.1541425084	314453638.0073805	1727353.095651391	-1471896.1788167225	1727346.6243276945	92.08548603437119	-0.06689127984579843	0.0	0.0	0.0	0.17142911562752355	0.0	0.0	0.0	-0.1030712675248006	314479549.1034273	0.1722117964457243
284	1900.0	nan	nan	1	1	6.000000000000838e-05	6.000000000000867e-05	5.999999999999513e-05	0.9343359392757854	-7.682656594232285e-19	-6.716686668656324e-18	6.532318089225165e-20	1.1900000000000286	-1.6178464817828698e-18	4.826868071905466e-19	-3.069376350306463e-19	0.9007186449609923	-548.8838880902264	440492.3388852545	-1625577.510965306	561024.9357690483	265446122.9784428	1930732.3749765991	-1567090.9401398057	1461379.7341141698	-118.02173547693714	1599.565890624997	-512.0877283512407	523414.9854434702	-1462034.6541291978	523414.8626697394	315416333.7923111	1736489.106809009	-1462036.0645822156	1736484.3488413184	-106.14804033877662	-0.06791922739646314	0.0	0.0	0.0	0.17395330712346185	0.0	0.0	0.0	-0.10456233988377496	315442450.08408946	0.1747480766231522
288	1930.0	nan	nan	1	1	6.000000000000838e-05	6.000000000000867e-05	5.999999999999513e-05	0.9333774049252106	-6.03900610074426e-20	1.3414074538642406e-17	-4.2300147759521955e-19	1.1930000000000076	3.2891441306692748e-18	-6.110563444128303e-19	-2.561969733583247e-19	0.8993809188746988	-823.6199868656138	442256.3840056174	-1616573.9873530364	565272.4605946677	265575698.58296302	1943810.9365184011	-1557695.2916943072	1465401.0632261564	-316.58733167845753	1599.565890624997	-767.6137828113551	526833.2271967403	-1451770.1386425402	526833.9024256129	316364234.4340111	1745646.4689406932	-1451771.9268509794	1745643.4755889573	-284.3124026484366	-0.06894565303903427	0.0	0.0	0.0	0.17647114311578582	0.0	0.0	0.0	-0.10604862026451001	316390516.6540383	0.17727784264148722
292	1960.0	nan	nan	1	1	6.000000000000838e-05	6.000000000000867e-05	5.999999999999513e-05	0.9324212597875788	-3.2124910370745497e-19	-1.1374473411762676e-17	-6.822342170365037e-19	1.1959999999999915	9.815282267511273e-19	-4.920109458739219e-19	1.1915381875615693e-19	0.898049469685727	-1031.2171908352504	443894.8578720788	-1607085.1240355775	569377.795309982	265692691.51806152	1956611.7794807265	-1547845.6462624837	1469174.2460361877	-477.76388535304716	1599.565890624997	-960.1049391737024	530112.062136962	-1441104.698962735	530113.7707859385	317297887.32075924	1754532.094961444	-1441106.9397043942	1754530.3249023026	-428.42023106283574	-0.06997057093549769	0.0	0.0	0.0	0.1789826555284331	0.0	0.0	0.0	-0.10753012346037623	317324279.6121568	0.1798011256154116
296	1990.0	nan	nan	1	1	6.000000000000838e-05	6.000000000000867e-05	5.999999999999513e-05	0.9314674849695369	-7.550383929189053e-19	-3.945520125891999e-18	-6.675974877079493e-19	1.1989999999999985	7.802894615160926e-18	3.8836121818430767e-19	9.624462685153824e-19	0.896724260828635	-1338.2753540701983	445362.55995571264	-1597328.080309215	573281.5724371382	265797531.8394908	1969086.3109346938	-1537751.1058486828	1472665.2027640205	-705.3272489287732	1599.565890624997	-1244.7077027773882	533196.2489358147	-1430234.4803764613	533199.6789021138	318217694.2922802	1763103.7552353723	-1430236.7898975085	1763101.8694749728	-631.5442417888995	-0.07099399564791498	0.0	0.0	0.0	0.18148787604537558	0.0	0.0	0.0	-0.10900686570971085	318244266.61784166	0.18231795718922633
300	2020.0	nan	nan	1	1	6.000000000000838e-05	6.000000000000867e-05	5.999999999999513e-05	0.9305160797237673	2.583653777032957e-19	4.432652161989736e-18	1.202922310372667e-19	1.2019999999999926	-1.2960878030543466e-17	1.923374653989285e-19	-6.205973235307028e-19	0.8954052399646646	-1758.6441258056461	446700.5551683165	-1587562.8463620134	577033.6794152134	265890665.01176205	1981205.315559674	-1527661.4925698275	1475856.0878566569	-1016.860694130612	1599.565890624997	-1634.0068262706288	536133.5414800216	-1419392.7303531473	536138.583876698	319124080.3932294	1771336.7560134793	-1419394.219934255	1771334.1565006443	-909.1449074525176	-0.07201592231430325	0.0	0.0	0.0	0.18398683611300953	0.0	0.0	0.0	-0.11047888109873398	319150919.65531665	0.18482837091857973
