6	header
postResults v2.0.3	--cr f,p,texture --time RVE_1_40_D_tensionX.spectralOut
addCauchy v2.0.3	RVE_1_40_D_tensionX.txt
addStrainTensors v2.0.3	--left --logarithmic RVE_1_40_D_tensionX.txt
addMises v2.0.3	-s Cauchy RVE_1_40_D_tensionX.txt
addMises v2.0.3	-e ln(V) RVE_1_40_D_tensionX.txt
inc	time	elem	node	ip	grain	1_pos	2_pos	3_pos	1_f	2_f	3_f	4_f	5_f	6_f	7_f	8_f	9_f	1_p	2_p	3_p	4_p	5_p	6_p	7_p	8_p	9_p	texture	1_Cauchy	2_Cauchy	3_Cauchy	4_Cauchy	5_Cauchy	6_Cauchy	7_Cauchy	8_Cauchy	9_Cauchy	1_ln(V)	2_ln(V)	3_ln(V)	4_ln(V)	5_ln(V)	6_ln(V)	7_ln(V)	8_ln(V)	9_ln(V)	Mises(Cauchy)	Mises(ln(V))
0	0.0	nan	nan	1	1	6.000000000000838e-05	6.000000000000867e-05	5.999999999999513e-05	1.0	0.0	0.0	0.0	1.0	0.0	0.0	0.0	1.0	2.7716487604837305e-06	-1.193192284640359e-09	-2.8066754232013673e-08	-1.19319228464005e-09	2.7018729684353462e-06	-1.6832583398956398e-08	-2.8066754232013544e-08	-1.6832583398956544e-08	2.6991213888906947e-06	1599.565890624997	2.7716487604837305e-06	-1.193192284640359e-09	-2.8066754232013673e-08	-1.19319228464005e-09	2.7018729684353462e-06	-1.6832583398956398e-08	-2.8066754232013544e-08	-1.6832583398956544e-08	2.6991213888906947e-06	0.0	0.0	0.0	0.0	0.0	0.0	0.0	0.0	0.0	9.102600058541354e-08	0.0
2	2.0	nan	nan	1	1	6.000000000000838e-05	6.000000000000867e-05	5.999999999999513e-05	0.9999331859138992	1.2042095357546977e-23	-2.8232997795414917e-22	7.7424105334963395e-25	1.000200000000001	1.5642316255622776e-22	-1.9852334701272663e-25	-6.677001904528039e-24	0.999933880058929	-1.2004478380049477e-05	-494.162603355205	2741.200914485043	-494.2944617085589	14158906.776127577	727.4803459799933	2741.2028174031275	727.286787664812	-5.785538980035199e-06	1599.565890624997	-1.2002871593619808e-05	-494.2283009302161	2740.8359103747584	-494.22830093017467	14160789.164300384	727.3834784665503	2740.8359103747107	727.3834784665091	-5.784768607642299e-06	-6.681631826124158e-05	0.0	0.0	0.0	0.0001999800026675767	0.0	0.0	0.0	-6.612212709063832e-05	14160790.04196477	0.00017763326904633367
4	4.0	nan	nan	1	1	6.000000000000838e-05	6.000000000000867e-05	5.999999999999513e-05	0.9998663539893822	3.13087861851321e-23	7.067695851449086e-22	-8.007108329513308e-25	1.0003999999999935	5.569043104850012e-22	6.313042435004707e-24	-2.9685857823303056e-23	0.9998677425139986	2.4832972499098105e-06	-988.3614006061215	5482.594259824618	-988.888906223617	28326310.375525754	1455.4063112512451	5482.6018735591715	1454.6319700833794	1.4313177971416735e-06	1599.565890624997	2.482632674938651e-06	-988.62426177956	5481.134630762122	-988.6242617795585	28333843.942882724	1455.0188389618563	5481.134630762038	1455.0188389618513	1.430936737928568e-06	-0.00013365494204167923	0.0	0.0	0.0	0.00039992002132045463	0.0	0.0	0.0	-0.00013226623279418177	28333845.697176456	0.00035525464391642755
6	6.0	nan	nan	1	1	6.000000000000838e-05	6.000000000000867e-05	5.999999999999513e-05	0.9997995042228784	2.1708527995841658e-23	1.8634724839594608e-22	-1.332753402945438e-23	1.000599999999987	1.340972269511765e-21	3.57342024622908e-24	-1.011145580784821e-23	0.9998015873617154	-7.576551401598408e-06	-1482.5963387203112	8224.179771050069	-1483.7833888271557	42502212.496054284	2183.777960927737	8224.196906593836	2182.035450510754	-8.538775946362875e-06	1599.565890624997	-7.573510876953171e-06	-1483.187935867012	8220.896477144724	-1483.1879358670205	42519172.06015441	2182.9061433034462	8220.896477144604	2182.9061433033967	-8.535367057962535e-06	-0.0002005158790868293	0.0	0.0	0.0	0.0005998200719551225	0.0	0.0	0.0	-0.00019843232467592876	42519174.69008416	0.0005328641403786035
8	8.0	nan	nan	1	1	6.000000000000838e-05	6.000000000000867e-05	5.999999999999513e-05	0.9997326366108238	-7.359260473761777e-23	-8.643706528934118e-23	-6.017904392445787e-23	1.0008000000000166	5.2568982288970014e-23	1.7152417181899582e-23	-3.4040136567782196e-23	0.9997354145986059	-1.62561577053566e-06	-1976.8673654739039	10965.957183077031	-1978.9779656222865	56686614.83621427	2912.5953601428782	10965.987654519056	2909.4971322246734	-2.5382936146343127e-06	1599.565890624997	-1.6247462016083658e-06	-1977.9193773756383	10960.121765233842	-1977.9193773756153	56716781.24723317	2911.045453404158	10960.121765233846	2911.045453404243	-2.536942888600663e-06	-0.0002673991371390873	0.0	0.0	0.0	0.0007996801705813279	0.0	0.0	0.0	-0.00026462041028674807	56716784.75176987	0.0007104617742041868
10	10.0	nan	nan	1	1	6.000000000000838e-05	6.000000000000867e-05	5.999999999999513e-05	0.9996657511496491	-9.668086999519787e-23	-4.286516108698793e-22	-7.279189390466644e-23	1.0010000000000063	-1.0317390693149412e-21	4.499862532288471e-24	1.079437612157199e-22	0.9996692242211908	4.369062456134998e-06	-2471.1744281031033	13707.926230731038	-2474.4726921837073	70879519.09389636	3641.8585740447375	13707.97385525797	3637.016918520047	3.447893093834864e-06	1599.565890624997	4.3661419723822675e-06	-2472.818640003803	13698.810810496803	-2472.8186400037007	70926679.24070133	3639.4368312678	13698.810810496803	3639.4368312677952	3.4456003331402275e-06	-0.0003343047239487223	0.0	0.0	0.0	0.0009995003330900778	0.0	0.0	0.0	-0.00033083049718384276	70926683.61883298	0.0008880475610900814
12	12.0	nan	nan	1	1	6.000000000000838e-05	6.000000000000867e-05	5.999999999999513e-05	0.9995988478357942	1.5953997910432757e-22	-2.1510931091114992e-21	-8.020343219314156e-23	1.0012000000000039	1.9063535269142097e-22	-1.2599615090407717e-23	1.1011428314305904e-23	0.9996030162259617	6.926606977685878e-06	-2965.517473992516	16450.086648886143	-2970.2676242470457	85080926.96744493	4371.567667905406	16450.15524678435	4364.594712818633	6.026138900779188e-06	1599.565890624997	6.9210525572004904e-06	-2967.885777653784	16436.96392829332	-2967.885777653774	85148873.7836779	4368.0803390977835	16436.96392829389	4368.080339097678	6.021331671568851e-06	-0.00040123264725988654	0.0	0.0	0.0	0.001199280575486179	0.0	0.0	0.0	-0.00039706259295707624	85148879.034397	0.0010656215168178549
14	14.0	nan	nan	1	1	6.000000000000838e-05	6.000000000000867e-05	5.999999999999513e-05	0.9995319266656836	1.968689857876206e-23	-1.0486267887008238e-21	-5.391894104865655e-23	1.0014000000000138	-2.3321728713667075e-21	-1.233491729439075e-23	-6.580387208981846e-23	0.9995367906094437	9.191603125145776e-06	-3459.89645073704	19192.438172160953	-3466.3628177701285	99290840.1550588	5101.722706820894	19192.531566816368	5092.230418369293	8.353190620255191e-06	1599.565890624997	9.183006525962264e-06	-3463.12084449378	19174.581433573792	-3463.1208444937247	99383372.62522252	5096.976038997728	19174.58143357377	5096.976038997729	8.345418770740941e-06	-0.0004681829148353836	0.0	0.0	0.0	0.0013990209137215999	0.0	0.0	0.0	-0.0004633167051665602	99383378.74751954	0.0012431836571302121
16	16.0	nan	nan	1	1	6.000000000000838e-05	6.000000000000867e-05	5.999999999999513e-05	0.9994649876357236	-4.1019555704259622e-22	-2.1341259803868114e-21	-1.0984958534704207e-23	1.0015999999999816	-2.91670501431098e-22	-3.893704579409612e-23	7.829760806181939e-23	0.9994705473681232	-8.206814727600432e-06	-3954.311305709561	21934.98053509103	-3962.758328501087	113509260.3548833	5832.323756168295	21935.102552994125	5819.923938703716	-8.994371506560128e-06	1599.565890624997	-8.1980452766138e-06	-3958.5238945255774	21911.663641053125	-3958.5238945256533	113630183.52044055	5826.123993428604	21911.66364105317	5826.123993428504	-8.984810485659664e-06	-0.0005351555344588973	0.0	0.0	0.0	0.0015987213636791165	0.0	0.0	0.0	-0.0005295928414129603	113630190.51332644	0.0014207339977441826
18	18.0	nan	nan	1	1	6.000000000000838e-05	6.000000000000867e-05	5.999999999999513e-05	0.9993980262321468	1.982917364412118e-22	5.342130919214465e-22	3.467541127822292e-23	1.0018	-1.2492677180816862e-21	-5.537477892674989e-23	1.5664815568284217e-22	0.999404261466829	0.0006055500410038804	-4480.229469821506	24674.677701620712	-4490.997345459662	127729836.58054793	6607.604340534473	24674.831646697003	6591.8026911766865	0.0007982160227111307	1599.565890624997	0.0006048223253519304	-4485.600319880741	24645.17883523225	-4485.600319879754	127882957.71083505	6599.704872101843	24645.178835231465	6599.704872105777	0.0007972617461005978	-0.0006021550268075357	0.0	0.0	0.0	0.001798381941378954	0.0	0.0	0.0	-0.0005959160558793851	127882965.58133371	0.0015982823808398205
20	20.0	nan	nan	1	1	6.000000000000838e-05	6.000000000000867e-05	5.999999999999513e-05	0.999330400119019	1.341488430213998e-22	4.6086003868922415e-21	1.5236005138736728e-22	1.0020000000000007	-4.747619669360353e-22	-9.576766259893933e-23	-1.69935985042894e-22	0.999333834737705	16.101865513392294	-8626.569223438823	20987.799699504314	-8649.614366691863	140931140.39866817	14396.445071233522	20987.87181109331	14358.137864102866	38.00762034825527	1599.565890624997	16.080438290661462	-8638.103848314688	20959.942658846558	-8638.104072222146	141119580.06636474	14377.336714882762	20959.94263707503	14377.336195431197	37.95717295307783	-0.0006698241631064476	0.0	0.0	0.0	0.0019980026626737228	0.0	0.0	0.0	-0.0006663872489658179	141119560.7074892	0.0017774066867819699
22	22.0	nan	nan	1	1	6.000000000000838e-05	6.000000000000867e-05	5.999999999999513e-05	0.9992609463494799	2.9180285032910644e-22	-5.0615512554364784e-21	3.0959054222144677e-22	1.0021999999999998	-1.98248061304869e-21	-1.2350799162151768e-22	4.427864731771855e-22	0.9992446857711765	-35.80026978322214	-11822.463725292524	-44470.36376137102	-11857.231114817887	149710088.85892722	58248.822200283	-44469.64052812307	58077.062516507074	1923.5771341113393	1599.565890624997	-35.74868357200399	-11840.150656738424	-44405.56181774045	-11840.145499752547	149934061.80906138	58163.942370807694	-44405.562232541226	58163.94838456106	1920.7741092095725	-0.0007393268853009813	0.0	0.0	0.0	0.0021975835434867586	0.0	0.0	0.0	-0.0007555996223327221	149933174.28130051	0.0019633870099947334
24	24.0	nan	nan	1	1	6.000000000000838e-05	6.000000000000867e-05	5.999999999999513e-05	0.9991914847194492	3.3034284942917713e-23	1.2949174999827727e-20	2.73591641963139e-22	1.0023999999999806	-8.523692548220025e-21	-2.2912241223228826e-22	1.3099364529287755e-21	0.9991397071813635	-1318.2475805240529	-2651.00534138596	-161497.78378250514	-2659.508752969609	155075293.04230967	131836.80665521053	-161489.41821688178	131408.01244300997	530.7911992910165	1599.565890624997	-1316.2236990530757	-2655.4349056493625	-161241.48330457517	-2655.4256576796506	155334408.31660697	131627.57878989197	-161241.48645799467	131627.58206316695	529.9488221705816	-0.0008088423053118157	0.0	0.0	0.0	0.0023971245997026227	0.0	0.0	0.0	-0.0008606630828753282	155335219.89679942	0.002154792579540456
26	26.0	nan	nan	1	1	6.000000000000838e-05	6.000000000000867e-05	5.999999999999513e-05	0.999123000572142	1.0105103060743804e-21	7.114229723988868e-21	1.6855955650360578e-22	1.0026000000000128	2.030930897631636e-20	-1.5013658990082473e-22	2.6359665318553827e-21	0.9990266844955606	-545.2139699598083	7200.674614326433	-283644.41345233656	7225.734937688154	158903525.85569543	223306.33239969358	-283617.074578538	222510.45525892597	1175.2305141541513	1599.565890624997	-544.3298944523126	7214.016659208816	-283157.17912527255	7214.018261971762	159197956.32054627	222922.7446911552	-283157.18374125636	222922.74225144714	1173.2117448022734	-0.0008773842168458455	0.0	0.0	0.0	0.0025966258472787593	0.0	0.0	0.0	-0.0009737894835540507	159198866.06376177	0.0023488013744950415
28	28.0	nan	nan	1	1	6.000000000000838e-05	6.000000000000867e-05	5.999999999999513e-05	0.9990555772677784	1.683901499141549e-21	3.9281788203628616e-20	5.285485590866834e-22	1.0027999999999717	1.784698419864811e-21	-6.148400405882153e-22	1.009663273127126e-21	0.9989089682437113	-454.4275627829872	13210.44946136442	-392203.5312867515	13259.963403205586	161939094.87823176	324155.1453859605	-392145.98156686436	322897.36584621324	986.5120887358355	1599.565890624997	-453.65366893071996	13237.379905977547	-391478.1485518932	13237.38157719093	162269219.2875543	323555.61854053155	-391478.15375627263	323555.6151852745	984.6875288330976	-0.0009448689803568978	0.0	0.0	0.0	0.0027960873019732884	0.0	0.0	0.0	-0.0010916273646929223	162271339.7836768	0.002544301574503313
30	30.0	nan	nan	1	1	6.000000000000838e-05	6.000000000000867e-05	5.999999999999513e-05	0.998988898104905	1.07742590890747e-21	-5.846009643712367e-21	-8.470329472543004e-24	1.0029999999999986	-2.5453340064991726e-20	-1.1187187650861172e-21	-1.6364676540953082e-21	0.9987883171283566	-304.8169946504987	19439.65045876942	-485354.41092648834	19517.702858293273	164490295.4464622	425321.5030178469	-485256.965235717	423535.53457958583	955.119315669286	1599.565890624997	-304.2739623625387	19482.932956135603	-484392.47296542005	19482.932018658776	164856534.0676002	424478.54601529177	-484392.47865949245	424478.5389663574	953.2263370408688	-0.001011613403436581	0.0	0.0	0.0	0.0029955089797970426	0.0	0.0	0.0	-0.001212417552861417	164859987.36836895	0.0027408027131111787
32	32.0	nan	nan	1	1	6.000000000000838e-05	6.000000000000867e-05	5.999999999999513e-05	0.998922595083944	2.927345865710862e-21	5.847280193133249e-20	7.504711912673101e-22	1.0032000000000179	-1.0310085033979344e-20	-1.256891014606975e-21	1.590727874943576e-21	0.9986658233698205	-128.866178807543	30631.97351145399	-566104.7916853738	30763.14133695364	166713032.4629057	519903.4636003103	-565959.2819290537	517553.6405280517	926.3173695371573	1599.565890624997	-128.62673319725826	30705.979346341985	-564907.6690738645	30705.98049599548	167115805.63550308	518804.04137103545	-564907.6757829584	518804.03300610336	924.3585175987993	-0.0010779857339541007	0.0	0.0	0.0	0.003194890896536774	0.0	0.0	0.0	-0.0013350674362363688	167120696.43921614	0.0029380298840362105
34	34.0	nan	nan	1	1	6.000000000000838e-05	6.000000000000867e-05	5.999999999999513e-05	0.9988564350984543	-4.4316763800344995e-21	-9.388026143421994e-20	9.893344823930227e-22	1.0033999999999919	7.37443824538539e-20	-2.9997671827011047e-21	6.481496112389906e-21	0.9985421266352659	-41.94048602281171	46883.38257897401	-637857.1308162417	47096.64820986939	168694925.5882812	606161.6562960697	-637656.4217080572	603226.9737590717	766.1701672300591	1599.565890624997	-41.8593972598386	47005.58634358161	-636423.5568566557	47005.590396628075	169134636.9282717	604799.3174214481	-636423.5611634749	604799.3135317415	764.4482117210767	-0.0011442192708110677	0.0	0.0	0.0	0.003394233068007429	0.0	0.0	0.0	-0.0014589370960909284	169141131.23285848	0.003135809574113923
36	36.0	nan	nan	1	1	6.000000000000838e-05	6.000000000000867e-05	5.999999999999513e-05	0.9987903048927883	1.1756817307889688e-21	2.1146627514456838e-20	-7.182839392716467e-22	1.003599999999995	1.304405327783205e-19	-2.0240646368029557e-21	-2.3310346708438343e-21	0.9984175842691339	15.29260684220225	65849.60194686387	-703586.4766093675	66166.70612520512	170488121.4327049	684069.238782024	-703323.9232889365	680536.8263002743	629.7838606300021	1599.565890624997	15.261901612016338	66033.84936869293	-701911.7502755378	66033.85343611287	170965147.80640724	682440.9687591664	-701911.7557505519	682440.9707749324	628.2848045067225	-0.0012104273789478287	0.0	0.0	0.0	0.0035935355101251293	0.0	0.0	0.0	-0.0015836690730188583	170973272.88076818	0.003334027131047054
38	38.0	nan	nan	1	1	6.000000000000838e-05	6.000000000000867e-05	5.999999999999513e-05	0.9987241423497065	-6.92364731085665e-21	4.202553967802211e-20	-2.3649159887340064e-21	1.0038000000000011	-5.993435728181978e-20	-6.633326768185239e-23	4.3063155038408626e-21	0.9982924021654829	76.58599879835862	85483.03134073182	-764390.3340982401	85917.48837573593	172123308.21479	752784.7671263102	-764059.9019238321	748654.4241392302	505.84583519053473	1599.565890624997	76.42657958001962	85738.64196772735	-762469.4493202766	85738.6449963531	172637989.85444734	750893.0467110309	-762469.4567479515	750893.04417593	504.5746632231916	-0.0012766722496142845	0.0	0.0	0.0	0.0037927982386975895	0.0	0.0	0.0	-0.0017090574415503314	172647713.25378728	0.0035326069666071734
40	40.0	nan	nan	1	1	6.000000000000838e-05	6.000000000000867e-05	5.999999999999513e-05	0.9986578665508605	-3.815036394433368e-21	-2.805317005373487e-19	-3.140798168418946e-21	1.0039999999999922	-1.9031813885267422e-19	3.1933142111487123e-22	3.0696474008495845e-21	0.9981667504707797	180.62019959125882	105030.84612784201	-819165.539245789	105592.69065146972	173619354.72346058	811950.4046677696	-818762.6955715157	807232.9536590008	409.3029493855658	1599.565890624997	180.23100560863355	105365.16162121962	-816998.4524706725	105365.16327688046	174171988.94830182	809802.4053932566	-816998.4548330171	809802.3939055803	408.2201462570965	-0.0013430349169207731	0.0	0.0	0.0	0.003992021269530158	0.0	0.0	0.0	-0.0018349319876968125	174183186.1784513	0.0037314927457679395
44	48.666666666666664	nan	nan	1	1	6.000000000000838e-05	6.000000000000867e-05	5.999999999999513e-05	0.998367569404494	-1.3962491102539888e-20	-8.862156326031001e-20	-6.301925127571995e-21	1.004866666666671	-3.470802204669221e-20	3.1416452013662e-21	-1.6008922703106275e-20	0.9976199981560705	4222.649048809101	177668.94881570185	-980635.9800749633	178825.52501923376	178775939.39494324	979278.5824955351	-979901.5750083616	972216.4051367275	354.7900670587568	1599.565890624997	4212.223449749027	178384.0095469019	-977482.3370456549	178384.00994090075	179495455.40940073	976129.3047429465	-977482.2262011825	976129.2654208444	353.64909197260687	-0.0016337644621580358	0.0	0.0	0.0	0.004854862726186875	0.0	0.0	0.0	-0.0023828385501222966	179509385.09776095	0.004595836631456675
48	57.33333333333333	nan	nan	1	1	6.000000000000838e-05	6.000000000000867e-05	5.999999999999513e-05	0.9980711993422903	-1.2878288930054383e-20	9.51946448101218e-20	-5.587029320089365e-21	1.0057333333333442	-1.0473731799388875e-19	-5.285485590866834e-22	7.213332578817622e-21	0.9970741013737009	732.322346517279	233424.04925460657	-1075251.8661774904	235215.99794595785	182557808.73842964	1065679.9107453192	-1074177.532298044	1056504.4021175455	-2101.353070587419	1599.565890624997	730.2843714582594	234561.45082023027	-1071188.3408233868	234561.4168867072	183447355.20178244	1061652.5591332107	-1071188.2106827835	1061652.4139222167	-2093.4117670204596	-0.0019306631890514514	0.0	0.0	0.0	0.005716960329240138	0.0	0.0	0.0	-0.0029301874354745673	183467083.98854676	0.005462159903707707
52	66.0	nan	nan	1	1	6.000000000000838e-05	6.000000000000867e-05	5.999999999999513e-05	0.9977695191259496	-1.620882247865829e-20	2.600763842567494e-19	-3.7100043089738354e-21	1.0065999999999986	-5.595499649561908e-20	1.1096131609031335e-21	3.923456611681919e-21	0.996531220726966	237.78750410294563	273344.86747511063	-1141999.326560598	275763.9679940127	185578003.81069443	1112003.1098297248	-1140581.9621997902	1100879.9039905802	-1619.2291722577643	1599.565890624997	237.05067314649511	274909.52136672556	-1137047.7135062905	274909.4595577596	186640271.22600257	1107181.5578489134	-1137047.646545618	1107181.4528065147	-1612.208330720655	-0.002232972101628192	0.0	0.0	0.0	0.0065783153601214036	0.0	0.0	0.0	-0.0034748094367660688	186661807.60073173	0.006328880274535522
56	74.66666666666666	nan	nan	1	1	6.000000000000838e-05	6.000000000000867e-05	5.999999999999513e-05	0.9974636783565575	-6.4001809494534934e-21	1.968131874922202e-19	9.28686923369615e-21	1.0074666666666774	-4.415074534268315e-19	2.4775713707188285e-20	-2.2341341016779427e-20	0.9959916608620818	190.67611727489444	299285.4297955202	-1193417.5060954872	302286.735533729	188160385.9926427	1138141.4702563353	-1191656.231066131	1125178.0132267962	-1058.8297345242147	1599.565890624997	190.0246370758374	301253.9721728063	-1187584.7936428634	301253.91702739336	189398006.19288462	1132578.9140741902	-1187584.7172881206	1132578.8432723512	-1053.6548067673953	-0.0025395435562064342	0.0	0.0	0.0	0.007438929097009007	0.0	0.0	0.0	-0.004016394061021622	189420484.26777822	0.007195298350071757
60	83.33333333333333	nan	nan	1	1	6.000000000000838e-05	6.000000000000867e-05	5.999999999999513e-05	0.9971546206549157	6.5492587481702504e-21	-4.406655026772607e-19	-9.751043288791506e-21	1.0083333333333362	-3.3647536796729827e-19	-2.2297295303522203e-20	-2.2246473326686944e-20	0.9954552184473956	256.3124625857592	319659.7210752912	-1231087.126075465	323243.26003748627	190469017.822254	1155559.3485478426	-1228988.9804554638	1140800.8758745631	-689.2042738967486	1599.565890624997	255.35470914248208	322035.45042619517	-1224396.7254590527	322035.4087211906	191884594.46905836	1149279.407174017	-1224396.6620956508	1149279.3733068805	-685.4587610071678	-0.0028494351322220315	0.0	0.0	0.0	0.008298802814697926	0.0	0.0	0.0	-0.004555140470212395	191907663.2581462	0.00806110687178995
64	92.0	nan	nan	1	1	6.000000000000838e-05	6.000000000000867e-05	5.999999999999513e-05	0.996843194210392	4.5589007287120955e-20	-1.462859781226067e-19	-2.168404344971009e-21	1.0092000000000079	4.032689980559834e-19	-2.2114336186915274e-20	2.961227183601034e-21	0.994921435713644	354.1535500357281	334804.79915822734	-1261613.5990211347	338954.9736581041	192590766.49828908	1167540.2603520108	-1259181.3065952025	1151021.384161638	-428.33186208310303	1599.565890624997	352.7163322388774	337579.4790098282	-1254071.4233673678	337579.4343745831	194186853.89234883	1160560.473725383	-1254071.3259579393	1160560.4225846974	-425.771209483573	-0.0031617990121963614	0.0	0.0	0.0	0.009157937784773425	0.0	0.0	0.0	-0.005091504022741506	194210321.75898767	0.00892619451079037
68	100.66666666666666	nan	nan	1	1	6.000000000000838e-05	6.000000000000867e-05	5.999999999999513e-05	0.9965300638030047	1.6903389495406817e-20	1.6333166915315223e-19	2.1047074673374854e-20	1.010066666666658	-3.573801411055344e-20	1.729980091472183e-20	1.9522415368317113e-20	0.9943898687396509	430.9279008094133	344417.47282522597	-1287236.0094383324	349095.9419228102	194575252.668283	1176070.6961141094	-1284471.4226580928	1157817.3746576651	-249.95294082345697	1599.565890624997	429.04009859673255	347566.6353104493	-1278844.4879603537	347566.62787662796	196354340.9393555	1168403.8638986486	-1278844.4303253517	1168403.8150351017	-248.32349179000494	-0.0034759703884844136	0.0	0.0	0.0	0.010016335275479987	0.0	0.0	0.0	-0.005625927152449589	196378094.4029379	0.009790528303541162
72	109.33333333333333	nan	nan	1	1	6.000000000000838e-05	6.000000000000867e-05	5.999999999999513e-05	0.9962157143413174	-1.1341771163735082e-20	9.04272045697957e-19	6.1799523831673755e-21	1.01093333333333	7.3075226425523e-20	1.0279591847878188e-20	-9.303809892641235e-21	0.9938601668711785	484.5551148905293	350685.74360329856	-1308319.8666629163	355866.5999809101	196452965.27301124	1182513.0328556797	-1305226.331287262	1162542.045600527	-118.89262191200507	1599.565890624997	482.27570082939485	354192.5630500888	-1299086.3856711017	354192.5544348891	198417473.6442963	1174167.4348947655	-1299086.3666866	1174167.3401201556	-118.05353600307397	-0.0037914641837716893	0.0	0.0	0.0	0.010873996551874513	0.0	0.0	0.0	-0.006158759413501068	198441419.11443958	0.010654103028823293
76	118.0	nan	nan	1	1	6.000000000000838e-05	6.000000000000867e-05	5.999999999999513e-05	0.995900485305847	3.386437723122693e-21	8.949004731695353e-19	-2.6227528178782155e-20	1.0117999999999916	-1.0732246254890886e-19	-7.765598060427425e-21	-3.6056498498721055e-20	0.9933320771553262	521.1519711606687	354324.4375234288	-1326443.6757258677	359981.16558136675	198243869.91641787	1187174.206890794	-1323022.8207422597	1165505.1639001525	-27.824456805715048	1599.565890624997	518.5316256908469	358171.23320580495	-1316370.661266004	358171.18486815726	200396145.0126045	1178158.8049018297	-1316370.6788591915	1178158.7089494742	-27.613157855845653	-0.0041079407408694205	0.0	0.0	0.0	0.011730922875691238	0.0	0.0	0.0	-0.006690252760327538	200420218.75865176	0.011516921346367783
80	126.66666666666666	nan	nan	1	1	6.000000000000838e-05	6.000000000000867e-05	5.999999999999513e-05	0.995584652822798	2.930733997499879e-22	9.822532869539768e-20	-2.1972034651776552e-20	1.0126666666666726	6.130553421683505e-19	-1.0055975149803054e-20	-1.1045309632196077e-21	0.9928053831828886	542.4329650016929	356087.49880533497	-1342775.785807008	362197.1376839175	199961935.18181908	1190766.5039395965	-1339027.3065941695	1167412.1071074898	46.35287001764507	1599.565890624997	539.5297993729936	360258.6444566483	-1331860.6658822868	360258.61560140736	202304253.73880336	1181087.0330031812	-1331860.6734741086	1181086.9649730113	45.97607804653166	-0.004425123610728692	0.0	0.0	0.0	0.0125871155054775	0.0	0.0	0.0	-0.007220622883546161	202328417.30123407	0.012378992922773113
84	135.33333333333331	nan	nan	1	1	6.000000000000838e-05	6.000000000000867e-05	5.999999999999513e-05	0.9952683845827752	5.0935479250190097e-20	-1.4761412578390142e-19	1.1438332919722071e-20	1.0135333333333383	1.460352563702194e-19	1.849919956803392e-20	1.0165750619767211e-19	0.9922799573741818	568.3146397496105	356925.8855291495	-1357593.1550251616	363476.10077522363	201616725.13283816	1193965.3483782962	-1353516.7909918765	1168928.3127010495	125.42581569967977	1599.565890624997	565.0886544077091	361412.87325123243	-1345833.6863813733	361412.86240123236	204151289.88959837	1183623.223402155	-1345833.6784651936	1183623.14767865	124.33937758574093	-0.004742844945996521	0.0	0.0	0.0	0.01344257569649418	0.0	0.0	0.0	-0.007749996417512004	204175505.31454724	0.01324032222437973
88	144.0	nan	nan	1	1	6.000000000000838e-05	6.000000000000867e-05	5.999999999999513e-05	0.9949517904790167	-6.651919141377471e-20	-5.368833632876657e-20	-2.3378109344218688e-21	1.0144000000000002	4.1388062681918527e-19	5.594483210025203e-20	1.4846793499473375e-20	0.9917557188647553	575.4215228842918	357337.3496563483	-1371408.2626706525	364322.1742395669	203215450.03277725	1197323.7833665116	-1367002.9065911456	1170596.046723224	171.8985397446966	1599.565890624997	571.9685480638832	362135.9669274426	-1358799.828263522	362135.9590144913	205944392.77894777	1186315.844448836	-1358799.8303623926	1186315.7648346468	170.31814131627243	-0.005060994777252381	0.0	0.0	0.0	0.014297304700825051	0.0	0.0	0.0	-0.00827845316645563	205968673.64098653	0.01410091124282614
92	152.66666666666666	nan	nan	1	1	6.000000000000838e-05	6.000000000000867e-05	5.999999999999513e-05	0.9946349467613508	-2.7531958917553776e-20	-1.101637498671787e-18	-2.3798237686056822e-20	1.0152666666666468	-1.3389083678566615e-18	3.348829460264602e-20	-8.041391988053426e-20	0.9912326135126687	580.233728216478	357812.60351541947	-1384649.8742470948	365234.702423754	204763649.14461145	1200793.8893728002	-1379913.4328890683	1172367.85704112	214.8557591957458	1599.565890624997	576.5636518359067	362924.54166415596	-1371185.2370471084	362924.53121248854	207689032.70922846	1189117.1078462377	-1371185.247244211	1189117.0489753352	212.76645495956	-0.005379496820328815	0.0	0.0	0.0	0.01515130376732461	0.0	0.0	0.0	-0.008806046148905287	207713379.34900683	0.014960760735855635
96	161.33333333333331	nan	nan	1	1	6.000000000000838e-05	6.000000000000867e-05	5.999999999999513e-05	0.9943179114728582	-5.609052176717977e-20	-2.0077662405901252e-18	-5.431175257794574e-20	1.0161333333333264	-2.6286481671911056e-19	-4.198572912950116e-20	1.1872013788716274e-20	0.9907105997186295	574.5582220229398	358629.91303844267	-1397305.236610688	366498.26021779026	206265662.6991983	1204313.9460239734	-1392235.9260051358	1174183.066986604	233.01863044478503	1599.565890624997	570.7376675147162	364061.23543527955	-1382978.1722024668	364061.2111483292	209389482.7509754	1191965.6895225833	-1382978.1814637978	1191965.6516451999	230.62940807645293	-0.005698293004828733	0.0	0.0	0.0	0.016004574141708652	0.0	0.0	0.0	-0.009332815839000997	209413909.62217894	0.015819871678415774
100	170.0	nan	nan	1	1	6.000000000000838e-05	6.000000000000867e-05	5.999999999999513e-05	0.9940007492644327	-6.53130164968846e-20	9.267218069319849e-20	6.938893903907229e-21	1.0169999999999977	3.86843335142828e-19	-2.714571189360582e-20	-9.598577358285731e-20	0.9901896259798235	576.7716860965351	359777.0805524398	-1409284.851157556	368101.58613127866	207724982.58793932	1207958.2154940553	-1403881.4878626305	1176113.728675991	254.05951634498572	1599.565890624997	572.7493535159932	365534.53082413325	-1394090.985299744	365534.49235997116	211049169.4861209	1194934.9043636024	-1394090.9964360038	1194934.8728586899	251.3204347405281	-0.006017318538691465	0.0	0.0	0.0	0.01685711706642062	0.0	0.0	0.0	-0.009858812801450756	211073667.1057246	0.016678247917094182
104	208.75	nan	nan	1	1	6.000000000000838e-05	6.000000000000867e-05	5.999999999999513e-05	0.9925823339922584	-5.143861682085915e-20	3.0820750682516995e-18	5.709679690851788e-20	1.0208749999999793	-1.4385601000352356e-18	7.752045533271356e-21	-2.973424458041496e-20	0.9878725591042161	17425.494801487283	368671.50577421015	-1456243.0660434652	379181.4188843884	213790010.06366035	1229173.3814283586	-1449334.3534912912	1189434.9059060628	13706.87285258557	1599.565890624997	17278.72244272763	375986.3769850507	-1437125.7152792069	375987.63002034184	218031852.3684946	1213036.9690183755	-1437126.8251475252	1213034.6770142475	13526.93098552081	-0.007445313697979318	0.0	0.0	0.0	0.020660102696282236	0.0	0.0	0.0	-0.012201578314949987	218041754.58731395	0.020507053326900067
108	247.5	nan	nan	1	1	6.000000000000838e-05	6.000000000000867e-05	5.999999999999513e-05	0.9911644641977606	-3.746596132295221e-20	-9.784382505595434e-19	-5.537562595969714e-20	1.024749999999963	1.4397120648435013e-18	1.0641444322945226e-19	-3.4423418976414766e-20	0.9855732786847725	13671.117883756078	376848.7864568717	-1499236.7791955804	389618.33086017874	219219841.4838992	1256871.4939668183	-1490779.6331557145	1208818.3153617883	10333.841813351046	1599.565890624997	13536.213042717609	385773.5768772778	-1476068.7223469703	385773.62705195404	224411555.53884777	1237448.764596982	-1476068.8105920951	1237446.3765594512	10174.150537150685	-0.008874800603500625	0.0	0.0	0.0	0.02444868040227332	0.0	0.0	0.0	-0.014531798294465468	224425493.55879933	0.024321612376396906
112	286.25	nan	nan	1	1	6.000000000000838e-05	6.000000000000867e-05	5.999999999999513e-05	0.9897483196498289	-4.750160768202116e-20	3.4102224082815935e-19	-2.1047074673374854e-20	1.0286249999999946	-4.475261307368417e-18	6.974130474513007e-20	-1.207801220148852e-19	0.9832915524973571	11699.513640605113	383172.2427760356	-1539380.6389204185	398223.9452165622	224135081.63596874	1283893.7188751635	-1529337.2912549558	1227307.670678009	8777.511486748224	1599.565890624997	11567.204792175426	393719.53160026623	-1512043.1032855245	393720.4630012104	230304676.34494364	1261093.321492109	-1512042.1401843806	1261090.8288343814	8621.633514148183	-0.010304590749468672	0.0	0.0	0.0	0.02822295894373488	0.0	0.0	0.0	-0.016849608204802063	230320840.1242204	0.02812174187829394
116	325.0	nan	nan	1	1	6.000000000000838e-05	6.000000000000867e-05	5.999999999999513e-05	0.9883348297153366	6.858933993686422e-20	1.0098801135616232e-18	2.6020852139652105e-20	1.032500000000012	8.538092108323347e-19	-1.88109076926235e-20	8.673617379884036e-22	0.9810265621060619	10419.024786533579	390523.94714534533	-1574676.2155932954	407976.7203302602	228610801.1775803	1309225.7841102784	-1563031.1681396884	1243954.1466950218	7799.486814746519	1599.565890624997	10286.230320708102	402775.2753913031	-1543110.7862576186	402776.9006009216	235782668.57846862	1282981.484765725	-1543109.7365955436	1282978.8740785362	7643.14092759367	-0.011733742173695319	0.0	0.0	0.0	0.03198304585306279	0.0	0.0	0.0	-0.01915574322262173	235800355.85337964	0.03190757277956342
120	363.75	nan	nan	1	1	6.000000000000838e-05	6.000000000000867e-05	5.999999999999513e-05	0.9869246491190447	-1.41420620873578e-20	-1.942348192007781e-18	-3.957337929572091e-20	1.0363749999999994	5.710763893024273e-19	-9.73613550891983e-20	5.502326025363934e-20	0.9787776984556013	9721.641504500085	401023.24810838373	-1604731.836269183	421118.29559309036	232704242.03629935	1335740.2611062203	-1591484.9567690971	1261503.2275960748	7278.341264762143	1599.565890624997	9583.819120009037	415146.6033847418	-1568922.6925968751	415148.1590040605	240899688.80926552	1305933.5894631613	-1568922.6917933703	1305931.2211093	7115.927107981972	-0.013161585807389893	0.0	0.0	0.0	0.03572904745424491	0.0	0.0	0.0	-0.021450732250633594	240918357.86142957	0.035679222639076795
124	402.5	nan	nan	1	1	6.000000000000838e-05	6.000000000000867e-05	5.999999999999513e-05	0.9855181324267571	1.0123737785583398e-20	3.4182590568851425e-18	4.548228113576691e-20	1.0402499999999941	-1.191077401638263e-18	-1.7596601259439737e-19	-2.735442081180928e-19	0.9765445989981606	9305.318914144045	413587.3043715982	-1631036.520786103	436557.7020534833	236460200.1351488	1362176.254241559	-1616184.9728687	1278753.0102894295	6961.099810427716	1599.565890624997	9160.12615942395	429744.66846350644	-1590967.6237147555	429746.0047929979	245697847.19647253	1328712.3192354115	-1590967.3150416974	1328709.2776904867	6790.0897881181145	-0.014587753343245512	0.0	0.0	0.0	0.03946106888090796	0.0	0.0	0.0	-0.023734857411208024	245717230.2543362	0.0394367842856467
128	441.25	nan	nan	1	1	6.000000000000838e-05	6.000000000000867e-05	5.999999999999513e-05	0.9841155187534179	2.194831772925343e-20	-2.506865158166671e-18	2.0518526114288172e-20	1.0441250000000084	4.566117449422702e-19	6.478107980600889e-20	2.6834003769016236e-21	0.9743269844573763	9027.364068735615	426383.1528351265	-1654438.2520816782	452384.70964310813	239915206.1553946	1388413.5942828762	-1637981.52859844	1295598.0213851118	6736.732885768781	1599.565890624997	8873.679372411347	444681.66749340645	-1610096.8043377309	444683.16950427304	250211325.707464	1351202.0097704788	-1610096.0138578482	1351199.4663013024	6556.178254102479	-0.01601199171325277	0.0	0.0	0.0	0.04317921409394135	0.0	0.0	0.0	-0.026008318683347853	250231282.0965952	0.04318034555368688
132	480.0	nan	nan	1	1	6.000000000000838e-05	6.000000000000867e-05	5.999999999999513e-05	0.9827169755850768	1.02226712338227e-19	-2.4337628266868362e-18	9.881147549489767e-20	1.048000000000001	-3.272122156561252e-19	1.9992688060632703e-19	-2.287260008129732e-19	0.9721246237787473	8710.48927513155	437558.4033085937	-1674981.6199644015	466627.4622067624	243100025.07173696	1415378.2293979474	-1656926.6662458726	1312902.6650163415	6491.8003970273585	1599.565890624997	8549.866307846238	458021.24910854327	-1626373.558464918	458022.7690340779	254468835.01663125	1374303.8729992977	-1626372.6446174427	1374301.8395755026	6303.407981743551	-0.017434119330193603	0.0	0.0	0.0	0.04688358589885194	0.0	0.0	0.0	-0.028271268976236136	254489369.3342764	0.046909992372335674
136	518.75	nan	nan	1	1	6.000000000000838e-05	6.000000000000867e-05	5.999999999999513e-05	0.9813225704459952	-3.142153421134552e-20	-5.255670031123483e-20	2.057544672834366e-19	1.051874999999996	1.4050175953239652e-18	-2.3418766925686896e-20	-1.200753906027696e-19	0.9699373708643106	8525.54889627126	445572.9188421169	-1692423.1426351957	477608.5833496363	246041011.91587618	1442767.3833857458	-1672786.7283602857	1330377.7524997797	6342.586410919266	1599.565890624997	8356.309627184266	468126.5865109398	-1639581.5940926676	468127.6539057714	258494926.82181737	1397720.6921628597	-1639580.514110557	1397717.7914362738	6144.555505246397	-0.018854055477797952	0.0	0.0	0.0	0.05057428596292929	0.0	0.0	0.0	-0.030523775688457756	258515883.09641778	0.05062580055579359
140	557.5	nan	nan	1	1	6.000000000000838e-05	6.000000000000867e-05	5.999999999999513e-05	0.9799323900607017	-1.784732301182701e-19	-8.3966037248139895e-19	7.74662452240893e-20	1.055750000000014	1.523168527070573e-18	-4.025642666438678e-19	1.590524587036235e-19	0.9677650446381949	8384.262935413493	450037.2398409435	-1707505.2157940504	484857.95232441014	248760756.28961444	1471664.5752478824	-1686301.3330061433	1349013.9221596336	6197.0825218457085	1599.565890624997	8206.044504991576	474550.4703010977	-1650459.364174038	474551.66494930163	262310589.96676695	1422497.8973265043	-1650456.8015187823	1422493.8172446338	5990.044881932096	-0.02027169943139851	0.0	0.0	0.0	0.05425141483192912	0.0	0.0	0.0	-0.03276594364863233	262331927.13313663	0.05432785529644051
144	596.25	nan	nan	1	1	6.000000000000838e-05	6.000000000000867e-05	5.999999999999513e-05	0.9785465071989191	1.9727058528373752e-19	-4.071233367791693e-18	-6.074242671350039e-20	1.059624999999999	1.902720602603436e-18	2.862293735361732e-19	-2.931682674400804e-19	0.9656074699881265	8273.812318550237	451899.51340076345	-1721069.3466191248	489343.44304355216	251279102.97782543	1501704.3717106231	-1698309.825343672	1368457.6247166293	6140.450625760916	1599.565890624997	8086.355908727284	478255.29360205564	-1659834.1754102323	478256.58713340707	265934256.63670576	1448274.1456203824	-1659831.9084694628	1448269.1033800913	5921.975091287619	-0.021686964201466444	0.0	0.0	0.0	0.05791507194643178	0.0	0.0	0.0	-0.03499787311841727	265955912.5229361	0.0580162425833592
148	635.0	nan	nan	1	1	6.000000000000838e-05	6.000000000000867e-05	5.999999999999513e-05	0.9771649161544398	3.567296198020431e-19	-3.9737635924852464e-18	5.090329199819443e-20	1.0635000000000079	-1.7237459289803913e-18	-6.884683795282953e-20	-2.0563249453903199e-19	0.9634645400233262	8210.913646485966	452631.37237306015	-1733688.2580418114	492624.0498079112	253613326.71585956	1531538.0512690628	-1709379.315322011	1387472.1451529767	6093.853744727942	1599.565890624997	8013.426451274585	480774.08617203974	-1668267.340576109	480775.5581443953	269381936.019169	1473745.294132422	-1668265.6779036245	1473739.3238515703	5863.901502141839	-0.023099842663812372	0.0	0.0	0.0	0.06156535565816224	0.0	0.0	0.0	-0.03721959510198858	269403874.74103177	0.06169103971044399
152	673.75	nan	nan	1	1	6.000000000000838e-05	6.000000000000867e-05	5.999999999999513e-05	0.97578763311182	-7.284483346386983e-20	-1.8124065616353935e-18	1.171751497913709e-19	1.067375000000019	2.0861676101879832e-18	2.249177406821179e-19	-3.3095271315120025e-20	0.9613361192577536	8125.163429252747	453543.40813874756	-1746305.1414751778	496114.69691182073	255778668.67054325	1559458.0914980897	-1720440.6849445794	1404527.4517722668	6012.617810004365	1599.565890624997	7918.443434062798	483490.88353759365	-1676670.7824702295	483492.57199676434	272667736.5086042	1497274.3058483396	-1676669.3204405857	1497268.4122937045	5772.86315476255	-0.02451030526974544	0.0	0.0	0.0	0.06520236324565103	0.0	0.0	0.0	-0.039431171269973406	272689973.8350655	0.06535233002661213
156	712.5	nan	nan	1	1	6.000000000000838e-05	6.000000000000867e-05	5.999999999999513e-05	0.9744147226733786	-1.311207002349657e-19	4.0903153260274385e-18	3.537209587733958e-20	1.0712499999999971	1.128437621122913e-18	-6.852157730108388e-20	-1.0652286344670081e-19	0.9592220227256867	8107.932910745953	455069.1976818345	-1757732.1016864458	500296.8503035557	257789098.5282586	1584033.040085687	-1730325.4446674665	1418372.880082863	5992.575142542061	1599.565890624997	7890.420898356567	486871.62222130434	-1683906.6507988763	486875.3560830784	275804640.7684407	1517503.0192179258	-1683905.898070165	1517495.5996987994	5740.884591148396	-0.025918272664688213	0.0	0.0	0.0	0.06882619092984962	0.0	0.0	0.0	-0.041632716060247016	275827059.06578964	0.069000204905486
160	751.25	nan	nan	1	1	6.000000000000838e-05	6.000000000000867e-05	5.999999999999513e-05	0.973046254856419	8.760353553682876e-20	-8.118180606919711e-18	-1.6680450423689485e-19	1.0751249999999883	1.1322052236723002e-18	1.306463617845033e-19	1.0850153241148686e-19	0.9571220530456711	8019.463842828472	456913.5871498031	-1766852.724594782	504849.57725746074	259656906.34951115	1605173.8692857388	-1737935.4356472662	1428985.9975799879	5893.2770133979275	1599.565890624997	7793.257928380097	490606.4622466488	-1688915.4338379307	490609.22871040273	278804044.8013146	1534368.3625084185	-1688913.2962402266	1534359.6351466435	5633.319837731687	-0.027323659533014705	0.0	0.0	0.0	0.07243693388949611	0.0	0.0	0.0	-0.043824358518540274	278826638.36865693	0.07263475932424483
164	790.0	nan	nan	1	1	6.000000000000838e-05	6.000000000000867e-05	5.999999999999513e-05	0.9716823954571769	-3.6326193789126824e-19	1.7399005413504254e-18	-2.62160085306995e-19	1.079000000000006	-6.802284430174055e-19	3.155028321932818e-19	-9.221139476989216e-20	0.9550359181056512	7784.993653521918	458825.23860133294	-1774154.8631565778	509503.9055914696	261393424.672865	1622603.1893383577	-1743757.5620992384	1436176.5773995987	5686.295970950953	1599.565890624997	7554.698083248387	494428.22996655974	-1692176.8405144492	494431.76838533394	281676502.10322684	1547627.8848950325	-1692173.7509806838	1547618.0980098608	5423.550418385667	-0.02872628156218168	0.0	0.0	0.0	0.07603468627600313	0.0	0.0	0.0	-0.046006328626833	281699317.3234908	0.07625610318374382
168	828.75	nan	nan	1	1	6.000000000000838e-05	6.000000000000867e-05	5.999999999999513e-05	0.9703232492260894	-3.75025531462736e-19	-2.3889310668545604e-18	1.3877787807814457e-19	1.08287500000002	4.89311282464433e-18	5.009014036883031e-20	1.7157499379583108e-19	0.9529633876175044	7713.509376174131	459380.1983310924	-1779201.3699944292	512668.8717764103	263009057.11057985	1636668.3607617032	-1747365.892237958	1440309.2164884084	5613.527901733958	1599.565890624997	7474.763716097663	496797.7474387536	-1693286.0854263038	496800.9364147203	284431735.6368795	1557635.806982291	-1693282.0760406172	1557625.637688021	5342.458052507114	-0.03012601637419766	0.0	0.0	0.0	0.07961954122818539	0.0	0.0	0.0	-0.04817879409582796	284454543.5730434	0.07986433595446374
172	867.5	nan	nan	1	1	6.000000000000838e-05	6.000000000000867e-05	5.999999999999513e-05	0.9689687248858436	-2.8866882842426557e-19	3.1137744292697445e-18	4.2972353106462966e-19	1.086749999999987	-4.4116186398435175e-19	-1.8062808193608503e-19	-3.805820675967242e-19	0.950904415780616	7635.061443866275	458204.7443902216	-1783235.12589792	513903.2812448487	264512658.3367434	1648463.2102118114	-1749985.1993852104	1442393.1942389968	5544.701209754155	1599.565890624997	7388.325550001621	497293.7005333053	-1693437.6130204715	497295.89879086864	287077950.00515527	1565452.3418203208	-1693432.3915794403	1565442.2132659021	5265.489359867677	-0.03152294327184523	0.0	0.0	0.0	0.08319159088675264	0.0	0.0	0.0	-0.0503417306567792	287100703.1331317	0.0834595298710189
176	906.25	nan	nan	1	1	6.000000000000838e-05	6.000000000000867e-05	5.999999999999513e-05	0.9676186615697465	-4.2056202270712717e-19	-3.988915317845731e-18	-3.467278547608643e-19	1.090624999999993	2.45029690981724e-18	-2.654126918244515e-19	-5.1580918355997874e-20	0.9488590253230815	7530.036521950731	456426.24626383587	-1787498.1999237966	514450.94826568663	265912269.53723422	1658697.746965566	-1752837.6881773407	1443082.510598846	5508.739594038218	1599.565890624997	7276.456562231632	497123.94416344876	-1693814.8218605435	497126.4040409165	289622600.1810402	1571764.8436886475	-1693809.4870435973	1571756.3906425845	5220.024710821947	-0.03291721398149522	0.0	0.0	0.0	0.08675092640864837	0.0	0.0	0.0	-0.05249504217295092	289645284.801794	0.0870417459835056
180	945.0	nan	nan	1	1	6.000000000000838e-05	6.000000000000867e-05	5.999999999999513e-05	0.9662728732826968	-3.3881317890172014e-21	8.81835836991085e-19	-4.445771008276811e-19	1.0944999999999858	1.001965437702479e-18	-1.0039712117215772e-19	2.5608855314107616e-19	0.9468272612475053	7363.929449084621	454775.0411843814	-1791830.017473896	515124.47169709386	267215322.124307	1669272.5972697104	-1755767.3050685723	1444042.7863352918	5354.967549715248	1599.565890624997	7105.965578261798	497079.7607210019	-1694264.6686409945	497079.28215619444	292072599.3155003	1578380.5139461898	-1694261.483562373	1578372.5527967424	5063.388955829768	-0.034309007140561815	0.0	0.0	0.0	0.09029763798076802	0.0	0.0	0.0	-0.054638608719741674	292095319.44172394	0.09061104214828497
184	983.75	nan	nan	1	1	6.000000000000838e-05	6.000000000000867e-05	5.999999999999513e-05	0.9649313574348307	-1.962405932198763e-20	3.5069061370129885e-18	-7.068998164605489e-20	1.0983749999999872	4.0098675248290136e-18	5.154297127996088e-19	-2.3310346708438344e-19	0.9448089902309345	7216.377456038961	454071.571534381	-1795581.3086636753	516863.3836097823	268428939.11916742	1680361.3982536388	-1758134.0416143322	1445418.8478085876	5205.574454201723	1599.565890624997	6953.838250733155	498062.5358772008	-1694174.016027019	498059.36416772526	294434636.5238069	1585461.2680139977	-1694171.323904738	1585452.6508047143	4911.5843076836545	-0.035698312365050736	0.0	0.0	0.0	0.09383181483385876	0.0	0.0	0.0	-0.05677249865850849	294457395.0682857	0.09416750373976537
188	1022.5	nan	nan	1	1	6.000000000000838e-05	6.000000000000867e-05	5.999999999999513e-05	0.9635941503777037	5.074608268318404e-19	-6.216571311543073e-18	5.359753439682091e-19	1.1022500000000075	-3.321724405952464e-18	1.3509159069169385e-19	-6.112189747387031e-19	0.9428040395123162	7133.685392399433	454505.1814076723	-1797818.5636759666	519902.96812149277	269559474.2327437	1691704.163749282	-1759026.749157945	1446982.1793325895	5107.999860142955	1599.565890624997	6864.5553345696535	500291.64380173257	-1692667.2757880231	500288.7703850051	296714664.61296016	1592759.3229640608	-1692664.5612165735	1592749.923791946	4809.241812652755	-0.03708507885168613	0.0	0.0	0.0	0.09735354525591697	0.0	0.0	0.0	-0.058896823338423	296737401.20398295	0.09771122252770853
192	1061.25	nan	nan	1	1	6.000000000000838e-05	6.000000000000867e-05	5.999999999999513e-05	0.9622612566813018	2.392834194675508e-19	-5.407173732201176e-18	-4.831204880595408e-19	1.1061250000000102	-1.3357370765021415e-18	-1.0950441942103595e-19	2.815944092487976e-19	0.9408122656562334	6964.382002853913	455164.01300771	-1799524.0416303338	523213.0369769733	270612649.0147959	1704025.417452439	-1759410.3247298733	1449346.6153254735	4934.155041731145	1599.565890624997	6692.300069729228	502772.9995974881	-1690676.222583174	502772.34109349066	298918036.9843661	1600954.0241285781	-1690674.3245914716	1600944.5483804357	4635.7027828514	-0.03846928859488811	0.0	0.0	0.0	0.10086291660538646	0.0	0.0	0.0	-0.06101166444802403	298940845.87261087	0.10124228596819132
196	1100.0	nan	nan	1	1	6.000000000000838e-05	6.000000000000867e-05	5.999999999999513e-05	0.9609326994533564	-1.53441712461011e-19	2.6262629224116373e-18	-3.5762408659434366e-19	1.110000000000002	-5.2240655377955305e-18	-6.722053469410127e-20	1.830675368241774e-19	0.9388335083969361	6784.299428359495	456702.50824911386	-1800673.8671907475	527550.9062867239	271593655.5170056	1716857.5597310134	-1759262.4263456974	1452104.6358958217	4794.199692593366	1599.565890624997	6510.186750179769	506234.62084826175	-1688181.399283929	506235.75159383006	301049608.3162502	1609601.300028678	-1688181.227704796	1609594.0497523004	4494.694399111586	-0.039850904250494326	0.0	0.0	0.0	0.10436001532424445	0.0	0.0	0.0	-0.06311712284618709	301072490.92235184	0.10476078365293014
200	1138.75	nan	nan	1	1	6.000000000000838e-05	6.000000000000867e-05	5.999999999999513e-05	0.9596083850342199	3.284048380458593e-19	1.251575882862954e-19	2.4275286641950443e-19	1.113875000000005	1.0984865361080009e-17	1.8615751301576112e-19	-8.514239660528666e-19	0.93686771969743	6674.037399897772	459951.5480159367	-1801285.0813218965	533896.9008453616	272507064.02300054	1729135.2129457593	-1758598.1793939988	1454350.811321626	4650.597901766316	1599.565890624997	6395.491174970645	511610.8843167894	-1685201.9820827544	511614.29178580723	303113622.74738693	1617701.783221812	-1685201.6946752558	1617695.8375218178	4350.891973287795	-0.041230010003273615	0.0	0.0	0.0	0.10784492695075158	0.0	0.0	0.0	-0.06521318099210067	303136548.0411038	0.10826678781118612
204	1177.5	nan	nan	1	1	6.000000000000838e-05	6.000000000000867e-05	5.999999999999513e-05	0.9582882904094285	-5.830839283627043e-19	1.1882449234626447e-18	5.983169688861257e-19	1.1177499999999996	3.174001859951314e-18	-2.490412390199204e-19	1.091412116932533e-18	0.9349147829958899	6526.544236984067	464813.8134800783	-1802156.3526983452	542164.7733165972	273357023.5040567	1740389.9797609074	-1758201.7142298152	1455701.3787349272	4473.414268213681	1599.565890624997	6245.490908757817	518812.961709752	-1682486.5733537325	518817.4690687869	305113924.87775177	1624821.7137002414	-1682488.0707556491	1624815.6181331002	4176.363184054073	-0.04260661683529286	0.0	0.0	0.0	0.11131773613195259	0.0	0.0	0.0	-0.06729989502792624	305136931.94597965	0.11176038115882912
208	1216.25	nan	nan	1	1	6.000000000000838e-05	6.000000000000867e-05	5.999999999999513e-05	0.9569724003906063	1.805196617188365e-19	2.2726910414369582e-18	3.220622553368191e-19	1.1216250000000119	7.998809947729057e-18	-1.0126448291014612e-19	-1.1536995317418253e-18	0.9329745755339311	6409.262718457799	469451.1451078836	-1803587.3102672156	550226.5997743687	274147265.64515495	1750594.4791328681	-1758359.4567356023	1456148.6973736836	4308.688231588297	1599.565890624997	6124.781276888263	525800.7256360289	-1680312.5752181634	525804.2499395069	307053955.9004154	1630941.790646462	-1680312.9395271575	1630934.4426821878	4014.190484163292	-0.043980727662290255	0.0	0.0	0.0	0.11477852663609531	0.0	0.0	0.0	-0.06937732873767258	307077023.37821424	0.11524164683154135
212	1255.0	nan	nan	1	1	6.000000000000838e-05	6.000000000000867e-05	5.999999999999513e-05	0.9556606156301147	-4.36282954208167e-19	-2.6244875413541923e-18	-2.75170511376821e-19	1.1254999999999793	9.69276742202041e-20	3.926980268742497e-19	5.063224145507306e-20	0.9310470559304249	6161.830916516799	472747.03288347315	-1805142.0693008706	556769.9832473602	274881305.6991037	1759923.4678267278	-1758648.7148052296	1455852.37953957	4088.5371959173126	1599.565890624997	5880.207428713622	531316.7313559336	-1678271.4242916743	531323.0817158787	308936971.9870847	1636230.9179010172	-1678270.5298802843	1636221.221560551	3801.182887349777	-0.04535243353078569	0.0	0.0	0.0	0.11822738136463129	0.0	0.0	0.0	-0.07144545955546609	308960175.65054333	0.11871065517190582
216	1293.75	nan	nan	1	1	6.000000000000838e-05	6.000000000000867e-05	5.999999999999513e-05	0.9543527979694769	6.173989271218705e-19	3.396181990147906e-18	-5.165139149720943e-19	1.1293749999999907	-4.093025831458652e-18	4.7704895589362195e-20	-7.432205892388133e-20	0.9291322246564829	5908.011148160835	475070.285936747	-1806704.6281674108	562203.3004408324	275562822.9156183	1769226.8801423789	-1758958.345106061	1455527.8863958642	3895.0954650402186	1599.565890624997	5630.223218807158	535761.3666112385	-1676254.8061332437	535769.1440405225	310766467.5373514	1641483.0707479566	-1676254.1347968983	1641474.1831696958	3613.8571805421143	-0.04672186670409253	0.0	0.0	0.0	0.12166438236434785	0.0	0.0	0.0	-0.07350422020317274	310789798.0894304	0.12216746863078962
220	1332.5	nan	nan	1	1	6.000000000000838e-05	6.000000000000867e-05	5.999999999999513e-05	0.9530487955124893	-4.449023614794268e-19	-4.0295796755775156e-18	1.0858284757442328e-19	1.1332499999999945	1.3850845383828191e-17	1.691355389077387e-19	1.2847795743953228e-19	0.9272300946150137	5736.717470239099	477117.59171841806	-1808083.4507197237	567339.2755067454	276194976.6317322	1778584.8270541101	-1759100.477896944	1455240.1121598694	3737.2471713520717	1599.565890624997	5459.466621294489	539911.7437050365	-1674085.391247432	539920.2337655607	312545406.0470222	1646772.9268139722	-1674084.5949628516	1646766.4158764607	3460.277726977063	-0.048089174631903576	0.0	0.0	0.0	0.12508961083881698	0.0	0.0	0.0	-0.07555352996066522	312568809.7034561	0.12561214776765922
224	1371.25	nan	nan	1	1	6.000000000000838e-05	6.000000000000867e-05	5.999999999999513e-05	0.9517486008327226	5.668208957754217e-19	-9.605157110220003e-18	3.717187148366552e-19	1.1371250000000015	1.0231507481528457e-17	-1.0842021724855045e-20	-6.415766355682973e-19	0.9253405377545189	5567.71336670696	479467.4747390739	-1809416.3382263042	572862.8604572241	276780540.9009113	1789545.4687609544	-1759210.354202537	1456245.4319281296	3541.4962209183705	1599.565890624997	5291.357113495844	544421.5607049572	-1671891.357310828	544428.5242598121	314276362.8169758	1653530.7764873256	-1671891.0634853158	1653524.9054197571	3272.324228876196	-0.04945435382019314	0.0	0.0	0.0	0.12850314716009079	0.0	0.0	0.0	-0.07759346029609467	314299885.78384113	0.1290447752382946
228	1410.0	nan	nan	1	1	6.000000000000838e-05	6.000000000000867e-05	5.999999999999513e-05	0.9504523349985462	-1.7162920390445535e-19	-5.146477319827036e-18	-2.533780477098624e-19	1.140999999999981	8.709938152662299e-18	-3.5691935518222804e-19	1.6035350131060612e-19	0.9234633036187451	5390.743903071892	481524.4600391976	-1810346.748159466	578067.0576098764	277322266.31356406	1802619.6753892389	-1758939.8013657087	1458940.1715338621	3356.4719401646944	1599.565890624997	5116.151704676129	548615.8728991557	-1669343.7668537144	548621.6402382927	315961928.9030575	1662218.5347521196	-1669343.419940948	1662216.1533570674	3095.0454754758243	-0.050817265603499744	0.0	0.0	0.0	0.13190507087992226	0.0	0.0	0.0	-0.07962421633294679	315985597.90214485	0.13246545210739466
232	1448.75	nan	nan	1	1	6.000000000000838e-05	6.000000000000867e-05	5.999999999999513e-05	0.9491602255214955	1.0389367317842346e-18	-8.596842313544906e-18	-5.2475385148298413e-20	1.1448749999999959	9.621210078636367e-19	6.505213034913026e-21	5.452994826515844e-19	0.9215980402858878	5318.691589722111	483328.31026994094	-1809779.4023401116	582992.7411798326	277822760.00495887	1818157.6545986002	-1757225.4590957235	1463572.1448952886	3215.5912479221615	1599.565890624997	5040.866470470154	552536.7395331701	-1665436.3453980966	552539.7575636528	317604573.78445697	1673146.3711637557	-1665435.708836604	1673143.0041007972	2959.1244818616624	-0.05217765845747119	0.0	0.0	0.0	0.13529546074101154	0.0	0.0	0.0	-0.08164611546867366	317628335.70197564	0.13587429473922844
236	1487.5	nan	nan	1	1	6.000000000000838e-05	6.000000000000867e-05	5.999999999999513e-05	0.9478725544773524	3.3989738107420564e-20	2.9286706252403676e-18	-3.552930519234998e-19	1.1487500000000084	-6.2161647357283915e-18	1.8431436932253575e-19	-3.153944119760332e-19	0.9197443405420288	5054.2704473115	485135.52549420146	-1807586.693825292	587947.7928699419	278284174.9242097	1835145.8018203776	-1753944.444757764	1469301.0029586558	2952.3391141581806	1599.565890624997	4783.720842651735	556475.4452235132	-1660059.53232441	556475.5864299098	319206287.7313621	1685369.388878389	-1660057.7046097752	1685363.958773918	2711.3823673600195	-0.053535221969796334	0.0	0.0	0.0	0.13867439468776724	0.0	0.0	0.0	-0.08365953827301639	319230292.14307886	0.13927142876347945
240	1526.25	nan	nan	1	1	6.000000000000838e-05	6.000000000000867e-05	5.999999999999513e-05	0.9465894898828796	-1.7471918009603903e-19	-4.244410100890782e-18	8.085437701310649e-19	1.1526250000000071	8.291544534300144e-18	-7.463647755390213e-19	5.106050131320483e-19	0.9179019168260851	4909.16840199722	485779.53620181244	-1805003.2032111816	591511.2107359378	278709059.56965804	1852428.8260827593	-1750300.781649958	1475190.4306585582	2811.87589073364	1599.565890624997	4640.0602350332965	559089.4033710699	-1654353.3065363143	559086.065655357	320769547.1226618	1697820.6731717626	-1654353.7298450687	1697814.0828743451	2577.1899845546645	-0.05488976458992588	0.0	0.0	0.0	0.14204194987717464	0.0	0.0	0.0	-0.08566473848594684	320793677.3830313	0.1426569584754141
244	1565.0	nan	nan	1	1	6.000000000000838e-05	6.000000000000867e-05	5.999999999999513e-05	0.9453110596456213	8.040443311152501e-19	2.423916915707952e-18	7.859381548347421e-19	1.1564999999999843	3.892285799222961e-18	6.288372600415926e-21	6.615801656506548e-19	0.9160706129678862	4760.845822554022	484386.58757627034	-1802328.7402530117	592599.8138087037	279099307.6959904	1869810.1312782357	-1746581.549462973	1481082.891720525	2675.538741695306	1599.565890624997	4493.756425982767	559356.1518532896	-1648593.6854439427	559354.2241429809	322296113.76917976	1710319.0481064394	-1648596.143193654	1710313.3078764055	2447.3206114997165	-0.0562412420047019	0.0	0.0	0.0	0.14539820268934345	0.0	0.0	0.0	-0.08766182888627543	322320361.8425103	0.1460309687509498
248	1603.75	nan	nan	1	1	6.000000000000838e-05	6.000000000000867e-05	5.999999999999513e-05	0.9440372092913767	6.043342909434202e-19	8.220773237491153e-18	1.2426041098856367e-18	1.1603750000000062	-3.3683993094779653e-18	2.7972416050126015e-20	-8.043695917669957e-19	0.9142503548410797	4550.175609648916	480886.0733748783	-1799023.339991433	591086.858502816	279456929.2346387	1887885.2030699442	-1742263.6775456588	1487443.5168164067	2512.3542955575017	1599.565890624997	4289.085040144435	557170.2893707231	-1642288.0090296667	557170.1006120115	323787913.0821413	1723408.0083925263	-1642292.016049183	1723400.5735931091	2293.471820130975	-0.057589696991229934	0.0	0.0	0.0	0.1487432287379649	0.0	0.0	0.0	-0.08965083383012976	323812313.46560025	0.14939353087518192
252	1642.5	nan	nan	1	1	6.000000000000838e-05	6.000000000000867e-05	5.999999999999513e-05	0.9427678757203392	2.507217523872729e-19	-4.185372751500105e-18	-2.9707139526102824e-20	1.1642499999999847	2.4184647340330655e-17	-1.8279648628105604e-19	-1.0950441942103595e-20	0.9124410782606973	4366.805689473955	476399.50384902215	-1794816.584860393	588316.3710998279	279783718.44716275	1906019.7278853725	-1737085.5145585213	1493767.0472726638	2375.4038652687127	1599.565890624997	4110.671687683075	553811.1505627903	-1635193.1214589267	553808.8071813969	325246650.69983786	1736506.3230935123	-1635197.1558964131	1736493.9309110364	2164.1454029000274	-0.05893518177141569	0.0	0.0	0.0	0.15207710288033657	0.0	0.0	0.0	-0.0916317673794355	325271165.25274867	0.15274471398576492
256	1681.25	nan	nan	1	1	6.000000000000838e-05	6.000000000000867e-05	5.999999999999513e-05	0.9415029568264025	-1.0452793144932748e-18	2.1951028234684644e-18	-6.684648494459377e-19	1.1681249999999896	-3.8668070481695515e-18	-3.0119136351647313e-19	7.323785675139582e-20	0.9106427552912297	3944.0644356619027	471466.0357671012	-1789201.8648840666	584946.5134856716	280081140.5749809	1923920.8036370645	-1730560.6674191204	1499831.0517277273	2172.7954696150746	1599.565890624997	3707.7175784149185	549896.1596126835	-1626853.0848781175	549893.7722398972	326673677.2067374	1749347.8829237379	-1626857.347736641	1749333.510463831	1975.6401342570286	-0.060277790341372345	0.0	0.0	0.0	0.15539989922768174	0.0	0.0	0.0	-0.09360460430513297	326698427.44105524	0.15608458183266027
260	1720.0	nan	nan	1	1	6.000000000000838e-05	6.000000000000867e-05	5.999999999999513e-05	0.9402423364611906	-8.347814627052141e-19	7.432232997442446e-18	-6.172362967959976e-19	1.1719999999999906	1.122604613434941e-17	4.657732532997727e-19	-6.680853786855678e-19	0.908855374216031	3249.3615360175336	467038.86468605	-1782236.899048371	582156.9372852641	280350732.3737092	1941506.8004883819	-1722747.4003358067	1505572.8330689648	1872.4928110777105	1599.565890624997	3050.5324134365046	546535.5797013437	-1617327.670775725	546534.6306376802	328070448.9990552	1761860.4311838353	-1617332.1209830185	1761842.928547438	1699.232261604301	-0.06161763219807313	0.0	0.0	0.0	0.15871169115481285	0.0	0.0	0.0	-0.09556930173587888	328095591.2381133	0.15941319472714852
264	1750.0	nan	nan	1	1	6.000000000000838e-05	6.000000000000867e-05	5.999999999999513e-05	0.9392691759110404	1.9228325529030422e-19	-5.171617257701544e-18	7.318364664277155e-21	1.174999999999986	5.894807211803687e-18	2.8319360745321377e-19	-3.6803242745020446e-19	0.9074790219518845	1035.4883500498481	464720.3324375325	-1775844.9235847597	581350.5359507827	280541102.24216974	1954938.1650190477	-1715742.6371329157	1509833.8822090325	834.475349054682	1599.565890624997	971.1152099119626	545211.5022985172	-1609078.0156905996	545209.7531807994	329131792.0342883	1771352.8819942207	-1609080.1708527284	1771342.335771462	756.1110325383311	-0.0626531785415871	0.0	0.0	0.0	0.1612681475961106	0.0	0.0	0.0	-0.0970848294167803	329158381.6811286	0.1619825502348802
268	1780.0	nan	nan	1	1	6.000000000000838e-05	6.000000000000867e-05	5.999999999999513e-05	0.9382985589600926	5.143455106271233e-19	9.804440245786416e-19	7.601341431295872e-19	1.1779999999999966	6.175615574477433e-18	1.5634195327240973e-19	-3.1306337730518942e-19	0.9061092885420087	484.1323468799803	463294.41539293696	-1768255.2845878277	581646.0083387279	280717045.2378862	1968081.4773633403	-1707596.6355991296	1513824.7825179393	554.2272108187359	1599.565890624997	453.5636355954034	544923.3696030102	-1599773.965628467	544920.1646447098	330177254.7080904	1780560.4977764173	-1599776.885730025	1780549.201696239	501.41982927389563	-0.06368708748599874	0.0	0.0	0.0	0.1638180852293919	0.0	0.0	0.0	-0.09859535268426227	330204155.03614676	0.1645451663688425
272	1810.0	nan	nan	1	1	6.000000000000838e-05	6.000000000000867e-05	5.999999999999513e-05	0.9373304054077217	-1.5428196914468729e-19	6.471629872620288e-18	-3.5952144039619325e-19	1.181000000000021	-9.613945924080714e-18	-2.0317948712378354e-19	-2.218277644905342e-19	0.9047460380814594	48.903320968146204	462541.68831570755	-1759432.439803364	582781.5339399473	280878417.4390256	1981028.8679794772	-1698273.3398747835	1517626.3571448675	298.3615128545216	1599.565890624997	45.767982105640165	545420.5365217392	-1589388.2294557176	545417.6585316429	331206593.92847186	1789567.9843952742	-1589391.932718075	1789556.7099424552	269.52570949901093	-0.06471943840054246	0.0	0.0	0.0	0.16636153721524202	0.0	0.0	0.0	-0.10010099556808989	331233727.09170336	0.1671011358804744
276	1840.0	nan	nan	1	1	6.000000000000838e-05	6.000000000000867e-05	5.999999999999513e-05	0.9363647287288626	-4.311872039974851e-19	6.7885692726921134e-18	-3.162617737140216e-19	1.1839999999999835	-4.745444488751804e-18	9.540979117872438e-21	1.4452414959231774e-19	0.9033892013736904	-362.18632230638644	462302.2263613104	-1749428.9278472683	584563.6849033167	281025814.4961186	1993653.7480111534	-1687824.0805369474	1521145.801211696	35.57821202637989	1599.565890624997	-338.6144195557501	546519.9800293968	-1577972.9530105868	546518.9618327272	332220382.61639047	1798262.0739563052	-1577976.682564354	1798253.4487088737	32.09130442537484	-0.06575021095982131	0.0	0.0	0.0	0.1688985364618004	0.0	0.0	0.0	-0.10160180914977786	332247726.4274891	0.16965049610910427
280	1870.0	nan	nan	1	1	6.000000000000838e-05	6.000000000000867e-05	5.999999999999513e-05	0.9354015067750605	1.0505919051384538e-19	-6.038003213734711e-18	3.4802889736784693e-20	1.1869999999999958	6.137776918657689e-18	-3.5626883387873676e-19	3.2569433261464553e-19	0.9020387439682713	-800.0843423895141	462568.87142426166	-1738512.6685152887	586987.1278392673	281159715.27496356	2006143.210531918	-1676508.3163809169	1524526.5560498887	-235.74667613821606	1599.565890624997	-747.2395682733456	548217.8181503167	-1565773.9941796486	548217.2125486903	333219062.4613665	1806812.7569835545	-1565776.6114978855	1806806.886283811	-212.32287885871253	-0.066779422856647	0.0	0.0	0.0	0.1714291156275273	0.0	0.0	0.0	-0.10309780644035339	333246625.79236996	0.17219327882932003
284	1900.0	nan	nan	1	1	6.000000000000838e-05	6.000000000000867e-05	5.999999999999513e-05	0.9344406724567207	-2.5912431922403557e-19	-5.765922678549473e-18	1.1709383462843449e-19	1.190000000000001	-6.524186572931523e-18	8.456776945386935e-21	-4.394271405083749e-19	0.9006946762002636	-1184.4612227584967	463114.92313139915	-1727469.2781585187	589772.8291055367	281280575.9663682	2019101.8340943174	-1665086.6334176236	1528226.9818250032	-479.75213211888297	1599.565890624997	-1105.0865422479264	550249.2339983237	-1553501.360101197	550250.1930034966	334203053.5694644	1815764.5320280541	-1553503.647828507	1815760.3742045441	-431.4378259465313	-0.06780713996944013	0.0	0.0	0.0	0.1739533071234389	0.0	0.0	0.0	-0.10458895094570966	334230809.38388985	0.17472950836936688
288	1930.0	nan	nan	1	1	6.000000000000838e-05	6.000000000000867e-05	5.999999999999513e-05	0.9334821812209257	-1.3834419720915036e-18	1.4344807893612588e-17	5.595567412197688e-19	1.192999999999996	4.5585280342153036e-18	2.7040002181788483e-19	-1.470178145890344e-19	0.8993569861125041	-1572.8901008683904	463935.38327223813	-1716656.5881195227	592917.6256968349	281388843.83761317	2032170.884586758	-1653904.320942528	1531973.2596046017	-739.8111233818485	1599.565890624997	-1465.972498084795	552610.7785979909	-1541476.6431455486	552613.8999930093	335172771.2275937	1824793.5988772213	-1541479.7560406204	1824790.620215797	-664.3154926412046	-0.06883340432295225	0.0	0.0	0.0	0.1764711431157754	0.0	0.0	0.0	-0.10607523088090991	335200738.056425	0.17725921264142883
292	1960.0	nan	nan	1	1	6.000000000000838e-05	6.000000000000867e-05	5.999999999999513e-05	0.9325259960833718	9.530137096147584e-20	-1.0265009328658259e-17	5.879628381388891e-19	1.1959999999999853	-1.5599067176852444e-17	3.1940596001422963e-19	-3.1561125241053034e-19	0.8980256560366991	-1947.675926296024	464988.3789307724	-1706047.4699199386	596368.7934310233	281485093.0245625	2044643.7466491037	-1642934.5457376146	1535232.9160230053	-1003.6791439441644	1599.565890624997	-1813.4131984131668	555254.9094647125	-1529674.3482133131	555258.2062182319	336128787.1374716	1833266.157963745	-1529679.116091687	1833262.1898073556	-899.9176561014074	-0.06985825001535007	0.0	0.0	0.0	0.1789826555284277	0.0	0.0	0.0	-0.10755664089128834	336156958.5899225	0.1797824199409375
296	1990.0	nan	nan	1	1	6.000000000000838e-05	6.000000000000867e-05	5.999999999999513e-05	0.9315721084265861	7.330290888174496e-19	6.63585939669753e-19	4.487512791917503e-19	1.198999999999999	3.553364200103992e-18	-3.623403660446556e-19	1.6078718217960032e-19	0.8967006395411343	-2535.7034546278473	466118.2418734446	-1695994.516915385	599937.9334345299	281569796.64569193	2056837.3811786317	-1632513.337752015	1538249.8677947598	-1393.3377968109526	1599.565890624997	-2358.477838371762	557997.3585139139	-1518409.0502153507	558007.0168779087	337071559.6414144	1841468.5090392258	-1518413.5672124657	1841462.7145120408	-1247.4431370997286	-0.07088168085060198	0.0	0.0	0.0	0.1814878760453765	0.0	0.0	0.0	-0.10903320780800241	337100097.2730636	0.18229916341637495
300	2020.0	nan	nan	1	1	6.000000000000838e-05	6.000000000000867e-05	5.999999999999513e-05	0.9306205613855402	5.405832032012725e-19	-9.997048761728467e-18	-2.9707139526102824e-19	1.2019999999999964	6.12726015758458e-18	-7.697835424647081e-19	8.338598908586014e-19	0.895381848365963	-2612.963125545071	467269.69514857687	-1686588.241082543	603543.8649716435	281643702.94946367	2068911.971310364	-1622727.4300837484	1541147.6129502824	-1509.5939480942382	1599.565890624997	-2427.8425995168873	560772.4718209518	-1507759.094413589	560784.6095224048	338001880.10386026	1849544.9952159848	-1507762.1048862205	1849538.2117179474	-1349.531526823567	-0.07190364505364989	0.0	0.0	0.0	0.18398683611301284	0.0	0.0	0.0	-0.11050500547594815	338030432.91094595	0.18480948036085165
