6	header
postResults v2.0.3	--cr f,p,texture --time RVE_1_40_D_tensionX.spectralOut
addCauchy v2.0.3	RVE_1_40_D_tensionX.txt
addStrainTensors v2.0.3	--left --logarithmic RVE_1_40_D_tensionX.txt
addMises v2.0.3	-s Cauchy RVE_1_40_D_tensionX.txt
addMises v2.0.3	-e ln(V) RVE_1_40_D_tensionX.txt
inc	time	elem	node	ip	grain	1_pos	2_pos	3_pos	1_f	2_f	3_f	4_f	5_f	6_f	7_f	8_f	9_f	1_p	2_p	3_p	4_p	5_p	6_p	7_p	8_p	9_p	texture	1_Cauchy	2_Cauchy	3_Cauchy	4_Cauchy	5_Cauchy	6_Cauchy	7_Cauchy	8_Cauchy	9_Cauchy	1_ln(V)	2_ln(V)	3_ln(V)	4_ln(V)	5_ln(V)	6_ln(V)	7_ln(V)	8_ln(V)	9_ln(V)	Mises(Cauchy)	Mises(ln(V))
0	0.0	nan	nan	1	1	0.001500000000000045	0.001500000000000028	0.0014999999999998368	1.0	0.0	0.0	0.0	1.0	0.0	0.0	0.0	1.0	2.7716487604837245e-12	-1.1931922846408178e-15	-2.8066754232013122e-14	-1.1931922846409345e-15	2.7018729684354e-12	-1.6832583398957215e-14	-2.806675423201312e-14	-1.6832583398957266e-14	2.699121388890668e-12	1599.565890624997	2.7716487604837245e-12	-1.1931922846408178e-15	-2.8066754232013122e-14	-1.1931922846409345e-15	2.7018729684354e-12	-1.6832583398957215e-14	-2.806675423201312e-14	-1.6832583398957266e-14	2.699121388890668e-12	0.0	0.0	0.0	0.0	0.0	0.0	0.0	0.0	0.0	9.102600058540028e-14	0.0
4	3.0	nan	nan	1	1	0.001500000000000045	0.001500000000000028	0.0014999999999998368	0.9998904999999915	1.0817868050968495e-23	4.9809507765493115e-23	1.7536228986124188e-24	1.0002964000000032	7.133671777106315e-22	5.591740940858467e-24	-1.9150885541827698e-23	0.9999072045656867	-0.8340781620685254	-0.0007791601149719665	0.004406589433806599	-0.0007794764106989742	20.70781765588408	0.0008561134221045144	0.004406663052030204	0.0008557803253998943	-1.143928126420661e-09	1599.565890624997	-0.833908397447727	-0.0007793177594778691	0.004405766139107889	-0.0007793177594798182	20.71200738995793	0.000855953472181223	0.0044057661391076084	0.0008559534721818799	-1.1437144033188529e-09	-0.00010950599557121432	0.0	0.0	0.0	0.0002963560822004706	0.0	0.0	0.0	-9.27997400761953e-05	21.141301580142347	0.000265181438581898
8	6.0	nan	nan	1	1	0.001500000000000045	0.001500000000000028	0.0014999999999998368	0.9997809999999961	9.856022434691835e-23	7.206662194357994e-22	1.387016451128917e-23	1.0005928000000197	6.051521012539942e-22	9.926167350636332e-25	5.315131744020735e-23	0.9998143509175543	-1.6646804667919186	-0.0015581898509815723	0.00881208126669229	-0.001559455066588949	41.435234477052994	0.0017139498722393291	0.008812375222063745	0.001712616439994039	-1.3850170277555224e-09	1599.565890624997	-1.664003149510915	-0.0015588205629148593	0.008808789684693275	-0.0015588205629189535	41.45200630805084	0.0017133096595159175	0.008808789684692665	0.0017133096595174284	-1.3844996815147292e-09	-0.000219023984005584	0.0	0.0	0.0	0.000592624363507599	0.0	0.0	0.0	-0.00018566631737015353	42.30856002548279	0.0005303294904292773
12	9.0	nan	nan	1	1	0.001500000000000045	0.001500000000000028	0.0014999999999998368	0.9996714999999947	-7.061475453242686e-23	1.2980515218876136e-21	-4.42045319348338e-24	1.0008891999999756	1.3672435257664492e-21	-6.114519087991981e-24	1.52995326097808e-23	0.9997214388001958	-2.4917859217285834	-0.0023371723931738734	0.013216354690971554	-0.0023400193032157026	62.1821837111092	0.002574542791872254	0.013217014916753247	0.0025715390116564365	-5.592916828835865e-08	1599.565890624997	-2.4902658855865405	-0.002338591847548358	0.013208952289787084	-0.002338591847557113	62.21994933462141	0.0025731008058588914	0.01320895228978831	0.0025731008058612267	-5.589784269584357e-08	-0.00032855396794958803	0.0	0.0	0.0	0.000888804895856006	0.0	0.0	0.0	-0.00027860000518159544	63.501718871636086	0.0007954442790246753
16	12.0	nan	nan	1	1	0.001500000000000045	0.001500000000000028	0.0014999999999998368	0.9995619999999978	-1.2132423480437767e-22	1.8880893789890389e-22	-3.8142952406045214e-23	1.0011855999999728	9.229218053723652e-22	-1.3076071123238261e-23	1.4844252400631613e-22	0.9996282529324984	-3.3033869634870574	-0.003084931659867795	0.01705512633690969	-0.00308994254666222	82.89046046621766	0.004132366943854811	0.017056256784294295	0.004125939035835344	-4.280690273309372e-06	1599.565890624997	-3.3007021321400276	-0.003087431195512831	0.017042394292929447	-0.003087431192497087	82.95762164948277	0.004129282036910568	0.017042394293044067	0.0041292820375048705	-4.277494639589109e-06	-0.0004380959500205881	0.0	0.0	0.0	0.0011848977313109624	0.0	0.0	0.0	-0.00037181618257216075	84.65625384323855	0.0010605930947553688
20	15.0	nan	nan	1	1	0.001500000000000045	0.001500000000000028	0.0014999999999998368	0.9994524999999999	-1.6517142471458857e-22	3.419736705861627e-21	-7.697411908173454e-23	1.0014819999999907	2.425478844462689e-21	-1.8793543517204788e-23	-1.0090279984166852e-22	0.9995251200544532	-3.6892764624618137	-0.002140835146062138	-0.009671905132113795	-0.002145183069655348	101.06428310713589	0.03356150091224796	-0.009672609108811656	0.03349592328921402	0.0035361402087566813	1599.565890624997	-3.6855672475741055	-0.002143025575253343	-0.009662883008357534	-0.0021430262931004364	101.16768861984588	0.03353019415204507	-0.00966288422479322	0.03353019517058425	0.0035328416347790515	-0.0005476499328531341	0.0	0.0	0.0	0.0014809029217697522	0.0	0.0	0.0	-0.00047499273673800663	103.05825651836928	0.0013288117983217163
24	18.0	nan	nan	1	1	0.001500000000000045	0.001500000000000028	0.0014999999999998368	0.9993430000000024	-3.0196724569615806e-22	6.892624729163463e-21	-7.199780051661553e-24	1.0017783999999947	-5.935159861410882e-21	2.0551136882757463e-22	-1.1627644783433407e-21	0.9993863770208748	-3.320569605652766	0.009369786403737496	-0.14159874105436723	0.009392624021916846	110.84382947796482	0.14323683303801524	-0.14160488845978103	0.1428948120218431	0.008269049324931926	1599.565890624997	-3.3167099974793337	0.009381703229207389	-0.14144029516745238	0.00938170666352651	110.98480457743737	0.1430765541620832	-0.14144029640185007	0.143076550693574	0.008259796440022952	-0.0006572159190753103	0.0	0.0	0.0	0.0017768205190698506	0.0	0.0	0.0	-0.0006138113227575558	112.6763696065421	0.0016084179904737991
28	21.0	nan	nan	1	1	0.001500000000000045	0.001500000000000028	0.0014999999999998368	0.9992334999999896	-1.1494237094240855e-21	-2.4513133493539453e-20	-2.8375603733019063e-22	1.0020748000000088	-3.324604317973129e-22	-5.190723779892759e-22	-9.423241538204092e-22	0.9992250670323503	-3.0641651515989845	0.027766026792120355	-0.2858878719807371	0.027844980206594386	115.89267880124342	0.29425607617245186	-0.28588545271754445	0.2934192581045551	0.003387968671756048	1599.565890624997	-3.060192228879673	0.027808875791973445	-0.28551478704877215	0.027808877076048753	116.07152633366522	0.2938720706971637	-0.2855147805265793	0.2938720676419637	0.0033835473577190295	-0.0007667939113337308	0.0	0.0	0.0	0.0020726505750594637	0.0	0.0	0.0	-0.0007752333834137766	117.6320057445576	0.0018957824099784656
32	24.0	nan	nan	1	1	0.001500000000000045	0.001500000000000028	0.0014999999999998368	0.9991239999999985	-4.0064658405128404e-22	-4.604322870508607e-20	3.142492234313454e-22	1.0023712000000056	2.210628937391636e-20	-2.0005859422962506e-21	3.3203691532368575e-22	0.999055247718483	-2.9863711510954105	0.05428319816349886	-0.39992146515845944	0.05445962598981549	119.27197668610312	0.44347454411092224	-0.3998939437146412	0.4420074661759771	0.0013338838211421915	1599.565890624997	-2.9821239876809806	0.054382169616054576	-0.3993252235510581	0.05438217448785378	119.48943846398622	0.44281336936023086	-0.39932522173017726	0.442813353125308	0.0013318951381059126	-0.0008763839122226553	0.0	0.0	0.0	0.0023683931414924986	0.0	0.0	0.0	-0.0009451988412343256	121.01186561682198	0.0021864840091781424
36	27.0	nan	nan	1	1	0.001500000000000045	0.001500000000000028	0.0014999999999998368	0.9990144999999984	9.291951431379675e-22	-2.2812397214571223e-20	-1.1104601938503877e-21	1.0026675999999766	1.1244785891274463e-20	-9.713350322638689e-22	3.561773543204333e-21	0.9988816182904253	-2.9691963111437447	0.08481122902810997	-0.49164232713689154	0.08512136171409232	121.86789020790279	0.5699399734157666	-0.4915769391097723	0.567787909917756	0.000586085843991838	1599.565890624997	-2.9646123241169997	0.08498994414413608	-0.49081801247930357	0.08498994729183541	122.12469151107862	0.5689843806034718	-0.4908180191612768	0.5689843585880793	0.0005851031801219048	-0.000985985924405205	0.0	0.0	0.0	0.0026640482700911383	0.0	0.0	0.0	-0.0011190075650721323	123.64031484239814	0.002478886660034709
40	30.0	nan	nan	1	1	0.001500000000000045	0.001500000000000028	0.0014999999999998368	0.9989049999999957	-3.6964517818177666e-21	7.331260740899102e-20	-4.895850435129856e-22	1.0029639999999995	-1.6634880051127204e-20	1.170599533105443e-21	4.45539330255762e-22	0.9987058730965042	-2.9445538696225175	0.11278137268358325	-0.5652169413803767	0.11323965771480646	123.97330515448223	0.6677401560294606	-0.5651042843033462	0.6649052202842294	0.00042097389594607053	1599.565890624997	-2.939656292577083	0.11305130639968146	-0.5641643492521559	0.11305131001501449	124.27002591750411	0.6664966369830975	-0.564164365424757	0.6664966208204506	0.0004201899247367555	-0.001095599950508147	0.0	0.0	0.0	0.0029596160126224773	0.0	0.0	0.0	-0.0012949650088713036	125.77466733023218	0.0027723228368436077
44	33.0	nan	nan	1	1	0.001500000000000045	0.001500000000000028	0.0014999999999998368	0.998795499999996	-1.1265538198482195e-22	-2.4265164598230755e-20	-2.8545010322469922e-21	1.003260399999983	1.3726592426729565e-20	3.90693946921046e-21	-6.615327318056085e-21	0.9985287725659296	-2.8851319782498384	0.1358572190502966	-0.6226356624243017	0.13646454017524923	125.7226468487237	0.738023122837191	-0.6224694056883452	0.7345424178697995	0.0003887180062827678	1599.565890624997	-2.879992988526101	0.13622146917530636	-0.6213606472472235	0.13622146988421854	126.05972492342104	0.7365118205790001	-0.6213606647699788	0.736511817577849	0.0003879220008697718	-0.0012052259931601122	0.0	0.0	0.0	0.0032550964206359504	0.0	0.0	0.0	-0.0014723107518199692	127.53506667720703	0.003066456111521992
48	36.0	nan	nan	1	1	0.001500000000000045	0.001500000000000028	0.0014999999999998368	0.9986860000000037	1.7059243557701607e-21	3.2070784965415946e-21	1.0486267887008238e-21	1.0035567999999992	1.8506653457969757e-19	1.0909784360635389e-21	-6.781345775717929e-21	0.9983507561410997	-2.7893171101672407	0.15408785727934465	-0.667708299351464	0.1548393720558331	127.2080816220422	0.7863799422500015	-0.6674841732629221	0.7823005264622616	0.00035131997623360264	1599.565890624997	-2.7840227616139566	0.15454547830234447	-0.6662172210244035	0.15454547445543224	127.5858731850736	0.7846238549138654	-0.6662172345365316	0.7846238579274005	0.0003505354336377802	-0.0013148640549913734	0.0	0.0	0.0	0.0035504895458017246	0.0	0.0	0.0	-0.0016506053587227669	129.01284486313523	0.0033610770790081313
52	39.0	nan	nan	1	1	0.001500000000000045	0.001500000000000028	0.0014999999999998368	0.9985764999999902	1.591490204596105e-20	1.4394986125407932e-19	6.661067097207818e-21	1.0038532000000024	4.444381874243314e-21	-8.62703056778505e-21	1.1099519740820351e-20	0.9981721091930534	-2.6662913437399127	0.16881487624893243	-0.7044759186347308	0.16970693058869665	128.5001103107172	0.8189626391071642	-0.7041906378688317	0.8143278988391515	0.0003078376185329978	1599.565890624997	-2.660920897658743	0.1693651077147308	-0.7027722476316672	0.1693651067582037	128.918940722009	0.8169820988730235	-0.7027722565428682	0.8169821011427332	0.000307093158700555	-0.0014245141386666448	0.0	0.0	0.0	0.003845795439622512	0.0	0.0	0.0	-0.001829563437916029	130.28333817832822	0.0036560429846331697
56	42.0	nan	nan	1	1	0.001500000000000045	0.001500000000000028	0.0014999999999998368	0.9984669999999981	4.198742319539567e-21	1.3741415503306514e-20	3.5626205761515876e-21	1.004149600000001	7.301932225100422e-20	-5.590417451878383e-23	-5.764906239012768e-21	0.9979930199427278	-2.5267821535193473	0.18121698763745767	-0.7355306411564347	0.18224835414508156	129.6502006951578	0.8403441965475975	-0.7351814856455591	0.8351919300623877	0.00026343054657264716	1599.565890624997	-2.5214007486317853	0.18186020962335125	-0.7336157290166245	0.18186021139111266	130.11038856523473	0.8381564082848841	-0.7336157356126218	0.8381564082763825	0.00026274472014557173	-0.001534176246779801	0.0	0.0	0.0	0.004141014153610929	0.0	0.0	0.0	-0.002008996740494431	131.40364871734604	0.003951255063044402
60	45.0	nan	nan	1	1	0.001500000000000045	0.001500000000000028	0.0014999999999998368	0.998357499999997	1.5715849303356287e-20	-8.116523810474882e-20	-9.834052517622426e-21	1.0044460000000008	3.4198108212445124e-20	1.0179641960102182e-20	-7.169286865560398e-21	0.9978136163155154	-2.3793759746943492	0.19163136042098872	-0.7620948746988435	0.19280002724413667	130.69478385741678	0.8537183091816808	-0.761679707109897	0.8480811848353377	0.00021897738207929374	1599.565890624997	-2.3740346444661387	0.19236722131942877	-0.7599698489489372	0.19236722106954662	131.19664942294565	0.8513378005988164	-0.7599698542379383	0.851337800982361	0.00021836678543179697	-0.0016438503819988493	0.0	0.0	0.0	0.004436145739233981	0.0	0.0	0.0	-0.0021887773108524955	132.41469754849086	0.004246643213215278
64	48.0	nan	nan	1	1	0.001500000000000045	0.001500000000000028	0.0014999999999998368	0.9982480000000004	2.9595331177065256e-21	-3.36034910834726e-20	-4.873827578501244e-21	1.0047424000000038	6.33648407181997e-20	-2.249719507907422e-21	1.3044307387716226e-21	0.9976339880300789	-2.2300692810919025	0.20014972221093313	-0.7849005359024703	0.20145185295979942	131.65944942336742	0.8614277246283145	-0.7844177565455717	0.8553332448971589	0.0001789863901033894	1599.565890624997	-2.2248072394157736	0.20097651279782067	-0.7825668500952346	0.20097650985947707	132.20331624594192	0.8588665062790201	-0.7825668548890916	0.858866507235578	0.00017845422331388356	-0.001753536546948748	0.0	0.0	0.0	0.004731190247905822	0.0	0.0	0.0	-0.0023688153990792053	133.34519734843573	0.004542156361538796
68	51.0	nan	nan	1	1	0.001500000000000045	0.001500000000000028	0.0014999999999998368	0.9981384999999865	-9.244517586333434e-21	-2.3823902784358626e-19	1.0398176460493791e-20	1.0050388000000055	-1.5189672436521917e-19	-6.427286003765631e-21	1.2861348271109296e-20	0.9974541989279474	-2.08285411174925	0.2070477797727883	-0.8045862250311518	0.20847913095176748	132.56216648987174	0.8652235251734142	-0.8040346240487033	0.858694050501017	0.0001436666548132669	1599.565890624997	-2.0777010575373485	0.2079633513339425	-0.8020454091191018	0.20796334626104696	133.14836041021374	0.8624912217460774	-0.8020454141551264	0.8624912216333701	0.0001432129675498957	-0.0018632347442904657	0.0	0.0	0.0	0.005026147730989368	0.0	0.0	0.0	-0.0025490471339903995	134.21519172568188	0.004837756752117766
72	54.0	nan	nan	1	1	0.001500000000000045	0.001500000000000028	0.0014999999999998368	0.9980289999999962	-1.8373838691840283e-20	-2.2710139162013946e-19	6.830473686658678e-21	1.0053351999999738	-9.190985104066962e-20	6.051203375184722e-21	1.2996873542669984e-20	0.9972742961081175	-1.940255349891916	0.21273710355721728	-0.8217422769582641	0.21429446768743565	133.41578676310718	0.8663584366590313	-0.821120885687694	0.859411864462723	0.000112293841125146	1599.565890624997	-1.9352335080894307	0.21373982795119792	-0.8189956241746901	0.21373982269396405	134.04463458369202	0.8634626554897449	-0.8189956297574013	0.8634626540361618	0.00011191850180045375	-0.0019729449766233316	0.0	0.0	0.0	0.005321018239775816	0.0	0.0	0.0	-0.002729425386735705	135.03883919553243	0.005133415683250883
76	57.0	nan	nan	1	1	0.001500000000000045	0.001500000000000028	0.0014999999999998368	0.9979194999999961	-1.2583521464409886e-20	-3.1902140705617617e-19	3.172985420414609e-21	1.005631600000022	-2.0030973949848597e-19	-7.367492575217905e-21	2.5499079844143457e-20	0.9970943160020332	-1.8037282413730622	0.21756107459601187	-0.8368264047356659	0.21924241989519064	134.22975711838734	0.8656681688458611	-0.8361344349105995	0.858319098322575	8.482113527724461e-05	1599.565890624997	-1.7988541518748504	0.21864998183721426	-0.8338750013513292	0.21864997633752908	134.9015857291922	0.8626150434320528	-0.8338750069242702	0.8626150408902483	8.452197958102875e-05	-0.002082667246621733	0.0	0.0	0.0	0.005615801825656078	0.0	0.0	0.0	-0.002909913693139539	135.82633218980433	0.005429110584975667
80	60.0	nan	nan	1	1	0.001500000000000045	0.001500000000000028	0.0014999999999998368	0.9978100000000097	1.122911578175026e-20	-8.734180235612718e-20	-3.88618716200273e-21	1.0059280000000004	1.6984027031985427e-19	-1.3508481442811582e-20	-4.150461441546072e-21	0.9969142872114684	-1.6740746090923206	0.22174581127105242	-0.8501570701238139	0.22354988893000935	135.0111570769429	0.8637035571854949	-0.8493939077696557	0.8559642566314647	6.121707782384233e-05	1599.565890624997	-1.6693603436516007	0.22292036867948772	-0.8470019728001299	0.22292036291609355	135.72629281663137	0.8604981862281782	-0.8470019783280356	0.8604981829014557	6.098988940749755e-05	-0.0021924015569039714	0.0	0.0	0.0	0.005910498539710499	0.0	0.0	0.0	-0.003090483416625437	136.58515266782584	0.005724823474828443
84	87.1	nan	nan	1	1	0.001500000000000045	0.001500000000000028	0.0014999999999998368	0.9968208500000012	2.4763855245926725e-20	-1.341937357676043e-19	-1.8011308590415442e-20	1.0086054799999866	7.577217932958069e-20	1.5514255461909764e-20	-1.8634724839594607e-20	0.9952885559556335	-0.8467032708571496	0.24769752612107207	-0.9243581650967266	0.2506261819712293	141.15823965498114	0.833745133505096	-0.9229376424276079	0.8227366016199076	0.014077711322438619	1599.565890624997	-0.8434530315853079	0.24966378211247076	-0.9193943806812174	0.24966410341640105	142.278772584007	0.829267939213459	-0.9193947623252996	0.8292675944707907	0.014002114300951773	-0.0031842142335137607	0.0	0.0	0.0	0.008568663919559362	0.0	0.0	0.0	-0.004722577881590647	142.71219890435987	0.008395154901771819
88	114.2	nan	nan	1	1	0.001500000000000045	0.001500000000000028	0.0014999999999998368	0.9958316999999908	-3.2546393965299236e-20	-1.2205405956755566e-19	9.084428359302371e-21	1.0112829600000144	-4.643705667391196e-19	5.700870548200343e-20	-7.382061541910678e-20	0.9936678278976661	-0.4177222965794497	0.2702441145876079	-0.9715414011324972	0.27443759811902896	146.53523292362217	0.8190268198530232	-0.9694305655107274	0.8047602684709035	0.00854850410948047	1599.565890624997	-0.4156939833620566	0.27310463374423377	-0.9647230959729821	0.2731050252298809	148.08630034108768	0.8132788663586321	-0.964723350105968	0.8132786118507966	0.00848851046473423	-0.0041770115791989965	0.0	0.0	0.0	0.011219782184520447	0.0	0.0	0.0	-0.006352305340520846	148.30721628158724	0.011061157475481162
92	141.3	nan	nan	1	1	0.001500000000000045	0.001500000000000028	0.0014999999999998368	0.9948425499999898	-2.1724701031178295e-20	1.513512351471874e-19	1.1085543697190656e-20	1.013960439999969	-1.7089736743802762e-20	2.0274580625478933e-20	-6.057979638762756e-21	0.9920546374401594	-0.22805787488520976	0.2919141957355856	-1.0110089189197158	0.2975215663524294	151.49429517911202	0.8219865903158465	-1.0081746659565	0.8042277049100649	-0.017537577231235144	1599.565890624997	-0.2267192886818117	0.29577759378831736	-1.0022582127586341	0.2957752628576117	153.49927737437702	0.8148719516755769	-1.002257182514439	0.8148714207501704	-0.01738578214589426	-0.005170795551045309	0.0	0.0	0.0	0.013863890601196917	0.0	0.0	0.0	-0.007977095149327883	153.63858216216255	0.013721218385359793
96	168.4	nan	nan	1	1	0.001500000000000045	0.001500000000000028	0.0014999999999998368	0.9938534000000001	-6.348681346260432e-20	9.011752932427952e-20	4.4977449499203345e-21	1.0166379200000029	-1.7487503415833382e-19	-2.3527187142935446e-20	1.2124090793819153e-19	0.990450549364253	-0.15152119107002657	0.31123193396268095	-1.047153207803819	0.31836305223004635	156.2063485123269	0.837165047450076	-1.0435664235474258	0.8155998873376291	-0.008864786462155248	1599.565890624997	-0.15047843773911126	0.31617609142508857	-1.0363861369247784	0.31617211028450803	158.68780590598007	0.8285571232837022	-1.036384706214683	0.8285563157412861	-0.008773636682491422	-0.006165568111988378	0.0	0.0	0.0	0.016501026141619718	0.0	0.0	0.0	-0.00959533901233268	158.78505662419357	0.016374493021736033
100	195.5	nan	nan	1	1	0.001500000000000045	0.001500000000000028	0.0014999999999998368	0.9928642499999881	-5.348504842142554e-20	7.146925195752884e-19	1.9276775813613366e-20	1.0193153999999829	6.148103944350614e-19	-6.597370219574295e-20	1.3036175871422584e-19	0.9888555541973258	-0.16381702875676596	0.3280866795032705	-1.0813469133118798	0.33682396271987797	160.70610182761712	0.8601323312243204	-1.0769795183385693	0.8344284959898572	-0.008670651397452179	1599.565890624997	-0.16252403712479951	0.33416877572389847	-1.0684804637502567	0.33416544444160284	163.68528396337908	0.8498980122284635	-1.0684790253459961	0.849897195936859	-0.0085674833044948	-0.007161331230863524	0.0	0.0	0.0	0.019131225485812996	0.0	0.0	0.0	-0.011207010404953638	163.78897817923485	0.01902089269807819
104	222.60000000000002	nan	nan	1	1	0.001500000000000045	0.001500000000000028	0.0014999999999998368	0.9918750999999904	-3.21262656234611e-20	-1.05419010109839e-18	5.0767766726633745e-20	1.021992880000005	7.582638943820496e-20	6.965998958219366e-21	5.816067029026928e-20	0.987269978447943	-0.23232811892944827	0.3434376784947966	-1.1139485734086567	0.3538629044008283	165.0377841039464	0.8879394002732621	-1.1087752946395548	0.8577703336980285	-0.00725938321348252	1599.565890624997	-0.2302597214994904	0.35071554919780656	-1.0989053394798116	0.3507124931402681	168.53513960403018	0.875948290062424	-1.0989039627473973	0.8759475517857244	-0.00716134942407213	-0.008158086882322705	0.0	0.0	0.0	0.02175452502535187	0.0	0.0	0.0	-0.012811742557288263	168.67261818709076	0.02166024374991079
108	249.70000000000002	nan	nan	1	1	0.001500000000000045	0.001500000000000028	0.0014999999999998368	0.9908859499999992	4.2026386710969365e-20	1.1414954810377854e-18	2.9026125036510365e-20	1.024670359999993	-6.691560283308973e-19	2.6617163334519133e-20	-1.2344996986463075e-19	0.9856939074677609	-0.3429899270366074	0.35780673562239523	-1.1451582682785983	0.37000321130969366	169.22375331732638	0.9185540975371979	-1.1391564187203587	0.8836133874462146	-0.0063717145599895665	1599.565890624997	-0.33959017736166847	0.3663386739857086	-1.1278664257838358	0.366335703321209	173.25891109712757	0.9046839686497662	-1.12786498897573	0.9046832394309064	-0.006275501933626098	-0.009155837046972948	0.0	0.0	0.0	0.02437096086599435	0.0	0.0	0.0	-0.014409411249232309	173.45132465494137	0.024292493040677047
112	276.8	nan	nan	1	1	0.001500000000000045	0.001500000000000028	0.0014999999999998368	0.9898967999999942	1.0379880548833098e-19	-1.9898294708990682e-18	2.134523027080837e-22	1.0273478399999885	1.156030566412669e-19	5.89534931288993e-20	-1.371515748194163e-20	0.9841273904578115	-0.48627842123706405	0.37129401606694346	-1.1751640332805149	0.38533829537257774	173.28091240030247	0.9509044902549825	-1.1683131780235554	0.9108992867683788	-0.005750894216125718	1599.565890624997	-0.48096798214371433	0.3811331377727569	-1.1555561642027707	0.3811301803122681	177.87277737152138	0.9350384407314023	-1.155554528445668	0.9350377014920809	-0.005654939287557178	-0.010154583711368794	0.0	0.0	0.0	0.02698056883095054	0.0	0.0	0.0	-0.01599992846197597	178.1363947649188	0.02691761404789742
116	303.9	nan	nan	1	1	0.001500000000000045	0.001500000000000028	0.0014999999999998368	0.9889076499999916	-1.5449880957918439e-21	2.578314081333466e-18	-4.5028271476038603e-20	1.0300253200000102	-1.5932350924674488e-19	2.9788454689039234e-20	-1.0373104285255064e-19	0.9825704392871867	-0.6563198804302045	0.3839901195639998	-1.204216610972255	0.3999529757994281	177.22175169868652	0.984453509744067	-1.1964977307919273	0.9390974499846199	-0.0052856126177736485	1599.565890624997	-0.6484910172732113	0.395185152151166	-1.182227279752854	0.3951821663052627	182.3885598646732	0.9664771140536053	-1.1822253960945799	0.966476348605865	-0.0051890958570092955	-0.011154328867985784	0.0	0.0	0.0	0.0295833844636811	0.0	0.0	0.0	-0.017583243877628756	182.73667247143368	0.02953560211293609
120	331.0	nan	nan	1	1	0.001500000000000045	0.001500000000000028	0.0014999999999998368	0.9879185000000037	1.3335686721571704e-20	5.393634757572263e-19	-1.3959102970750869e-21	1.0327027999999903	-3.342351352284001e-18	-5.0984607161130846e-20	5.1662233518934284e-20	0.9810230431069824	-0.8493943239804564	0.3960152029235265	-1.2325443478228968	0.4139642303314251	181.05589967823227	1.0188667952194754	-1.2239393595633516	0.9678786988623506	-0.004914162814392084	1599.565890624997	-0.8384067987466783	0.4086123906385403	-1.20810889434877	0.4086093058891083	186.81526229441405	0.9986675446084171	-1.2081068254644707	0.9986667836755663	-0.004816738492883925	-0.012155074515285151	0.0	0.0	0.0	0.032179443030744694	0.0	0.0	0.0	-0.019159330286954532	187.25928450622007	0.03214646581825925
124	358.1	nan	nan	1	1	0.001500000000000045	0.001500000000000028	0.0014999999999998368	0.9869293499999977	-4.412702842016003e-20	9.181837148236616e-20	2.7084725521403507e-20	1.0353802799999903	-3.9863403376860786e-19	-9.278060091044704e-20	-4.6932401541466274e-20	0.979485177013905	-1.0630079605742435	0.40744195028180336	-1.260274529282024	0.42744115752367356	184.7910534297991	1.053975522594555	-1.2507663641224605	0.9970758650585074	-0.0046135901141364155	1599.565890624997	-1.048186977381516	0.4214846953524844	-1.23332974404786	0.42148156131508446	191.15999421476855	1.0314414290787914	-1.23332756032397	1.0314407167372834	-0.004514951133584545	-0.013156822657779878	0.0	0.0	0.0	0.03476877952487266	0.0	0.0	0.0	-0.020728174929094276	191.7100929043708	0.0347502219767551
128	385.20000000000005	nan	nan	1	1	0.001500000000000045	0.001500000000000028	0.0014999999999998368	0.9859401999999834	1.2240642527361345e-19	5.658180087658726e-20	-2.0667603913004928e-22	1.0380577599999614	-6.41725713367014e-19	8.326672684688674e-20	-1.685256751857156e-19	0.9779568072796646	-1.2953717875459316	0.4183372571859706	-1.2874951413225244	0.44044766784765993	188.43356234158838	1.0897295814721875	-1.2770676273527544	1.0266363410157318	-0.004373910333245617	1599.565890624997	-1.2760075402200892	0.43386667747375196	-1.2579793289386454	0.4338635059442649	195.42855008332214	1.0647475424387376	-1.2579770051656405	1.0647469012120374	-0.00427363848550305	-0.014159575305969832	0.0	0.0	0.0	0.037351428667569964	0.0	0.0	0.0	-0.022289774258313966	196.09400232116639	0.03734689263234387
132	412.3	nan	nan	1	1	0.001500000000000045	0.001500000000000028	0.0014999999999998368	0.9849510499999825	-2.9544509200229996e-21	3.574140224234246e-18	-1.0314828418483967e-19	1.0407352400000283	-3.039587895617424e-18	7.117787262367336e-20	-2.1013193355484684e-19	0.9764378943046612	-1.545160718982508	0.428797766043662	-1.3142901204307107	0.45308007001264317	191.98879755720733	1.126103948810423	-1.3029279066039068	1.056531921306747	-0.004169587862969509	1599.565890624997	-1.5205082230593159	0.4458545890875478	-1.282142615767793	0.4458513368189716	199.62577518551024	1.0985594733688444	-1.2821401500222371	1.0985589080334244	-0.004067599844355073	-0.015163334476396877	0.0	0.0	0.0	0.03992742491217809	0.0	0.0	0.0	-0.023844130990434694	200.41519163210205	0.03993650332539855
136	439.40000000000003	nan	nan	1	1	0.001500000000000045	0.001500000000000028	0.0014999999999998368	0.9839618999999917	1.180425115293593e-19	3.839661336275946e-18	-6.75220784233238e-20	1.0434127199999859	4.893004404427081e-19	-1.190453985389084e-19	1.5951324462692983e-19	0.9749283936823662	-1.8114335140897921	0.4389214971012916	-1.340720722503191	0.4654377214030145	195.4613425502039	1.1630591008497486	-1.3284092702062043	1.0867213304386114	-0.003999739092837866	1599.565890624997	-1.7807114565898372	0.45754714575735195	-1.3058819310234608	0.45754386036513006	203.75575126844856	1.1328368682751264	-1.3058793425741348	1.1328363870523115	-0.0038958053847285906	-0.016168102191706817	0.0	0.0	0.0	0.04249680244615194	0.0	0.0	0.0	-0.02539125305837387	204.6772780558849	0.04251908232589729
140	466.5	nan	nan	1	1	0.001500000000000045	0.001500000000000028	0.0014999999999998368	0.9829727499999901	-2.905661822261152e-20	-7.022241945917051e-20	1.2728364098390372e-19	1.046090200000003	3.2605347458428137e-18	-2.8080836267374566e-20	-1.6605911524331107e-19	0.9734282578638912	-2.0934864216764297	0.4487722324475064	-1.3668234433683497	0.4775849725420393	198.8551715664121	1.2005572517491625	-1.3535491637101738	1.1171655138743866	-0.0038536479104989826	1599.565890624997	-2.0558767046889406	0.46900832276434223	-1.329235119138312	0.46900510525997674	207.82197236387117	1.1675413304504603	-1.3292325020644646	1.1675408726935415	-0.003747670677059619	-0.01717388048066643	0.0	0.0	0.0	0.04505959519445802	0.0	0.0	0.0	-0.02693115194056477	208.88340355730193	0.04509465973312199
144	493.6	nan	nan	1	1	0.001500000000000045	0.001500000000000028	0.0014999999999998368	0.9819835999999951	-1.4110891274898841e-19	2.619906787175441e-19	1.3818156688327754e-19	1.0487676800000123	2.2176000185475386e-18	5.2800645800044065e-20	-2.1768069118077717e-19	0.9719374368542535	-2.3907890492107424	0.4583705678840806	-1.3926265515540648	0.48954077841413357	202.17375424476154	1.2385675286192026	-1.3783766415949463	1.1478325951208386	-0.003728211141359517	1599.565890624997	-2.3454363532159173	0.48025752502495844	-1.352231788433042	0.4802543070260302	211.8274462664633	1.2026414277760642	-1.3522291666375634	1.2026410068613276	-0.003620070013537189	-0.018180671378130904	0.0	0.0	0.0	0.04761583682167509	0.0	0.0	0.0	-0.028463841969520117	213.03631325646938	0.047663267043500504
148	520.7	nan	nan	1	1	0.001500000000000045	0.001500000000000028	0.0014999999999998368	0.9809944499999973	-7.518942066186973e-20	-3.0698506887569253e-19	-3.9178661942300406e-20	1.051445160000011	9.523902933655792e-19	7.188260403578895e-20	-1.9447876468958737e-20	0.9704558787974145	-2.702965268236485	0.46768793649998813	-1.418157306557694	0.501271978360664	205.4201572103095	1.2770582947067568	-1.4029197623735896	1.1786904272801835	-0.0036210562436854135	1599.565890624997	-2.648976123600394	0.49126273564717293	-1.3749003746044492	0.4912595502840759	215.77479449956166	1.2381051944413528	-1.3748977826412956	1.2381048100581333	-0.0035106060257810434	-0.019188476925135135	0.0	0.0	0.0	0.050165560734936755	0.0	0.0	0.0	-0.029989339748180327	217.13844264568385	0.050224936809728095
152	547.8	nan	nan	1	1	0.001500000000000045	0.001500000000000028	0.0014999999999998368	0.9800052999999942	-1.1145598333150986e-19	2.012421533668235e-18	-1.4055749430032585e-19	1.054122639999997	1.691341836550231e-18	5.919743861770855e-20	1.1263505319408784e-19	0.9689835305021322	-3.0297546435044262	0.4766641575963923	-1.4434390200006324	0.5127107560207551	208.59711434517246	1.3160092862576749	-1.427202557722001	1.2097178966973614	-0.003523676205092402	1599.565890624997	-2.966196534622824	0.5019583426997825	-1.397265306397539	0.5019551240009149	219.6663209095717	1.2739118820440583	-1.397262742049378	1.2739115808968264	-0.0034109584430882267	-0.020197299168884127	0.0	0.0	0.0	0.05270880008649045	0.0	0.0	0.0	-0.03150766362163956	221.19196410738596	0.0527797023531489
156	574.9	nan	nan	1	1	0.001500000000000045	0.001500000000000028	0.0014999999999998368	0.97901614999999	-1.2831532711365945e-19	3.8571847538887425e-19	-1.616916016090311e-19	1.0568001200000041	1.808205278217012e-18	-9.427137889761462e-20	-3.1184364986114323e-20	0.9675203377969346	-3.3709747206903113	0.4852199368291238	-1.468495823632734	0.5237678266875059	211.70708515429823	1.3554340219245413	-1.451249860363657	1.2409251540688226	-0.0034380390429156246	1599.565890624997	-3.2968754371586892	0.5122579156092857	-1.419351646069953	0.5122545927091415	223.504068834356	1.3100735318393115	-1.4193491242892282	1.3100734009499018	-0.0033229828074985905	-0.021207140162778033	0.0	0.0	0.0	0.0552455877763164	0.0	0.0	0.0	-0.033018833320394105	225.19883384907925	0.055327597566407025
160	602.0	nan	nan	1	1	0.001500000000000045	0.001500000000000028	0.0014999999999998368	0.9780269999999982	5.399326818977812e-20	-4.3815184770298884e-18	9.526748964358566e-20	1.0594775999999955	-1.766219549087511e-18	-5.063224145507306e-20	-5.505036530795149e-20	0.9660662462572235	-3.72644508132633	0.49326718131254715	-1.4933650475258353	0.5343431793921266	214.75231894405562	1.3953582439625505	-1.4750993949839781	1.2723331622959537	-0.0033569059897504655	1599.565890624997	-3.6407934208527424	0.5220648679922008	-1.441197031615027	0.5220613988804487	227.28988525492147	1.3466139190616047	-1.4411945044551762	1.3466139033386373	-0.0032396385303476035	-0.02221800196643457	0.0	0.0	0.0	0.05777595645458069	0.0	0.0	0.0	-0.034522869214947474	229.16080877857462	0.05786865657454261
164	603.31	nan	nan	1	1	0.001500000000000045	0.001500000000000028	0.0014999999999998368	0.9781130461946831	9.909607856517511e-20	-1.0156060562850622e-18	3.023229995340049e-20	1.0593481720000082	3.519184726616387e-18	6.071532165918825e-20	1.8407042383372653e-19	0.9660648775152908	0.00026017110045415645	0.48986106557392906	-1.4850933561765303	0.5305448678106862	203.84072748932775	1.3799019933742482	-1.4668004038957436	1.2583916436829425	0.0005209817900669701	1599.565890624997	0.00025422253166646527	0.5184150227879925	-1.4332633051441408	0.5184144558025111	215.7225850613201	1.331743141650329	-1.4332633850448477	1.3317431787965959	0.0005027994228414941	-0.0221300264711138	0.0	0.0	0.0	0.05765378690023626	0.0	0.0	0.0	-0.034524286035903885	215.75068948094804	0.05776556389879158
168	604.62	nan	nan	1	1	0.001500000000000045	0.001500000000000028	0.0014999999999998368	0.97815367013163	-3.4184894498467955e-19	3.343123846331897e-18	8.649731050771464e-20	1.0592187440000147	5.340915426935155e-19	1.6604556271615501e-19	-1.0945020931241168e-19	0.9660977522249127	0.00010452456413102734	0.48660124011897143	-1.4760074272383525	0.5269284380127431	194.25025857118138	1.3664248023820653	-1.4578153695655347	1.2462958641837654	0.00018919453488853055	1599.565890624997	0.00010214371190738448	0.5149262725721666	-1.4246093704165943	0.5149261038842029	205.55755584959567	1.3188426707887992	-1.4246093668126076	1.3188426805269728	0.0001826063353475827	-0.02208849436650482	0.0	0.0	0.0	0.0575316024186648	0.0	0.0	0.0	-0.034490257109849584	205.5868484482114	0.0576602812694177
172	605.93	nan	nan	1	1	0.001500000000000045	0.001500000000000028	0.0014999999999998368	0.978194164828549	-3.58870919092702e-20	-3.1523245927651823e-18	-2.6799275418178808e-20	1.059089315999997	1.3654577685554004e-18	-5.860112742284151e-20	1.4853569763051412e-19	0.9661343856006355	3.9196116341331136e-05	0.4840289937697402	-1.469729809643717	0.5240573861444746	185.4436336132075	1.3568121554751	-1.4516100716771807	1.2377264657899532	6.97906927028783e-05	1599.565890624997	3.8306538700808356e-05	0.5121636712826999	-1.4186649793958932	0.5121636125622238	196.2227334103181	1.3096705775177777	-1.4186649744822648	1.309670575362905	6.736585934074214e-05	-0.022047096107768654	0.0	0.0	0.0	0.057409403006196714	0.0	0.0	0.0	-0.03445233891667848	196.2531804799313	0.05755346293220768
176	607.24	nan	nan	1	1	0.001500000000000045	0.001500000000000028	0.0014999999999998368	0.9782346090852427	-1.0831179703130189e-19	-8.035022300290073e-19	-8.417644023223786e-20	1.058959887999995	-1.2784369916862825e-18	-1.0272815584300155e-19	2.785586431658382e-19	0.9661724412062014	1.507569900233896e-05	0.4820440203697164	-1.4655821784835577	0.5218229426565312	176.93760276589126	1.349981705956894	-1.4475107450370652	1.2316945445575236	2.7021215507981534e-05	1599.565890624997	1.473476800130156e-05	0.510022141615776	-1.4147758624490845	0.5100221221322452	187.2071663202206	1.3031828309428903	-1.414775859096258	1.3031828274726611	2.6084489860734726e-05	-0.022005751125279416	0.0	0.0	0.0	0.05728718865922232	0.0	0.0	0.0	-0.03441295013530806	187.23887277053973	0.05744606038494664
180	608.55	nan	nan	1	1	0.001500000000000045	0.001500000000000028	0.0014999999999998368	0.9782750242108578	-3.5561831257524547e-20	9.296762578520079e-19	1.5948105737493419e-19	1.0588304599999863	-4.477646552147885e-18	-2.585822181377928e-20	-2.621058751983707e-20	0.9662110865302536	5.8386004551019836e-06	0.48050947867563976	-1.4628150869680467	0.5200767211815162	168.55830431948004	1.344990381630757	-1.44477587353858	1.2273396589432972	1.0815313117856884e-05	1599.565890624997	5.7070320828809565e-06	0.5083571974638984	-1.4122189619567234	0.5083571921331819	178.3270278648551	1.298469599821577	-1.412218960051275	1.298469597470487	1.0441231021341267e-05	-0.021964437630131735	0.0	0.0	0.0	0.057164959374069346	0.0	0.0	0.0	-0.03437295256391228	178.36014808704022	0.057338414571493385
184	609.86	nan	nan	1	1	0.001500000000000045	0.001500000000000028	0.0014999999999998368	0.9783154176385771	6.434739893701469e-20	1.4941457901658518e-18	5.66292347216335e-20	1.0587010319999997	-4.2461829408493855e-18	-3.63207727782644e-21	2.789652189805203e-19	0.9662499944134267	2.2939997798289146e-06	0.47930328106627734	-1.4608715283534734	0.5186863752393827	160.237047178844	1.3411818284679984	-1.4428548090034357	1.224063161919251	4.595629564770109e-06	1599.565890624997	2.242490082551253e-06	0.5070397407100163	-1.4104568058846094	0.5070397402203045	169.50969055115868	1.2948976013130575	-1.4104568048371815	1.294897599806744	4.437034243702953e-06	-0.021923148020552646	0.0	0.0	0.0	0.057042715147112226	0.0	0.0	0.0	-0.034332684862211416	169.54440058871864	0.05723065976535996
188	611.17	nan	nan	1	1	0.001500000000000045	0.001500000000000028	0.0014999999999998368	0.9783557926663015	2.806457323478728e-19	5.000252328076632e-18	-1.4355768499950059e-19	1.0585716039999824	7.424697792343671e-18	5.567378155713065e-20	5.399326818977812e-20	0.966289028419444	8.996248892766401e-07	0.4783278878594073	-1.4593787230472668	0.51754619764396	151.9451197594981	1.3381300203926536	-1.4413791570682541	1.2214765171586417	2.1441515451381397e-06	1599.565890624997	8.794966181965041e-07	0.5059665813667044	-1.409129638229828	0.5059665823141274	160.72479726012642	1.292055750684876	-1.4091296375871527	1.2920557493986637	2.070324476707171e-06	-0.021881878922793703	0.0	0.0	0.0	0.05692045597464916	0.0	0.0	0.0	-0.03429228825902586	160.7612924492028	0.05712285192814089
192	612.48	nan	nan	1	1	0.001500000000000045	0.001500000000000028	0.0014999999999998368	0.978396151287819	1.078781161623077e-20	6.709110805976082e-19	-1.27487775924192e-19	1.0584421760000051	5.412432112737731e-18	2.3906657903305373e-20	-1.547969651766179e-19	0.9663281283067598	3.0712693423584623e-07	0.47751047463811164	-1.4580969502534418	0.516577284535104	143.66989078868542	1.3355670607167935	-1.4401120594667227	1.2193354023861416	1.0994615933462293e-06	1599.565890624997	3.002798196066366e-07	0.5050606643580736	-1.4080060761753137	0.505060665550332	151.9589921979775	1.289685529005454	-1.408006075752825	1.2896855275712764	1.0616911335583555e-06	-0.0218406282965731	0.0	0.0	0.0	0.05679818185309092	0.0	0.0	0.0	-0.034251825110714125	151.9974923191254	0.05701501563666889
196	613.79	nan	nan	1	1	0.001500000000000045	0.001500000000000028	0.0014999999999998368	0.9784364951339597	-2.227493363371469e-19	-2.8612434145071364e-18	7.791856081792309e-21	1.0583127479999956	-1.1384122811097797e-21	-5.030698080332741e-20	3.2038174196946654e-20	0.9663672657567538	3.056393279554648e-08	0.4768005015097759	-1.456873006798246	0.5157248861073772	135.40552553611204	1.3333274855659774	-1.4389021575265648	1.2174889106116904	6.037182293021636e-07	1599.565890624997	2.988498197285419e-08	0.5042685113285225	-1.4069382146876304	0.5042685123435229	143.2061052191479	1.287627256035726	-1.4069382144043618	1.2876272541012712	5.830255923099503e-07	-0.021799394472903817	0.0	0.0	0.0	0.05667589277871247	0.0	0.0	0.0	-0.03421132472961991	143.24686286869897	0.056907162268085947
200	615.1	nan	nan	1	1	0.001500000000000045	0.001500000000000028	0.0014999999999998368	0.9784768257947233	-8.51098705401121e-20	-3.720575280155569e-19	9.452718284768541e-20	1.0581833199999722	4.161994642155886e-18	-5.990217002982412e-20	-2.0331501239534423e-19	0.9664064263602408	-1.028137903581472e-07	0.476165674248811	-1.455606376796308	0.5149540199684713	127.14918771650946	1.3313113463605535	-1.4376501514353812	1.2158458875160152	3.383019640691431e-07	1599.565890624997	-1.0053809443216432e-07	0.5035559492668479	-1.4058289863974638	0.5035559501086722	134.46313621850797	1.2857844747511735	-1.405828986390365	1.2857844720037566	3.2673304735728925e-07	-0.02175817582480329	0.0	0.0	0.0	0.05655358874787405	0.0	0.0	0.0	-0.034170802030400835	134.50644768054218	0.056799297417202965
204	616.41	nan	nan	1	1	0.001500000000000045	0.001500000000000028	0.0014999999999998368	0.9785171450356553	-6.646159317336142e-20	4.8934109802417635e-19	-2.0418576226512165e-20	1.0580538920000013	-3.4929741390965495e-18	-5.968532959532702e-20	4.215920147709884e-19	0.9664456021204376	-1.5955985719628974e-07	0.4755862922497285	-1.4542265187407868	0.5142433430267078	118.89946985375437	1.3294621977396457	-1.4362863552682548	1.2143548645390962	2.0347633887229933e-07	1599.565890624997	-1.560408961328027e-07	0.5029021298085887	-1.404610243896503	0.5029021301837796	125.72859562396124	1.2841027156039098	-1.4046102441831474	1.284102712109824	1.9653399679365957e-07	-0.021716970546157836	0.0	0.0	0.0	0.056431269756979506	0.0	0.0	0.0	-0.03413026529026224	125.7748147813849	0.05669142396242565
208	617.72	nan	nan	1	1	0.001500000000000045	0.001500000000000028	0.0014999999999998368	0.9785574548805068	-2.502338614096544e-19	-9.827953880402196e-19	-8.219268906976829e-20	1.0579244639999836	-4.950602644840374e-18	-6.965998958219366e-20	-2.840609691912022e-20	0.9664847882949117	-1.727155738718844e-07	0.4750523492681402	-1.4526809046639373	0.5135820070237562	110.65572623960647	1.3277507221960632	-1.4347588791131627	1.2129891269221715	1.4628772997699048e-07	1599.565890624997	-1.6892028942592885e-07	0.5022964598908778	-1.4032312176444357	0.5022964595852031	117.00179915421394	1.282553695483785	-1.403231218152159	1.2825536917726705	1.4130805244503179e-07	-0.02167577656728865	0.0	0.0	0.0	0.05630893580227582	0.0	0.0	0.0	-0.03408971941786711	117.05135590516612	0.05658354335959333
212	619.03	nan	nan	1	1	0.001500000000000045	0.001500000000000028	0.0014999999999998368	0.9785977575637463	2.5413698923060222e-19	2.378847986650445e-18	2.1381652687540302e-20	1.0577950359999972	2.842195337589282e-18	-5.3939058081153845e-20	-4.594306705907325e-19	0.9665239818765696	-1.55773637333545e-07	0.47456190667102816	-1.4509316650965145	0.5129678914020468	102.41773293677895	1.3261594524731835	-1.4330303127347026	1.2117327720216942	1.3211753093517187e-07	1599.565890624997	-1.5236310052566512e-07	0.5017368784859612	-1.4016552819827794	0.5017368775633638	108.28250835760858	1.2811205696491443	-1.401655282165857	1.2811205662462877	1.2763056974484974e-07	-0.021634591603532122	0.0	0.0	0.0	0.05618658688017379	0.0	0.0	0.0	-0.034049167525637185	108.33593383959052	0.0564756562877697
216	620.34	nan	nan	1	1	0.001500000000000045	0.001500000000000028	0.0014999999999998368	0.9786380553589235	1.0809495659680479e-19	3.2103023039388446e-18	4.76769435021028e-20	1.0576656079999813	8.82838724000634e-19	1.6371452804531116e-20	-3.440444543839627e-19	0.966563180934915	-1.173465963845155e-07	0.47411703745361916	-1.448958383925833	0.5124032119490965	94.18550816955695	1.3246726434286145	-1.4310804866103095	1.2105714617662429	1.501796251053844e-07	1599.565890624997	-1.1478677840613338e-07	0.5012255656592497	-1.3998626612775766	0.5012255638800702	99.57074072413657	1.2797881516288605	-1.3998626611463856	1.2797881488367466	1.4509101986728696e-07	-0.021593413330667156	0.0	0.0	0.0	0.05606422298695297	0.0	0.0	0.0	-0.0340086116116519	99.62870322389699	0.056367762968687354
220	621.65	nan	nan	1	1	0.001500000000000045	0.001500000000000028	0.0014999999999998368	0.9786783505097367	-2.170030648229737e-19	-4.367776214493635e-19	6.521137254321407e-20	1.0575361800000065	-3.720792120590066e-18	5.51316804708879e-20	-2.97234025586901e-19	0.9666023843258292	-6.769771894898912e-08	0.4737140184601341	-1.4467574943181674	0.5118839201297312	85.95923345679677	1.3232723644039976	-1.4289058737004585	1.2094888520134588	1.764080614215513e-07	1599.565890624997	-6.622636818355352e-08	0.5007585733149271	-1.3978498532019494	0.5007585704263854	90.86668629523106	1.278539138447715	-1.3978498531596033	1.2785391362141814	1.7044458641448877e-07	-0.02155223945535691	0.0	0.0	0.0	0.055941844119016655	0.0	0.0	0.0	-0.0339680528601162	90.93004391212536	0.056259863305778715
224	622.96	nan	nan	1	1	0.001500000000000045	0.001500000000000028	0.0014999999999998368	0.9787186454089455	2.954450920023e-20	1.6257137237969677e-18	6.514022177564471e-20	1.0574067520000086	4.497270611469872e-19	4.8951728087720527e-20	3.5209465551466755e-20	0.9666415915218866	1.1675576771175145e-08	0.4733394723810243	-1.4443363095863042	0.5113955400637759	77.73925057116917	1.321935104786302	-1.4265136933156504	1.2084634871983242	2.401536815800909e-07	1599.565890624997	1.1422753027872302e-08	0.5003217497732128	-1.395623867278125	0.5003217459302549	82.17070441257549	1.2773508295730698	-1.3956238678657529	1.2773508269037879	2.3205413282440173e-07	-0.021511067532340302	0.0	0.0	0.0	0.055819450272637496	0.0	0.0	0.0	-0.03392749181706885	82.24058476543513	0.05615195690753892
228	624.27	nan	nan	1	1	0.001500000000000045	0.001500000000000028	0.0014999999999998368	0.978758942997108	-1.199127602768968e-19	1.6771252355635147e-19	1.0665415355352523e-19	1.0572773240000182	3.026821415036407e-19	3.550762114890027e-20	2.3153137393427947e-19	0.9666808024968391	1.5215934168300028e-07	0.472974260531156	-1.4416964937780419	0.510917382085389	69.52611471983134	1.32062797615549	-1.4239055856710163	1.2074653257767605	3.495528815107285e-07	1599.565890624997	1.4887665724067096e-07	0.4998948581435782	-1.393186255356658	0.4998948544982954	73.48337986957915	1.2761914541373436	-1.393186257752648	1.2761914508087742	3.3779111771660235e-07	-0.021469894557071663	0.0	0.0	0.0	0.05569704144417853	0.0	0.0	0.0	-0.03388692851000844	73.56130547783569	0.05604404303117743
232	625.58	nan	nan	1	1	0.001500000000000045	0.001500000000000028	0.0014999999999998368	0.9787992472065187	2.413434035952733e-19	1.1946823738617773e-18	1.712277102874568e-20	1.057147896000011	-1.0471089056593442e-18	-5.003593026020603e-20	-4.7298319774680134e-20	0.9667200176986944	3.813037114460682e-07	0.47260509441971504	-1.4388277592872927	0.5104350874791747	61.320675261725675	1.319305260510753	-1.4210713851905317	1.2064525747986654	5.188367990588972e-07	1599.565890624997	3.731080087127461e-07	0.4994638500723655	-1.3905270179615778	0.49946384824063567	64.80560814280786	1.2750168307760157	-1.390527023087675	1.2750168270583986	5.014197024955122e-07	-0.02142871651228291	0.0	0.0	0.0	0.05557461762994833	0.0	0.0	0.0	-0.033846362475845694	64.89370448989024	0.05593612047759343
236	626.89	nan	nan	1	1	0.001500000000000045	0.001500000000000028	0.0014999999999998368	0.9788395633921176	2.887230385328898e-19	9.953450281867393e-19	-1.470084972266146e-19	1.0570184680000134	-1.8693000706365702e-19	-7.32920668600201e-20	-3.6857452853644725e-19	0.9667592379799593	6.817356791515294e-07	0.47223976186807226	-1.435712993580211	0.5099570637107131	53.12414543700517	1.3179113460270777	-1.4179941828870368	1.205374365927691	7.415828921651935e-07	1599.565890624997	6.671371383458587e-07	0.49903695315728575	-1.3876295540351944	0.49903695313013263	56.138668995377465	1.2737731994645387	-1.3876295612714993	1.273773196494403	7.167465520867959e-07	-0.021387527927967567	0.0	0.0	0.0	0.05545217882630074	0.0	0.0	0.0	-0.033805792833161756	56.240032311268	0.05582818750834053
240	628.2	nan	nan	1	1	0.001500000000000045	0.001500000000000028	0.0014999999999998368	0.9788798985231745	-5.712661246826123e-19	1.3864235280658387e-20	-5.994198057834507e-20	1.0568890400000024	7.68563815020662e-20	-6.727474480272556e-20	-3.935653886122381e-20	0.9667984645770555	1.0149954597717948e-06	0.4719020530861848	-1.4323223293971188	0.5095089907795994	44.93813497694503	1.3163829981965876	-1.414644472185334	1.2041728260290556	1.0280306870587008e-06	1599.565890624997	9.933418966754455e-07	0.4986393003548883	-1.3844649263491613	0.49863930168528925	47.48426084949662	1.2723994126466158	-1.3844649348858817	1.272399413290612	9.936816596600447e-07	-0.02134632168586066	0.0	0.0	0.0	0.055329725029544786	0.0	0.0	0.0	-0.03376521830357835	47.603656243601264	0.055720241805005004
244	631.21	nan	nan	1	1	0.001500000000000045	0.001500000000000028	0.0014999999999998368	0.9791808985682469	-3.4905888943170816e-19	2.7937179479520237e-19	1.5136648174023798e-19	1.056145065820488	2.387873969736387e-18	1.22514845490862e-20	3.4797468725922263e-19	0.9669910534692441	5.717483197964428	0.47209073606395546	-1.4159246861373138	0.5091973493159998	-0.00010814322451527253	1.3001030466790604	-1.3982980070784783	1.1903552119610863	-2.669958373114767e-05	1599.565890624997	5.59833479135762	0.498586011201964	-1.3691582458381095	0.4985860277399239	-0.0001142125757415459	1.2571620681717943	-1.3691584409903452	1.2571618371362068	-2.5817725747596846e-05	-0.021038874595463393	0.0	0.0	0.0	0.054625548785340025	0.0	0.0	0.0	-0.03356603541316779	6.515600714704414	0.05509545302300281
248	634.22	nan	nan	1	1	0.001500000000000045	0.001500000000000028	0.0014999999999998368	0.9794818985682371	4.6891743959998066e-20	-9.79712188112214e-19	1.3518307024999732e-19	1.0560325547025342	-3.0219831628416905e-18	5.827586677109586e-20	3.3927396482502646e-19	0.9668935611710464	27.284568604381406	0.4689315664919601	-1.3865192968363167	0.505580480481132	-6.25696829202117e-05	1.2919192259640477	-1.3686995356343954	1.182869325677523	-0.00014644844009833313	1599.565890624997	26.72151743874009	0.49514726676965615	-1.3404548713037703	0.4951471955357844	-6.60676518587917e-05	1.2489977050632741	-1.3404547105053692	1.2489978397838002	-0.00014158297354575035	-0.020731522045754694	0.0	0.0	0.0	0.05451901312568091	0.0	0.0	0.0	-0.03366686076494109	26.923057010139907	0.05498831064714317
252	637.23	nan	nan	1	1	0.001500000000000045	0.001500000000000028	0.0014999999999998368	0.979782898568243	4.930409379377832e-19	-1.2125107233355859e-18	-2.7492148369032827e-20	1.0559199392113818	4.660985139515184e-19	2.1738253558334365e-20	1.0291789122318651e-19	0.9667932696511803	48.22465316762799	0.4594858240235143	-1.337971273099576	0.49519127548199005	-9.678855406193543e-05	1.281408808257212	-1.320232938553347	1.1732494371478173	-0.00020223896255066004	1599.565890624997	47.23941422064536	0.485074722473154	-1.2932602919924507	0.48507442240447807	-0.00010217873663446962	1.2385879748294764	-1.2932603254869404	1.2385880376739042	-0.00019548074388369292	-0.02042426393259525	0.0	0.0	0.0	0.054412367269219775	0.0	0.0	0.0	-0.03377059164665081	47.34872835300377	0.054883472671643264
256	640.24	nan	nan	1	1	0.001500000000000045	0.001500000000000028	0.0014999999999998368	0.9800838985682354	5.1065922324067256e-20	-1.0057059351975539e-18	-7.654806150926563e-20	1.0558062759325177	2.6014753502431877e-18	-7.762887554996211e-20	-1.2313826174004117e-19	0.9666898442019749	68.25911140164794	0.44389684997405504	-1.268561765606247	0.4781926149025861	-0.00012868209214703303	1.2660502083147354	-1.2512255433855413	1.1591876766564975	-0.00027231739905393486	1599.565890624997	66.8789175116665	0.4685237953845296	-1.2259256279074804	0.4685235976568259	-0.00013582124363863387	1.223498483614549	-1.2259258608302284	1.2234982290633978	-0.00026316485919452583	-0.020117100197999786	0.0	0.0	0.0	0.05430471763342971	0.0	0.0	0.0	-0.033877575202456045	66.95128349166674	0.05478052048650678
260	643.25	nan	nan	1	1	0.001500000000000045	0.001500000000000028	0.0014999999999998368	0.9803848985682388	-1.1167282376600696e-19	3.042555899064603e-18	8.936451703417045e-20	1.055690149520883	1.9958264641656286e-18	-1.803028212843394e-19	-1.7531549129090607e-19	0.9665834405683109	87.12323910187855	0.4255536862157769	-1.182241502972511	0.45824074118331226	-0.0001678339696648646	1.2384266905138055	-1.1655985351212623	1.1338960405667982	-0.00032194481784233845	1599.565890624997	85.38040167195416	0.4490744982036211	-1.14228143681842	0.44907396634937075	-0.00017711033448915644	1.1965675506041533	-1.1422815788623373	1.1965676997435666	-0.00031106300039082766	-0.019810030783981834	0.0	0.0	0.0	0.05419472321397276	0.0	0.0	0.0	-0.03398765134596834	85.43225044762238	0.05467853473231253
264	646.26	nan	nan	1	1	0.001500000000000045	0.001500000000000028	0.0014999999999998368	0.98068589856825	-5.377642775528102e-20	-1.1006210591350818e-18	1.0970982491074512e-19	1.0555700014234695	2.4279758975911946e-18	7.112366251504909e-20	5.068645156369733e-21	0.9664744634359036	104.578899312146	0.4070553875070582	-1.0864206872859905	0.43813766201016	-0.0001801867213229801	1.1884000282416982	-1.0706772525984756	1.0880932281130122	-0.0003658248941574615	1599.565890624997	102.51009684188844	0.42947035693572927	-1.0494966503288103	0.42947032774443955	-0.000190108908754625	1.1480100328409943	-1.0494968829484477	1.1480103234082422	-0.0003533916516117304	-0.019503055632636653	0.0	0.0	0.0	0.054080906735705904	0.0	0.0	0.0	-0.034100402373546314	102.54846227878751	0.05457639971416519
268	649.2700000000001	nan	nan	1	1	0.001500000000000045	0.001500000000000028	0.0014999999999998368	0.980986898568239	-1.599198204416119e-20	-2.9921337217804488e-18	-6.387898971718306e-21	1.0554447963961058	3.692575759051131e-18	2.62160085306995e-19	-7.949912429749961e-20	0.9663630654278068	120.4392378257912	0.3885757246607374	-0.9887722120749302	0.41806921548232234	-0.00015632049294192585	1.1089475476130248	-0.974032832710483	1.015350629775963	-0.0003872097454892417	1599.565890624997	118.0842981561698	0.4098945421009407	-0.9549871379595839	0.40989473847665675	-0.00016489686001709388	1.071056236926294	-0.9549876394771826	1.0710568238077391	-0.00037397928675488284	-0.019196174686139735	0.0	0.0	0.0	0.05396228603476146	0.0	0.0	0.0	-0.03421567125316665	118.11285549766438	0.05447343451149224
272	652.2800000000001	nan	nan	1	1	0.001500000000000045	0.001500000000000028	0.0014999999999998368	0.9812878985682308	2.5587171270657903e-20	1.3460302208771758e-18	-1.6217801027899188e-19	1.055314345436397	-4.963423335530015e-18	-3.209238430557093e-20	-2.8419649446276283e-19	0.9662489967709629	134.60197371008812	0.37063612021366155	-0.893815732743449	0.39859700922388136	-0.00011147605172718166	1.0005077638508157	-0.8801174397355918	0.9160685260578633	-0.0003623588856613522	1599.565890624997	132.00200576627603	0.39089691412660593	-0.8631170781416263	0.39089772058853356	-0.0001175698811925155	0.9661447053995789	-0.8631171159882514	0.9661453388787336	-0.00034991344543769935	-0.01888938788666401	0.0	0.0	0.0	0.05383868030705038	0.0	0.0	0.0	-0.03433371735171619	132.0230466974277	0.054369662547151976
276	655.2900000000001	nan	nan	1	1	0.001500000000000045	0.001500000000000028	0.0014999999999998368	0.9815888985682453	2.5142648379938847e-19	-7.988950484223018e-18	1.2909629149102791e-20	1.0551793000322984	-4.647581690157831e-18	-1.7477339020466333e-19	-3.340968994514082e-19	0.9661317541532006	147.08272523639016	0.3531099473523189	-0.8033810376262497	0.3795837999102916	-5.099321785706107e-05	0.8701220574335775	-0.7907305063387675	0.7966922907426323	-0.00028193296675302706	1599.565890624997	144.2776463287056	0.37234365508055683	-0.7756497840062243	0.3723445914368571	-5.377079083607407e-05	0.8400870250828458	-0.7756501394130884	0.8400876886473964	-0.0002722011530323856	-0.01858269517644105	0.0	0.0	0.0	0.05371070512496594	0.0	0.0	0.0	-0.0344550626071486	144.29284223414342	0.05426574605031556
280	658.3000000000001	nan	nan	1	1	0.001500000000000045	0.001500000000000028	0.0014999999999998368	0.981889898568237	1.5650458359828257e-19	-9.366761381281175e-19	1.8391160515611634e-19	1.0550409037907682	5.3380151861237565e-18	1.262011328773127e-19	2.90132501357121e-19	0.9660106243750386	157.97348150376183	0.33420360215159	-0.7208400733304499	0.3591027220154919	-1.0001372360326055e-05	0.7255263956020926	-0.7091827173245725	0.6643026371371955	-0.00016303237356086355	1599.565890624997	155.00046072386596	0.3523436358311232	-0.695835901852385	0.3523445000373062	-1.0544230756490975e-05	0.7003596671158688	-0.6958360787920871	0.7003599151961121	-0.0001573771809934505	-0.01827609649782159	0.0	0.0	0.0	0.053579537542096704	0.0	0.0	0.0	-0.034580446512255	155.01117819771653	0.054162813731963876
284	661.3100000000001	nan	nan	1	1	0.001500000000000045	0.001500000000000028	0.0014999999999998368	0.9821908985682393	5.627009275199768e-20	5.956789694751968e-18	1.1718118490112007e-20	1.0549005232637791	-4.666758516083669e-18	1.8789223649173793e-19	-6.207057437479513e-21	0.9658850288278398	167.42322145979185	0.3142616086385426	-0.6498482088500709	0.3375263376034154	1.3096016041663772e-07	0.5732532056383031	-0.6390591128480508	0.5248807074214485	-2.259746940460028e-05	1599.565890624997	164.3155828986238	0.33126075642033365	-0.6271977808400263	0.3312613174168453	1.3804410277044652e-07	0.5532724927748883	-0.6271971696562016	0.5532727364444107	-2.1809835697240024e-05	-0.017969591793129694	0.0	0.0	0.0	0.05344647173714479	0.0	0.0	0.0	-0.03471046962936025	164.32298076571306	0.05406201671739843
288	664.32	nan	nan	1	1	0.001500000000000045	0.001500000000000028	0.0014999999999998368	0.9824918985682463	-1.431146867680866e-19	6.567012558744701e-19	-1.3914369043224001e-19	1.0547593695224597	3.284807321979333e-18	-2.743031496388326e-20	-5.968532959532702e-20	0.9657546099804607	175.5995202956169	0.2926709112916879	-0.5901264096601955	0.31419886145227155	-8.107224480141229e-06	0.4207410787484692	-0.5800723464480717	0.385237685096352	9.531013412127448e-05	1599.565890624997	172.38645678616015	0.30844930212057214	-0.569459288229308	0.30844975180353434	-8.544298857708209e-06	0.40600608837502666	-0.5694583693365193	0.4060065094753723	9.197222874501317e-05	-0.017663181004781866	0.0	0.0	0.0	0.05331265515181469	0.0	0.0	0.0	-0.03484550397526725	172.39149891511514	0.053964314466889464
292	667.33	nan	nan	1	1	0.001500000000000045	0.001500000000000028	0.0014999999999998368	0.9827928985682285	-2.080583968999683e-19	-3.1167492089805017e-18	5.541109546436341e-20	1.0546184171035524	1.7408763233056624e-18	-1.4007892068512718e-19	-9.01514106421697e-20	0.9656192386931165	182.67322222456312	0.2686649060785719	-0.5396948714233893	0.2883002277646652	-2.6672805752964047e-05	0.27454642148840863	-0.5302635651707183	0.2513778938790123	0.00016670261813267196	1599.565890624997	179.37983834269716	0.2831020547565472	-0.520704019449463	0.2831025128960282	-2.810611264791648e-05	0.26488564699057704	-0.5207035352035061	0.2648860966482502	0.00016083666514283906	-0.017356864075271823	0.0	0.0	0.0	0.05317901155320439	0.0	0.0	0.0	-0.034985685315776366	179.3832961182675	0.053870418316146584
296	670.34	nan	nan	1	1	0.001500000000000045	0.001500000000000028	0.0014999999999998368	0.9830938985682254	-1.9699953474061615e-19	-3.980465317163923e-18	2.0621504144850613e-19	1.054478360175889	-1.8312852319637973e-18	-1.0110185258427329e-19	9.437979911486317e-20	0.9654790152860446	188.80941413477157	0.24214915446826862	-0.49598478823829395	0.259732504375964	-3.935934443948042e-05	0.1384928381165531	-0.4870975376344588	0.12680413681787447	0.00022881733698544283	1599.565890624997	185.4569589789595	0.25512035901171654	-0.47844903677744277	0.25512075565878595	-4.1467706570835574e-05	0.13359636539014969	-0.4784487493369622	0.1335966544264195	0.0002207274034905818	-0.017050640947075982	0.0	0.0	0.0	0.0530461993187181	0.0	0.0	0.0	-0.03513091190590863	185.45939159943694	0.053780761031583385
300	673.35	nan	nan	1	1	0.001500000000000045	0.001500000000000028	0.0014999999999998368	0.9833948985682398	1.6929816923361153e-19	-1.04512346043098e-18	-1.1432329573708406e-19	1.0543396485892782	-3.3541013933283126e-18	-4.325966668217163e-20	-2.680147770384167e-19	0.9653341846092153	194.15565452992786	0.2136496052095181	-0.4560295133778411	0.22906307452707303	-5.264117909881427e-05	0.014878480375593943	-0.4476538091612801	0.013622560227658922	0.0002654258420931184	1599.565890624997	190.76197890060112	0.2250590378233396	-0.4398296073363158	0.22505924689978463	-5.545235202399265e-05	0.014349940057358892	-0.4398292014968572	0.014350039610514695	0.00025599690476173437	-0.016744511562760724	0.0	0.0	0.0	0.05291464544708554	0.0	0.0	0.0	-0.03528093229846603	190.76379965867403	0.05369555533620415
304	676.36	nan	nan	1	1	0.001500000000000045	0.001500000000000028	0.0014999999999998368	0.9836958985682412	2.210146128611701e-19	1.936385080059111e-18	-2.0152374947013818e-19	1.0542025036851765	-3.1638510171114186e-18	-3.241764495731658e-20	-1.5898469606784315e-19	0.9651851204283579	198.84151490798283	0.1839498873229901	-0.4163401477637757	0.19713446195584625	-6.461920740674376e-05	-0.09553109150633302	-0.4085051507936295	-0.08746430389133157	0.00027153099709529183	1599.565890624997	195.42152670745733	0.19374390434131378	-0.40147951243164953	0.1937438343290253	-6.805971844082195e-05	-0.09212125288908518	-0.40147903858454365	-0.09212115306516891	0.0002618391065801086	-0.01643847586497915	0.0	0.0	0.0	0.05278456039837387	0.0	0.0	0.0	-0.0354353614002771	195.42302028659628	0.05361480933829714
308	679.37	nan	nan	1	1	0.001500000000000045	0.001500000000000028	0.0014999999999998368	0.9839968985682351	5.3234326669038267e-20	-3.2110680217231624e-18	2.0031228059732772e-19	1.0540669943742544	1.4929192864582275e-18	-1.0446287931897835e-19	1.2878966556412186e-19	0.9650322473761644	202.97655624040829	0.15392059848546105	-0.374658357399829	0.1648808896240869	-7.038514767692017e-05	-0.19469893063473584	-0.367436979544583	-0.17825309476940082	0.0002593325600779347	1599.565890624997	199.54269769810082	0.1620918532994557	-0.3612214074812705	0.16209151501952254	-7.412171693696706e-05	-0.18771614290702499	-0.3612208596421721	-0.18771610019606882	0.0002500317169145723	-0.016132533796400415	0.0	0.0	0.0	0.05265601012410022	0.0	0.0	0.0	-0.03559376123136704	199.5440529769237	0.05353840841919086
312	682.3800000000001	nan	nan	1	1	0.001500000000000045	0.001500000000000028	0.0014999999999998368	0.9842978985682407	-2.59991680962024e-19	1.3813853760955703e-18	-3.4530992160716064e-20	1.0539330983503643	-3.602478558517585e-18	1.8756697583999225e-20	1.4629953064976275e-19	0.9648759857216688	206.65051641608372	0.12397912207645448	-0.33125231203822986	0.13274977224303927	-7.017283608267367e-05	-0.284987947499256	-0.32471550867925436	-0.2609065216127634	0.00023812156487545044	1599.565890624997	203.2132182429804	0.1305420718530353	-0.31931499740683145	0.1305416938045023	-7.388750022271085e-05	-0.2747178582898486	-0.31931438970738496	-0.27471785023848977	0.00022954039596843567	-0.01582668529973231	0.0	0.0	0.0	0.05252897405372022	0.0	0.0	0.0	-0.035755698107076975	203.21457589672758	0.053466178417679235
316	685.3900000000001	nan	nan	1	1	0.001500000000000045	0.001500000000000028	0.0014999999999998368	0.9845988985682337	4.971066960846038e-20	-8.462265718885142e-19	-2.7058001631917635e-19	1.053800723486991	4.170478524155585e-18	1.5086673230135794e-19	-1.8301332671555314e-19	0.964716747170579	209.93681488455087	0.09408619874588173	-0.2869357188329989	0.10069866976245126	-6.532630287405017e-05	-0.3678165015522458	-0.28114117904481506	-0.33672277147771584	0.00021474826366585687	1599.565890624997	206.50486791810746	0.09905280059531209	-0.2765456147856427	0.099052495915305	-6.877473357903767e-05	-0.354497658791904	-0.276545217078374	-0.35449762009375435	0.00020697210804273647	-0.015520930317779253	0.0	0.0	0.0	0.052403365343382836	0.0	0.0	0.0	-0.0359207469785169	206.5063384199574	0.05339790107882567
320	688.4000000000001	nan	nan	1	1	0.001500000000000045	0.001500000000000028	0.0014999999999998368	0.9848998985682401	2.4074709240040625e-19	4.5002115098627395e-18	-7.977949220304078e-20	1.0536697353120137	7.607575593787663e-19	6.06069014419397e-20	2.6113009324313375e-19	0.9645549234830774	212.8956896455584	0.06461182638811833	-0.24206021184579848	0.06912299586043393	-5.8857091008264526e-05	-0.44414313957377227	-0.23705979068947886	-0.40657941637028183	0.00019028721115161228	1599.565890624997	209.47654417154672	0.06801316144272498	-0.23325277024376714	0.06801286733298555	-6.195548178360132e-05	-0.4279828431958166	-0.23325256513336012	-0.42798281724421333	0.00018336354746045227	-0.01521526879334717	0.0	0.0	0.0	0.05227905691040008	0.0	0.0	0.0	-0.036088503225957004	209.4782177974621	0.053333336671530916
324	763.4100000000001	nan	nan	1	1	0.001500000000000045	0.001500000000000028	0.0014999999999998368	0.9924008985682266	5.95226992694542e-20	-1.0548338461383033e-18	2.2109253989231746e-19	1.0505957360318912	-2.5745464787840787e-18	-1.043544591017298e-19	2.1277467635028024e-19	0.9602101070131316	244.8057484691397	-0.16412537473379196	0.7893279913910612	-0.17375545796570677	0.0024150100901096402	-1.5171754140375893	0.7637243489287027	-1.3866523594681308	0.002196719879570004	1599.565890624997	242.67201976084044	-0.17223535672991241	0.7570677068372039	-0.1722410041131991	0.0025343437908430387	-1.4551675907894712	0.7570677218734693	-1.4551714759570036	0.002106938686994845	-0.007628121715257185	0.0	0.0	0.0	0.049357370926680515	0.0	0.0	0.0	-0.04060315699492178	242.6865135902534	0.052551764760034134
328	838.4200000000001	nan	nan	1	1	0.001500000000000045	0.001500000000000028	0.0014999999999998368	0.9999018985682359	-4.3281350725621337e-19	1.0180522874367326e-18	-1.0310085033979344e-19	1.047588403165345	2.1343875018092763e-18	3.6971294081755703e-19	-3.1049178527732537e-19	0.9558064608602439	258.13689115863883	-0.15839909953083312	1.2597130038515385	-0.16594991985511556	0.00812487050843494	-1.973915616765055	1.2041599689470086	-1.800969025152118	0.007586295104371438	1599.565890624997	257.80386938365433	-0.16573924400058596	1.202606473896326	-0.16573582826742875	0.008501373427369383	-1.8844321622375502	1.2026064851019675	-1.8844251361358377	0.007242385827177117	-9.810624402432761e-05	0.0	0.0	0.0	0.04649076368306989	0.0	0.0	0.0	-0.045199833224763175	257.8252329352443	0.05293991172188319
332	913.4300000000001	nan	nan	1	1	0.001500000000000045	0.001500000000000028	0.0014999999999998368	1.0074028985682248	1.8897643866422343e-19	2.0089453104527034e-18	4.0107348865670024e-19	1.044588132019083	-2.5073530491442896e-18	5.87366526944022e-20	1.1474924743043458e-19	0.9514647740985508	268.1947417332377	-0.15172817704581845	1.4676479004587561	-0.15732950118316064	-0.011543686859322498	-2.250361536804858	1.3861614757770777	-2.0497582888809043	-0.009994175276207128	1599.565890624997	269.8438082302795	-0.15829614178336696	1.394676856440755	-0.15829688334628855	-0.012043386583589515	-2.1384741892283206	1.3946846572325426	-2.1384876232997994	-0.009497267670659658	0.007375631601653371	0.0	0.0	0.0	0.043622675687173026	0.0	0.0	0.0	-0.049752614372598265	269.89094733172334	0.054357723537442476
336	988.44	nan	nan	1	1	0.001500000000000045	0.001500000000000028	0.0014999999999998368	1.014903898568215	4.569912157026401e-20	3.4564365258837883e-19	5.311235392463365e-20	1.0415943976467934	-9.663927644232295e-18	-2.1193103153481497e-19	2.973424458041496e-19	0.9471930848434844	277.00523781352035	-0.15198773172951344	1.5915018778531258	-0.15597401164248095	0.02673902597143801	-2.4483926085865657	1.4853203014453096	-2.2264718416837908	0.02031668857865873	1599.565890624997	280.7700808336354	-0.15810481418332278	1.5055098431029037	-0.1580938909403838	0.027815197217239147	-2.316101051027252	1.5055076373010168	-2.31608112581274	0.019218937193896182	0.014793926797620384	0.0	0.0	0.0	0.04075261385439427	0.0	0.0	0.0	-0.05425231550881285	280.78746519705203	0.0567003304196882
340	1063.45	nan	nan	1	1	0.001500000000000045	0.001500000000000028	0.0014999999999998368	1.0224048985682472	-3.989863994746656e-20	6.5740598728658565e-19	-1.6253545818273319e-19	1.0386108130000076	6.678360121858962e-18	-1.6520530603247875e-20	-1.4409046872332353e-19	0.9429873201102644	284.9788096653448	-0.16428027785715668	1.6783646598325443	-0.16687504621687832	0.022300677239067857	-2.603268543381305	1.5479904433299891	-2.3635723878891146	0.016549623730827474	1599.565890624997	290.97379300629433	-0.17039492436237788	1.580558464596945	-0.170385528709472	0.023130726712581016	-2.451563852798717	1.580554888843009	-2.451546488188664	0.015585199390616141	0.0221575958740286	0.0	0.0	0.0	0.037884063504261385	0.0	0.0	0.0	-0.058702442769660586	290.9984454580618	0.05984168154906009
344	1138.46	nan	nan	1	1	0.001500000000000045	0.001500000000000028	0.0014999999999998368	1.0299058985682517	3.8792753731531347e-19	-2.172199052574708e-19	2.64138754271781e-19	1.0356419036082267	4.421268039178639e-18	3.5410042953376575e-19	-1.5777852115095303e-19	0.9388431082559385	292.33768002218085	-0.19304062063773722	1.74585428693664	-0.19410720437360537	0.019719512904262094	-2.731280256356501	1.5914842554061785	-2.475979739909026	0.013996161358672588	1599.565890624997	300.66450414198795	-0.1996448616769633	1.6368196641496973	-0.19963607273940695	0.020394150273151782	-2.5607023824150295	1.6368154268213853	-2.5606871292480093	0.013122052800113696	0.029467437454561454	0.0	0.0	0.0	0.03502143119775076	0.0	0.0	0.0	-0.06310689759342736	300.69402354510464	0.06364838003948155
348	1213.4700000000003	nan	nan	1	1	0.001500000000000045	0.001500000000000028	0.0014999999999998368	1.0374068985682279	1.9461428996114804e-20	-4.59918561568351e-19	-9.063930161978817e-20	1.0326904795275627	5.201866498313889e-18	-3.303564019563332e-19	-5.8942651107174445e-19	0.9347568411157526	299.1863138737137	-0.23818847402853222	1.799867704452072	-0.23709811635222205	0.01789022915859363	-2.8422931980459416	1.6217687811084895	-2.57273583472298	0.012140612238754149	1599.565890624997	309.93662357721485	-0.24562522083036414	1.6800464120538228	-0.2456174839258973	0.01844879986618912	-2.6530752663489583	1.6800418900574	-2.6530620766575184	0.011332384031005751	0.03672423277639152	0.0	0.0	0.0	0.03216751264194122	0.0	0.0	0.0	-0.06746884649349501	309.96974944225616	0.06799406106073642
352	1288.48	nan	nan	1	1	0.001500000000000045	0.001500000000000028	0.0014999999999998368	1.04490789856823	2.8210940528072824e-19	3.5507079047814025e-18	-2.0469737016526323e-19	1.0297581827855737	-2.7712749629815737e-18	-9.134403303190375e-20	-7.002861832083873e-19	0.9307258954927021	305.59503340744345	-0.296981747734816	1.8428295824366023	-0.2926688401514476	0.01745008941815031	-2.941303714550587	1.641450340604452	-2.658424010462993	0.010736811003105412	1599.565890624997	318.85207134595163	-0.3053725173757961	1.7126629845049288	-0.3053651260630511	0.017943115274584247	-2.7335473915266073	1.712658204151623	-2.733533755927092	0.00997842608556914	0.04392874619122027	0.0	0.0	0.0	0.029324000683227068	0.0	0.0	0.0	-0.07179046450428474	318.8874988209429	0.07276807814404528
356	1363.4900000000002	nan	nan	1	1	0.001500000000000045	0.001500000000000028	0.0014999999999998368	1.052408898568235	-2.916503843986007e-20	-3.464025941091187e-20	6.104058231093389e-20	1.0268455947753776	6.036187175095797e-18	4.708147934018303e-19	-6.467265958876034e-20	0.9267482533598334	311.5979431917224	-0.3656630170473012	1.8776929808916631	-0.3567795063188136	-0.022533988490438767	-3.0308225955154406	1.653502506248017	-2.7353879563203156	-0.004115052892296503	1599.565890624997	327.43693153592966	-0.37491666958179437	1.7375404626854947	-0.3749151409258711	-0.02310424495605181	-2.804599553026391	1.7375525056007586	-2.8046110620618276	-0.0038079020261665895	0.05108172564828627	0.0	0.0	0.0	0.026491573757636888	0.0	0.0	0.0	-0.076073321647074	327.50088999386946	0.0778783087644789
360	1438.5	nan	nan	1	1	0.001500000000000045	0.001500000000000028	0.0014999999999998368	1.0599098985682283	1.7564075194265172e-20	-1.0494534928573441e-18	2.5478751053409355e-19	1.0239542502579944	-1.0482879755219221e-17	-1.199127602768968e-19	6.329030181884133e-19	0.9228219900349003	317.2712659294897	-0.43998667292873306	1.9079762777435778	-0.4250589267740512	-0.0228268663119512	-3.1128534398871244	1.6612066758981938	-2.8054219641517992	-0.005337807055003053	1599.565890624997	335.76254928500026	-0.4498343742419553	1.758018616158516	-0.4498323175654978	-0.023337773062513962	-2.868198289743154	1.7580255392960729	-2.868212405909101	-0.004918281365245985	0.05818390316042817	0.0	0.0	0.0	0.023671848136820647	0.0	0.0	0.0	-0.08031892327974603	335.8281347088649	0.08325088643329491
364	1513.5100000000002	nan	nan	1	1	0.001500000000000045	0.001500000000000028	0.0014999999999998368	1.0674108985682575	-3.774107762422041e-19	-5.345875651874277e-18	1.67427920486074e-19	1.021083853879914	-7.330317993228807e-18	-2.688821387764051e-19	6.632606790180073e-19	0.9189458949281516	322.62980187561544	-0.5162397222215456	1.9361269142223139	-0.4938307594849986	-0.022245858266395354	-3.1883343720727377	1.6668345903468889	-2.86942602226246	-0.005380400750311317	1599.565890624997	343.8374129705699	-0.526295726539013	1.7764000655592034	-0.5262920220001134	-0.022679192698333208	-2.9253027505429006	1.776401591120497	-2.9253205209351942	-0.004936527753102841	0.06523599525368139	0.0	0.0	0.0	0.02086466497751178	0.0	0.0	0.0	-0.08452803221360823	343.9035219401858	0.08882654695143428
368	1588.5200000000002	nan	nan	1	1	0.001500000000000045	0.001500000000000028	0.0014999999999998368	1.0749118985682384	3.4705311541261e-19	1.1782025008399978e-18	-2.743438072203008e-19	1.018234360292117	-5.57008866114428e-20	7.24247051220317e-20	3.2981430087009043e-19	0.9151188345898629	327.6993789334881	-0.5942699638908602	1.9636694270271904	-0.5629299988580024	-0.022054557534337813	-3.258178759576271	1.671752873170296	-2.9282467008103916	-0.005808434219043383	1599.565890624997	351.68219079739504	-0.6041341921249046	1.7941046013597117	-0.6041282589801279	-0.02242063894907935	-2.9768317539362106	1.7941007847552204	-2.976852377586083	-0.005306870095165281	0.07223870340090302	0.0	0.0	0.0	0.018070108029574112	0.0	0.0	0.0	-0.08870134827079365	351.74913093017324	0.09455871877902991
372	1663.5300000000002	nan	nan	1	1	0.001500000000000045	0.001500000000000028	0.0014999999999998368	1.0824128985682353	1.450120405699362e-19	-1.1145598333150986e-19	2.219497372349388e-19	1.0154056190510647	5.3202071654406826e-18	4.980824780398408e-19	1.3314002678121994e-19	0.9113398043631398	332.50299827544814	-0.6747547189974986	1.9934421255160977	-0.6329769626203046	-0.02209091618711882	-3.3243964689294097	1.6783751521857955	-2.983710489175584	-0.006540652878104236	1599.565890624997	359.3152618550848	-0.6840260357801451	1.813723626127015	-0.6840187434452524	-0.0223944514959107	-3.0246859646098123	1.8137153963319224	-3.024707497946344	-0.005950981221610346	0.0791927144407588	0.0	0.0	0.0	0.01528815734592703	0.0	0.0	0.0	-0.09283944977363186	359.38330723401367	0.10041075347809601
376	1738.5400000000002	nan	nan	1	1	0.001500000000000045	0.001500000000000028	0.0014999999999998368	1.0899138985682322	-1.0473392986209973e-19	2.3554292197247585e-18	1.5265566588595902e-19	1.0125973541510513	-3.471940616950331e-18	-3.5561831257524547e-20	-1.2500851048757866e-19	0.9076079274834884	337.05977263434085	-0.7572040238085429	2.028121163624685	-0.7034816106827171	-0.022282228274484055	-3.3893749042758268	1.6888726616125243	-3.0379735562984065	-0.007513898362299506	1599.565890624997	366.75146274972315	-0.765459895634944	1.8376589664476983	-0.7654515035091777	-0.022525173656252465	-3.071076469792169	1.8376459290986458	-3.071096888325413	-0.006808263207400565	0.08609870098177246	0.0	0.0	0.0	0.012518667624178657	0.0	0.0	0.0	-0.09694279155808588	366.82090629805805	0.10635372881352555
380	1813.5500000000002	nan	nan	1	1	0.001500000000000045	0.001500000000000028	0.0014999999999998368	1.0974148985682461	-1.2218958483911635e-19	4.801823001721051e-18	5.908901840045999e-21	1.0098092210834257	-7.077482046605188e-18	-3.7643499428696714e-19	2.22369865576777e-19	0.9039224078484996	341.3861504569831	-0.8416063727846633	2.0667036444387423	-0.774412478334956	-0.022495568758555053	-3.453038320927706	1.7022944828162985	-3.0909764961035204	-0.00862866742253192	1599.565890624997	374.0032824321586	-0.84841240708916	1.8649535579935774	-0.8484023398898605	-0.022677489449297067	-3.1159552652025964	1.864937178579754	-3.1159730892225417	-0.007786343268758461	0.09295732179283253	0.0	0.0	0.0	0.009761422994792185	0.0	0.0	0.0	-0.10101175429973541	374.0742845865473	0.11236474028304531
384	1888.5600000000002	nan	nan	1	1	0.001500000000000045	0.001500000000000028	0.0014999999999998368	1.1049158985682335	-2.0057740190981833e-19	1.9180620633441058e-18	-3.547238457829449e-19	1.0070408565431825	1.0313744216311482e-17	-1.7379760824942636e-19	6.451002926288751e-20	0.9002824834161453	345.4961422963903	-0.9273718241684348	2.106146945825396	-0.8452121934563924	-0.02279557802048639	-3.5129400200968877	1.7160675150907556	-3.140540655433204	-0.009923471087033535	1599.565890624997	381.081013572344	-0.9322789404430059	1.8928332459090773	-0.9322660369670683	-0.022916199058324063	-3.157144222108395	1.8928163529199307	-3.15715858338788	-0.008918407153681933	0.09976922218020988	0.0	0.0	0.0	0.0070161854488166855	0.0	0.0	0.0	-0.1050466944424715	381.1536821778378	0.11842557397830893
388	1963.5700000000002	nan	nan	1	1	0.001500000000000045	0.001500000000000028	0.0014999999999998368	1.112416898568268	-8.595554823465079e-19	5.630261881717224e-19	7.410521848938423e-20	1.0042918904733626	3.848131665748489e-18	3.1268390654481947e-19	7.025630077706069e-20	0.8966874164888196	349.40129336813163	-1.0120146020729897	2.1429390443547103	-0.9136352316735058	-0.02316809844883948	-3.5673965910088814	1.7273484852702834	-3.1851802986231443	-0.01135186684830967	1599.565890624997	387.99263095282987	-1.0145609117062653	1.918148755534177	-1.0145461507914775	-0.023226391236457495	-3.193183375685368	1.9181339511135609	-3.193194466858949	-0.010161077294959506	0.10653503435206643	0.0	0.0	0.0	0.004282706579579128	0.0	0.0	0.0	-0.10904795425651427	388.066941769047	0.12452166451206192
392	2038.5800000000002	nan	nan	1	1	0.001500000000000045	0.001500000000000028	0.0014999999999998368	1.1199178985682625	2.6996634094889063e-19	-2.086113400079359e-18	1.6100402261409742e-19	1.00156202721257	1.1149338830646061e-17	2.53703308361608e-19	1.3552527156068805e-19	0.8931364274346725	353.1125857529283	-1.093419386089798	2.176040768877908	-0.9778506428429222	-0.023430868713282916	-3.6164200144390026	1.7353836548316781	-3.224925632206639	-0.012787032659457647	1599.565890624997	394.74582346112567	-1.0931576066020834	1.9400056360054372	-1.0931427335221213	-0.023425259044306437	-3.224146950974783	1.9399915989593917	-3.2241535411035755	-0.011400023281698578	0.11325537777030575	0.0	0.0	0.0	0.0015608085169892378	0.0	0.0	0.0	-0.11301593549149218	394.821572152059	0.13064133621270763
396	2113.59	nan	nan	1	1	0.001500000000000045	0.001500000000000028	0.0014999999999998368	1.1274188985682445	4.626290669995648e-19	9.924786686932307e-19	1.3986208025063008e-20	0.9988511236901557	5.770882903488594e-18	1.214306433183765e-20	3.699297812520541e-19	0.8896286216999643	356.6403992612415	-1.1710027197780815	2.2064172046305974	-1.0374532336347155	-0.023601678114704316	-3.66094213786319	1.7410417275872285	-3.2606301213760784	-0.014422348153075585	1599.565890624997	401.34793051272766	-1.167518702918584	1.9593028141790605	-1.1675057261755406	-0.02353145740293721	-3.2509238135962386	1.9592942800391757	-3.2509289566190813	-0.01280707350544891	0.11993085949117424	0.0	0.0	0.0	-0.0011495367741418158	0.0	0.0	0.0	-0.11695118232985993	401.42503348844144	0.13677522940981213
400	2188.6000000000004	nan	nan	1	1	0.001500000000000045	0.001500000000000028	0.0014999999999998368	1.1349198985682547	4.541722900541778e-19	1.090815805737666e-18	2.1621701824792173e-19	0.9961592592061493	8.557228276667717e-18	8.955509944730266e-20	7.617604463883154e-19	0.8861629309906816	359.9949854066331	-1.2450077970847704	2.2345386558347844	-1.0927760192482636	-0.019805043611658583	-3.702388417294982	1.7447821145149451	-3.2936230808966407	-0.021260369925976498	1599.565890624997	407.8064552909051	-1.23792200117709	1.9764866506004177	-1.2379092290220803	-0.019692325846112472	-3.2748242072309863	1.976509224348211	-3.2748778641978333	-0.018805151226986002	0.12656207449423343	0.0	0.0	0.0	-0.003848135378634817	0.0	0.0	0.0	-0.12085445026033063	407.8851501993168	0.14291585502813722
