6	header
postResults v2.0.3	--cr f,p,texture --time RVE_1_40_D_tensionX.spectralOut
addCauchy v2.0.3	RVE_1_40_D_tensionX.txt
addStrainTensors v2.0.3	--left --logarithmic RVE_1_40_D_tensionX.txt
addMises v2.0.3	-s Cauchy RVE_1_40_D_tensionX.txt
addMises v2.0.3	-e ln(V) RVE_1_40_D_tensionX.txt
inc	time	elem	node	ip	grain	1_pos	2_pos	3_pos	1_f	2_f	3_f	4_f	5_f	6_f	7_f	8_f	9_f	1_p	2_p	3_p	4_p	5_p	6_p	7_p	8_p	9_p	texture	1_Cauchy	2_Cauchy	3_Cauchy	4_Cauchy	5_Cauchy	6_Cauchy	7_Cauchy	8_Cauchy	9_Cauchy	1_ln(V)	2_ln(V)	3_ln(V)	4_ln(V)	5_ln(V)	6_ln(V)	7_ln(V)	8_ln(V)	9_ln(V)	Mises(Cauchy)	Mises(ln(V))
0	0.0	nan	nan	1	1	6.000000000000838e-05	6.000000000000867e-05	5.999999999999513e-05	1.0	0.0	0.0	0.0	1.0	0.0	0.0	0.0	1.0	2.7716487604837305e-06	-1.193192284640359e-09	-2.8066754232013673e-08	-1.19319228464005e-09	2.7018729684353462e-06	-1.6832583398956398e-08	-2.8066754232013544e-08	-1.6832583398956544e-08	2.6991213888906947e-06	1599.565890624997	2.7716487604837305e-06	-1.193192284640359e-09	-2.8066754232013673e-08	-1.19319228464005e-09	2.7018729684353462e-06	-1.6832583398956398e-08	-2.8066754232013544e-08	-1.6832583398956544e-08	2.6991213888906947e-06	0.0	0.0	0.0	0.0	0.0	0.0	0.0	0.0	0.0	9.102600058541354e-08	0.0
4	3.0	nan	nan	1	1	6.000000000000838e-05	6.000000000000867e-05	5.999999999999513e-05	0.9998904999999916	-1.253178628017837e-23	4.481333686567283e-23	1.2109924167776325e-24	1.0002964000000167	1.074507615706383e-21	8.602678370551488e-25	-1.8489141051785275e-23	0.9999072045656949	-834078.1616626609	-779.1601154637068	4406.589430588673	-779.476411194772	20707817.65638944	856.1134459582286	4406.663048811807	855.7803492387062	-0.0002775618551640946	1599.565890624997	-833908.397041927	-779.3177599697023	4405.766135890503	-779.3177599754982	20712007.390463218	855.9534960304687	4405.766135889771	855.9534960255077	-0.00027750999755235875	-0.0001095059955711033	0.0	0.0	0.0	0.00029635608221467724	0.0	0.0	0.0	-9.279974006775682e-05	21141301.580025326	0.0002651814385886897
8	6.0	nan	nan	1	1	6.000000000000838e-05	6.000000000000867e-05	5.999999999999513e-05	0.9997809999999976	8.781680255107963e-23	1.5570847850698194e-22	2.329340604949326e-23	1.0005927999999777	-6.506271826097094e-22	1.1620233245144933e-23	-4.973671587158845e-23	0.9998143509175601	-1664680.4663997663	-1558.1898514566112	8812.081263595523	-1559.455067071702	41435234.47757332	1713.9498958457334	8812.37521896625	1712.616463571454	-0.0005322395723378577	1599.565890624997	-1664003.1491189823	-1558.820563390079	8808.789681598022	-1558.8205634015665	41452006.30857107	1713.3096831135733	8808.789681596747	1713.3096831043742	-0.0005320407645713085	-0.0002190239840041404	0.0	0.0	0.0	0.0005926243634652136	0.0	0.0	0.0	-0.00018566631736393515	42308560.02539447	0.0005303294903985869
12	9.0	nan	nan	1	1	6.000000000000838e-05	6.000000000000867e-05	5.999999999999513e-05	0.9996714999999977	1.4184493144059318e-23	1.0868756202252758e-21	6.500977870176755e-23	1.0008891999999985	3.282490898626829e-21	2.6469779601696887e-24	7.835054762102278e-23	0.9997214385480405	-2491773.6538598086	-2337.1599188688456	13215.923315764085	-2340.006813778961	62182117.64543909	2575.5012847657395	13216.583516622084	2572.496385491804	-0.1282068122001947	1599.565890624997	-2490253.6258294447	-2338.5793662570495	13208.521156189947	-2338.579366328958	62219883.24452035	2574.0587619061753	13208.521156150542	2574.058761795655	-0.128135004331783	-0.00032855396794658945	0.0	0.0	0.0	0.0008888048958793	0.0	0.0	0.0	-0.0002786002574071524	63501646.36656122	0.0007954443577791226
16	12.0	nan	nan	1	1	6.000000000000838e-05	6.000000000000867e-05	5.999999999999513e-05	0.9995619999999957	1.3105187880800127e-22	-1.8745897913921734e-22	4.462804840846095e-23	1.0011856000000077	-6.741852864552196e-22	-9.820288232229544e-24	7.152134448378498e-23	0.9996282791781809	-3305462.184049764	-3089.089940874372	17115.584684934416	-3094.1075894810856	82898181.29850975	4026.964223693849	17116.719584939645	4020.7003639011104	-5.572288587012259	1599.565890624997	-3302775.579349015	-3091.592764554712	17102.80750740662	-3091.5927690016274	82965346.55921184	4023.958002303731	17102.807503440057	4023.9579913172533	-5.5681287454513075	-0.0004380959500226984	0.0	0.0	0.0	0.0011848977313457822	0.0	0.0	0.0	-0.0003717899271298274	84665071.75397518	0.0010605848957044787
20	15.0	nan	nan	1	1	6.000000000000838e-05	6.000000000000867e-05	5.999999999999513e-05	0.9994524999999947	3.8275301304053695e-23	-1.601289317004653e-21	-5.452774597949559e-23	1.0014819999999862	3.7491795827843465e-21	4.1584023754265806e-23	8.385626177817574e-23	0.9995282698021818	-3814617.8315038146	-2823.3693878197732	927.4271498321791	-2829.103352075008	101869234.49345686	24858.26633125839	927.4978246296447	24809.7705709763	1314.2897187904882	1599.565890624997	-3810770.589180121	-2826.2492564666913	926.5620294234983	-2826.250052836401	101973142.26258154	24835.078101830895	926.5623943863897	24835.076817021476	1313.0637261517666	-0.0005476499328582439	0.0	0.0	0.0	0.0014809029217653178	0.0	0.0	0.0	-0.0004718414975118593	103930327.39275399	0.0013278206346314858
24	18.0	nan	nan	1	1	6.000000000000838e-05	6.000000000000867e-05	5.999999999999513e-05	0.9993430000000012	-2.126052697608294e-22	-5.268386113244138e-21	3.218725199566341e-23	1.001778399999997	-5.134290209781941e-21	1.470925652466296e-22	1.164670302474663e-23	0.9993972553851637	-3509727.5903517017	5316.767436504314	-109014.88192175548	5329.717620688813	113371265.23324592	118497.83019132464	-109020.80262153126	118216.1577231623	7028.779335099481	1599.565890624997	-3505609.9588623056	5323.471543001007	-108892.89665886114	5323.464767001575	113514219.2076045	118365.23371721506	-108892.8988232115	118365.22079964078	7020.914285118196	-0.0006572159190765324	0.0	0.0	0.0	0.0017768205190725104	0.0	0.0	0.0	-0.0006029263383970727	115303986.13269205	0.001604900540112757
28	21.0	nan	nan	1	1	6.000000000000838e-05	6.000000000000867e-05	5.999999999999513e-05	0.9992334999999841	1.7575933655526734e-21	-2.358351483392786e-21	1.1434944787933055e-22	1.002074799999981	1.0958065238628883e-20	-4.5844334781158925e-22	-4.1843427594362436e-22	0.9992392956850589	-3156656.1576506523	23522.828749052267	-260293.21732381103	23589.716847442025	119040008.85878523	265285.8601753674	-260294.72153835782	264535.2113844855	3644.000821846288	1599.565890624997	-3152518.422443894	23558.79410440539	-259953.53352889902	23558.79551897217	119222015.71967426	264939.660959547	-259953.5280159553	264939.6739167071	3639.2453847259753	-0.0007667939113391751	0.0	0.0	0.0	0.00207265057503243	0.0	0.0	0.0	-0.0007609937972850257	120829092.46159263	0.001891032584552421
32	24.0	nan	nan	1	1	6.000000000000838e-05	6.000000000000867e-05	5.999999999999513e-05	0.9991240000000016	-1.190081290892292e-21	2.2375539972024817e-20	4.523155938337964e-22	1.0023712000000151	-1.7119382896956663e-20	-5.106020485167329e-22	6.140988867593677e-22	0.9990701165468348	-3026540.955542852	50251.35186573211	-388507.1535117035	50414.6796408167	122505118.98234695	420974.9681576637	-388486.19799952325	419588.5965142428	1364.4538281222547	1599.565890624997	-3022191.6844106163	50342.22304566317	-387927.9294642848	50342.23155105894	122726649.03668788	420347.33795133623	-387927.92641785607	420347.3524369241	1362.4195683623063	-0.0008763839122195439	0.0	0.0	0.0	0.002368393141501359	0.0	0.0	0.0	-0.000930316062988975	124268634.58495963	0.002181384332178362
36	27.0	nan	nan	1	1	6.000000000000838e-05	6.000000000000867e-05	5.999999999999513e-05	0.9990145000000074	-1.0926725019580475e-21	-6.649759207361973e-20	2.549569171235444e-21	1.0026675999999926	2.888255295195076e-20	6.140988867593677e-22	4.503674180551115e-21	0.9988961862836332	-3016511.2551011406	82147.05430163506	-492398.15816778765	82447.45217069553	125045803.27273029	559531.5156508597	-492339.84664869396	557426.9073599902	487.4492368560017	1599.565890624997	-3011810.2958478313	82318.95487592166	-491572.5762421695	82318.96529283682	125307473.58553034	558593.3742332436	-491572.57964315504	558593.3765208458	486.63195256496755	-0.0009859859243962032	0.0	0.0	0.0	0.0026640482701064186	0.0	0.0	0.0	-0.001104423367396209	126846592.79502268	0.0024737805315214077
40	30.0	nan	nan	1	1	6.000000000000838e-05	6.000000000000867e-05	5.999999999999513e-05	0.9989049999999933	1.1722935989999516e-21	-1.6577387689832317e-20	2.061678193616967e-21	1.0029639999999964	-9.20640110370699e-21	7.934581133404658e-22	6.11388381328154e-21	0.9987198412407037	-3036774.2062963294	112840.81399512773	-577337.6993182219	113299.34557324531	127070588.73975794	671520.6333605531	-577230.6935006944	668679.0149218009	260.2656304311443	1599.565890624997	-3031680.84044971	113109.30800512563	-576262.5349465709	113109.31662213309	127372941.14856815	670270.074007387	-576262.5454263986	670270.073190182	259.7809429885344	-0.0010955999505105922	0.0	0.0	0.0	0.0029596160126191566	0.0	0.0	0.0	-0.0012809788625037454	128924634.69800633	0.0027673407509557985
44	33.0	nan	nan	1	1	6.000000000000838e-05	6.000000000000867e-05	5.999999999999513e-05	0.9987954999999997	2.495359062611169e-21	-2.0677133033661538e-20	-5.89534931288993e-22	1.003260400000017	9.328458551406335e-20	-2.7418456502621703e-21	7.394597629530042e-22	0.998542055035649	-3038461.755747688	139197.08007848304	-645338.9453268594	139819.33805022435	128737452.88762262	755528.468128276	-645175.2044079996	751975.2150551925	241.04802661769992	1599.565890624997	-3033009.310203795	139568.42824206006	-644017.4390281956	139568.43565684723	129080896.99353671	753981.3189337616	-644017.4532328696	753981.3247739363	240.5544154885987	-0.0012052259931563329	0.0	0.0	0.0	0.0032550964206706982	0.0	0.0	0.0	-0.001459008800245308	130635211.68551785	0.003061650599933503
48	36.0	nan	nan	1	1	6.000000000000838e-05	6.000000000000867e-05	5.999999999999513e-05	0.9986860000000002	-3.53551552183945e-21	-5.0820494527600324e-20	-2.9578390518120168e-21	1.0035567999999875	-7.894092958525903e-20	-2.620719938804805e-21	6.21044556926853e-21	0.9983633338462832	-3003475.8069059756	160729.6953550034	-698938.0390251777	161513.61037295338	130135791.04039642	815041.2024056952	-698712.2316510015	810823.3280736621	236.7191734123535	1599.565890624997	-2997737.2009543064	161205.01084013536	-697377.2206813684	161205.0135919736	130520633.16004816	813221.1107972179	-697377.2336590625	813221.1232209024	236.1905491172605	-0.0013148640549949307	0.0	0.0	0.0	0.003550489545789334	0.0	0.0	0.0	-0.001638006954928757	132058242.82720508	0.003356472451594446
52	39.0	nan	nan	1	1	6.000000000000838e-05	6.000000000000867e-05	5.999999999999513e-05	0.9985764999999912	-5.437951521372608e-22	8.544233097190941e-20	-4.157237705124106e-21	1.0038531999999905	-6.481834925568808e-20	2.154004784867686e-21	2.8951586137151987e-21	0.9981839960731367	-2932072.2959459736	178040.5740252172	-741814.4890005599	178981.38181772453	131333886.83232889	855764.2655589232	-741522.9186403014	850931.3973845998	219.46260131380242	1599.565890624997	-2926131.667394482	178618.74841809247	-740020.5201775997	178618.75027262862	131760384.50399148	853694.7260244711	-740020.5299617717	853694.7379700532	218.93186341315405	-0.001424514138665644	0.0	0.0	0.0	0.003845795439610125	0.0	0.0	0.0	-0.0018176548610325692	133262170.88167386	0.0036516477859331858
56	42.0	nan	nan	1	1	6.000000000000838e-05	6.000000000000867e-05	5.999999999999513e-05	0.9984669999999934	6.84063808202573e-21	2.3351957201972215e-19	-2.749468946787459e-21	1.0041495999999726	-1.468416317360055e-20	6.0986372202309626e-21	2.2293907171733185e-20	0.9980042532667732	-2832084.718082739	192268.08030135912	-777126.3293545725	193362.34354137647	132385182.84224379	882903.1075628784	-776766.1724381777	877499.7931477429	197.51679987332537	1599.565890624997	-2826021.2867408074	192948.35586019754	-775103.1252092107	192948.35899963864	132853583.02650097	880604.5195988627	-775103.1330787822	880604.5293121054	197.00257613236138	-0.001534176246784471	0.0	0.0	0.0	0.004141014153582846	0.0	0.0	0.0	-0.0019977408894007722	134304589.61626428	0.003947066188563691
60	45.0	nan	nan	1	1	6.000000000000838e-05	6.000000000000867e-05	5.999999999999513e-05	0.9983574999999854	8.636347930204846e-21	1.307403824416485e-19	-2.7562452103654933e-21	1.0044459999999893	1.3987055058010263e-20	-2.8976997125569613e-21	3.71678057255187e-21	0.9978242452688594	-2712734.934159846	203980.52068028008	-806681.6587383241	205224.5017141246	133329330.44800548	900286.8722586042	-806250.7911511146	894351.7890642901	173.7704670914839	1599.565890624997	-2706616.4332061564	204761.62095633044	-804432.3071763426	204761.62334969378	133839886.92894407	897776.5118699551	-804432.3140959287	897776.5201464271	173.28592542954775	-0.001643850382010526	0.0	0.0	0.0	0.004436145739222486	0.0	0.0	0.0	-0.0021781251243523964	135230014.211122	0.004242650675416348
64	48.0	nan	nan	1	1	6.000000000000838e-05	6.000000000000867e-05	5.999999999999513e-05	0.9982479999999916	1.81603863891322e-21	7.169540975444574e-20	2.5173819192397806e-21	1.004742399999985	-1.8690120794345038e-19	-9.486769009248163e-21	-1.791474683442845e-20	0.9976440652923715	-2581939.2152900593	213323.95150272956	-831554.3599924732	214711.79338639975	134194687.45908858	910646.514901961	-831051.2797134402	904212.9602454273	150.85995800977892	1599.565890624997	-2575820.8872356913	214202.99929422274	-829081.9618743979	214202.99860869924	134747665.8884213	907938.9580205374	-829081.967527786	907938.9666321648	150.411417428163	-0.0017535365469575342	0.0	0.0	0.0	0.004731190247886154	0.0	0.0	0.0	-0.002358714288333995	136070963.5695847	0.004538346934369049
68	51.0	nan	nan	1	1	6.000000000000838e-05	6.000000000000867e-05	5.999999999999513e-05	0.998138500000007	1.9640999980932715e-20	-4.158381199602899e-20	-5.285485590866834e-22	1.0050387999999915	6.395098751769968e-20	-2.8528069663524834e-21	-5.356636358436195e-21	0.9974637757545769	-2445746.130654238	220524.37515422524	-852631.606945311	222048.89292458203	135001080.75281742	916032.2057128532	-852055.2475193918	909128.0370423882	129.28468878969306	1599.565890624997	-2439671.844897643	221497.41397247065	-849939.0677411204	221497.40950990783	135596757.7249694	913139.4527277516	-849939.0724229788	913139.4614945779	128.87641857048908	-0.0018632347442698884	0.0	0.0	0.0	0.005026147730975008	0.0	0.0	0.0	-0.002539445910530922	136850440.18601948	0.004834116248774205
72	54.0	nan	nan	1	1	6.000000000000838e-05	6.000000000000867e-05	5.999999999999513e-05	0.9980290000000006	-9.579942633446137e-21	2.4671359248086553e-19	7.816420037262683e-21	1.0053351999999869	-1.5950985649514082e-19	7.209944447028605e-21	1.6625562688707407e-20	0.9972834200728037	-2308394.8170437203	226004.6931168211	-870666.8865151105	227659.18240017106	135762377.86914515	917988.8983769241	-870016.4570398825	910636.687874735	108.91847672876273	1599.565890624997	-2302399.078416065	227067.87612759194	-867756.7044611011	227067.86892823857	136401038.29544756	914920.5436947686	-867756.7087335464	914920.5522590582	108.55441947421986	-0.001972944976618882	0.0	0.0	0.0	0.0053210182397884056	0.0	0.0	0.0	-0.0027202765267038526	137584535.0352277	0.00512993015697898
76	57.0	nan	nan	1	1	6.000000000000838e-05	6.000000000000867e-05	5.999999999999513e-05	0.997919499999989	-8.17217387510949e-21	-6.668775097027832e-20	6.486578310073432e-21	1.005631599999991	-7.843525091574821e-20	2.067776830837198e-20	1.1668725881375241e-20	0.9971030303109812	-2172637.299557661	230219.81213052824	-886255.9938509059	231998.9832078762	136488457.02818096	917612.08076729	-885530.8882603847	909829.996233275	90.62308997711594	1599.565890624997	-2166747.396014117	231370.0550655945	-883130.2572288184	231370.0463698808	137170391.7494453	914375.7543496129	-883130.2613735386	914375.7628012946	90.30347136453268	-0.002082667246628853	0.0	0.0	0.0	0.005615801825624945	0.0	0.0	0.0	-0.0029011740275660413	138284565.90439725	0.005425766860100192
80	60.0	nan	nan	1	1	6.000000000000838e-05	6.000000000000867e-05	5.999999999999513e-05	0.9978099999999974	5.426093060111048e-21	-1.8344870165044186e-19	3.172985420414609e-21	1.0059279999999753	-7.805578015537829e-20	9.640929005648446e-21	-1.0550642390999565e-20	0.996922630807418	-2040225.3372023895	233519.6904103441	-899840.761669259	235419.5544491139	137186490.94467622	915634.9208246064	-899040.5225196099	907437.8907962857	74.54834362293354	1599.565890624997	-2034462.9484295624	234754.64769491015	-896501.278556518	234754.63819073545	137911994.88842708	912236.8225323514	-896501.282897977	912236.8310122517	74.27168030069217	-0.0021924015569163217	0.0	0.0	0.0	0.005910498539685776	0.0	0.0	0.0	-0.0030821140300677226	138958616.59660417	0.00572160931304557
84	87.1	nan	nan	1	1	6.000000000000838e-05	6.000000000000867e-05	5.999999999999513e-05	0.9968208499999943	2.0510902817762883e-20	1.6039415889207432e-19	-2.014752568339079e-20	1.0086054800000064	3.969874017191455e-19	-1.3145951341386741e-20	-2.4486028439227315e-20	0.9952944888591205	-1135570.3434205397	242895.97512272224	-969669.9193692128	245767.04502582332	142747036.4135918	877776.4658464468	-968184.7834024058	866191.7792090203	-8212.576075154007	1599.565890624997	-1131204.4872162861	244822.65637703586	-964462.811761243	244822.15985464575	143879323.76017272	873062.8242018971	-964462.4639811807	873062.5207385964	-8168.474709825707	-0.0031842142335206662	0.0	0.0	0.0	0.008568663919578515	0.0	0.0	0.0	-0.0047166169110073805	144470479.89441326	0.00839281557305741
88	114.2	nan	nan	1	1	6.000000000000838e-05	6.000000000000867e-05	5.999999999999513e-05	0.995831700000001	5.529600486265523e-20	3.014488615324384e-19	1.722526201536345e-20	1.0112829600000037	-4.455732115736521e-19	1.1323136438895487e-20	-3.991219247462263e-21	0.9936725477719357	-587899.4909058793	243341.1545917278	-1009054.7902458424	247117.2622593758	147696913.9188367	850808.4685450537	-1006867.7210805594	835992.2172254432	9983.492513995778	1599.565890624997	-585042.0778943824	245915.7393018694	-1001973.2150555863	245916.1792656528	149259568.69027692	844837.4705370659	-1001973.9646280089	844837.1361372366	9913.428079851426	-0.00417701157918874	0.0	0.0	0.0	0.011219782184510347	0.0	0.0	0.0	-0.006347555400019134	149565855.05893517	0.011059273318390118
92	141.3	nan	nan	1	1	6.000000000000838e-05	6.000000000000867e-05	5.999999999999513e-05	0.9948425499999927	-1.5597264690740688e-20	-8.456099319029131e-20	2.577521258494836e-20	1.0139604400000022	-3.4714798310270243e-19	5.251604272976662e-21	-6.952446431063297e-20	0.9920581248080605	-288820.1516758306	245310.4014653127	-1042498.840574374	250024.63430773251	152233670.40998834	843245.6678051746	-1039581.7627293585	825030.8596917281	5113.297342766299	1599.565890624997	-287123.91182760673	248556.1383340731	-1033475.5759359972	248556.24041177484	154247895.7904245	835947.022934185	-1033476.3022855613	835946.9605303841	5069.039609996958	-0.005170795551042408	0.0	0.0	0.0	0.013863890601229546	0.0	0.0	0.0	-0.007973579857286766	154406896.30905738	0.01371981529523708
96	168.4	nan	nan	1	1	6.000000000000838e-05	6.000000000000867e-05	5.999999999999513e-05	0.9938533999999939	-2.1119919506838726e-20	-3.9418880486141725e-19	4.6070122001161396e-20	1.0166379199999769	2.355158169181637e-19	1.4148838350935833e-20	-1.41420620873578e-20	0.9904520866164227	-135339.67961982032	249793.0838787284	-1072989.030788804	255517.52182591072	156447151.70691422	850165.5187064586	-1069315.1141446335	828266.5445003139	-11261.723245722667	1599.565890624997	-134408.07718353142	253760.84433178205	-1061956.310017093	253758.6825371212	158932187.76914942	841423.9206952192	-1061954.5487265976	841422.8864967611	-11145.92760903568	-0.006165568111994634	0.0	0.0	0.0	0.016501026141594384	0.0	0.0	0.0	-0.009593786939917505	159022924.8481348	0.0163738711173083
100	195.5	nan	nan	1	1	6.000000000000838e-05	6.000000000000867e-05	5.999999999999513e-05	0.9928642500000004	1.1622477882455157e-19	-3.585117771230661e-19	4.603793474916573e-20	1.0193154000000062	-1.769960046582586e-20	4.5333203337050157e-20	5.183841637196318e-21	0.9888551679541443	-54074.728802335674	255256.71917239897	-1101380.7923160365	262053.33526329588	160406690.2154641	865569.6271068217	-1096931.3282031324	839702.204355521	-7023.088033270633	1599.565890624997	-53647.94326215368	259988.7895104097	-1088275.9688425823	259985.0757135225	163380385.65136918	855270.6122280845	-1088273.782620962	855269.002780558	-6939.523538995223	-0.007161331230851112	0.0	0.0	0.0	0.019131225485836303	0.0	0.0	0.0	-0.011207401001188524	163428889.85369474	0.019021049605376476
104	222.60000000000002	nan	nan	1	1	6.000000000000838e-05	6.000000000000867e-05	5.999999999999513e-05	0.9918750999999879	-2.7003410358467096e-21	1.4756059330163495e-18	-4.7671014271472024e-21	1.021992880000027	-9.355580546377417e-19	-1.7211709488207383e-21	5.635818417851213e-20	0.9872672954433432	-30693.776654711968	260944.6229877342	-1128187.693705948	268864.51573693485	164122457.01183328	885779.7794286697	-1122944.5958640818	855681.4117003345	-5063.058760913681	1599.565890624997	-30420.59524971091	266475.08762177825	-1112952.1686581858	266471.5620450447	167600871.0667534	873817.8336535332	-1112950.1404444226	873816.7376221109	-4994.685068308682	-0.008158086882325166	0.0	0.0	0.0	0.021754525025373162	0.0	0.0	0.0	-0.012814460160683666	167637132.18569717	0.021661337293496515
108	249.70000000000002	nan	nan	1	1	6.000000000000838e-05	6.000000000000867e-05	5.999999999999513e-05	0.990885949999998	-1.206445967433245e-19	1.775055796793268e-18	-3.680866375588288e-20	1.0246703599999818	1.353192731479158e-18	-4.030521576214863e-20	-1.0839988845781634e-19	0.9856886024769616	-46200.99469730873	266733.12127869745	-1153378.9362663277	275824.0012720781	167619478.61891106	908954.4188433095	-1147327.356472575	874374.2932761007	-4105.24349983223	1599.565890624997	-45743.292112707066	273094.8697460511	-1135962.962024917	273091.4765915054	171617305.94568044	895229.2447071866	-1135961.049320918	895228.656219391	-4043.2544927507897	-0.009155837046974181	0.0	0.0	0.0	0.024370960865984167	0.0	0.0	0.0	-0.014414793249703451	171661134.59428984	0.024294661146301036
112	276.8	nan	nan	1	1	6.000000000000838e-05	6.000000000000867e-05	5.999999999999513e-05	0.9898968000000028	1.0483896194755927e-19	-2.797566865664347e-18	-1.5378730190349076e-20	1.0273478400000133	-8.74341289473779e-19	5.697482416411325e-20	-1.242495689668388e-19	0.9841191588649237	-89363.62322430812	272646.6060061782	-1176878.9687439199	282958.32486355375	170917309.07094422	934088.9824987598	-1170008.1024075386	894784.2515495206	-3547.2454383680792	1599.565890624997	-88388.46054835996	279873.95740321156	-1157242.4855926204	279870.59870272933	175448007.14412352	918503.5034021048	-1157240.6228576002	918503.3078957908	-3488.05887192074	-0.010154583711360158	0.0	0.0	0.0	0.026980568830974314	0.0	0.0	0.0	-0.016008292854018873	175513286.77482373	0.02692098600654545
116	303.9	nan	nan	1	1	6.000000000000838e-05	6.000000000000867e-05	5.999999999999513e-05	0.988907650000004	1.6738048664102778e-19	1.5122858477642498e-18	1.381002517203411e-20	1.0300253199999911	-7.003946034256359e-19	4.263625043299246e-20	5.849270720559296e-20	0.9825589990862701	-153131.10105590028	278686.17779379233	-1198647.1048734107	290270.2061743131	174032298.89016598	960495.3225800978	-1190950.0489106064	916233.1951988905	-3210.7925749172655	1599.565890624997	-151306.24972062864	286814.4680470146	-1176759.4743889344	286811.07886657305	179108205.59645948	942956.4100701301	-1176757.590474596	942956.4773120222	-3152.1626068838377	-0.01115432886797321	0.0	0.0	0.0	0.02958338446366278	0.0	0.0	0.0	-0.01759488708106676	179205203.8162575	0.029540297837718547
120	331.0	nan	nan	1	1	6.000000000000838e-05	6.000000000000867e-05	5.999999999999513e-05	0.9879184999999828	4.0074822800495456e-20	-3.4219046866901247e-18	5.156058956526377e-20	1.0327027999999987	-2.993753248775599e-19	-1.5951324462692983e-19	5.480641981914224e-20	0.981008136758378	-232863.89210980828	284741.07583910465	-1218722.1516903848	297645.4678803538	176978605.29763559	987645.5416957808	-1210195.4242742676	938206.5491332931	-2997.079956719381	1599.565890624997	-229855.12310633808	293803.11352528905	-1194560.7261902797	293799.67431541806	182611044.47462934	968065.2590668851	-1194558.8288033784	968065.4765136022	-2937.6622100314294	-0.012155074515306279	0.0	0.0	0.0	0.032179443030752215	0.0	0.0	0.0	-0.019174525100124053	182747660.97871348	0.03215259510985258
124	358.1	nan	nan	1	1	6.000000000000838e-05	6.000000000000867e-05	5.999999999999513e-05	0.9869293499999962	6.722053469410127e-20	-1.1192490077110983e-18	2.575996599189778e-20	1.0353802800000063	1.5980597921350092e-18	-8.944667923005411e-20	1.292911090688964e-20	0.9794665715278558	-325353.1564839477	290627.8968123561	-1237237.637733665	304892.05943605077	179768674.00362825	1015141.0343828074	-1227880.2225897724	960320.5793144882	-2859.7111736777497	1599.565890624997	-320823.0158083533	300650.28239124035	-1210785.3833574925	300646.81425372796	185968047.79269153	993437.225793236	-1210783.5077423595	993437.507285933	-2798.5702860249357	-0.013156822657781453	0.0	0.0	0.0	0.034768779524888105	0.0	0.0	0.0	-0.020747170278074614	186150557.42807043	0.03475788449032813
128	385.20000000000005	nan	nan	1	1	6.000000000000838e-05	6.000000000000867e-05	5.999999999999513e-05	0.9859401999999905	-8.859287001922178e-20	1.9578251780200116e-18	-1.143968817243768e-19	1.0380577599999832	3.492865718879301e-18	8.502855537717569e-20	-5.525365321529252e-20	0.9779342928595602	-428338.12562631565	296225.1932164964	-1254384.3191233547	311880.34014620236	182413539.68784925	1042641.5757761915	-1244196.7533204625	982252.978182981	-2766.1336068061337	1599.565890624997	-421944.7007544591	307228.6702915427	-1225627.5719852354	307225.1777769451	189189409.02002436	1018739.0287711076	-1225625.7273196112	1018739.4026156025	-2702.7200233704216	-0.014159575305962626	0.0	0.0	0.0	0.037351428667590496	0.0	0.0	0.0	-0.02231279641952096	189422942.96133205	0.03735617842736022
132	412.3	nan	nan	1	1	6.000000000000838e-05	6.000000000000867e-05	5.999999999999513e-05	0.9849510499999968	-1.5163922634925386e-19	-1.1965255175550026e-18	-5.795060611935021e-20	1.040735239999983	-5.010369289598637e-19	7.171997370991612e-20	-1.0058685655234267e-19	0.9764112823800064	-540208.5889289924	301496.9179079455	-1270359.4848315774	318569.06659830647	184923041.2131766	1069843.5624134408	-1259343.2954193775	1003721.0332574135	-2699.936363492177	1599.565890624997	-531604.2392432609	313498.4806074518	-1239286.5224564404	313494.9531831471	192284195.97755453	1043675.2146669267	-1239284.6915573901	1043675.739915908	-2633.8959851270097	-0.015163334476382335	0.0	0.0	0.0	0.03992742491213414	0.0	0.0	0.0	-0.023871385450199387	192573074.14425638	0.03994749366471224
136	439.40000000000003	nan	nan	1	1	6.000000000000838e-05	6.000000000000867e-05	5.999999999999513e-05	0.9839619000000003	-8.310409652101391e-20	-8.9033327151794e-19	-2.5431317208363114e-20	1.0434127200000045	-9.475926987523309e-20	4.710858439449517e-20	8.104411239329146e-20	0.9748975161561549	-659733.7165022931	306435.49351057055	-1285315.787827239	324946.6198029094	187306032.9125963	1096509.4888937944	-1273473.4352781267	1024508.3432755873	-2647.331493247793	1599.565890624997	-648565.1209083544	319449.2115611932	-1251916.7003318516	319445.6164504705	195260555.00003555	1068016.5561017725	-1251914.8739336336	1068017.2154599356	-2578.5402615445364	-0.01616810219169813	0.0	0.0	0.0	0.04249680244616982	0.0	0.0	0.0	-0.02542292514361754	195608476.25338337	0.04253184997390501
140	466.5	nan	nan	1	1	6.000000000000838e-05	6.000000000000867e-05	5.999999999999513e-05	0.9829727500000016	3.3721398069730404e-19	-1.29806105100827e-19	5.570088661144279e-21	1.0460901999999899	8.337514706413529e-20	8.342935717275956e-20	-1.0640766696587422e-19	0.9733929662404249	-785870.9224500544	310990.92484721873	-1299366.4922289841	330956.165673809	189570543.38419178	1122475.3730008127	-1286701.349293399	1044470.4393189463	-2610.136132496926	1599.565890624997	-771780.6445972464	325025.9480374251	-1263633.2676925464	325022.2849330564	198125863.6845647	1091606.7421873044	-1263631.4290212449	1091607.399487569	-2538.356091183728	-0.01717388048065468	0.0	0.0	0.0	0.04505959519444529	0.0	0.0	0.0	-0.026967407579278176	198536007.34990528	0.04510926930170216
144	493.6	nan	nan	1	1	6.000000000000838e-05	6.000000000000867e-05	5.999999999999513e-05	0.9819835999999872	2.9110828331235796e-20	2.7915766486613647e-18	-2.667137344314341e-20	1.0487676799999779	4.3292463797889314e-18	1.2717691483254967e-19	-6.545870616381233e-21	0.9718976019527442	-917656.6461920867	315072.1900680122	-1312597.818922759	336496.2791837897	191723917.297371	1147640.400358921	-1299114.1462626276	1063524.0164376658	-2576.1553155752026	1599.565890624997	-900285.8175242938	330130.2543131073	-1274524.3828610126	330126.55556515	200886868.37649325	1114351.747296247	-1274522.4982336212	1114352.409011009	-2501.4309153981735	-0.01818067137813893	0.0	0.0	0.0	0.04761583682164206	0.0	0.0	0.0	-0.028504827856408232	201361927.34483454	0.0476797750957126
148	520.7	nan	nan	1	1	6.000000000000838e-05	6.000000000000867e-05	5.999999999999513e-05	0.9809944499999884	4.742029251908475e-20	1.027389978647264e-18	1.2725822999548608e-20	1.0514451599999943	-4.105873627202605e-18	-9.183192400952222e-20	-2.609674629172609e-19	0.970411389426611	-1054292.0121925238	318650.59734247986	-1325044.3474191623	341530.86324034666	193772845.71418437	1172032.9980425593	-1310747.6483882035	1081706.3275561968	-2559.7824121108088	1599.565890624997	-1033280.9076594485	334728.19954718876	-1284627.5664977115	334724.45611041767	203549707.13371187	1136283.4014295393	-1284625.610529362	1136284.113324705	-2481.703391466425	-0.019188476925144186	0.0	0.0	0.0	0.05016556073492134	0.0	0.0	0.0	-0.03003518458418659	204091983.93260524	0.0502433923937266
152	547.8	nan	nan	1	1	6.000000000000838e-05	6.000000000000867e-05	5.999999999999513e-05	0.9800052999999785	-9.391901319155682e-20	-1.3294215988474133e-18	8.922306253197898e-20	1.054122639999987	3.6999754388783444e-18	-8.928404890418129e-20	-2.8557885223268186e-19	0.9689342917384614	-1195231.5269691364	321820.5525229447	-1336693.2500353446	346155.8644481394	195723429.81337172	1195739.5103235745	-1321590.6906725056	1099107.0800418474	-2547.239973478282	1599.565890624997	-1170217.4575837303	338915.18313769443	-1293934.1930560998	338911.43806204177	206119968.22299656	1157489.3778770254	-1293932.1488003563	1157490.0185834495	-2465.757120802182	-0.0201972991689001	0.0	0.0	0.0	0.052708800086481176	0.0	0.0	0.0	-0.03155847977402386	206731487.63494864	0.05280014770279514
156	574.9	nan	nan	1	1	6.000000000000838e-05	6.000000000000867e-05	5.999999999999513e-05	0.9790161500000047	2.913793338554793e-21	2.195197691158557e-18	7.721552347170202e-20	1.0568001200000154	4.623471744347185e-18	2.3776553642607113e-19	1.091385011878221e-19	0.9674662690168021	-1340156.0689832598	324722.7713722429	-1347504.3052572964	350518.66113969235	197581217.65537786	1218817.3307274457	-1331605.00109042	1115788.24848783	-2537.1720892945045	1599.565890624997	-1310770.5986973727	342836.50306002697	-1302409.1883502514	342832.87293937936	208602721.16137162	1178028.8079724167	-1302407.0292290023	1178029.306816081	-2452.2639583641317	-0.021207140162762952	0.0	0.0	0.0	0.055245587776327744	0.0	0.0	0.0	-0.03307471875128597	209285347.58717915	0.05535006890694302
160	602.0	nan	nan	1	1	6.000000000000838e-05	6.000000000000867e-05	5.999999999999513e-05	0.9780269999999941	-2.0794997668271974e-19	3.0829288774625317e-18	-1.0760706561918632e-19	1.0594776000000017	-1.1461101165344267e-18	-9.931291899967221e-20	1.480207015985835e-19	0.9660072800095688	-1488764.9886403985	327466.155204956	-1357435.7187600734	354734.1045094209	199351327.43938595	1241308.2312717934	-1340750.7190810042	1131796.644549734	-2531.426848835974	1599.565890624997	-1454634.7841733044	346605.2822556501	-1310016.1489157798	346601.7615199375	211002639.56108877	1197945.36586491	-1310013.7682991163	1197945.7699823424	-2442.996015165452	-0.022218001966438767	0.0	0.0	0.0	0.057775956454586136	0.0	0.0	0.0	-0.03458390855622672	211758087.48286214	0.057893184581544646
164	603.31	nan	nan	1	1	6.000000000000838e-05	6.000000000000867e-05	5.999999999999513e-05	0.978084640090377	-2.2132632098575965e-19	4.950060543754131e-19	-5.103881726975512e-20	1.059348172000017	6.541371177365418e-18	2.743031496388326e-20	9.194034422677077e-20	0.9660254563188833	315.41507493725743	323593.5692288787	-1350138.1224960082	350478.5355220701	188827318.0455215	1227845.8300928187	-1333491.7636111479	1119679.0332370193	536.0432062018334	1599.565890624997	308.21598140733704	342479.7301290535	-1303055.8787454008	342479.1469134103	199848004.02347365	1185028.1837369604	-1303055.8945280872	1185027.7928822073	517.3502173329658	-0.022159068632350624	0.0	0.0	0.0	0.05765378690024527	0.0	0.0	0.0	-0.034565092819854135	199871754.7304778	0.05778950908491207
168	604.62	nan	nan	1	1	6.000000000000838e-05	6.000000000000867e-05	5.999999999999513e-05	0.9781248067003478	1.4013313079375145e-20	6.090505703937321e-19	-5.964467201385881e-20	1.059218744000021	-2.9706055323930337e-18	4.662069341687669e-20	1.0634668059367192e-19	0.9660623428616867	53.41013281231444	320788.5051162479	-1345073.272377366	347384.2318977916	180021966.60323697	1218901.6517973386	-1328485.4980296073	1111701.3398926968	85.31810247027222	1599.565890624997	52.195474113040966	339484.04693853384	-1298272.9609087815	339483.98419109586	190513639.93904227	1176491.3399391132	-1298272.9450537574	1176491.2515085244	82.34955506730438	-0.022118002876286107	0.0	0.0	0.0	0.05753160241867004	0.0	0.0	0.0	-0.03452690972815015	190538647.13397002	0.05768267648973378
172	605.93	nan	nan	1	1	6.000000000000838e-05	6.000000000000867e-05	5.999999999999513e-05	0.9781650710818269	1.349831704744453e-20	-2.5817699757582636e-18	-1.1085967213664282e-20	1.0590893159999963	5.66468530069364e-19	1.3026689102413336e-19	-6.166399856011306e-20	0.9661010131644951	10.180605576990871	319043.44738861587	-1342899.6551358574	345438.1248713691	171624503.58937454	1213842.3811205174	-1326337.1923040065	1107266.7130860256	15.752837845692412	1599.565890624997	9.949894767906539	337609.87497650634	-1296280.0125328132	337609.87647532404	181612027.05767024	1171703.0464592527	-1296280.0091192175	1171703.0380356873	15.205967744459183	-0.022076838852547034	0.0	0.0	0.0	0.05740940300619609	0.0	0.0	0.0	-0.03448688174325641	181638171.74352568	0.057575069759456574
176	607.24	nan	nan	1	1	6.000000000000838e-05	6.000000000000867e-05	5.999999999999513e-05	0.9782053554529264	-1.8660474641191138e-19	1.083714281507886e-18	8.695301423333746e-20	1.058959887999999	5.644356509959537e-19	1.037039377982385e-19	-1.5913377386655993e-19	0.9661400766563448	2.21067873274046	317992.0458691743	-1342228.0735024808	344243.4897509771	163321735.92154977	1210784.13618065	-1325672.9034480776	1104656.6487957202	3.489753951185383	1599.565890624997	2.1607574834385526	336469.8256724734	-1295736.7366410578	336469.82964497287	172811982.9659445	1168845.6800770215	-1295736.736548887	1168845.6830179635	3.3688778275880757	-0.02203565608822102	0.0	0.0	0.0	0.057287188659226516	0.0	0.0	0.0	-0.034446448391475405	172839392.3231129	0.057467288532930906
180	608.55	nan	nan	1	1	6.000000000000838e-05	6.000000000000867e-05	5.999999999999513e-05	0.9782456373405669	-3.4531839193663317e-19	-9.40911302864389e-19	8.23722600545862e-20	1.0588304599999976	9.3756382865684e-20	7.237049501340742e-20	-1.3755815063409838e-19	0.966179239781416	0.5003613870472181	317348.9995176891	-1342261.0212828252	343491.2218905723	155045946.78353676	1208702.2939614386	-1325704.5924623488	1102936.7876074112	1.0297782744880533	1599.565890624997	0.48910224892503273	335761.9760271226	-1295873.5704703568	335761.9781648666	164041901.96331355	1166930.5242988826	-1295873.5713170893	1166930.526968399	0.9941899736296692	-0.021994477558531744	0.0	0.0	0.0	0.057164959374079415	0.0	0.0	0.0	-0.03440591355363272	164070736.60535955	0.05735946103824689
184	609.86	nan	nan	1	1	6.000000000000838e-05	6.000000000000867e-05	5.999999999999513e-05	0.9782859103200663	-3.63207727782644e-20	-1.861981705972293e-18	-3.1916201452542037e-20	1.0587010320000134	4.893546505513324e-19	3.06287113727155e-20	1.2506272059620293e-19	0.9662184335813574	-0.029187774706515485	316936.33212852053	-1342621.098043691	342988.50627978594	146780848.34139264	1207110.5802553752	-1326059.4286316175	1101663.6988540762	0.35547904872440267	1599.565890624997	-0.028533321522499242	335297.95925451606	-1296326.3006079437	335297.96044612944	155284560.07548645	1165488.3088067174	-1296326.3016395285	1165488.309686011	0.3432218075882423	-0.021953309830310627	0.0	0.0	0.0	0.057042715147125646	0.0	0.0	0.0	-0.03436534861145018	155314997.0150039	0.05725161771422729
188	611.17	nan	nan	1	1	6.000000000000838e-05	6.000000000000867e-05	5.999999999999513e-05	0.9783261730294747	-1.2613337024153238e-19	-6.990935608186533e-19	-7.86317625595112e-20	1.0585716039999806	1.114261677717665e-18	1.522761951255891e-19	-1.7024684613453633e-19	0.9662576383414786	-0.24816646019439212	316656.82098711183	-1343136.7388198064	342630.0233557057	138521828.18673846	1205781.5172356002	-1326567.9379817478	1100629.9403332765	0.025176251315977425	1599.565890624997	-0.24262184782908167	334974.87603080634	-1296929.34304155	334974.8766351185	146535078.82687277	1164299.4981837135	-1296929.3438485814	1164299.4983327352	0.02431012281567666	-0.021912154294416016	0.0	0.0	0.0	0.05692045597464748	0.0	0.0	0.0	-0.03432477397179835	146567318.4595463	0.05714376714737268
192	612.48	nan	nan	1	1	6.000000000000838e-05	6.000000000000867e-05	5.999999999999513e-05	0.9783664258248409	1.1560305664126691e-20	-3.1679845378940197e-18	-1.118354540918798e-19	1.0584421759999738	4.55747093709713e-18	4.868067754459915e-20	2.732189474663471e-20	0.9662968467808395	-0.3115093478282215	316460.64320207195	-1343728.5491746846	342361.801743057	130267343.07841145	1204604.6332168663	-1327151.69505727	1099734.7662957537	-0.13877761028928218	1599.565890624997	-0.30457439082621596	334739.9934559974	-1297606.0646266935	334739.99395683035	137791825.0066684	1163257.473765571	-1297606.0650500914	1163257.4741311884	-0.13401417187751405	-0.021871010585490572	0.0	0.0	0.0	0.05679818185306113	0.0	0.0	0.0	-0.0342841971708151	137826100.938984	0.05703591229077618
196	613.79	nan	nan	1	1	6.000000000000838e-05	6.000000000000867e-05	5.999999999999513e-05	0.9784066695360738	8.962286208308302e-20	2.185927762583806e-18	1.6754989323047864e-19	1.058312747999995	-1.9969919815010507e-18	-1.5433617925331155e-19	3.73643173692817e-20	0.9663360554972278	-0.33643545557640026	316322.321872424	-1344357.4343257193	342156.23889153387	122016804.2444904	1203524.743287972	-1327772.0816989075	1098927.8509338421	-0.2130088220037287	1599.565890624997	-0.32897246313370876	334566.34450975823	-1298318.7262860616	334566.3449498041	129054174.62541933	1162308.9751745388	-1298318.7263793244	1162308.9758274562	-0.20571414670679014	-0.021829877853919412	0.0	0.0	0.0	0.056675892778711205	0.0	0.0	0.0	-0.03424362172956416	129090765.13127446	0.05692805435723977
200	615.1	nan	nan	1	1	6.000000000000838e-05	6.000000000000867e-05	5.999999999999513e-05	0.9784469050045179	5.910257092761606e-20	-2.680960922013531e-19	2.548959307513421e-19	1.058183319999994	4.4967014053293175e-18	-2.0160739397367954e-19	1.3942839938163587e-19	0.9663752625861812	-0.34648344922252	316226.6687711979	-1345000.4106335095	341996.8777203758	113769957.72265914	1202513.1191177564	-1328406.3941322821	1098182.9992764955	-0.25512047330942006	1599.565890624997	-0.33882525847788386	334437.8516509852	-1299045.1373445955	334437.85194468586	120321857.70745172	1161426.2773698552	-1299045.137267103	1161426.2782605581	-0.24640364989404642	-0.021788755238540045	0.0	0.0	0.0	0.056553588747894616	0.0	0.0	0.0	-0.03420304961867267	120361099.80563033	0.05682019393342735
204	616.41	nan	nan	1	1	6.000000000000838e-05	6.000000000000867e-05	5.999999999999513e-05	0.978487133023066	-3.1857925585770943e-19	-1.7698516263653376e-18	-1.4621821548682634e-19	1.0580538919999838	7.670459319791822e-19	8.592302216947622e-20	1.2049551894460775e-19	0.9664144669139665	-0.36345043196866755	316161.53706161486	-1345642.423877841	341870.5606892019	105526710.05203824	1201554.0684150169	-1329039.761331356	1097485.9070777101	-0.29063034458376935	1599.565890624997	-0.3554462835497361	334341.6586211968	-1299770.7590980667	334341.65862622065	111594773.97391538	1160594.23802986	-1299770.7591081185	1160594.238932487	-0.2807230337669907	-0.021747641927848903	0.0	0.0	0.0	0.056431269756963554	0.0	0.0	0.0	-0.034162482010937086	111637082.33089197	0.05671233129849149
208	617.72	nan	nan	1	1	6.000000000000838e-05	6.000000000000867e-05	5.999999999999513e-05	0.978527354327469	-8.437803407368438e-20	-1.7195039879805418e-18	-7.651756832316447e-20	1.0579244640000118	-2.6540184980272662e-18	9.297033629063201e-20	1.0080369698683977e-19	0.9664536677748243	-0.3612811829893617	316113.1811385446	-1346274.8223508873	341762.4105930408	97287050.10415673	1200635.099231741	-1329663.636092176	1096825.1852132657	-0.3121496246505994	1599.565890624997	-0.35335370033080093	334263.2226710757	-1300487.2329528977	334263.22239805985	102872910.18632138	1159800.801488253	-1300487.233029665	1159800.802344593	-0.30153323444041724	-0.021706537168871803	0.0	0.0	0.0	0.05630893580230247	0.0	0.0	0.0	-0.03412191963613306	102918803.56916702	0.05660446656905291
212	619.03	nan	nan	1	1	6.000000000000838e-05	6.000000000000867e-05	5.999999999999513e-05	0.978567569699558	6.69088265695117e-20	2.0132821191426453e-18	1.19560394570839e-19	1.0577950359999881	-1.911746585689378e-18	-1.0028870095490916e-19	3.5358543350183513e-20	0.9664928646441554	-0.3366291914588073	316063.89962611656	-1346894.7218600498	341653.2835146818	89051016.20916244	1199742.8863989823	-1330275.1681184734	1096188.6760941718	-0.30839604197756854	1599.565890624997	-0.3292695705477197	334183.8231691476	-1301191.769347281	334183.82241501095	94156305.38343392	1159033.1031659597	-1301191.7695399493	1159033.104145143	-0.29793151981922644	-0.0216654401616689	0.0	0.0	0.0	0.05618658688016497	0.0	0.0	0.0	-0.034081363036476256	94206445.1736948	0.05649659977479244
216	620.34	nan	nan	1	1	6.000000000000838e-05	6.000000000000867e-05	5.999999999999513e-05	0.9786077801964028	-5.468444707473763e-20	1.4482908145332928e-18	-3.5385648404495654e-20	1.0576656079999882	2.898343457596875e-18	-3.382710778154774e-20	7.031051088568496e-20	0.9665320569726483	-0.2986139113926329	315994.4168846208	-1347504.1731045423	341522.3470096908	80818698.45893389	1198861.1398938945	-1330876.3806138907	1095561.5045411056	-0.2974142583796056	1599.565890624997	-0.2921093044528443	334083.08113208966	-1301886.3452715797	334083.0799682992	85445053.30328189	1158275.409499228	-1301886.3456098663	1158275.4107343655	-0.2873457237473637	-0.021624349825177008	0.0	0.0	0.0	0.05606422298695927	0.0	0.0	0.0	-0.034040812779663955	85500301.44960165	0.05638873088440277
220	621.65	nan	nan	1	1	6.000000000000838e-05	6.000000000000867e-05	5.999999999999513e-05	0.978647987298733	-1.4704491964334653e-20	-5.2719330637107655e-20	-1.9649809123584162e-19	1.057536180000005	2.67282940571989e-19	-1.6263032587282566e-20	-6.930084761255783e-19	0.9665712440965905	-0.2900741776732029	315889.61391717254	-1348107.2321673718	341353.2734053012	72590249.14520398	1197970.0035928143	-1331471.2770505652	1094925.5257344458	-0.31315561672626063	1599.565890624997	-0.2837788111647368	333945.0183507558	-1302574.875443757	333945.016723628	76739313.4021722	1157508.5356574461	-1302574.8763034306	1157508.536763649	-0.30257877765177077	-0.02158326464560712	0.0	0.0	0.0	0.05594184411901455	0.0	0.0	0.0	-0.03400026955165788	76800822.95271106	0.05628085980420276
224	622.96	nan	nan	1	1	6.000000000000838e-05	6.000000000000867e-05	5.999999999999513e-05	0.9786881927090572	8.395790573184625e-20	-2.1695427572521187e-18	-4.743384504624082e-22	1.0574067519999926	3.2146594414195205e-19	-6.174531372304948e-20	1.7414997395548414e-20	0.9666104253533775	-0.2784156432946911	315742.5253089095	-1348706.2702103858	341138.5548790017	64365865.06524441	1197046.8679163733	-1332062.1953481345	1094260.0666799417	-0.33082510891731365	1599.565890624997	-0.2723955943348146	333762.28067122225	-1303259.6474104975	333762.2782547299	68039292.14328714	1156710.629640046	-1303259.6484266715	1156710.630426555	-0.3196774748698436	-0.02154218288281089	0.0	0.0	0.0	0.055819450272622376	0.0	0.0	0.0	-0.03395973403716218	68108655.12543878	0.05617298638328852
228	624.27	nan	nan	1	1	6.000000000000838e-05	6.000000000000867e-05	5.999999999999513e-05	0.9787283978067165	4.7853973388078954e-20	1.6479330920693425e-18	1.663572708407446e-19	1.0572773240000009	3.4547289074621233e-18	-1.310800426534975e-19	2.201743561774938e-19	0.9666496004203985	-0.2542515685642138	315557.4651542256	-1349292.4129606278	340882.87373931723	56145747.660898566	1196075.8890677232	-1332640.3685062896	1093550.627479883	-0.315011655233684	1599.565890624997	-0.2487743770481813	333539.4386021323	-1303932.0825017388	333539.435131241	59345200.867171824	1155866.3710560002	-1303932.0833835416	1155866.3718964327	-0.30442163587012083	-0.02150110312711678	0.0	0.0	0.0	0.05569704144416215	0.0	0.0	0.0	-0.033919206569046866	59424703.97317303	0.056065110414999814
232	625.58	nan	nan	1	1	6.000000000000838e-05	6.000000000000867e-05	5.999999999999513e-05	0.9787686034725915	6.29514886399396e-20	-2.4084534822228777e-18	1.779446815591834e-20	1.0571478959999836	1.252714295144064e-18	-1.2208116462186779e-19	1.053980036927471e-19	0.9666887695683126	-0.21042683542799204	315345.8063185916	-1349838.543163629	340598.5335464842	47930118.6589169	1195056.1965032152	-1333179.0131578245	1092796.3914036443	-0.27108679052442314	1599.565890624997	-0.20591059850727936	333288.5215303422	-1304565.968791742	333288.51689342374	50657272.31668114	1154974.9061823937	-1304565.9692723483	1154974.9079480337	-0.2619947424807628	-0.021460024478358274	0.0	0.0	0.0	0.05557461762992208	0.0	0.0	0.0	-0.03387868686641486	50750370.28624356	0.055957231576294536
236	626.89	nan	nan	1	1	6.000000000000838e-05	6.000000000000867e-05	5.999999999999513e-05	0.9788088106537862	2.2563602462138955e-19	6.331808449951126e-19	-1.392386640014509e-19	1.0570184679999752	3.2154725930488847e-18	2.1087732254843062e-20	-2.202556713404302e-19	0.9667279336185205	-0.1235411488841055	315112.67154879775	-1350298.9866860094	340291.0802927074	39719322.84814592	1194000.9064208209	-1333633.0193620215	1092009.3330869034	-0.1968564508713316	1599.565890624997	-0.12089958018224453	333014.94950287853	-1305117.1497787521	333014.94375350757	41975869.22655858	1154048.8996779115	-1305117.150142891	1154048.902975621	-0.1902695126119196	-0.02141894596885955	0.0	0.0	0.0	0.05545217882626503	0.0	0.0	0.0	-0.03383817407871788	42088143.059252456	0.05584934929693293
240	628.2	nan	nan	1	1	6.000000000000838e-05	6.000000000000867e-05	5.999999999999513e-05	0.9788490210463975	2.0109239794174892e-19	-1.7791825413122907e-18	-4.651227319962814e-20	1.0568890400000117	6.231208040871627e-18	3.7567605276622726e-20	1.2419535885821453e-19	0.9667670938898728	0.060566586911678315	314854.3451676138	-1350629.3494013338	339956.51240811625	31513952.562508404	1192932.8827126697	-1333958.5399138639	1091210.352069602	-0.06400739533582236	1599.565890624997	0.0592764036380374	332714.80058076006	-1305542.6908626826	332714.79334687593	33301615.82100671	1153110.4417400702	-1305542.6907307731	1153110.4469503872	-0.0618707028532777	-0.021377865865926552	0.0	0.0	0.0	0.05532972502955403	0.0	0.0	0.0	-0.03379766684099474	33442966.824546643	0.05574146260269635
244	631.21	nan	nan	1	1	6.000000000000838e-05	6.000000000000867e-05	5.999999999999513e-05	0.9791500210682493	-2.3714212017689197e-19	-2.436134518939148e-19	1.8904420130000376e-19	1.056337687514864	2.4226497544188595e-18	2.461138931542095e-20	7.833360696207769e-21	0.9668702897492388	10729588.656748235	312626.1340435481	-1355064.929190791	337270.6431919535	55.50199326480396	1190705.4201255545	-1338070.2663754565	1089857.2058106712	-17.26110210879112	1599.565890624997	10505387.653005885	330223.3867762239	-1310111.0000670063	330223.1766808393	58.6261166066897	1151204.07527443	-1310110.5088864784	1151203.6212402487	-16.68846950345881	-0.02107040910241569	0.0	0.0	0.0	0.0548079140090145	0.0	0.0	0.0	-0.03369092928995505	10945997.117142111	0.055274753556437906
248	634.22	nan	nan	1	1	6.000000000000838e-05	6.000000000000867e-05	5.999999999999513e-05	0.9794510210682525	-1.693117217607676e-19	-1.953495145593648e-18	-5.163512846462215e-20	1.0562281442812087	-7.374743177246401e-19	8.771195575407731e-20	-2.537575184702323e-19	0.9667710152548561	32538122.324896246	305979.2735020874	-1344533.7194288254	329964.3625541674	-27.79320815206494	1189460.2978620299	-1327127.2762688692	1088719.1758018015	-109.48223170939286	1599.565890624997	31864795.133458436	323136.2379304768	-1299664.449179787	323136.2495089604	-29.351637512845876	1149766.0791272663	-1299664.386041583	1149766.174044346	-105.82863212237552	-0.020763046861819172	0.0	0.0	0.0	0.05470420767039496	0.0	0.0	0.0	-0.03379361068615166	32011185.49392677	0.05517037440526758
252	637.23	nan	nan	1	1	6.000000000000838e-05	6.000000000000867e-05	5.999999999999513e-05	0.9797520210682613	2.562240784126368e-19	4.3984523597113966e-18	-9.114074512456271e-20	1.0561182421198316	-9.865697668531848e-19	5.318011656041399e-20	-3.1147773162792936e-19	0.9666697866582968	53859822.386	291865.7783914525	-1316435.6036440658	314614.84607544076	-62.914080921309186	1191413.246871159	-1298857.7541653323	1090505.8596190012	-155.5636251195327	1599.565890624997	52756287.68452225	308168.9392673492	-1272245.4527298717	308168.69781754055	-66.4283620003467	1151419.8502821669	-1272245.4383330864	1151419.7926037435	-150.34166055722403	-0.020455779063736607	0.0	0.0	0.0	0.054600150720092576	0.0	0.0	0.0	-0.03389832410334128	52842741.77736807	0.05506778582182116
256	640.24	nan	nan	1	1	6.000000000000838e-05	6.000000000000867e-05	5.999999999999513e-05	0.980053021068246	5.3857742918217435e-20	2.0328180870381184e-18	-9.851331989746415e-20	1.0560069515325798	-1.8323016715005026e-20	-1.3292318634672284e-19	-2.328595215955742e-19	0.966566462456024	74444461.28864415	271992.4099482167	-1273534.0627045706	293071.4876422778	-93.23398394832306	1202023.2176363962	-1256008.6528857711	1100215.4485300644	-232.45383419721887	1599.565890624997	72934648.17698161	287127.9638695357	-1230535.6961438395	287127.6851479443	-98.42217280851189	1161439.2737592477	-1230535.457168284	1161439.1063867868	-224.60548882196215	-0.020148605650177794	0.0	0.0	0.0	0.05449476815310321	0.0	0.0	0.0	-0.0340052165769531	72995364.70353957	0.054966426553614556
260	643.25	nan	nan	1	1	6.000000000000838e-05	6.000000000000867e-05	5.999999999999513e-05	0.9803540210682409	1.6073297207097602e-20	3.1819300883376145e-19	-9.772727332241216e-20	1.0558925334166602	8.805347943841023e-19	-5.3939058081153845e-20	1.3396673093774014e-19	0.9664612050459137	93962263.14309569	246615.69694534942	-1217483.00865649	265617.1740432482	-114.05961598331854	1214589.079824874	-1200229.184858142	1111716.261087779	-277.90218238732047	1599.565890624997	92076610.55987148	260287.52607390203	-1176143.344939846	260286.71803219404	-120.38282898033052	1173347.6795286376	-1176142.7571031807	1173347.35330651	-268.4660073570905	-0.019841526563140692	0.0	0.0	0.0	0.05438641250753718	0.0	0.0	0.0	-0.034114120771117494	92122860.54449959	0.054865164569782854
264	646.26	nan	nan	1	1	6.000000000000838e-05	6.000000000000867e-05	5.999999999999513e-05	0.9806550210682501	-1.316899063755206e-19	-6.3397570071281604e-18	-7.953300561538979e-20	1.055772792517741	6.21627315594564e-18	1.100465205072787e-20	4.370418957289068e-19	0.9663543815573767	112033867.8868853	219796.83284981264	-1149405.151085476	236633.34357850126	-86.01711307822819	1212313.7877000587	-1132642.6310665982	1109637.0508372162	-328.71008812376357	1599.565890624997	109810139.64744331	231936.31549430065	-1110162.1512201712	231936.47593986563	-90.76787876398295	1170922.9606600963	-1110161.1310398239	1170922.8280054596	-317.48726566487375	-0.019534541744707503	0.0	0.0	0.0	0.05427300353351302	0.0	0.0	0.0	-0.0342246574300588	109846636.45912124	0.054762495752859665
268	649.2700000000001	nan	nan	1	1	6.000000000000838e-05	6.000000000000867e-05	5.999999999999513e-05	0.9809560210682627	6.08237418764368e-20	4.149783815188268e-20	4.9690340817726276e-20	1.0556457708432603	-1.2018381082001818e-18	3.035766082959413e-20	-5.567378155713065e-20	0.9662462534554119	128303935.74619807	197185.9689409486	-1074950.1531658072	212200.33709156458	81.90720295042202	1183941.5488824085	-1058830.8845090666	1083678.3318005882	-280.9845140229316	1599.565890624997	125786474.0528952	208036.07368759194	-1038055.5064756325	208036.73745740607	86.41412469688014	1143306.078466231	-1038055.4797957584	1143307.4396669054	-271.34050928489296	-0.019227651137029022	0.0	0.0	0.0	0.05415268473283785	0.0	0.0	0.0	-0.03433655649509918	125815516.85740791	0.054657109991065864
272	652.2800000000001	nan	nan	1	1	6.000000000000838e-05	6.000000000000867e-05	5.999999999999513e-05	0.9812570210682487	-1.9316416955544869e-19	3.7344666204905395e-19	1.1499996918282185e-19	1.0555108188401585	6.6407383064737145e-21	-8.83624770575686e-20	-4.41405809473161e-20	0.9661364190912647	142538584.55914074	176417.21741618932	-997264.1057868605	189768.29108283515	283.81014435419115	1127925.6099519287	-981896.3998380488	1032421.1817841555	-155.82527273714823	1599.565890624997	139775578.79676008	186088.58653792864	-962863.4948281944	186089.77215127207	299.3689016384539	1089017.8322899046	-962863.0593625251	1089019.5483403022	-150.45008219950302	-0.01892085468232886	0.0	0.0	0.0	0.054024838220698444	0.0	0.0	0.0	-0.034450234148936755	139798550.43116546	0.054548804183924965
276	655.2900000000001	nan	nan	1	1	6.000000000000838e-05	6.000000000000867e-05	5.999999999999513e-05	0.9815580210682459	-5.169340433139325e-19	3.553093149560871e-18	1.171344922099027e-19	1.0553688527094414	-4.20014500610022e-18	-1.2739375526704678e-19	2.5839248275760783e-19	0.966023538759811	154616238.33296946	151680.61502929675	-922530.5189826101	163089.34918019222	457.07773700382	1043649.730214078	-907931.2070981397	955298.8646596625	106.18902139635439	1599.565890624997	151657230.77967125	159965.52502499873	-890554.4812305368	159968.18531480685	482.04366894827905	1007475.5522475108	-890555.4428922291	1007478.0116862808	102.50837984883152	-0.018614152322814666	0.0	0.0	0.0	0.05389032924527496	0.0	0.0	0.0	-0.034567077820314235	151675073.94892275	0.05443876997580466
280	658.3000000000001	nan	nan	1	1	6.000000000000838e-05	6.000000000000867e-05	5.999999999999513e-05	0.9818590210682668	1.4860346026629445e-19	-4.0702304807821445e-19	-2.843320197343235e-20	1.0552220931666358	3.120604902956403e-19	1.5281829621183185e-19	-1.0028870095490916e-19	0.9659057198267974	164561626.35572597	120388.84035749265	-858145.2594316019	129386.07984019052	519.9387116432248	939566.6272006042	-844202.4883465976	860041.4058349214	487.8727298649652	1599.565890624997	161454426.9519859	126941.12960553713	-828262.1160552438	126943.05372872844	548.2369228380967	906848.1521828969	-828262.53000688	906850.0638433503	470.8835656462795	-0.01830754400077271	0.0	0.0	0.0	0.05375125962277987	0.0	0.0	0.0	-0.03468904805564887	161468080.32973298	0.054329269535169186
284	661.3100000000001	nan	nan	1	1	6.000000000000838e-05	6.000000000000867e-05	5.999999999999513e-05	0.9821600210682517	9.768661574094395e-20	6.440635243014359e-18	-1.12072623317111e-19	1.0550729572393223	7.488584405357379e-19	1.5081252219273367e-19	1.1988565522258465e-19	0.9657817183019303	172589653.7497922	82960.57291149648	-808960.7246795483	89120.68629914997	421.611825536819	828595.0642636558	-795469.8831628623	758472.1045681289	717.1112737731403	1599.565890624997	169376551.17422953	87460.2088758727	-780661.3766881651	87461.52597022986	444.47931145950787	799608.8609138846	-780660.6157772371	799610.3011827035	692.0250355097327	-0.018001029658616368	0.0	0.0	0.0	0.05360991831836564	0.0	0.0	0.0	-0.03481743479419634	169387109.7819666	0.05422241465654773
288	664.32	nan	nan	1	1	6.000000000000838e-05	6.000000000000867e-05	5.999999999999513e-05	0.9824610210682555	-5.388484797252957e-20	-1.6462932362834583e-19	-9.287546860053952e-20	1.0549231049193495	3.4180557689778013e-18	1.0229447497400734e-19	1.1576568696713973e-19	0.9656515482127599	179045169.23597753	42389.311228428895	-772340.2230589796	45515.182062928434	278.508670904311	719920.7599319438	-759125.0579418002	658999.0526527483	804.4086877663211	1599.565890624997	175760533.62078816	44680.76393644567	-745199.4403250149	44680.19283270417	293.5641042117985	694622.0478519289	-745198.6883427857	694622.7775970899	776.1409881539547	-0.01769460923869498	0.0	0.0	0.0	0.053467877939322075	0.0	0.0	0.0	-0.034952225979192716	175768872.7336207	0.054119291474963596
292	667.33	nan	nan	1	1	6.000000000000838e-05	6.000000000000867e-05	5.999999999999513e-05	0.9827620210682598	-1.1272992088418032e-19	9.31864990987713e-19	1.364197383529886e-19	1.0547735912442096	2.7793522691665908e-18	9.378348791999613e-21	-4.920787085097022e-19	0.9655157979939244	184279054.415439	-369.03280179215545	-740631.647109731	-397.2362047101052	146.61089874130906	620788.8879396912	-727633.9782375775	568255.9018206298	790.0794322502013	1599.565890624997	180949481.59938055	-388.9172636947541	-714487.5293372975	-390.05890030645133	154.51068113564824	598875.190541734	-714487.0130457627	598875.0304612765	762.1898196378652	-0.01738828268348544	0.0	0.0	0.0	0.053326138441258976	0.0	0.0	0.0	-0.03509281474725131	180956227.98323998	0.05402034821056185
296	670.34	nan	nan	1	1	6.000000000000838e-05	6.000000000000867e-05	5.999999999999513e-05	0.983063021068243	4.043396477013128e-19	2.7112101626258766e-18	1.3183898417423734e-19	1.054624941962084	3.84281907510331e-18	-1.2544219135657287e-19	-1.902503762168939e-19	0.9653752851305469	188584880.39264363	-43623.79720017654	-704572.6580756103	-46799.961037845394	22.06333708911168	535274.898241482	-691895.1443279842	489976.40581668867	677.3912710171868	1599.565890624997	185230567.08721185	-45966.97553335119	-679589.0734326029	-45967.54153700265	23.248431848002042	516294.4771674952	-679588.5740252596	516294.6580451266	653.3715166853686	-0.01708204993552099	0.0	0.0	0.0	0.053185198471848834	0.0	0.0	0.0	-0.03523835673545929	185236144.40837884	0.05392559233869568
300	673.35	nan	nan	1	1	6.000000000000838e-05	6.000000000000867e-05	5.999999999999513e-05	0.9833640210682405	2.947268080630283e-19	-1.1325575893783579e-18	-2.7050844203513336e-20	1.0544773411600818	-4.509711831399143e-18	-1.566130038155311e-19	3.801077291462618e-19	0.9652308596465679	192192779.13283116	-86094.14023147212	-662372.5506336766	-92320.45893182978	-49.127162739961406	464905.5565116022	-650157.5808564385	425558.61808522005	541.4521539129545	1599.565890624997	188828966.61185196	-90704.34270094363	-638779.1911730675	-90704.64008005698	-51.757843136712566	448345.8668029643	-638778.3385094464	448346.59629984165	522.1659149440118	-0.016775910937329264	0.0	0.0	0.0	0.053045232948673984	0.0	0.0	0.0	-0.03538797346038188	188833634.83555502	0.05383479461525205
304	676.36	nan	nan	1	1	6.000000000000838e-05	6.000000000000867e-05	5.999999999999513e-05	0.9836650210682382	5.746271514173173e-21	4.532913757890334e-19	-8.451355934524507e-20	1.0543308090936911	-2.3958157506498435e-19	1.288574281999022e-19	7.760177049564998e-20	0.9650832329593391	195267522.78034797	-128121.6879979045	-615895.9186342196	-137326.16871136313	-85.06817018708809	406724.11374767136	-604261.5967318862	372296.3072960086	434.22727262701306	1599.565890624997	191905909.6762527	-134961.7351609985	-593858.8056240001	-134962.0405568077	-89.60971428668907	392171.28917543724	-593858.9774281097	392172.13269562466	418.6903690861991	-0.016469865631541472	0.0	0.0	0.0	0.05290626149543022	0.0	0.0	0.0	-0.035540929591285464	191909846.18201253	0.05374767820685503
308	679.37	nan	nan	1	1	6.000000000000838e-05	6.000000000000867e-05	5.999999999999513e-05	0.9839660210682494	-3.403039568888877e-20	3.283275886410697e-18	-7.987859505786954e-20	1.0541852728695185	-5.281690883263135e-19	2.3445871979999034e-19	-1.6086849734253673e-20	0.9649329890494961	197925687.04642388	-168725.78470305272	-565728.3550246335	-180766.88390366922	-100.22655821521475	355137.12177704484	-554785.717189848	325069.8726649496	352.2996100773893	1599.565890624997	194575458.32651576	-177706.8632004196	-545394.6840359162	-177707.09709630892	-105.56150206174054	342372.6185910944	-545395.0258103693	342372.96625358565	339.63709405332474	-0.016163913960813264	0.0	0.0	0.0	0.05276821538266992	0.0	0.0	0.0	-0.03569662145380242	194578781.47710022	0.05366395950591678
312	682.3800000000001	nan	nan	1	1	6.000000000000838e-05	6.000000000000867e-05	5.999999999999513e-05	0.9842670210682446	-1.2484588016170583e-19	-2.7302921208616216e-18	6.092538583010731e-20	1.054040641722494	-7.09512743696239e-18	-5.524010068813645e-20	-2.2690996217406e-19	0.9647805837376086	200251133.40388063	-206494.44118800788	-512140.5105759048	-221132.8292250642	-105.24900993202591	306016.65589432034	-502001.0057930658	280102.56925787695	303.32361290052523	1599.565890624997	196919657.35239682	-217453.73746234382	-493649.6569298627	-217453.95504224327	-110.83489919756725	294967.912277007	-493649.47089689435	294968.4757008735	292.3721017083617	-0.01585805586789657	0.0	0.0	0.0	0.05263100888477974	0.0	0.0	0.0	-0.035854577861793135	196922445.7764524	0.05358339698168112
316	685.3900000000001	nan	nan	1	1	6.000000000000838e-05	6.000000000000867e-05	5.999999999999513e-05	0.984568021068256	1.1297386637298957e-19	-3.025079915296852e-18	1.7176472917601603e-19	1.0538968442182997	-5.730550582672134e-19	-1.2902005852577502e-19	3.724505513030829e-19	0.9646263500297911	202304003.06869704	-241462.71394740354	-455931.72154073976	-258465.77699862877	-101.43677732476971	257178.5360169734	-446696.80611050344	235394.73075880398	265.47266241330186	1599.565890624997	198997330.8578446	-254240.79087937533	-439395.87915741873	-254241.13690602744	-106.80475701487453	247851.12242623043	-439395.5174902255	247851.69328458753	255.84443543248926	-0.01555229129553312	0.0	0.0	0.0	0.05249457456888866	0.0	0.0	0.0	-0.03601445466688498	198999661.91492856	0.053505813474519937
320	688.4000000000001	nan	nan	1	1	6.000000000000838e-05	6.000000000000867e-05	5.999999999999513e-05	0.9848690210682507	2.291461291548114e-19	-2.0509378158457826e-18	1.2270458087104697e-19	1.053753813827942	4.276337313771639e-18	-9.139824314052802e-20	2.976812589830513e-19	0.9644705425949873	204127723.52912167	-274230.53696095315	-398587.99644081533	-293411.65191751847	-92.45351469333558	208256.83261701022	-390332.1962672932	190611.79946541533	245.5499713501886	1599.565890624997	200850938.3675809	-288701.05394551135	-384066.6340076469	-288701.62561337795	-97.3320747890782	200669.61731544667	-384066.3411120633	200669.94730040364	236.60409199288173	-0.015246620186583336	0.0	0.0	0.0	0.05235884961842679	0.0	0.0	0.0	-0.03617598873574251	200852893.5365057	0.05343106798654289
324	763.4100000000001	nan	nan	1	1	6.000000000000838e-05	6.000000000000867e-05	5.999999999999513e-05	0.9923700210682419	5.946848916082992e-20	-2.2185351429213075e-18	1.8206464981462832e-19	1.0503431261650464	-3.59708465270947e-18	2.579045917799894e-19	2.9946341630407434e-19	0.9603761248780274	222746621.4506061	-576188.0144871484	624433.7095105045	-609845.3768943123	27.316290984882972	-561980.1321881542	604300.272809872	-513842.4962454953	-149.56448289210536	1599.565890624997	220820085.16362917	-604573.6701049622	599075.4276180464	-604570.8221541295	28.66201635430798	-539158.0929661535	599073.6776937866	-539156.7266242803	-143.49066230793025	-0.007659236137260905	0.0	0.0	0.0	0.049116897610101476	0.0	0.0	0.0	-0.040430274504613915	220827037.82387754	0.05231563682264577
328	838.4200000000001	nan	nan	1	1	6.000000000000838e-05	6.000000000000867e-05	5.999999999999513e-05	0.9998710210682435	2.899969760855603e-19	-2.0331501239534423e-19	2.5939536976715694e-19	1.0470322291497016	-5.2585702719348816e-18	8.822695178600792e-20	-8.277205960569023e-20	0.9562293607244197	231360435.9365598	-578606.0594218771	1004045.2755115243	-605895.9710976362	-509.05379302352526	-819036.5959500181	960211.6999098487	-748002.8652357772	-345.1994950890844	1599.565890624997	231082453.18793905	-605169.3461928556	959067.7010191972	-605167.9787477681	-532.4239974410985	-782346.7370315385	959057.9923344018	-782343.0078789849	-329.73581393469317	-0.00012898725025415177	0.0	0.0	0.0	0.04595971379257064	0.0	0.0	0.0	-0.04475747763048197	231095204.80537248	0.0523778565110608
332	913.4300000000001	nan	nan	1	1	6.000000000000838e-05	6.000000000000867e-05	5.999999999999513e-05	1.0073720210682384	-2.9479457069880864e-19	3.703743041427732e-18	1.9331324735416543e-19	1.043766369836196	-1.2849150996668835e-18	-4.8490942164414184e-20	9.52742659071637e-20	0.9521149425816121	238038693.55085248	-564159.8942302795	1182023.685583131	-584534.694154504	4219.921452843513	-953143.2078083429	1117194.5068319954	-869446.9143199683	1700.1077951558368	1599.565890624997	239527221.74904528	-588197.1875553342	1124172.5973869662	-588189.9670099027	4399.7206388687555	-906494.0818635499	1124180.6631643074	-906491.6435249519	1616.9004219025446	0.007344980535186438	0.0	0.0	0.0	0.04283568073533829	0.0	0.0	0.0	-0.04906951347312259	239539439.86621267	0.053517909063551396
336	988.44	nan	nan	1	1	6.000000000000838e-05	6.000000000000867e-05	5.999999999999513e-05	1.0148730210682164	-3.672734859294646e-20	-5.29735760465555e-18	-2.261645731804762e-19	1.0405353521124427	-1.8949143469615403e-19	8.043424867126835e-20	2.240639314712856e-19	0.9480436453715835	243539076.04533947	-577740.2839167634	1273463.4382541848	-592348.5475744539	-7610.303466996427	-1033143.1041004688	1189611.3320460215	-941319.0000461206	-4597.266820172824	1599.565890624997	246878620.83709958	-600471.7930637747	1205918.4318583526	-600471.1640312505	-7909.735041507309	-978344.7836477483	1205923.9517400106	-978355.7136966554	-4353.425962678225	0.014763502271947334	0.0	0.0	0.0	0.039735342355533596	0.0	0.0	0.0	-0.05335473836539603	246901593.61406586	0.055636619901556876
340	1063.45	nan	nan	1	1	6.000000000000838e-05	6.000000000000867e-05	5.999999999999513e-05	1.0223740210682428	1.338989683019598e-20	3.2194299309784568e-18	-1.586187778346293e-19	1.0373359718404096	4.227195850303733e-18	2.9490976717963525e-19	-1.976771610984196e-19	0.9440181544299528	248121566.39404395	-601624.1279739098	1323363.3601505565	-610428.6028421954	-7717.858924777639	-1086391.5374847662	1221944.3009237752	-988667.8245059974	-5151.803412264156	1599.565890624997	253375564.72391415	-623354.4921561069	1247814.024865851	-623354.4879494357	-7996.6241493490725	-1024370.6587243282	1247819.0904858084	-1024378.0144448347	-4857.6927129398555	0.02212739456501643	0.0	0.0	0.0	0.036655861192752937	0.0	0.0	0.0	-0.057609881633895445	253399721.18560934	0.05860439844857043
344	1138.46	nan	nan	1	1	6.000000000000838e-05	6.000000000000867e-05	5.999999999999513e-05	1.029875021068271	2.571185452049374e-19	-1.8122981414181448e-18	5.334274688628682e-20	1.0341671408159803	1.8414604693525738e-17	-4.434386885465713e-20	-3.539920093165172e-20	0.9400385957471323	251945303.009844	-627038.9185248093	1354354.9268945847	-629652.7605725336	-6878.326454140148	-1120701.100665519	1236217.6045795418	-1018701.624936068	-4637.577471219894	1599.565890624997	259161119.09806558	-647685.6682901495	1271619.6567792257	-647686.2720746509	-7104.811734251746	-1052239.3507645947	1271623.3802503003	-1052244.8021045332	-4354.275644539904	0.029437456110731532	0.0	0.0	0.0	0.03359640791283959	0.0	0.0	0.0	-0.061834345255537514	259185043.23348144	0.06228048964165556
348	1213.4700000000003	nan	nan	1	1	6.000000000000838e-05	6.000000000000867e-05	5.999999999999513e-05	1.0373760210682492	-2.3749448588294976e-19	1.260764496274769e-18	2.3310346708438344e-19	1.0310275571025143	2.3761374812192316e-18	-4.407281831153576e-19	3.784407683060653e-19	0.9361052639177797	255137565.9586903	-657871.4907079241	1373241.1354131806	-653849.9440773021	-6153.374266323322	-1139434.8702697163	1239187.3846070112	-1034535.309221794	-4082.108976801276	1599.565890624997	264350080.77003354	-677454.5655160866	1283926.9827312226	-677459.1772828246	-6336.543761098607	-1065327.230067257	1283931.9995045688	-1065330.658523791	-3816.612921508175	0.03669446821674656	0.0	0.0	0.0	0.03055593319606536	0.0	0.0	0.0	-0.06602734737724004	264373554.40167898	0.06652949738011278
352	1288.48	nan	nan	1	1	6.000000000000838e-05	6.000000000000867e-05	5.999999999999513e-05	1.044877021068233	5.773376568485311e-20	2.0942991264816248e-18	-2.273571955702103e-19	1.0279159238248263	1.703135245681442e-17	4.3357244877695324e-19	-1.575345756621438e-19	0.9322184008245048	257802366.78928354	-693412.1226172938	1386468.9194253837	-682164.894195191	-5420.761315938885	-1145378.719427306	1236985.292776457	-1038749.0450863752	-3281.858255360395	1599.565890624997	269036766.78393155	-711882.9321517833	1290884.440737602	-711891.9807969967	-5565.157190387577	-1066415.227160987	1290890.1026493087	-1066418.7888651588	-3055.6038431115967	0.043899195303270806	0.0	0.0	0.0	0.02753337752568228	0.0	0.0	0.0	-0.07018815610024505	269059533.306909	0.07123242375959885
356	1363.4900000000002	nan	nan	1	1	6.000000000000838e-05	6.000000000000867e-05	5.999999999999513e-05	1.0523780210682319	-1.632266370676927e-19	-7.999785729684294e-19	-7.291259609965017e-20	1.0248319879551924	-4.581892591032366e-18	-6.071532165918825e-20	2.528901567322439e-19	0.9283772554132143	260025114.13251227	-728628.0680342753	1396175.0878631317	-709568.021407014	-4648.528827351184	-1144284.3578140633	1231671.532368663	-1036591.5814561025	-2386.930189187178	1599.565890624997	273299055.7075871	-745778.1166987265	1294539.9061931386	-745790.5397246033	-4757.9433546040955	-1060985.6730004258	1294546.751229303	-1060990.30674141	-2213.172552684061	0.051052385386127455	0.0	0.0	0.0	0.02452868496491667	0.0	0.0	0.0	-0.07431710357517304	273320969.3084045	0.07629111694113092
360	1438.5	nan	nan	1	1	6.000000000000838e-05	6.000000000000867e-05	5.999999999999513e-05	1.0598790210682478	-4.446855210449296e-19	5.0884318460175934e-18	4.473960264761434e-19	1.0217753965691274	-1.1276461535369987e-17	-2.996734804749934e-19	-7.359564346831604e-19	0.9245811379028777	261876351.99061882	-763643.3222819039	1404043.259167682	-736204.033456712	-3826.021614381969	-1136569.0655110187	1224817.969428518	-1028461.3909450383	-1473.464306396998	1599.565890624997	277201650.7000564	-779272.2893837536	1296488.7475399536	-779287.5216680532	-3904.3261895643313	-1049503.9911452283	1296495.6948263855	-1049510.208862507	-1360.5919053220018	0.05815477054283914	0.0	0.0	0.0	0.021541699105513127	0.0	0.0	0.0	-0.07841446791419109	277222624.455178	0.08162639717106623
364	1513.5100000000002	nan	nan	1	1	6.000000000000838e-05	6.000000000000867e-05	5.999999999999513e-05	1.0673800210682445	1.329773964553471e-19	-8.617780968001032e-19	1.9038590148845458e-19	1.0187455593097	4.432462426609551e-18	1.1449174941446927e-19	3.7139345418490954e-19	0.9208295554294976	263414536.62508658	-798710.4697453743	1411253.5256901083	-762329.4292931412	-3032.0227897444247	-1123021.5523596106	1217498.413544585	-1015087.644925192	-422.0263270872715	1599.565890624997	280798484.2363464	-812626.6439154139	1297837.270213714	-812639.085818344	-3084.8506401707104	-1032769.2362666316	1297846.7834903738	-1032773.8240848789	-388.10992237374705	0.06520706736221323	0.0	0.0	0.0	0.018572026603630904	0.0	0.0	0.0	-0.08248032453365264	280818443.3212337	0.08717539207053349
368	1588.5200000000002	nan	nan	1	1	6.000000000000838e-05	6.000000000000867e-05	5.999999999999513e-05	1.074881021068266	1.2218958483911635e-19	5.8900367222447514e-18	-1.0202342443088596e-19	1.015742211660975	-1.3738793089301815e-17	3.7556763254897873e-19	-1.334652874329656e-19	0.9171217055771699	264687288.2976871	-827186.3023935974	1419665.6174020746	-781685.0088920085	-2120.517376192297	-1106821.5919763348	1211313.3796754603	-999360.107818639	712.7761290274113	1599.565890624997	284133611.5745795	-839104.340201402	1300295.8266228896	-839114.6628862661	-2151.0696304890907	-1013756.6756716945	1300307.421370057	-1013758.8128191079	652.8437503380559	0.07220997737832427	0.0	0.0	0.0	0.015619588281579638	0.0	0.0	0.0	-0.0865150940741852	284152428.655292	0.09288895854207165
372	1663.5300000000002	nan	nan	1	1	6.000000000000838e-05	6.000000000000867e-05	5.999999999999513e-05	1.0823820210682413	-5.4090846385301815e-19	2.197027282324626e-18	2.7587524278893663e-19	1.0127644747081905	1.2525286255220258e-17	-4.0288952729561347e-19	-8.841668716619289e-20	0.913457337277002	265734693.9937088	-846656.1865871787	1429675.6855649662	-792210.4547936348	-1246.152542005285	-1094918.0994927352	1206564.363602118	-987556.449629765	1793.5434516195305	1599.565890624997	287244374.1465434	-856324.2597018671	1304212.932896614	-856335.2901331488	-1260.3825140754568	-998832.3647378115	1304228.741387521	-998833.4805086028	1636.149085370963	0.07916418748911457	0.0	0.0	0.0	0.012683695477608394	0.0	0.0	0.0	-0.09051860674290098	287262107.539407	0.0987281583835014
376	1738.5400000000002	nan	nan	1	1	6.000000000000838e-05	6.000000000000867e-05	5.999999999999513e-05	1.0898830210682875	-7.068456063519246e-19	-1.7845967759111402e-19	-4.285309086748956e-20	1.00981144180366	4.073835453005659e-18	-2.983724378680108e-19	-3.6510508158449364e-19	0.9098362252953549	266589425.6433578	-860534.282679742	1441862.511446583	-797322.9311823355	-507.345062477454	-1087466.1565360532	1203687.2492585285	-979803.7439289743	2821.9852075190993	1599.565890624997	290161245.9382245	-867810.829709887	1310097.675754229	-867822.1747492929	-511.63509517218483	-988087.8882896516	1310117.200342567	-988088.815385755	2564.097639014422	0.08607037036099895	0.0	0.0	0.0	0.009763622140676538	0.0	0.0	0.0	-0.0944906678710883	290178032.46317166	0.10466238349757027
380	1813.5500000000002	nan	nan	1	1	6.000000000000838e-05	6.000000000000867e-05	5.999999999999513e-05	1.0973840210682309	6.826136877968736e-19	3.8912015970504755e-18	-3.5022440676713005e-19	1.0068827460684384	1.9906466882865792e-17	1.7889335846010822e-19	7.581283691104889e-19	0.9062576573473776	267276964.34238097	-872528.7500983968	1457870.9308549855	-800580.6490319648	320.80708674661673	-1078346.822803574	1203986.6891574692	-970579.4008477007	3948.6161382450564	1599.565890624997	292907803.49348027	-877343.0188854218	1319415.38977485	-877353.272865478	322.57717345629595	-975935.0868512334	1319444.410124133	-975934.6743722734	3573.6118958476504	0.09292918481887917	0.0	0.0	0.0	0.006859168097350194	0.0	0.0	0.0	-0.09843162336218797	292923589.6725943	0.1106678287612995
384	1888.5600000000002	nan	nan	1	1	6.000000000000838e-05	6.000000000000867e-05	5.999999999999513e-05	1.1048850210682617	4.3227140616997063e-19	-8.945752125177896e-19	2.872593656000344e-19	1.0039779153540214	1.8634916269040686e-17	2.594495798757812e-19	5.848186518386811e-19	0.9027210274494438	267820085.57044825	-880849.5099708856	1480815.8586449234	-800411.2270987643	1213.394914032551	-1066992.5685136525	1209893.7813125707	-959378.03642291	5021.553077521341	1599.565890624997	295505403.0773995	-883143.0842844831	1334934.0516772673	-883151.9928302008	1216.554377000464	-961878.3485334113	1334963.9134274877	-961876.0849504524	4526.857378217338	0.09974127622390278	0.0	0.0	0.0	0.003970024368265905	0.0	0.0	0.0	-0.10234171299846491	295520232.46068746	0.11672555915191853
388	1963.5700000000002	nan	nan	1	1	6.000000000000838e-05	6.000000000000867e-05	5.999999999999513e-05	1.1123860210682455	-3.005408422129818e-19	1.186995380458855e-17	3.2873009869760495e-19	1.0010964187909306	1.8610398053349465e-18	-3.4694469519536144e-19	-5.408000436357697e-19	0.8992257962755336	268238989.50231206	-885864.4461664837	1511145.9749393614	-797243.6176188368	2102.3707609926637	-1055151.5484664778	1221595.0582605435	-947776.1440986756	6013.569977488756	1599.565890624997	297973223.68824744	-885610.9793794217	1356984.8165276633	-885617.9008410621	2101.769222953397	-947509.1448144967	1357008.6072382447	-947504.9629093433	5400.089261996213	0.10650727683723032	0.0	0.0	0.0	0.0010958181628350084	0.0	0.0	0.0	-0.10622111222536286	297987209.9139956	0.12282043503602691
392	2038.5800000000002	nan	nan	1	1	6.000000000000838e-05	6.000000000000867e-05	5.999999999999513e-05	1.1198870210682492	-1.1054525350662203e-18	-8.223131377216308e-18	-7.334085595778195e-19	0.9982377782024093	1.0222820311621417e-17	1.450662506785605e-19	1.1198724239602776e-18	0.8957713843894153	268549221.55545706	-889446.3893507656	1545411.2499943639	-792831.762792626	2982.486166055975	-1043250.1826501772	1236159.258894126	-936159.1270650661	7011.8686638123945	1599.565890624997	300325847.6074711	-886642.1643086517	1382406.7838025854	-886645.17361727	2973.083055880075	-933211.8746412329	1382430.2861683634	-933207.6272344404	6272.281768378724	0.11322780617266835	0.0	0.0	0.0	-0.0017637763369863174	0.0	0.0	0.0	-0.11007004991494937	300339045.81984323	0.12894033545080344
396	2113.59	nan	nan	1	1	6.000000000000838e-05	6.000000000000867e-05	5.999999999999513e-05	1.1273880210682492	-1.594861395726177e-19	-3.5105382142908146e-18	-9.004299042492114e-20	0.9954016551469207	-1.761047904724755e-17	2.6953266007989643e-19	1.1460016963171781e-19	0.8923571057767901	268764351.19355357	-891812.9097847986	1582076.867783664	-787408.8999426987	3879.381804374702	-1034186.0051763909	1252272.4098242	-927119.3562237999	7842.213245739134	1599.565890624997	302576098.55002403	-886465.1213924472	1409794.4809607787	-886468.4317327816	3856.1189509720475	-921566.9302004606	1409813.832838153	-921559.8514474736	6988.224894438158	0.11990347133680206	0.0	0.0	0.0	-0.004608949763284623	0.0	0.0	0.0	-0.11388888371883275	302588635.2159141	0.13507554450585896
400	2188.6000000000004	nan	nan	1	1	6.000000000000838e-05	6.000000000000867e-05	5.999999999999513e-05	1.1348890210682556	2.404760418572849e-19	-5.5567529744227076e-18	-1.7894756856873252e-19	0.9925876647349489	1.867367480264115e-17	2.9923979960599925e-20	-3.8532545210134826e-19	0.8889823332186371	268895322.43452394	-891236.9457833153	1621766.1698642261	-779495.6311383351	4978.175486059077	-1029084.7380887201	1270374.667818418	-921661.3012973268	8747.248245675173	1599.565890624997	304734232.3441064	-883378.1576076755	1439679.9896226507	-883388.3781238555	4934.278712219958	-913542.7366674149	1439692.7610420228	-913534.2359070851	7765.138093005532	0.1265348673582196	0.0	0.0	0.0	-0.007439943132542684	0.0	0.0	0.0	-0.11767791631064903	304746034.1135208	0.14121814825435478
