6	header
postResults v2.0.3	--cr f,p,texture --time RVE_1_40_D_tensionX.spectralOut
addCauchy v2.0.3	RVE_1_40_D_tensionX.txt
addStrainTensors v2.0.3	--left --logarithmic RVE_1_40_D_tensionX.txt
addMises v2.0.3	-s Cauchy RVE_1_40_D_tensionX.txt
addMises v2.0.3	-e ln(V) RVE_1_40_D_tensionX.txt
inc	time	elem	node	ip	grain	1_pos	2_pos	3_pos	1_f	2_f	3_f	4_f	5_f	6_f	7_f	8_f	9_f	1_p	2_p	3_p	4_p	5_p	6_p	7_p	8_p	9_p	texture	1_Cauchy	2_Cauchy	3_Cauchy	4_Cauchy	5_Cauchy	6_Cauchy	7_Cauchy	8_Cauchy	9_Cauchy	1_ln(V)	2_ln(V)	3_ln(V)	4_ln(V)	5_ln(V)	6_ln(V)	7_ln(V)	8_ln(V)	9_ln(V)	Mises(Cauchy)	Mises(ln(V))
0	0.0	nan	nan	1	1	6.000000000000838e-05	6.000000000000867e-05	5.999999999999513e-05	1.0	0.0	0.0	0.0	1.0	0.0	0.0	0.0	1.0	2.7716487604837305e-06	-1.193192284640359e-09	-2.8066754232013673e-08	-1.19319228464005e-09	2.7018729684353462e-06	-1.6832583398956398e-08	-2.8066754232013544e-08	-1.6832583398956544e-08	2.6991213888906947e-06	1599.565890624997	2.7716487604837305e-06	-1.193192284640359e-09	-2.8066754232013673e-08	-1.19319228464005e-09	2.7018729684353462e-06	-1.6832583398956398e-08	-2.8066754232013544e-08	-1.6832583398956544e-08	2.6991213888906947e-06	0.0	0.0	0.0	0.0	0.0	0.0	0.0	0.0	0.0	9.102600058541354e-08	0.0
2	2.0	nan	nan	1	1	6.000000000000838e-05	6.000000000000867e-05	5.999999999999513e-05	0.9999331859138993	1.479660679734856e-23	6.047021150007653e-23	4.337735132228077e-24	1.000200000000001	9.148716836509992e-22	-2.4980854499101436e-24	7.835054762102278e-24	0.999933880058929	-3.6415208592188718e-06	-494.1626033567132	2741.2009144847866	-494.2944617100767	14158906.776126603	727.4803459875143	2741.2028174029024	727.2867876723406	2.6029315040432267e-06	1599.565890624997	-3.6410334455954337e-06	-494.22830093172433	2740.8359103745015	-494.2283009316922	14160789.164299408	727.3834784740701	2740.835910374485	727.3834784740386	2.602584911171194e-06	-6.681631826113055e-05	0.0	0.0	0.0	0.00019998000266735472	0.0	0.0	0.0	-6.612212709041626e-05	14160790.041955417	0.0001776332690460748
4	4.0	nan	nan	1	1	6.000000000000838e-05	6.000000000000867e-05	5.999999999999513e-05	0.9998663539893821	2.310811759228138e-23	2.8324649407285793e-22	2.752857078576476e-24	1.0003999999999935	-2.3573985713271247e-21	-1.3896634290890866e-25	8.920315725771851e-24	0.9998677425139985	7.4071966832889305e-06	-988.3614006061237	5482.594259824787	-988.888906223621	28326310.375508595	1455.406311234153	5482.601873559333	1454.6319700662516	6.368973840835679e-06	1599.565890624997	7.405214384332566e-06	-988.6242617795624	5481.13463076229	-988.6242617795626	28333843.94286557	1455.018838944769	5481.1346307622	1455.0188389447194	6.367278231261865e-06	-0.00013365494204179026	0.0	0.0	0.0	0.00039992002132045463	0.0	0.0	0.0	-0.00013226623279384865	28333845.69715437	0.0003552546439163541
6	6.0	nan	nan	1	1	6.000000000000838e-05	6.000000000000867e-05	5.999999999999513e-05	0.9997995042228783	-4.108109794183357e-23	2.214858808171987e-22	-1.2480501082200081e-23	1.000599999999987	6.910730058411023e-22	-1.2970192004831474e-24	-3.274311736729905e-23	0.9998015873617152	-6.2053783572082465e-06	-1482.5963387083248	8224.179771039924	-1483.783388815193	42502212.49607378	2183.7779609159843	8224.196906583671	2182.0354504990287	-7.2149508778238666e-06	1599.565890624997	-6.202888094180523e-06	-1483.1879358550216	8220.896477134585	-1483.1879358550632	42519172.060173936	2182.9061432916988	8220.896477134445	2182.906143291668	-7.212070492800279e-06	-0.00020051587908694035	0.0	0.0	0.0	0.0005998200719551225	0.0	0.0	0.0	-0.00019843232467615086	42519174.690102346	0.0005328641403787143
8	8.0	nan	nan	1	1	6.000000000000838e-05	6.000000000000867e-05	5.999999999999513e-05	0.9997326366108248	-7.511130834226513e-23	-4.5329497567905914e-23	-9.59529510561512e-24	1.0008000000000166	-8.112458052328061e-22	1.0905549195899116e-23	-5.685708658444491e-23	0.9997354145986065	-4.694637804277591e-06	-1976.867365466652	10965.957183060147	-1978.9779656149974	56686614.83613715	2912.5953601392375	10965.987654502009	2909.497132220989	-5.654501759636333e-06	1599.565890624997	-4.69212656439133e-06	-1977.9193773683796	10960.121765216956	-1977.919377368329	56716781.24715593	2911.045453400516	10960.1217652168	2911.045453400552	-5.651492776479531e-06	-0.0002673991371380878	0.0	0.0	0.0	0.0007996801705808841	0.0	0.0	0.0	-0.0002646204102864149	56716784.75169573	0.0007104617742034459
10	10.0	nan	nan	1	1	6.000000000000838e-05	6.000000000000867e-05	5.999999999999513e-05	0.9996657504058422	-2.0388016865962005e-22	7.240014116656132e-22	-6.776263578034403e-24	1.0010000000000108	2.056966572847865e-22	3.321957340012959e-23	7.411538288475127e-23	0.9996692219032274	0.00013776023124955828	-2471.9979126620638	13702.664488465423	-2475.297277685046	70878866.21326312	3647.5645038967637	13702.712073134438	3642.715254198176	0.0001289374753832817	1599.565890624997	0.00013766814624832855	-2473.642680049782	13693.552577343879	-2473.64268004959	70926026.14290097	3645.1389695346265	13693.552577343795	3645.1389695347307	0.00012885173535681402	-0.00033430546800432726	0.0	0.0	0.0	0.0009995003330942926	0.0	0.0	0.0	-0.00033083281591420207	70926030.51886208	0.0008880485799659244
12	12.0	nan	nan	1	1	6.000000000000838e-05	6.000000000000867e-05	5.999999999999513e-05	0.9995988309990337	-1.9620724129757816e-23	-5.891114148153659e-22	-3.6263598054324736e-24	1.0012000000000292	-1.0656203872051133e-21	6.815968247436949e-23	-2.305517803307799e-22	0.9996029566241864	0.0013539310243904765	-2981.5180292672767	16302.915372933643	-2986.293859424626	85064593.09979808	4516.493384185637	16302.982659645095	4509.2889936147485	0.0014425872509928014	1599.565890624997	0.0013528453927867516	-2983.8993393710825	16289.910329598872	-2983.899339369048	85132533.38157275	4512.890519861134	16289.910329599254	4512.89051986281	0.0014414364807603499	-0.00040124949077738315	0.0	0.0	0.0	0.0011992805755112398	0.0	0.0	0.0	-0.0003971222184044812	85132538.57145198	0.0010656469509064564
14	14.0	nan	nan	1	1	6.000000000000838e-05	6.000000000000867e-05	5.999999999999513e-05	0.9995317097274589	-2.54903977564341e-23	-4.398747974209988e-22	-4.351631766518968e-23	1.001399999999968	1.291725244562808e-23	9.52117972273037e-23	2.9381455357883546e-23	0.9995359928034232	0.04172844057805378	-3667.0499830221984	17202.01770309723	-3673.904306629291	99073549.90496999	7041.251944131771	17202.091415206287	7028.145349025808	0.06161850778118241	1599.565890624997	0.041689446637907884	-3670.4711564349277	17186.01659152534	-3670.4711564168733	99165980.54987772	7034.70225560636	17186.016591567146	7034.702255563818	0.06156119098062344	-0.0004683999546742042	0.0	0.0	0.0	0.0013990209136754792	0.0	0.0	0.0	-0.0004641148812280715	99165985.91823436	0.001243521348755953
16	16.0	nan	nan	1	1	6.000000000000838e-05	6.000000000000867e-05	5.999999999999513e-05	0.9994633975759093	2.8534422410629245e-23	-4.796324063827476e-23	-1.49501315190384e-22	1.001599999999971	-1.606186226230967e-22	8.814436607365063e-23	1.411368648362478e-22	0.9994642247726883	-4.329553230207368	-5239.481562627597	4919.781075155757	-5250.682272619229	111811627.42160043	20730.314885719985	4919.7851370184235	20686.11033115141	-4.037239417206285	1599.565890624997	-4.324954214317198	-5245.104787822686	4914.559164316879	-5245.104798473044	111931628.2180353	20708.31149688186	4914.559154378112	20708.311508006813	-4.032954245986306	-0.0005367464466956981	0.0	0.0	0.0	0.0015987213636682537	0.0	0.0	0.0	-0.00053591880614512	111931638.83616346	0.0014233694069332153
18	18.0	nan	nan	1	1	6.000000000000838e-05	6.000000000000867e-05	5.999999999999513e-05	0.9993925842623955	1.0164395367051604e-22	7.059543159331763e-21	-1.723712047662501e-22	1.0018	-5.23487537226839e-21	2.7316812548951187e-23	-5.823351512373315e-24	0.9993791630259453	93.07041453360243	-6233.163056508507	-47719.10142987059	-6248.177845048023	121166711.00347959	63248.308529427384	-47718.460610813985	63095.46988615182	274.6307208054439	1599.565890624997	92.96090235909965	-6240.826014529985	-47662.312217919476	-6240.825868096806	121315671.55715075	63173.03842812621	-47662.312237438804	63173.03851907537	274.3038902125621	-0.000607600289280468	0.0	0.0	0.0	0.0017983819413793973	0.0	0.0	0.0	-0.0006210297731310758	121315565.8391619	0.001608483335982345
20	20.0	nan	nan	1	1	6.000000000000838e-05	6.000000000000867e-05	5.999999999999513e-05	0.9993204194068841	5.5438306397793955e-22	-1.2936840082533336e-21	-1.283254915090265e-22	1.0019999999999982	-5.137254825097332e-22	4.663975165818991e-23	5.406187785850572e-22	0.9992790717701425	-102.86949244183899	-2455.619802544041	-140395.6338415112	-2462.2020245463405	127001836.25705017	136697.37590167468	-140389.82541768413	136326.1751556857	265.4521920733299	1599.565890624997	-102.7382310046288	-2459.062536557091	-140210.6874976114	-2459.060255604236	127179890.50671414	136517.30135660546	-140210.68804841564	136517.30195780355	265.10250589676707	-0.0006798116126773757	0.0	0.0	0.0	0.001998002662671285	0.0	0.0	0.0	-0.0007211882235791644	127180261.07108746	0.0017991603222403682
22	22.0	nan	nan	1	1	6.000000000000838e-05	6.000000000000867e-05	5.999999999999513e-05	0.9992486367159441	-1.1604351377383916e-21	1.7444643548702315e-20	-1.1689054672109346e-22	1.002199999999991	-8.802789904340316e-21	1.3196508620425982e-22	-1.0685320629613e-21	0.9991689106981886	-126.46839891162166	5963.712240781715	-244851.18641274163	5981.329232776818	130747414.54339796	229404.78884382575	-244831.65225205594	228710.96851756258	224.42298100337683	1599.565890624997	-126.29574223762654	5973.1607545233555	-244497.40265232575	5973.163426770823	130954562.15433556	229073.32347482495	-244497.40417798876	229073.32314529337	224.09871381355288	-0.0007516456989211767	0.0	0.0	0.0	0.0021975835434785607	0.0	0.0	0.0	-0.0008314348479916302	130955799.44821867	0.001993281596229348
24	24.0	nan	nan	1	1	6.000000000000838e-05	6.000000000000867e-05	5.999999999999513e-05	0.9991777756280547	2.1006417091906648e-22	-1.3832048028662723e-20	-1.3044307387716225e-22	1.0024000000000013	-1.0355824813131077e-20	4.743119806828065e-22	6.678854789100158e-22	0.9990529593095382	-77.48085680636933	18410.443547820938	-342734.2172507177	18469.81682537629	133436220.92337976	328550.7544871676	-342691.4047326816	327453.7142739203	232.94457197389676	1599.565890624997	-77.3686192017872	18443.059848013232	-342194.98560891807	18443.061726336386	133672619.13002032	328033.8380141706	-342194.98711466003	328033.8376487916	232.57807491094985	-0.0008225625838076554	0.0	0.0	0.0	0.002397124599722559	0.0	0.0	0.0	-0.0009474894168271809	133675066.81937706	0.002189288833951843
26	26.0	nan	nan	1	1	6.000000000000838e-05	6.000000000000867e-05	5.999999999999513e-05	0.9991077176042282	5.710696130388493e-21	-3.524324099023852e-20	-9.207248136654244e-22	1.0026000000000042	4.0498339274122606e-20	3.8688229865840167e-22	5.8580798632107415e-21	0.9989336220647989	-52.1020989067322	34544.86146690271	-429722.1769665863	34665.61055008208	135558509.9927396	424846.1777187722	-429647.2986368337	423292.5707969697	210.87499364989213	1599.565890624997	-52.022460350243726	34612.62290407005	-428990.5774353746	34612.62383281102	135824414.64736304	424122.8795481956	-428990.5786316789	424122.8799000166	210.5159801877814	-0.0008926807166694495	0.0	0.0	0.0	0.0025966258472701217	0.0	0.0	0.0	-0.0010669469206896125	135828367.51050112	0.002386414997585361
28	28.0	nan	nan	1	1	6.000000000000838e-05	6.000000000000867e-05	5.999999999999513e-05	0.9990382064190374	1.861778418064952e-21	-8.555498635389423e-20	-1.6254562257810024e-21	1.0027999999999762	-1.1210057540437038e-20	1.5207417776766894e-21	1.5365177663193009e-21	0.9988121918541398	-36.89604831799913	53214.80778198994	-506827.876321563	53415.184420550315	137336415.3294091	513251.3189321323	-506713.2165012027	511210.28714527277	173.65095239498723	1599.565890624997	-36.83678287080906	53329.383792592955	-505899.2913946819	53329.38458735037	137632112.321183	512310.9652919157	-505899.29233473877	512310.9664058328	173.33279772263015	-0.0009622564011909374	0.0	0.0	0.0	0.0027960873019774956	0.0	0.0	0.0	-0.0011885141490759206	137637724.7622215	0.0025842853593449422
30	30.0	nan	nan	1	1	6.000000000000838e-05	6.000000000000867e-05	5.999999999999513e-05	0.9989690178231796	-3.499940138054769e-21	-1.5801399631028972e-21	-6.556035011748285e-22	1.0029999999999926	2.914386261617871e-20	1.8537316050660362e-21	7.962109704190423e-22	0.9986893873765308	-16.24644632290193	72732.83307514746	-575418.9057474448	73026.32143795413	138875709.2882329	591727.9937438653	-575257.8357331345	589184.9141764599	136.12837455515745	1599.565890624997	-16.219109734567787	72903.44489416922	-574289.8949565459	72903.4459212393	139201474.6458826	590566.9834198371	-574289.8956477226	590566.9847723346	135.86128148211935	-0.0010315140045128698	0.0	0.0	0.0	0.002995508979790401	0.0	0.0	0.0	-0.0013114722273474917	139208784.09324318	0.0027826996420853424
32	32.0	nan	nan	1	1	6.000000000000838e-05	6.000000000000867e-05	5.999999999999513e-05	0.9988999739274111	-4.69764472547235e-21	6.265312128426927e-20	-7.741881137904305e-22	1.0031999999999937	-1.331112276610133e-20	3.7671790329135006e-21	1.0681085464876726e-21	0.9985656392134911	11.934934140006721	91751.15514270557	-636115.0557903332	92146.12301770462	140230265.16770396	659652.3450810272	-635902.1465770903	656605.0303414937	107.28160724658747	1599.565890624997	11.913953081760669	91984.13338588698	-634784.2598885965	91984.13442593702	140586343.52735862	658272.3075714384	-634784.2602260147	658272.3083849701	107.05716683764587	-0.0011006315453336406	0.0	0.0	0.0	0.0031948908965126485	0.0	0.0	0.0	-0.001435390466681787	140595296.73639712	0.0029815388303571252
34	34.0	nan	nan	1	1	6.000000000000838e-05	6.000000000000867e-05	5.999999999999513e-05	0.9988309311025217	1.294266343404571e-21	-6.71024794770777e-20	-1.0198276684941776e-21	1.0033999999999939	7.068066428363509e-20	3.394061019647981e-21	-1.402432450768945e-20	0.9984412359084772	40.31184665114677	109616.94748993394	-689125.9152140188	110118.38200640472	141430842.52795252	717095.1854233505	-688857.0515268224	713551.3289984335	87.03627117032183	1599.565890624997	40.237972304776775	109916.58126507324	-687594.6719492964	109916.58218402375	141817438.38049322	715501.7942177631	-687594.6716397305	715501.7945364662	86.84287588351893	-0.0011697527915866266	0.0	0.0	0.0	0.0033942330680087566	0.0	0.0	0.0	-0.0015599802282141688	141827917.70045286	0.003180722271691536
36	36.0	nan	nan	1	1	6.000000000000838e-05	6.000000000000867e-05	5.999999999999513e-05	0.9987617763483667	-1.8058742435461684e-21	1.804730749067375e-20	-1.102836897325099e-21	1.003600000000013	7.208123326192008e-20	1.3976043629695956e-22	2.3217173084240373e-21	0.998316391985853	63.52384085452024	126077.08323935536	-734816.9668055304	126687.82930434532	142498952.25663647	764661.329115039	-734489.2840718481	760635.6507044137	69.07011329729669	1599.565890624997	63.402720671925564	126446.27436739008	-733088.842736093	126446.27506563035	142916231.49228877	762863.0178246011	-733088.8417339181	762863.0176984125	68.9076759412477	-0.0012389908839412053	0.0	0.0	0.0	0.0035935355101430503	0.0	0.0	0.0	-0.0016850268748801725	142928081.27986327	0.003380186724208391
38	38.0	nan	nan	1	1	6.000000000000838e-05	6.000000000000867e-05	5.999999999999513e-05	0.9986924273733427	8.810836717339231e-21	1.376896524991596e-19	1.0130514049161432e-21	1.0038000000000038	7.037065022494001e-20	-1.7283707288724e-21	-3.4923168415294805e-21	0.9981912762028577	77.8235164937755	141002.39941800194	-773916.8459636696	141723.52297775706	143452968.5951275	803356.087975981	-773528.4872617502	798867.3422708922	50.09336269154161	1599.565890624997	77.66938912092328	141442.84272529965	-771996.5365417127	141442.84336763358	143901066.64303663	801362.7313602507	-771996.534981266	801362.7308300532	49.96906670695906	-0.0013084282456815909	0.0	0.0	0.0	0.003792798238700465	0.0	0.0	0.0	-0.0018103615131110432	143914117.14826998	0.0035798773366395214
40	40.0	nan	nan	1	1	6.000000000000838e-05	6.000000000000867e-05	5.999999999999513e-05	0.9986228319315786	-1.5737872159984901e-21	-6.347156686955374e-20	6.251103150736736e-22	1.0040000000000044	1.762116521491011e-19	-3.4508122271140194e-21	8.761708806398482e-21	0.9980660203700029	83.2216534998733	154404.53082591883	-807439.4753196338	155235.9358449458	144309876.40378848	834427.7059979363	-806989.2618348994	829495.9550807825	31.640977869813796	1599.565890624997	83.0507115116839	154917.07152228485	-805331.6620291467	154917.07244346547	144788908.2310856	832249.4401806043	-805331.6602004184	832249.4392705	31.558379389411787	-0.00137811723590789	0.0	0.0	0.0	0.003992021269541879	0.0	0.0	0.0	-0.0019358521833111892	144802993.56425744	0.00377974542094833
44	48.666666666666664	nan	nan	1	1	6.000000000000838e-05	6.000000000000867e-05	5.999999999999513e-05	0.9983178236021749	-8.57197342621352e-22	1.3646420758271944e-19	8.106105305223654e-21	1.0048666666666677	-7.648199293937979e-20	2.785891363519394e-21	1.5576935900006584e-20	0.997523694902706	525.349283020302	198484.64352798273	-908276.3050988569	199786.67044032254	147215427.317061	907147.7569924112	-907553.7633739735	900518.8137787397	-489.60454647328896	1599.565890624997	524.1028039663984	199312.65124674534	-905400.4782306593	199312.64314457512	147829558.00230104	904275.5033859494	-905400.4402556223	904275.45971087	-488.05433768590194	-0.001683592845240935	0.0	0.0	0.0	0.00485486272618356	0.0	0.0	0.0	-0.0024793762118199	147846557.14592716	0.0046469998260703855
48	57.33333333333333	nan	nan	1	1	6.000000000000838e-05	6.000000000000867e-05	5.999999999999513e-05	0.9980081818065958	1.6723818510588906e-20	-9.409350197869121e-20	1.8007920458626424e-21	1.005733333333378	-2.8733051636760374e-20	7.914675859144182e-21	-3.2146594414195205e-20	0.9969840309573708	259.7342768077589	225318.35918928628	-970541.659360972	227062.44261007576	149442879.58382595	931446.5212888692	-969545.6698825445	923343.437186204	-450.046145418117	1599.565890624997	259.03486383452974	226451.0173529797	-966934.8999556324	226451.00841645894	150194117.51301873	927985.0485444211	-966934.8753890786	927985.0140456517	-448.3736688663198	-0.001993804501276372	0.0	0.0	0.0	0.005716960329273255	0.0	0.0	0.0	-0.003020526242485159	150212661.1559196	0.0055147020348150656
52	66.0	nan	nan	1	1	6.000000000000838e-05	6.000000000000867e-05	5.999999999999513e-05	0.9976950452608073	1.1600963245594897e-20	-1.1301452395445777e-19	-1.5856456772600503e-21	1.0066	-5.575577434642487e-19	1.084710392253857e-20	5.475220971051798e-21	0.996447532776481	169.3292275190629	240575.6239561028	-1011541.2653655554	242722.87794615707	151345327.11884892	936384.0972992489	-1010276.419070789	926939.7952075995	-333.0973526251188	1599.565890624997	168.81870515307668	241991.08637034483	-1007230.4875300744	241991.0760018404	152235789.8290152	932393.6087741212	-1007230.4670203306	932393.583163361	-331.6778270615869	-0.0023076152363708234	0.0	0.0	0.0	0.0065783153601229475	0.0	0.0	0.0	-0.0035587922192084997	152255009.08098963	0.006382026088651472
56	74.66666666666666	nan	nan	1	1	6.000000000000838e-05	6.000000000000867e-05	5.999999999999513e-05	0.9973793945863432	-2.6786569923969993e-20	-1.932471787842796e-19	-1.2780033108172883e-20	1.0074666666666836	1.858186998368594e-19	-8.15862134795342e-21	7.613132129921651e-21	0.9959139246414769	143.24479417440196	249567.17014094957	-1040197.8065979227	252091.2262668188	153078179.6039777	933825.3143647816	-1038669.4007114789	923117.0042572484	-237.18494664774724	1599.565890624997	142.7665146512494	251249.53015610756	-1035201.413120446	251249.51978676973	154110096.61619312	929339.8610402312	-1035201.3912208106	929339.8385202555	-236.04567360480326	-0.0026240452109056304	0.0	0.0	0.0	0.007438929097015399	0.0	0.0	0.0	-0.004094446174745966	154129593.44944796	0.00724866694373858
60	83.33333333333333	nan	nan	1	1	6.000000000000838e-05	6.000000000000867e-05	5.999999999999513e-05	0.9970619748762559	5.992758101824175e-20	-9.496255778257412e-20	-2.1324901480074264e-20	1.0083333333333335	2.5078951502305325e-20	-2.6339336527819723e-20	-1.111307226797642e-20	0.9953827755908643	133.93314742732332	254760.24125986054	-1061408.6316931448	257640.18424016074	154711629.60465294	928607.2170779905	-1059621.0480756613	916680.5994526958	-172.89410932890604	1599.565890624997	133.44239539663403	256696.16260521003	-1055738.4456076892	256696.15024983234	155887282.22864285	923646.4738129486	-1055738.4305825827	923646.4491102885	-171.97048600071605	-0.002942349591899091	0.0	0.0	0.0	0.008298802814695505	0.0	0.0	0.0	-0.004627916714969836	155906868.24126354	0.008114523628837038
64	92.0	nan	nan	1	1	6.000000000000838e-05	6.000000000000867e-05	5.999999999999513e-05	0.9967433273400385	4.11268377209853e-20	-4.497067323562531e-20	-1.884817714230269e-20	1.0091999999999983	-1.5386522893463815e-19	-3.2512512647409065e-20	1.7245590806097554e-20	0.9948536918465297	127.11982476254296	257681.97136387118	-1077665.1729673417	260902.30440333427	156279253.9498086	922890.6345088588	-1075622.115936617	909771.2348904195	-129.03256487877113	1599.565890624997	126.61257101895592	259861.22501903118	-1071330.0065835207	259861.21053094807	157600930.17571294	917465.3262866536	-1071329.9974884274	917465.301644491	-128.27403357615194	-0.003261987159896557	0.0	0.0	0.0	0.009157937784763745	0.0	0.0	0.0	-0.005159596005802445	157620507.89612055	0.008979572234392906
68	100.66666666666666	nan	nan	1	1	6.000000000000838e-05	6.000000000000867e-05	5.999999999999513e-05	0.9964238251578543	-2.6713725090506124e-20	-1.6231861774823609e-19	-1.7550522667109102e-20	1.0100666666666813	-6.097214204879575e-19	6.728829732988162e-21	-3.2072055514836826e-20	0.9943263732969141	121.35891070287371	259217.7482738359	-1090684.0081950792	262766.89222350874	157798192.03761473	917612.662379103	-1088388.1354489154	903313.0952091763	-97.13430470679938	1599.565890624997	120.83497924055642	261632.4883770329	-1083689.3443550772	261632.47332263098	159268159.37226915	911727.9221056186	-1083689.3392577495	911727.898482756	-96.51137285518026	-0.003582584641668548	0.0	0.0	0.0	0.01001633527550285	0.0	0.0	0.0	-0.005689782861389835	159287679.88036945	0.009843814235694378
72	109.33333333333333	nan	nan	1	1	6.000000000000838e-05	6.000000000000867e-05	5.999999999999513e-05	0.996103729087242	-1.895659735955124e-20	-5.5715116764956665e-19	-9.086969458144134e-21	1.0109333333333288	4.123153099326593e-19	2.4340338772299575e-20	7.430173013314723e-21	0.9938005971533131	116.48666549993743	259984.07303954303	-1101860.0363899458	263854.59979674325	159277765.09446067	913265.6490033424	-1099312.378668821	897788.1071365634	-73.1074053956446	1599.565890624997	115.94564568487773	262629.14754319977	-1094206.6482643017	262629.13277721626	160898254.95957136	906922.2149529154	-1094206.6459461236	906922.1914060715	-72.59961009508646	-0.0039038811504009258	0.0	0.0	0.0	0.010873996551874073	0.0	0.0	0.0	-0.0062186989353359085	160917705.00838068	0.010707259113738744
76	118.0	nan	nan	1	1	6.000000000000838e-05	6.000000000000867e-05	5.999999999999513e-05	0.9957832260769668	5.341220358796167e-20	8.58986276205953e-19	1.3125622550652638e-20	1.0118000000000043	-7.991247637575971e-20	5.21772295508649e-21	1.9142944607947186e-21	0.9932761967251941	112.80910003997363	260480.70740247463	-1112081.839646413	264670.4217035574	160723306.29590464	910132.9225457155	-1109282.0109530091	893470.392999898	-54.41183625529043	1599.565890624997	112.24821190604456	263354.4907122842	-1103766.6487588289	263354.47734372586	162496504.6250113	903327.731853591	-1103766.6481240971	903327.7076886392	-54.004991373127304	-0.004225689586577701	0.0	0.0	0.0	0.011730922875702869	0.0	0.0	0.0	-0.006746509880447338	162515893.14018327	0.011569918250776644
80	126.66666666666666	nan	nan	1	1	6.000000000000838e-05	6.000000000000867e-05	5.999999999999513e-05	0.9954624522597068	3.081336455521694e-20	1.1116528162401217e-18	1.7404833000181362e-20	1.0126666666666813	2.6834681395374038e-19	-8.84980023291293e-21	-6.55298569313817e-20	0.9927530468900645	110.4488804527825	261050.2484179099	-1121799.9174964307	265561.87362265756	162138040.31731468	908350.9517702068	-1118746.6524844465	890488.6277743436	-39.30459796300024	1599.565890624997	109.86353644959051	264154.4909443819	-1112817.6503408123	264154.4799979881	164066082.15202728	901077.7733784048	-1112817.650384679	901077.7487747249	-38.98988551397841	-0.004547873658110998	0.0	0.0	0.0	0.012587115505485831	0.0	0.0	0.0	-0.0072733398341465845	164085428.7568259	0.012431802459917322
84	135.33333333333331	nan	nan	1	1	6.000000000000838e-05	6.000000000000867e-05	5.999999999999513e-05	0.9951415082361212	4.920414390600231e-20	-1.0581813203458523e-18	1.7011809712655368e-20	1.0135333333333247	3.2855391584457603e-19	-2.4706257005513432e-20	2.2287130908155152e-20	0.9922310531367092	109.21610544568813	261860.90590543376	-1131220.3216838147	266700.51021675474	163524053.46727648	907949.0552245777	-1127911.8818444514	888865.9035894645	-26.588336999519086	1599.565890624997	108.60150274721033	265199.68863879156	-1121564.6705159354	265199.67979805375	165609020.23357338	900199.1596583411	-1121564.6706579763	900199.1345691462	-26.36138942592945	-0.004870332602969667	0.0	0.0	0.0	0.013442575696480377	0.0	0.0	0.0	-0.007799282349637061	165628348.277391	0.01329292117594067
88	144.0	nan	nan	1	1	6.000000000000838e-05	6.000000000000867e-05	5.999999999999513e-05	0.9948204691120408	-6.456423937151179e-20	4.684227723587841e-19	-4.607859233063394e-21	1.0144000000000164	-4.865357249028701e-21	-5.7666003049072766e-21	3.478256094605059e-20	0.991710143768443	108.72227358734634	262957.8500388445	-1140428.720175528	268133.2396911667	164882800.5519756	908868.1338099333	-1136863.1479284754	888538.7636495086	-15.780027594712271	1599.565890624997	108.07482220217146	266536.4887592329	-1130093.0206494553	266536.48097999184	167126719.01379076	900631.0666669415	-1130093.0207448436	900631.0408859267	-15.63701328715693	-0.00519299115677128	0.0	0.0	0.0	0.014297304700840374	0.0	0.0	0.0	-0.008324408175996181	167146051.7756406	0.014153282294205021
92	152.66666666666666	nan	nan	1	1	6.000000000000838e-05	6.000000000000867e-05	5.999999999999513e-05	0.9944993912712814	4.119968255444917e-21	1.4762496780562628e-18	-6.388322488191933e-20	1.015266666666665	-2.3445871979999033e-20	4.248039637069767e-20	1.051608344675159e-19	0.9911902642961453	108.60642471301573	264319.15701652353	-1149455.8479261852	269838.6994415965	166215370.21634513	910977.859641698	-1145631.114200004	889374.5738982483	-6.6562549484578195	1599.565890624997	107.92408165014174	268143.3873102154	-1138433.4420140837	268143.3801716271	168620212.38228324	902242.2759617992	-1138433.4420047293	902242.2495761346	-6.592426534318419	-0.005515792783539929	0.0	0.0	0.0	0.015151303767342325	0.0	0.0	0.0	-0.008848770854116903	168639570.846596	0.015012892270741818
96	161.33333333333331	nan	nan	1	1	6.000000000000838e-05	6.000000000000867e-05	5.999999999999513e-05	0.9941783174257437	-9.222494729704822e-21	-5.766668067543057e-19	-2.9181979098805154e-20	1.0161333333333329	8.834824690405473e-19	2.1494308069525126e-20	2.329001791770424e-20	0.9906713730246486	108.58406863623901	265896.76678537345	-1158315.862692227	271768.71227953344	167522631.5941403	914112.1455613222	-1154229.9262185819	891206.5751027188	0.9045503242620034	1599.565890624997	107.86630418849138	269972.26848642604	-1146600.2140237002	269972.2616387119	170090315.20414	904866.4664801965	-1146600.2139046858	904866.4400071768	0.8954013570904504	-0.005838694626229979	0.0	0.0	0.0	0.01600457414171521	0.0	0.0	0.0	-0.0093724111260534	170109717.2652426	0.015871756354889296
100	170.0	nan	nan	1	1	6.000000000000838e-05	6.000000000000867e-05	5.999999999999513e-05	0.9938572804814063	2.455209700911315e-20	-1.7133104830702183e-19	3.075068411712012e-20	1.0170000000000077	-1.338041006118673e-19	-2.894819800536297e-20	-3.06083825819814e-20	0.9901534375457081	108.2300955560145	267636.88441764406	-1167021.6209745829	273869.005553037	168805318.9392802	918101.8732297629	-1162672.440125563	893865.977998765	6.821420372975815	1599.565890624997	107.47924063858892	271969.02387117664	-1154606.3076329397	271969.01749062614	171537708.32475013	908334.6827760177	-1154606.3073688762	908334.6566260956	6.74885096222674	-0.006161663638923647	0.0	0.0	0.0	0.016857117066430446	0.0	0.0	0.0	-0.009895360442903406	171557169.03449413	0.016729878859046327
104	208.75	nan	nan	1	1	6.000000000000838e-05	6.000000000000867e-05	5.999999999999513e-05	0.9924227975679043	-1.194621387489575e-19	-1.1242498902316877e-18	6.806756764135557e-20	1.0208749999999924	1.4537389304500325e-18	1.41623908780919e-20	4.834186436569743e-20	0.9878494027418138	9306.747403188361	275918.06301555864	-1204162.706743835	283828.27407576924	174253169.71338737	942299.8576283517	-1198614.0326237055	911814.9548339836	6487.102737365462	1599.565890624997	9228.574373534704	281444.4304688131	-1188545.6642422061	281444.2278430037	177743289.33515415	930078.9701656816	-1188546.144643477	930077.7116637205	6402.970120905501	-0.00760605527205493	0.0	0.0	0.0	0.020660102696295285	0.0	0.0	0.0	-0.012225019227032128	177755363.52698806	0.02055746286886382
108	247.5	nan	nan	1	1	6.000000000000838e-05	6.000000000000867e-05	5.999999999999513e-05	0.9909908251141043	1.0060718534307677e-19	5.178420626333891e-19	-5.843849709696869e-20	1.0247500000000207	-9.335522806186436e-19	1.277732260274167e-19	-1.2237932021930132e-20	0.9855621220030422	7731.735054019313	284115.2151976422	-1239081.9205599274	293793.870023275	179265332.29115552	973022.2195215554	-1232294.4069373847	935811.1926560095	5231.658484894429	1599.565890624997	7655.525942850768	290898.07976446237	-1220147.8516174434	290898.04269023665	183545048.4253691	958153.7354598521	-1220148.0955603742	958152.4128384083	5151.714955097982	-0.009050002904790303	0.0	0.0	0.0	0.02444868040232987	0.0	0.0	0.0	-0.01454311835063853	183559005.39539698	0.02437073140107086
112	286.25	nan	nan	1	1	6.000000000000838e-05	6.000000000000867e-05	5.999999999999513e-05	0.9895623190614251	-5.55653613398821e-20	-6.699556274331053e-19	2.3405214398530828e-20	1.0286250000000035	3.3515399656958154e-20	-3.1360547839143217e-20	-1.328960812924107e-19	0.9832911976021887	6932.187067298638	292137.75969072944	-1271266.257339972	303670.0733598515	183892314.78648946	1007039.159603829	-1263209.8377199965	962655.3304649503	4682.49301116148	1599.565890624997	6853.794001147207	300235.74282192526	-1248924.815269801	300236.00155567186	188989762.18484712	989341.2879606696	-1248924.7511506127	989339.8872148674	4600.202109669498	-0.010492535567541705	0.0	0.0	0.0	0.028222958943743083	0.0	0.0	0.0	-0.016849969130543496	189004898.89885256	0.0281696263610732
116	325.0	nan	nan	1	1	6.000000000000838e-05	6.000000000000867e-05	5.999999999999513e-05	0.9881376639197951	1.253473236664804e-19	1.5193196093582494e-18	2.994430875133402e-20	1.0324999999999915	-2.7725760055885564e-18	-2.0334211744965635e-19	-2.0828201359804342e-19	0.9810361987921405	6464.266637103577	300238.7655728079	-1300311.3236202407	313718.52389657404	188172257.84116566	1042921.2800281466	-1290966.0907948837	990936.5895855485	4375.864698035979	1599.565890624997	6381.8143912812075	309716.4552837353	-1274499.974264043	309717.01865189854	194112324.46987256	1022219.1566052167	-1274499.7134868067	1022217.6585087383	4289.003213094049	-0.01193325498941168	0.0	0.0	0.0	0.03198304585304192	0.0	0.0	0.0	-0.019145920207507317	194128356.55819377	0.03195425615766671
120	363.75	nan	nan	1	1	6.000000000000838e-05	6.000000000000867e-05	5.999999999999513e-05	0.9867171066075435	-6.797947621484113e-20	-2.7732671844735157e-18	-8.51098705401121e-20	1.0363749999999938	-2.401616232272641e-18	3.0330555775281986e-20	1.0837955966708224e-19	0.9787968190835111	6168.368555281365	308177.59114162443	-1326231.870169107	323687.9438486094	192138694.2147181	1079607.4335393216	-1315585.9241655006	1019625.8080965481	4184.278964977715	1599.565890624997	6080.801646590629	319091.9509465768	-1296910.1056409772	319092.83051041304	198943442.19572696	1055738.3080409106	-1296909.706708036	1055736.684603681	4091.768412870835	-0.01337190007710367	0.0	0.0	0.0	0.035729047454239986	0.0	0.0	0.0	-0.021431197231415053	198960208.549794	0.035724715663657244
124	402.5	nan	nan	1	1	6.000000000000838e-05	6.000000000000867e-05	5.999999999999513e-05	0.985300811406188	1.2854572007531262e-20	-5.565209751368094e-19	-9.154054467566675e-20	1.0402500000000252	-1.3263587277101418e-18	1.4690939437178585e-19	-1.0144066576317501e-19	0.9765728198505118	5969.075256614702	315593.98494853533	-1349437.9790885607	333195.5189118317	195820902.95617214	1116207.8709801424	-1337483.9050407386	1047879.4079672258	4051.1678575261753	1599.565890624997	5875.76877790115	327985.95291228424	-1316577.3035809319	327987.124100869	203509916.28277588	1089026.6702019386	-1316576.828458464	1089024.9578595015	3952.516334109724	-0.014808292142235663	0.0	0.0	0.0	0.03946106888093827	0.0	0.0	0.0	-0.023705959146227643	203527311.88112465	0.03948109379820586
128	441.25	nan	nan	1	1	6.000000000000838e-05	6.000000000000867e-05	5.999999999999513e-05	0.9838888953589815	2.5855511308348066e-19	-8.30024525673434e-19	6.432029388270256e-20	1.0441250000000104	1.0568260676302455e-19	-1.4343994741983223e-19	-2.1742319316481184e-19	0.9743639965840712	5822.131638252792	322369.17917292425	-1370455.8312472783	342106.88337844453	199244469.9800132	1151916.3254364636	-1357188.1045945617	1074951.8404644434	3947.2347164808316	1599.565890624997	5722.796436860095	336268.53077760903	-1334032.7447338563	336269.97376016184	207835145.27548158	1121301.4402129026	-1334032.2293800788	1121299.7377015536	3842.327671474999	-0.016242299525382625	0.0	0.0	0.0	0.04317921409394369	0.0	0.0	0.0	-0.02597033202762925	207853096.61474603	0.04322347774068083
132	480.0	nan	nan	1	1	6.000000000000838e-05	6.000000000000867e-05	5.999999999999513e-05	0.9824814451148642	6.524186572931523e-20	1.7481540303884715e-18	4.7433845046240816e-21	1.0480000000000183	3.4488471106763897e-19	-1.3644684340730073e-19	-2.7728470561316773e-20	0.972170164230817	5706.762989011911	328404.4165393183	-1389746.687193112	350306.23993442155	202431850.65941387	1186069.5960775528	-1375160.4229173723	1100247.8922343317	3862.877579983815	1599.565890624997	5601.266868550957	343828.8727649684	-1349739.655402795	343830.4235464795	211939643.67899904	1151925.8744388702	-1349738.9905031372	1151924.1931500363	3751.675828205118	-0.01767382079632481	0.0	0.0	0.0	0.04688358589886805	0.0	0.0	0.0	-0.02822442376288839	211958088.23190674	0.04695195439670711
136	518.75	nan	nan	1	1	6.000000000000838e-05	6.000000000000867e-05	5.999999999999513e-05	0.9810785111471098	-4.350225691826525e-19	-3.394501476780554e-19	-1.1602996124668309e-19	1.0518750000000059	-1.7662737591961353e-18	7.741203511546501e-20	2.27696008749112e-19	0.9699911647417883	5609.732413388458	333482.33406860335	-1407635.1267105672	357548.55725513067	205402865.7009019	1218352.5562888444	-1391726.377895465	1123507.3365133274	3795.151544842843	1599.565890624997	5498.069608323808	350430.00971286406	-1364024.5886074624	350431.4842990943	215841503.0398873	1180606.261406865	-1364023.7960633298	1180604.327801802	3677.572352683726	-0.01910279086877692	0.0	0.0	0.0	0.05057428596293921	0.0	0.0	0.0	-0.03046831603981166	215860384.3955656	0.05066660863506014
140	557.5	nan	nan	1	1	6.000000000000838e-05	6.000000000000867e-05	5.999999999999513e-05	0.9796801116597478	7.497258022737263e-20	-2.455189372120581e-18	-4.5780436733200426e-20	1.0557500000000035	1.6614856192254113e-18	2.2302038688026826e-19	-1.9922214919421144e-20	0.967826864788196	5527.581051694299	337589.51714255655	-1424153.9800305539	363803.9496850436	208175097.12833288	1248992.1461223008	-1406922.23118578	1144973.677588487	3740.786199729687	1599.565890624997	5409.739545602035	356046.7187875227	-1376929.0613846134	356048.07872589043	219556759.02850237	1207575.5905271124	-1376928.3092283972	1207573.3999504382	3616.74180113853	-0.020529177276764485	0.0	0.0	0.0	0.054251414831919656	0.0	0.0	0.0	-0.032702066392562706	219576026.57949436	0.05436752315411046
144	596.25	nan	nan	1	1	6.000000000000838e-05	6.000000000000867e-05	5.999999999999513e-05	0.9782862624814475	5.46573420204255e-20	-6.436420407068821e-18	3.659182332138578e-21	1.0596249999999878	-2.49011423460177e-18	-4.423544863740858e-20	2.9896874906287784e-20	0.9656771273915513	5454.020543891406	341024.9277520904	-1439126.5458780078	369380.45922855835	210764198.41312572	1278273.1085148645	-1420576.9477678952	1164937.2419433398	3693.260355166087	1599.565890624997	5330.066509981796	360984.2265713961	-1388292.0381745044	360985.5150584179	223099676.7732211	1233120.4536853787	-1388291.3628974706	1233117.9777943788	3562.802701866953	-0.021952949852400216	0.0	0.0	0.0	0.0579150719464213	0.0	0.0	0.0	-0.03492573729384772	223119287.69819757	0.05805478251989625
148	635.0	nan	nan	1	1	6.000000000000838e-05	6.000000000000867e-05	5.999999999999513e-05	0.9768969816847004	2.0134989595771423e-19	-4.620923869241844e-18	-4.797594613248357e-20	1.063499999999997	4.729560926924892e-18	-2.879098869035257e-19	-2.870696302198494e-19	0.9635418085786579	5388.631895283372	344011.070647784	-1452453.7381203042	374509.4071627353	213184160.65508342	1306365.3749536872	-1432596.6662116314	1183577.5670190637	3648.763657194727	1599.565890624997	5258.60390355305	365471.1396016909	-1398028.569751297	365472.47403317614	226482996.58767155	1257414.311234915	-1398028.0278100907	1257411.4007753385	3512.040144996303	-0.02337407601508422	0.0	0.0	0.0	0.06156535565815222	0.0	0.0	0.0	-0.03713939966783366	226502911.2013192	0.06172847337277467
152	673.75	nan	nan	1	1	6.000000000000838e-05	6.000000000000867e-05	5.999999999999513e-05	0.9755122828139191	-1.5512222582836354e-19	-4.422243821133875e-18	1.1367859778510514e-19	1.0673749999999909	-2.2055924794872617e-18	-1.6132928326584306e-19	-2.0818036964437293e-19	0.9614207650344105	5325.479953236809	346512.3126488418	-1464330.3840886056	379144.4487500791	215447554.05577022	1333229.7549371899	-1443177.2362833603	1200881.740463873	3604.068448614479	1599.565890624997	5189.532423774394	369464.2580197068	-1406336.6835726397	369465.7434372111	229718159.48728853	1280428.1959673367	-1406336.1662630178	1280424.5765994773	3461.3320357672656	-0.02479252769745249	0.0	0.0	0.0	0.06520236324562481	0.0	0.0	0.0	-0.039343125009520134	229738344.41226307	0.06538868300402001
156	712.5	nan	nan	1	1	6.000000000000838e-05	6.000000000000867e-05	5.999999999999513e-05	0.9741321680632066	-2.7630892365793083e-19	-2.910025736005406e-18	-1.1502029797355595e-19	1.0712500000000051	-4.0819669692993e-18	3.3875896879309584e-19	1.387643255509885e-19	0.9593138617211009	5267.08375829003	348505.3121010537	-1474970.1076848302	383251.90968974115	217565717.33504218	1358614.5401396411	-1452532.4996593597	1216647.4119527296	3561.621810867913	1599.565890624997	5125.292667997619	372932.98501298815	-1413430.6312365124	372934.6812906239	232815482.53336933	1301929.7117084397	-1413429.9950736472	1301925.495231171	3413.0219576195277	-0.026208288382037107	0.0	0.0	0.0	0.06882619092985771	0.0	0.0	0.0	-0.04153697743348575	232835900.8335416	0.0690354979498304
160	751.25	nan	nan	1	1	6.000000000000838e-05	6.000000000000867e-05	5.999999999999513e-05	0.9727566325295502	1.2256905559948628e-19	2.5952682928057082e-18	3.0032400177848475e-20	1.075124999999995	-3.214713651528145e-18	-3.3610267347050637e-21	3.841870398202385e-19	0.9572209682352196	5213.995795740777	350074.1340429847	-1484464.207691206	386916.39764388907	219548914.9035894	1382061.7682177809	-1460755.4704542619	1230493.11183755	3521.427042239923	1599.565890624997	5066.4004379657745	375961.7125204155	-1419405.7798959264	375963.7489697353	235784303.9583648	1321491.2503903033	-1419405.0868464336	1321486.6583493906	3367.096270385054	-0.027621348811702865	0.0	0.0	0.0	0.0724369338895021	0.0	0.0	0.0	-0.043721017384233084	235804912.38600835	0.07266900441097598
164	790.0	nan	nan	1	1	6.000000000000838e-05	6.000000000000867e-05	5.999999999999513e-05	0.9713856690419289	1.463672932855431e-21	-3.965300039276281e-18	1.3964523981613297e-19	1.0790000000000226	-3.1697463664243086e-18	-4.602438222200966e-19	1.8130570829388848e-19	0.9551419545850142	5146.141185674337	351323.7578025898	-1492754.0384309746	390247.2023474834	221406506.60788935	1403269.4517790852	-1467791.0845725946	1242184.0280665662	3471.3335691726907	1599.565890624997	4993.353705141374	378658.67032999994	-1424213.5656161807	378660.87296388746	238633145.4466064	1338837.7039925642	-1424212.7812052309	1338832.7487865153	3311.945727637159	-0.029031702070064003	0.0	0.0	0.0	0.07603468627601814	0.0	0.0	0.0	-0.04589530600324685	238653910.38871905	0.07628928877040869
168	828.75	nan	nan	1	1	6.000000000000838e-05	6.000000000000867e-05	5.999999999999513e-05	0.9700192666866717	7.735782500684074e-20	2.762235427368476e-18	-9.110008754309452e-20	1.082874999999987	8.9267785871594e-18	-5.876375774871434e-20	-1.4978253012887243e-19	0.9530766936191132	5078.335249921472	352259.44002263376	-1499814.2870074944	393244.7778254942	223147078.26094988	1422241.348402591	-1473617.2148036878	1251760.0527840056	3419.063364046852	1599.565890624997	4920.567466248234	381025.8411342054	-1427837.5481863995	381027.9087167522	241369835.78227368	1353987.3685856727	-1427836.5976288181	1353981.959942869	3254.9810287213286	-0.030439345118387567	0.0	0.0	0.0	0.07961954122815566	0.0	0.0	0.0	-0.04805990257527839	241390711.9951519	0.07989643696531597
172	867.5	nan	nan	1	1	6.000000000000838e-05	6.000000000000867e-05	5.999999999999513e-05	0.9686574174977002	2.1711148504022226e-19	-6.479463233316495e-20	1.0153553345326749e-19	1.0867500000000325	-4.68857808480494e-18	3.7144766429353384e-19	-1.5211356479971627e-19	0.951025054206171	5017.386492857036	353042.9706030766	-1505818.7084172335	396085.6258258083	224778456.45797828	1439105.9915702743	-1478407.3995643046	1259369.6252067015	3368.4635865933633	1599.565890624997	4854.6279184097175	383235.2087937513	-1430450.491417508	383237.03783876385	244001512.18379685	1367076.8342407849	-1430449.4674520358	1367070.927485541	3199.8675310848676	-0.03184427191622354	0.0	0.0	0.0	0.08319159088679412	0.0	0.0	0.0	-0.05021487166687418	244022454.91220528	0.08349053561414625
176	906.25	nan	nan	1	1	6.000000000000838e-05	6.000000000000867e-05	5.999999999999513e-05	0.9673001145702522	-3.78386558197441e-20	3.775612092936365e-18	1.4853569763051412e-20	1.0906250000000186	1.3486932924633433e-18	2.8297676701871667e-20	2.0572736222912447e-20	0.9489869034909372	4953.658034040928	354068.16074082	-1511015.2011011136	399211.414372981	226307816.2091584	1454131.9034151365	-1482407.2270958638	1265279.9218316153	3316.7527629922442	1599.565890624997	4786.194628232072	385714.012733333	-1432293.9108328004	385715.66988895327	246534722.91977412	1378374.1350129792	-1432292.9557151608	1378367.924581153	3143.9556549198223	-0.03324647535029299	0.0	0.0	0.0	0.08675092640867159	0.0	0.0	0.0	-0.05236028079310713	246555703.6590562	0.08707167157200545
180	945.0	nan	nan	1	1	6.000000000000838e-05	6.000000000000867e-05	5.999999999999513e-05	0.9659473467711975	-3.3095271315120025e-20	4.444717299290426e-18	-1.5002647561768168e-19	1.0945000000000191	-3.678210080265698e-18	-5.486062992776652e-20	4.004229673532089e-19	0.9469621123754052	4888.700827319928	355668.0613158637	-1515604.3461821398	403003.6068847981	227741726.0810163	1467754.917357468	-1485815.1780432272	1269896.5006959157	3260.7938104215928	1599.565890624997	4716.774254819051	388829.1450022439	-1433562.467801728	388830.7148865827	248975464.10492703	1388303.1984933543	-1433561.8044059647	1388296.62911009	3084.282275671707	-0.03464595270318516	0.0	0.0	0.0	0.09029763798079765	0.0	0.0	0.0	-0.05449619464771697	248996466.78034607	0.09063993101585757
184	983.75	nan	nan	1	1	6.000000000000838e-05	6.000000000000867e-05	5.999999999999513e-05	0.9645991090637349	6.139294801699169e-20	1.1328269458555848e-18	-3.394637002052114e-19	1.098374999999979	1.507827066329903e-18	6.461844948013606e-20	3.753236870601695e-19	0.9449505454389355	4825.7390698589525	357810.11211767554	-1519783.7838734621	407434.4251267639	229086194.46999222	1480488.3315325896	-1488825.8189849074	1273682.7177387197	3200.811961191982	1599.565890624997	4649.477134363095	392551.52924657165	-1434446.3521316904	392552.72942774964	251329218.83129352	1397357.3800924793	-1434445.8956878623	1397350.3869528144	3021.083058202707	-0.03604269498056074	0.0	0.0	0.0	0.09383181483385149	0.0	0.0	0.0	-0.056622685726657476	251350236.54522884	0.09419540099360298
188	1022.5	nan	nan	1	1	6.000000000000838e-05	6.000000000000867e-05	5.999999999999513e-05	0.9632554121414546	-2.7549577202856667e-19	1.7959216064159303e-18	-2.7216185034817376e-19	1.1022499999999948	-8.651553865673955e-18	-4.553649124439119e-21	-4.194236104260174e-19	0.9429520518098868	4761.913120989279	360137.74250986835	-1523677.8689420794	412105.18136423617	230346759.76771805	1492596.2914571515	-1491561.5638476887	1276878.654207367	3134.3469963376447	1599.565890624997	4581.542823802563	396494.86782551976	-1435065.0718878268	396495.5866181209	253601045.62113616	1405791.1110743352	-1435064.6484886797	1405783.8806364615	2952.062236582673	-0.03743667686569592	0.0	0.0	0.0	0.09735354525590507	0.0	0.0	0.0	-0.05873984407842696	253622077.90430662	0.09773817076109628
192	1061.25	nan	nan	1	1	6.000000000000838e-05	6.000000000000867e-05	5.999999999999513e-05	0.9619162732148565	5.296327612591689e-20	1.698660201214508e-18	-4.523833564695768e-19	1.1061250000000074	-4.020817966771118e-18	2.6194324487249786e-19	5.540273101400928e-20	0.9409664745854377	4681.691691390164	362351.3352097243	-1527230.7100407896	416674.9601817801	231528557.55086675	1504129.841741756	-1493968.1512948219	1279537.6497950477	3057.7117847337663	1599.565890624997	4498.0517923186	400330.283064138	-1435367.6974252386	400330.8365877063	255795643.55164716	1413656.3476462509	-1435367.0774512677	1413649.184533008	2873.7902498870662	-0.03882786618430663	0.0	0.0	0.0	0.10086291660538385	0.0	0.0	0.0	-0.06084776746454588	255816697.0023615	0.10126833023776495
196	1100.0	nan	nan	1	1	6.000000000000838e-05	6.000000000000867e-05	5.999999999999513e-05	0.9605816922432727	2.27492720841771e-19	1.168444681287628e-18	9.885213307636586e-20	1.1100000000000074	-1.0309136357078419e-18	2.069741947274828e-19	1.4837306730464129e-19	0.9389936746759528	4593.7676720336385	364300.23252407624	-1530281.2859506728	420967.7311410175	232636378.48572773	1515176.1704627527	-1495889.161849199	1281742.3023859223	2978.848824450767	1599.565890624997	4407.4092785478215	403889.41971695615	-1435205.14733649	403890.0564117515	257917408.56340262	1421038.510327721	-1435204.4426954228	1421031.6341291722	2793.7734096597983	-0.04021624860128836	0.0	0.0	0.0	0.10436001532424906	0.0	0.0	0.0	-0.06294653603090493	257938479.45935228	0.10478596617619536
200	1138.75	nan	nan	1	1	6.000000000000838e-05	6.000000000000867e-05	5.999999999999513e-05	0.9592516542562665	5.560330841591909e-19	-6.7357144167834446e-18	2.570101249876888e-19	1.113874999999969	2.1709522200763496e-18	-9.161508357502512e-20	1.8035703139296366e-19	0.9370335282368298	4519.284959716711	365991.2293992348	-1532853.688597105	424987.14493780065	233674629.0515266	1525904.174104826	-1497349.1789593694	1283642.1868391894	2910.378435738392	1599.565890624997	4329.902716641334	407176.7677286369	-1434602.8516596516	407177.90752437373	259970383.20718774	1428098.7779946707	-1434602.22923036	1428092.3546043667	2723.832831782076	-0.041601825325661625	0.0	0.0	0.0	0.10784492695071929	0.0	0.0	0.0	-0.06503621484725629	259991454.4773949	0.10829116263069005
204	1177.5	nan	nan	1	1	6.000000000000838e-05	6.000000000000867e-05	5.999999999999513e-05	0.9579261396003975	4.045158305543417e-19	6.1821749976209704e-18	-4.615448648270792e-19	1.117749999999986	-4.729994607793886e-18	-5.03069808033274e-19	-4.975674820079101e-19	0.9350859161384392	4451.409103243933	367498.97396301763	-1535089.371441691	428815.69314907904	234647324.70320562	1536429.6508531997	-1498487.1623794062	1285338.5824812513	2849.464766094975	1599.565890624997	4258.93797404759	410272.6727891636	-1433695.6313816612	410274.4540126076	261958241.76232594	1434947.3843889183	-1433695.2033525005	1434940.8652408519	2661.25560044079	-0.04298460252172876	0.0	0.0	0.0	0.11131773613194026	0.0	0.0	0.0	-0.06711686499686156	261979305.01113695	0.11178400271769647
208	1216.25	nan	nan	1	1	6.000000000000838e-05	6.000000000000867e-05	5.999999999999513e-05	0.9566051131606877	-2.667137344314341e-19	-7.509008063781575e-18	-1.8496489062602705e-19	1.121625000000017	7.664767258386273e-18	-5.529431079676073e-20	3.743208000506204e-20	0.9331507350206057	4372.030301953045	368928.88468729367	-1536900.791951008	432573.726457285	235558224.1875583	1546732.4854565472	-1499218.1320430196	1286818.6290232255	2785.5625240592285	1599.565890624997	4177.184714068971	413293.1036557909	-1432403.7711623732	413295.4790038928	263884433.0354911	1441566.987765554	-1432403.398811662	1441560.384955718	2596.1664442933084	-0.04436460261047272	0.0	0.0	0.0	0.11477852663610005	0.0	0.0	0.0	-0.06918853167650874	263905492.0308912	0.11526456676789923
212	1255.0	nan	nan	1	1	6.000000000000838e-05	6.000000000000867e-05	5.999999999999513e-05	0.9552885206117303	-1.9168694409543719e-19	-1.160719740808669e-18	4.755581779064544e-19	1.1255000000000228	-2.2303122890199313e-18	9.562663161322149e-20	-6.349630023161356e-19	0.9312279012817736	4281.5829175446215	370272.6529778736	-1538189.1155216277	436249.8314250737	236410875.64977404	1556986.053352243	-1499446.6777497574	1288229.8237269078	2714.8700787499733	1599.565890624997	4085.1017660844586	416227.81486121734	-1430637.7336462666	416230.39682497096	265752227.14871296	1448120.374932778	-1430637.3108704763	1448114.1943824398	2525.044246779622	-0.045741868305401244	0.0	0.0	0.0	0.11822738136466976	0.0	0.0	0.0	-0.0712512397371559	265773288.0264711	0.11873293161344967
216	1293.75	nan	nan	1	1	6.000000000000838e-05	6.000000000000867e-05	5.999999999999513e-05	0.9539763134750557	-3.5366674866477155e-19	5.711034943567395e-19	3.44505240307269e-20	1.1293750000000147	-2.3135790158668178e-18	-2.8384412875670505e-19	1.6572030206440935e-19	0.9293173263818435	4197.463274680225	371501.07378505584	-1539005.9142288147	439807.86387192784	237208557.6302192	1567509.3130841292	-1499224.2935502385	1289835.5488361802	2645.739241655614	1599.565890624997	3999.306608731231	419042.8621886371	-1428448.3023556932	419045.1187899831	267564645.00158292	1454904.101732295	-1428447.9059849933	1454898.5676679	2455.677196089649	-0.0471164364845856	0.0	0.0	0.0	0.12166438236436927	0.0	0.0	0.0	-0.07330502004100589	267585706.90680513	0.12218917445622718
220	1332.5	nan	nan	1	1	6.000000000000838e-05	6.000000000000867e-05	5.999999999999513e-05	0.9526684636627545	1.9461428996114804e-20	3.3296390818116084e-18	-2.389039487071809e-19	1.1332499999999945	5.134781488891349e-18	-3.7090556320729105e-19	-1.295079495033935e-19	0.9274189024538987	4115.426990424775	372575.4501524576	-1539359.3090754536	443200.18721595383	237954276.98439035	1578838.0665644933	-1498559.7424132333	1292070.8315756458	2578.9240206761465	1599.565890624997	3915.7344362616604	421693.1074601865	-1425845.5538027852	421694.8178832841	269324450.8029956	1462413.1118144454	-1425845.2408014277	1462408.1211009643	2388.7518182384583	-0.048488322882204844	0.0	0.0	0.0	0.12508961083881717	0.0	0.0	0.0	-0.07534992503074497	269345522.28845644	0.12563337515206827
224	1371.25	nan	nan	1	1	6.000000000000838e-05	6.000000000000867e-05	5.999999999999513e-05	0.9513649554393774	-4.311872039974851e-19	1.5357452722714049e-18	3.5033282698437864e-19	1.137124999999987	-7.840245380003053e-18	3.1116602350333975e-20	-4.521123059264553e-19	0.925532510659496	4047.819278526053	373445.9356361983	-1539274.1081454218	446365.09338960785	238650810.5192058	1591635.3209825899	-1497478.034346818	1295465.0913908263	2527.0189008839616	1599.565890624997	3846.105812390507	424120.1525576394	-1422854.8771633639	424121.5484202979	271034193.9937795	1471255.8777813218	-1422854.7708102285	1471251.3908010963	2335.894009247544	-0.04985753039079524	0.0	0.0	0.0	0.12850314716007769	0.0	0.0	0.0	-0.07738601991456243	271055281.69838476	0.1290656147947458
228	1410.0	nan	nan	1	1	6.000000000000838e-05	6.000000000000867e-05	5.999999999999513e-05	0.9500657756913437	5.645982813218264e-19	1.699486905371028e-19	4.341145498631959e-19	1.1409999999999976	-9.830569518143318e-18	2.7040002181788483e-19	-5.374932270096888e-19	0.9236580303268271	3993.0477342517233	374205.2504540516	-1538877.2724961727	449410.57613873074	239300688.82325324	1606156.3175331568	-1496103.248589783	1300206.0087656279	2486.4827958589476	1599.565890624997	3788.8520517922875	426427.29223891295	-1419595.6748467877	426428.7072990555	272696186.49655086	1481659.780314667	-1419595.817622941	1481655.6608918312	2293.750311132162	-0.05122405921452502	0.0	0.0	0.0	0.13190507087993666	0.0	0.0	0.0	-0.07941337289215614	272717305.3654416	0.1324859744132515
232	1448.75	nan	nan	1	1	6.000000000000838e-05	6.000000000000867e-05	5.999999999999513e-05	0.9487709270858229	5.332106284283711e-19	4.078687257727531e-18	-1.2571324189969424e-19	1.1448750000000074	1.8234654237947457e-17	5.962027746497789e-19	-3.14960731107039e-20	0.9217953266345897	3923.9077101192115	375015.44307848095	-1538196.9477955478	452530.07650745736	239906325.21585947	1622144.355805271	-1494463.0139707238	1306065.0234013018	2438.367123596225	1599.565890624997	3718.144040277728	428798.52425473457	-1416095.3769534305	428800.09707504365	274312645.28060687	1493379.067159786	-1416095.6779082688	1493375.179480281	2244.8103384865144	-0.05258789298109703	0.0	0.0	0.0	0.13529546074102064	0.0	0.0	0.0	-0.08143206853436803	274333829.06496286	0.13589453673511576
236	1487.5	nan	nan	1	1	6.000000000000838e-05	6.000000000000867e-05	5.999999999999513e-05	0.9474804365167324	2.1759937601784075e-19	-2.0791202960668277e-18	-6.578396681555798e-20	1.1487499999999828	-3.6934973308977434e-18	1.7911019889460532e-19	-6.288372600415926e-21	0.9199442430819306	3836.880748077911	375868.92444996815	-1537075.2890158258	455714.9748246679	240470070.70060346	1639342.4627575753	-1492404.414964241	1312818.1835584599	2385.088200669216	1599.565890624997	3630.7075721776714	431225.72774103517	-1412210.2676899738	431227.3220061725	275885752.9644193	1506169.7203191328	-1412210.6903834443	1506165.9524662755	2191.334458631448	-0.053948989714461854	0.0	0.0	0.0	0.138674394687745	0.0	0.0	0.0	-0.08344221612135663	275907029.61185265	0.13929138716276326
240	1526.25	nan	nan	1	1	6.000000000000838e-05	6.000000000000867e-05	5.999999999999513e-05	0.9461943433044137	-4.016969049058794e-20	-5.8603295827186485e-18	3.3962633053108425e-19	1.1526250000000096	1.0768024926582908e-17	-3.259111730491426e-19	7.403474534817267e-19	0.918104612458369	3737.56702763303	376620.068095215	-1535356.3789112743	458788.4209798222	240994135.44882056	1657382.343192154	-1489776.6491716506	1320157.3585201728	2331.99198405597	1599.565890624997	3531.9031456933335	433541.7646230105	-1407799.5281444301	433543.06565907673	277417566.39442843	1519687.6195970525	-1407799.9925320493	1519683.6262272443	2138.250936319136	-0.05530729413268522	0.0	0.0	0.0	0.14204194987717694	0.0	0.0	0.0	-0.08544393792791569	277438950.15679616	0.14267661223976713
244	1565.0	nan	nan	1	1	6.000000000000838e-05	6.000000000000867e-05	5.999999999999513e-05	0.9449126800141621	-9.128440191241704e-19	-1.4890432636915918e-18	4.938811946214594e-19	1.1565000000000127	-2.631467092839568e-18	-3.7350764842125626e-19	-1.163891032163189e-19	0.9162762752763451	3619.841931166616	377026.6979250347	-1532955.6532548028	461452.2165097239	241480603.62436736	1675720.1562489162	-1486498.7941479306	1327642.1887068008	2276.0933510414666	1599.565890624997	3415.9973699019374	435465.7329437585	-1402788.7597987324	435466.40651919635	278910031.11375135	1533430.7908797886	-1402789.422226294	1533426.36469531	2082.8248764498935	-0.056662757859147275	0.0	0.0	0.0	0.14539820268936765	0.0	0.0	0.0	-0.08743734921963361	278931529.84466815	0.14605029687973375
248	1603.75	nan	nan	1	1	6.000000000000838e-05	6.000000000000867e-05	5.999999999999513e-05	0.9436354670090467	1.9087379246607305e-19	-1.0312063702944129e-17	-1.094773143667238e-19	1.1603749999999953	9.422150559768027e-18	8.740837914578136e-19	5.052924224868693e-19	0.9144590851841438	3489.5450615973955	377057.1935295095	-1529914.701557688	463661.5968585324	241931445.27444586	1693835.451260553	-1482612.0107200607	1334859.822521804	2219.367705518963	1599.565890624997	3288.563016889518	436956.9948971286	-1397219.3734161095	436956.7817195365	280364992.66514474	1546922.6522698554	-1397220.251002651	1546917.4084657615	2026.873492834546	-0.058015345244170596	0.0	0.0	0.0	0.1487432287379557	0.0	0.0	0.0	-0.08942255224596801	280386603.11502874	0.14941252349597478
252	1642.5	nan	nan	1	1	6.000000000000838e-05	6.000000000000867e-05	5.999999999999513e-05	0.9423627078190341	8.104411239329146e-20	-3.5697356529085233e-19	-4.185020385794047e-19	1.1642499999999822	-1.0044048925905712e-18	-3.8879489905330187e-19	-2.4687283467494937e-19	0.912652913041611	3332.2717300815143	377021.7992586817	-1526352.1015042192	465793.9142055178	242348472.20400563	1711335.9758698558	-1478231.9939501074	1341506.8619644588	2148.7595812078166	1599.565890624997	3136.0900009942393	438371.9183569681	-1391202.6329967654	438371.10391599406	281784143.1976667	1559807.2772500792	-1391203.6445068978	1559800.8861150872	1958.499604453867	-0.05936503836711439	0.0	0.0	0.0	0.1520771028803339	0.0	0.0	0.0	-0.09139963162875743	281805872.19607365	0.15276337148817618
256	1681.25	nan	nan	1	1	6.000000000000838e-05	6.000000000000867e-05	5.999999999999513e-05	0.9410943838633447	-2.777725965907862e-19	3.336306925172394e-18	1.7293024651143796e-20	1.1681249999999976	-7.165980048934317e-18	-9.07043537501373e-19	1.5650458359828257e-19	0.910857652469008	3129.463694979396	377160.7992130874	-1522332.8541575575	468146.82153567206	242733398.3859522	1728148.166501406	-1473422.557701626	1347535.1792981708	2055.5913445369492	1599.565890624997	2941.2374532672566	439990.04887848493	-1384800.2069284483	439989.4356779904	283169088.736436	1572021.4748295	-1384801.3696894469	1572014.0339131686	1869.8823397924796	-0.06071184276526752	0.0	0.0	0.0	0.1553998992276886	0.0	0.0	0.0	-0.09336864808150551	283190956.73081356	0.1561029162593415
260	1720.0	nan	nan	1	1	6.000000000000838e-05	6.000000000000867e-05	5.999999999999513e-05	0.9398304584006978	-2.5500435096859063e-19	-6.91748091100064e-18	4.907641133755636e-19	1.1720000000000101	-5.136407792150077e-18	3.082386776376289e-19	4.796510411075872e-19	0.9090732161117807	2888.8482582638385	377534.3531587134	-1517731.5514561357	470797.4985604447	243087842.37444535	1744388.583416595	-1468063.2823428814	1353044.9115440904	1945.5010802848096	1599.565890624997	2711.429122197559	441883.81783730176	-1377900.4284969587	441883.38539516396	284521350.06928706	1583675.1724960078	-1377901.9114578455	1583666.8801556393	1766.2588417522343	-0.06205578338903519	0.0	0.0	0.0	0.15871169115482972	0.0	0.0	0.0	-0.09532964227075816	284543371.58528435	0.15943122975126825
264	1750.0	nan	nan	1	1	6.000000000000838e-05	6.000000000000867e-05	5.999999999999513e-05	0.9388548852927515	1.0668549377257363e-19	1.6705929174742895e-18	4.998172015158176e-19	1.1749999999999907	4.628784334992364e-18	6.205973235307028e-19	-2.1613570308498531e-19	0.9076989853728537	1422.0803627961352	378079.804183269	-1513593.9817420677	473175.8219150876	243341937.8947318	1756861.990910642	-1463366.0897742666	1357189.6478899156	1092.5807229231802	1599.565890624997	1333.3507906581613	443652.7306538634	-1372059.8476117535	443652.39319548476	285546368.87525684	1592580.1929718002	-1372060.5275684965	1592576.187988202	990.4149714391349	-0.06309435347093974	0.0	0.0	0.0	0.16126814759611438	0.0	0.0	0.0	-0.09684246925027536	285569452.64251834	0.16200038253215682
268	1780.0	nan	nan	1	1	6.000000000000838e-05	6.000000000000867e-05	5.999999999999513e-05	0.9378819838433412	1.515714637134735e-19	2.942307855691162e-18	5.383063786390529e-19	1.177999999999996	-4.3086736435660186e-18	1.2923689896027212e-19	-1.1460016963171781e-19	0.9063312397218349	1261.3304337880525	378785.50067253446	-1508941.6200335268	475762.3034313477	243580266.10299036	1769009.8474739054	-1458181.3268279105	1361039.940167816	1016.6467255403585	1599.565890624997	1181.3990969437257	445613.36047193955	-1365774.3547537304	445612.934229818	286554318.28854364	1601167.501054803	-1365775.4197851827	1601163.6675582097	920.1880358741278	-0.06413115468965339	0.0	0.0	0.0	0.1638180852293915	0.0	0.0	0.0	-0.0983504330000301	286577490.4666164	0.16456281943944276
272	1810.0	nan	nan	1	1	6.000000000000838e-05	6.000000000000867e-05	5.999999999999513e-05	0.9369116541357355	-8.857931749206571e-20	6.626155787253784e-18	4.979198477139679e-19	1.1809999999999854	1.6918541220767302e-17	-8.825405684032006e-20	-3.344763702117781e-19	0.9049698587177767	1075.3666626384052	379637.93073737394	-1503689.5227626744	478542.42636651796	243802439.85314104	1780825.0555349586	-1452426.1792936604	1364597.3013414086	923.1107671651738	1599.565890624997	1006.1727623127084	447751.28589473956	-1358969.2659684548	447750.8665181063	287544650.0735342	1609432.3209037448	-1358970.5833819462	1609428.7396871971	834.2674087116227	-0.06516628706325577	0.0	0.0	0.0	0.16636153721521288	0.0	0.0	0.0	-0.09985364112106912	287567921.05309314	0.16711863193104737
276	1840.0	nan	nan	1	1	6.000000000000838e-05	6.000000000000867e-05	5.999999999999513e-05	0.9359438750558345	-1.1011157263762784e-18	-1.0771277533100365e-17	-6.028164079019405e-20	1.1840000000000053	-4.751841281569469e-18	2.367897544708342e-19	9.922076181501094e-19	0.9036148072520283	859.0990272277995	380747.6443146159	-1497841.9668374776	481658.1349768438	244009056.8753322	1792366.030856478	-1446105.536433173	1367909.801851216	800.2618499371694	1599.565890624997	802.9863928687366	450198.53718562226	-1351650.7372542988	450198.307928448	288517925.47019815	1617428.8881435702	-1351652.1746683978	1617425.6124521785	722.1553030376748	-0.06619976684955572	0.0	0.0	0.0	0.1688985364618182	0.0	0.0	0.0	-0.10135210756811765	288541314.9291784	0.16966785191234715
280	1870.0	nan	nan	1	1	6.000000000000838e-05	6.000000000000867e-05	5.999999999999513e-05	0.9349786240811765	9.952975943416931e-20	2.2307459698889253e-18	-7.983522697097012e-19	1.1870000000000336	-2.0538041753392912e-18	-1.2967057982926633e-19	2.844404399515721e-19	0.9022660523851266	629.636353552084	382197.6981184983	-1491470.4812498898	485218.42870122	244200727.19988438	1803834.5050609391	-1439289.1717402549	1371133.6734209575	661.6033588007234	1599.565890624997	587.901351715919	453055.8762861027	-1343885.4794551653	453056.0672070948	289474727.33586395	1625340.2458626567	-1343886.903611246	1625337.2821845599	596.1359331134429	-0.0672316119000541	0.0	0.0	0.0	0.17142911562755891	0.0	0.0	0.0	-0.10284584411279385	289498245.35802394	0.17221051067463564
284	1900.0	nan	nan	1	1	6.000000000000838e-05	6.000000000000867e-05	5.999999999999513e-05	0.9340158806879072	4.800847219765814e-19	-8.469245270370517e-18	-4.190441396656475e-19	1.190000000000015	-1.7672495411513723e-18	-3.11599704372334e-19	-3.220080452281948e-20	0.9009235602790181	475.32633351949846	383938.9787929699	-1484668.1131692631	489165.33657143696	244378060.68910217	1815324.0731352323	-1432067.519783602	1374340.719025929	567.6843660331172	1599.565890624997	443.3604706598693	456267.98911551404	-1335759.154596551	456268.7958964154	290415645.4369549	1633251.0463053477	-1335760.4761485532	1633248.2786741531	510.74686801980613	-0.06826183801999676	0.0	0.0	0.0	0.17395330712345083	0.0	0.0	0.0	-0.1043348637308364	290439236.0647347	0.174746639298933
288	1930.0	nan	nan	1	1	6.000000000000838e-05	6.000000000000867e-05	5.999999999999513e-05	0.933055626968183	1.0144879727946864e-18	-4.2816227993625055e-18	7.669104067076216e-19	1.1929999999999865	-1.6182151105215147e-17	-2.506675422786486e-19	2.990229591715021e-19	0.8995872920370198	174.37900330568792	385834.420950139	-1477533.264612812	493328.1321855395	244541461.88334745	1826822.3437150912	-1424536.2370066757	1377521.1749122879	370.2466573024993	1599.565890624997	162.48393778035413	459674.19173356565	-1327361.715170495	459676.3143256001	291341033.18143	1641150.2180973776	-1327363.1166126353	1641146.8191831096	332.616022829086	-0.06929045829560349	0.0	0.0	0.0	0.17647114311576795	0.0	0.0	0.0	-0.10581918523394693	291364810.9410552	0.1772762703301812
292	1960.0	nan	nan	1	1	6.000000000000838e-05	6.000000000000867e-05	5.999999999999513e-05	0.932097847457777	7.528699885739343e-19	-8.77650816605291e-18	7.274996577377735e-19	1.1959999999999968	-2.045889499480147e-18	-4.293440603042598e-20	8.621575675604731e-19	0.8982572061136466	-549.3033782323976	387667.7078406715	-1470176.283615203	497430.9116157086	244691267.55021152	1838309.2190441485	-1416801.5041069896	1380660.2317180424	-152.72677598328667	1599.565890624997	-511.3054011010727	463017.50608288223	-1318793.2872566092	463021.20442475	292251168.1264981	1649019.8386385483	-1318794.4768684115	1649014.9793457582	-137.000609515898	-0.07031748326456803	0.0	0.0	0.0	0.17898265552843773	0.0	0.0	0.0	-0.1072988306286514	292275475.0703988	0.17979943676304475
296	1990.0	nan	nan	1	1	6.000000000000838e-05	6.000000000000867e-05	5.999999999999513e-05	0.9311425411178063	-9.703609443745264e-19	-8.532237416591925e-18	-8.953883641471538e-19	1.1989999999999936	-1.3117870505119367e-17	1.945058697438995e-19	-2.5587171270657903e-19	0.8969332602974394	-659.1925534944365	389249.29123866215	-1462670.618757936	501227.0654038251	244828538.48061675	1849790.8454765175	-1408934.8544359347	1383765.053820438	-245.44580816167465	1599.565890624997	-612.9611941602344	466070.4117260922	-1310120.3296736334	466074.3494851349	293147194.6136321	1656865.5726201006	-1310121.5817607571	1656860.9445992277	-219.8468602444817	-0.07134290803480875	0.0	0.0	0.0	0.1814878760453717	0.0	0.0	0.0	-0.10877382292725304	293171551.0655795	0.1823161677835505
300	2020.0	nan	nan	1	1	6.000000000000838e-05	6.000000000000867e-05	5.999999999999513e-05	0.930189693087853	5.296327612591689e-19	5.9056492335285425e-18	-5.431852884152377e-19	1.2019999999999889	-4.826217550601975e-18	1.8865117801247776e-20	7.246807320893112e-19	0.8956154089135595	-906.0746739315477	390510.3110753619	-1455027.2223533462	504625.93645215395	244953314.70866007	1861277.4531201203	-1400946.6397243019	1386841.8476254414	-448.74626510171885	1599.565890624997	-841.6624788187039	468747.99764367973	-1301353.031173998	468752.4425637049	294029050.0132477	1664696.7274990776	-1301354.353462658	1664691.8677582177	-401.35146844442676	-0.07236674257189672	0.0	0.0	0.0	0.18398683611300676	0.0	0.0	0.0	-0.11024418927651355	294053568.4196885	0.18482649796509557
