6	header
postResults v2.0.3	--cr f,p,texture --time RVE_1_40_D_tensionX.spectralOut
addCauchy v2.0.3	RVE_1_40_D_tensionX.txt
addStrainTensors v2.0.3	--left --logarithmic RVE_1_40_D_tensionX.txt
addMises v2.0.3	-s Cauchy RVE_1_40_D_tensionX.txt
addMises v2.0.3	-e ln(V) RVE_1_40_D_tensionX.txt
inc	time	elem	node	ip	grain	1_pos	2_pos	3_pos	1_f	2_f	3_f	4_f	5_f	6_f	7_f	8_f	9_f	1_p	2_p	3_p	4_p	5_p	6_p	7_p	8_p	9_p	texture	1_Cauchy	2_Cauchy	3_Cauchy	4_Cauchy	5_Cauchy	6_Cauchy	7_Cauchy	8_Cauchy	9_Cauchy	1_ln(V)	2_ln(V)	3_ln(V)	4_ln(V)	5_ln(V)	6_ln(V)	7_ln(V)	8_ln(V)	9_ln(V)	Mises(Cauchy)	Mises(ln(V))
0	0.0	nan	nan	1	1	6.000000000000838e-05	6.000000000000867e-05	5.999999999999513e-05	1.0	0.0	0.0	0.0	1.0	0.0	0.0	0.0	1.0	2.7716487604837305e-06	-1.193192284640359e-09	-2.8066754232013673e-08	-1.19319228464005e-09	2.7018729684353462e-06	-1.6832583398956398e-08	-2.8066754232013544e-08	-1.6832583398956544e-08	2.6991213888906947e-06	1599.565890624997	2.7716487604837305e-06	-1.193192284640359e-09	-2.8066754232013673e-08	-1.19319228464005e-09	2.7018729684353462e-06	-1.6832583398956398e-08	-2.8066754232013544e-08	-1.6832583398956544e-08	2.6991213888906947e-06	0.0	0.0	0.0	0.0	0.0	0.0	0.0	0.0	0.0	9.102600058541354e-08	0.0
2	2.0	nan	nan	1	1	6.000000000000838e-05	6.000000000000867e-05	5.999999999999513e-05	0.9999331859138993	-9.959254575138453e-25	6.48046379098544e-23	3.394749233917626e-24	1.000200000000001	-3.7842851279810975e-22	-1.0356301269163907e-24	7.663001194691248e-24	0.9999338800589289	-1.9498817414387304e-07	-494.1626033385769	2741.2009144901226	-494.2944616919428	14158906.776149334	727.48034598023	2741.2028174082725	727.2867876650564	6.016126253598486e-06	1599.565890624997	-1.9496207518775584e-07	-494.22830091358577	2740.8359103798366	-494.2283009135609	14160789.164322145	727.3834784667869	2740.8359103798552	727.3834784667537	6.015325177399019e-06	-6.681631826113055e-05	0.0	0.0	0.0	0.0001999800026671327	0.0	0.0	0.0	-6.612212709097142e-05	14160790.041974725	0.0001776332690461111
4	4.0	nan	nan	1	1	6.000000000000838e-05	6.000000000000867e-05	5.999999999999513e-05	0.9998663539893824	5.895481661787939e-23	-6.311718946024623e-23	3.884440156549018e-24	1.0003999999999935	7.946823406470443e-22	5.36013036934362e-24	-4.375454568160495e-23	0.9998677425139983	4.967493666754308e-06	-988.3614006081427	5482.594259822426	-988.888906225612	28326310.375529427	1455.4063112453193	5482.601873557055	1454.6319700774102	3.886997188601526e-06	1599.565890624997	4.9661642761706665e-06	-988.6242617815818	5481.134630759928	-988.6242617815532	28333843.942886397	1455.0188389559319	5481.134630759923	1455.0188389558805	3.885962354763083e-06	-0.00013365494204145713	0.0	0.0	0.0	0.0003999200213200107	0.0	0.0	0.0	-0.00013226623279440384	28333845.697177663	0.000355254643916131
6	6.0	nan	nan	1	1	6.000000000000838e-05	6.000000000000867e-05	5.999999999999513e-05	0.9997995042228787	2.158610526518381e-23	-1.1118895619488794e-21	1.1884931041161902e-23	1.000599999999987	-3.787693112104816e-22	5.280721030538529e-24	4.2881042954748956e-24	0.9998015873617152	5.473915395214135e-06	-1482.5963387170443	8224.179771033783	-1483.783388823909	42502212.49604831	2183.7779609307363	8224.196906577508	2182.0354505137902	4.484730270633008e-06	1599.565890624997	5.471718673533758e-06	-1483.1879358637439	8220.896477128445	-1483.1879358637755	42519172.06014843	2182.9061433064435	8220.896477128284	2182.906143306434	4.482939856515836e-06	-0.00020051587908660723	0.0	0.0	0.0	0.0005998200719549005	0.0	0.0	0.0	-0.00019843232467615086	42519174.69006516	0.0005328641403784548
8	8.0	nan	nan	1	1	6.000000000000838e-05	6.000000000000867e-05	5.999999999999513e-05	0.9997326366108242	4.364204911829774e-23	2.0131590876070567e-22	-7.411538288475129e-24	1.0008000000000166	2.9851955690303706e-21	-8.046812998915853e-24	-3.263723824889226e-23	0.9997354145986069	8.260589348537905e-06	-1976.8673654840427	10965.957183071181	-1978.9779656323296	56686614.83612396	2912.5953601510473	10965.987654513323	2909.497132232821	7.284481704118662e-06	1599.565890624997	8.256170621830146e-06	-1977.9193773857796	10960.121765227988	-1977.919377385651	56716781.247142725	2911.045453412321	10960.121765228101	2911.04545341239	7.280605344416815e-06	-0.0002673991371386431	0.0	0.0	0.0	0.0007996801705804404	0.0	0.0	0.0	-0.0002646204102859707	56716784.75166958	0.0007104617742031884
10	10.0	nan	nan	1	1	6.000000000000838e-05	6.000000000000867e-05	5.999999999999513e-05	0.99966574861371	-6.24554449702038e-23	-2.4529544756892502e-22	9.052664623780336e-24	1.0010000000000012	-9.82319990798573e-22	-2.6469779601696886e-25	-7.885347343345502e-23	0.9996692150059096	0.00040050310427341176	-2474.3676739766497	13686.839682151012	-2477.6702063514444	70877013.31319867	3663.934564946614	13686.887141968884	3659.0635268466995	0.0004035561474483984	1599.565890624997	0.00040023539313428867	-2476.014039629995	13677.738318629674	-2476.0140396295683	70924172.6264882	3661.4981514889873	13677.738318629725	3661.498151489337	0.000403287793958148	-0.000334307260735658	0.0	0.0	0.0	0.0009995003330843105	0.0	0.0	0.0	-0.0003308397155145126	70924176.99591674	0.0008880514707439972
12	12.0	nan	nan	1	1	6.000000000000838e-05	6.000000000000867e-05	5.999999999999513e-05	0.9995987773673682	-1.9516830244821155e-22	-6.535653281454978e-22	1.1937870600365296e-23	1.001199999999962	-3.298663933963466e-22	2.4855123045993374e-23	-9.989694821680405e-23	0.9996027529366661	0.00564037937752164	-3040.2259392568826	15804.253824544083	-3045.0959718018858	85009607.98933382	5015.314093537099	15804.316680672771	5007.312999143522	0.007054112581819936	1599.565890624997	0.005635857862665539	-3042.6549220553525	15791.647417154023	-3042.6549220509423	85077526.25581676	5011.3135824497585	15791.647417157126	5011.313582450316	0.00704848580449979	-0.0004013031439682609	0.0	0.0	0.0	0.001199280575444041	0.0	0.0	0.0	-0.0003973259868506624	85077531.25221406	0.001065732567599392
14	14.0	nan	nan	1	1	6.000000000000838e-05	6.000000000000867e-05	5.999999999999513e-05	0.9995310529695358	-4.851910600991039e-23	4.594624343262546e-22	-1.503483481376383e-23	1.001399999999977	1.6687607852093784e-21	3.380190855136692e-23	2.4786301619028966e-22	0.9995333827134353	-3.8107224878069084	-4232.495759563859	10206.50841802033	-4240.409784188724	98374096.4986608	13257.521197922137	10206.532203478291	13232.809079127983	-4.757237861039124	1599.565890624997	-3.807171426898845	-4236.45831177425	10197.02114581024	-4236.458314758194	98466196.41220358	13245.19791288828	10197.021141565325	13245.197915371396	-4.752815858067359	-0.00046905702051055586	0.0	0.0	0.0	0.0013990209136845702	0.0	0.0	0.0	-0.00046672618628820393	98466205.22210817	0.0012446090722321623
16	16.0	nan	nan	1	1	6.000000000000838e-05	6.000000000000867e-05	5.999999999999513e-05	0.9994608650985511	8.152692117322641e-23	-4.338132178922102e-22	6.88214269644119e-23	1.0015999999999796	-9.155049731279698e-21	3.0016730068324266e-23	2.1800510479957557e-22	0.9994522603559604	90.1319865255475	-5645.3911944072315	-30530.301890632058	-5657.473996872908	108702645.21608809	47677.203284862095	-30530.03905518209	47574.96862345276	209.17455068672032	1599.565890624997	90.03732272750413	-5651.532031786767	-30497.973962514825	-5651.532066637922	108820887.73357008	47626.71884464446	-30497.973974151653	47626.71882739657	208.95305992443508	-0.0005392802869271089	0.0	0.0	0.0	0.0015987213636768996	0.0	0.0	0.0	-0.0005478897081981452	108820782.76629005	0.0014282128906058023
18	18.0	nan	nan	1	1	6.000000000000838e-05	6.000000000000867e-05	5.999999999999513e-05	0.999388745956452	-1.4314856808597677e-22	-2.633478372572823e-21	-1.3891340334970526e-22	1.0017999999999867	7.060231373601407e-21	2.906381800266318e-23	-4.4659812143982985e-22	0.99935478386489	-87.83653738057575	-2904.3383217409355	-116461.04009336785	-2911.3436019143296	115110610.03672057	116320.15254643514	-116457.08292195489	116036.23629148238	292.3870100097084	1599.565890624997	-87.73532393895525	-2907.9909788002174	-116322.8897136855	-2907.988880582216	115255379.52834676	116182.16929275548	-116322.89022134164	116182.16990205724	292.0401697581131	-0.000611440935463721	0.0	0.0	0.0	0.0017983819413663201	0.0	0.0	0.0	-0.0006454243766192138	115255629.26127437	0.0016179953640774265
20	20.0	nan	nan	1	1	6.000000000000838e-05	6.000000000000867e-05	5.999999999999513e-05	0.9993167725140785	6.166399856011306e-22	-7.271354335704541e-21	1.4823076576950257e-23	1.001999999999993	5.9948756841923104e-21	1.4756902127946014e-22	-3.1763735522036263e-22	0.9992456940274116	-168.60520876419483	4983.596647113016	-218701.241688458	4996.9808624995485	119051478.26608473	207404.88907437527	-218685.68772530876	206834.77255701838	206.15751903080562	1599.565890624997	-168.39569329856658	4990.768471719508	-218413.9386701395	4990.771417490016	119222803.59229517	207132.4258264072	-218413.94028627157	207132.42560086207	205.88669442547038	-0.000683460992184949	0.0	0.0	0.0	0.001998002662665523	0.0	0.0	0.0	-0.00075459060448102	119223925.14477	0.0018118177764867294
22	22.0	nan	nan	1	1	6.000000000000838e-05	6.000000000000867e-05	5.999999999999513e-05	0.9992457322207091	-2.3335757696855973e-21	3.046756335450037e-20	2.73591641963139e-22	1.0022000000000022	-3.54894099405343e-20	-5.235722405215644e-23	2.2598839032744734e-21	0.9991300564763462	-97.24813887648723	17564.36307784319	-315123.48077167093	17616.293981384217	121777249.20576595	305872.8042891397	-315087.002748713	304935.85288673686	239.90559873259656	1599.565890624997	-97.11915079498269	17592.92616341281	-314669.07570849656	17592.928064152988	121975282.80220674	305431.7386135005	-314669.0773420047	305431.7381528662	239.55965714017373	-0.0007545523823526014	0.0	0.0	0.0	0.0021975835434896386	0.0	0.0	0.0	-0.0008703221441220431	121977580.25393112	0.0020077933974318217
24	24.0	nan	nan	1	1	6.000000000000838e-05	6.000000000000867e-05	5.999999999999513e-05	0.9991755314785369	-3.254300583351022e-21	2.4233189104471906e-20	2.0413494028828637e-22	1.0024000000000428	3.9287929192496215e-20	-6.738147095407959e-22	-1.7220179817679925e-21	0.9990107360631859	-61.446435904113955	34228.76876039755	-400336.0313764952	34339.23029720398	123881534.9263671	400915.1697766249	-400270.00476454815	399559.6161806861	228.53102278764615	1599.565890624997	-61.36001879576739	34290.93537464223	-399707.07121374225	34290.936251479965	124106529.74425597	400285.29974078067	-399707.0725804326	400285.3001426402	228.17198213673998	-0.0008248085825605204	0.0	0.0	0.0	0.002397124599764203	0.0	0.0	0.0	-0.0009897535813343974	124110328.06570406	0.00220499453753858
26	26.0	nan	nan	1	1	6.000000000000838e-05	6.000000000000867e-05	5.999999999999513e-05	0.9991058887394242	-2.40896170199123e-21	3.528220450581222e-20	8.639736061993864e-22	1.0026000000000037	3.10670509229196e-20	-1.828955891358848e-21	3.5151867311053462e-22	0.9988892167006873	-38.915897709970054	53328.32147771559	-475276.6018869771	53514.82420610022	125621589.4049424	486996.135789149	-475173.5316556268	485193.68638542405	195.46180196380735	1599.565890624997	-38.85814174006765	53435.400751879846	-474468.31472307944	53435.40163696882	125873828.14488591	486167.9176023851	-474468.31579764344	486167.91895692813	195.1293865557431	-0.000894511216470109	0.0	0.0	0.0	0.0025966258472701217	0.0	0.0	0.0	-0.001111400676304974	125879283.226998	0.002402986093044542
28	28.0	nan	nan	1	1	6.000000000000838e-05	6.000000000000867e-05	5.999999999999513e-05	0.9990365537053872	-3.184843881676169e-21	7.756079527682656e-20	1.4882368883258056e-21	1.0028000000000072	-5.0391684098052834e-20	-2.0618899518537806e-21	-4.3927128644608015e-21	0.9987662922190486	-8.910957868452577	72856.6502378156	-541199.4733292033	73131.10786711867	127113496.8718151	562043.9742916242	-541053.0676611108	559783.1847690992	156.05495812935877	1599.565890624997	-8.897053217044824	73016.99303282813	-540208.8081350249	73016.9941459038	127393248.04491617	561015.1532554481	-540208.8088945443	561015.1546737532	155.76929965588184	-0.000963910707309148	0.0	0.0	0.0	0.0027960873020084947	0.0	0.0	0.0	-0.0012344694248912036	127400379.20685373	0.0026015454628392927
30	30.0	nan	nan	1	1	6.000000000000838e-05	6.000000000000867e-05	5.999999999999513e-05	0.9989673262286164	1.3637230450794236e-21	-8.737038971809702e-21	1.2603850255143989e-21	1.0029999999999997	-2.5769283354317578e-20	-1.1659408518955445e-21	-5.1940060325633694e-21	0.9986424299640939	30.547719068935912	91467.53918045004	-598608.5153062594	91836.78029657876	128414114.78604892	625558.1991579084	-598413.8287042368	622840.4395937792	124.85671938878522	1599.565890624997	30.497752854316776	91686.56388411912	-597435.0165946344	91686.56494780348	128721610.35977869	624331.8688903166	-597435.0167108234	624331.8697113647	124.61195307558717	-0.0010332073463135121	0.0	0.0	0.0	0.002995508979797928	0.0	0.0	0.0	-0.0013584923689562607	128730332.02622038	0.0028005433332831784
32	32.0	nan	nan	1	1	6.000000000000838e-05	6.000000000000867e-05	5.999999999999513e-05	0.9988980484443702	-3.4796113473206655e-21	1.161800978365839e-20	2.4835006013496085e-21	1.0031999999999939	-4.438876160086161e-21	7.386127300057499e-22	-1.3759203195198855e-20	0.9985179427945492	66.79091833751204	108600.79517057246	-647836.5716372994	109068.506833452	129556314.69473223	677888.0097766856	-647590.0529617233	674724.223679803	100.5456097996048	1599.565890624997	66.6766878218345	108881.96931203941	-646482.4996901837	108881.97021904578	129891743.96574908	676471.1259860641	-646482.4990077015	676471.1262141919	100.3354549618018	-0.0011025591506464273	0.0	0.0	0.0	0.0031948908965128697	0.0	0.0	0.0	-0.0014831565385481989	129901907.91994666	0.002999891075214733
34	34.0	nan	nan	1	1	6.000000000000838e-05	6.000000000000867e-05	5.999999999999513e-05	0.9988286034846073	3.914986282209376e-21	7.417255760869095e-21	1.976974898891537e-21	1.00340000000001	-6.914668761615755e-20	2.3784685158900752e-21	-6.603468856794526e-21	0.9983930622952946	91.7276995579779	124052.29777511951	-689572.3479384417	124620.05582521396	130564435.67203316	720010.8275932025	-689271.6570708036	716417.9935166205	75.24251932305341	1599.565890624997	91.56401983450408	124397.6819504099	-688041.7160693208	124397.68268847273	130927950.82447787	718412.6319548173	-688041.7145913633	718412.6316030708	75.07550479827857	-0.0011720831365469278	0.0	0.0	0.0	0.003394233068025575	0.0	0.0	0.0	-0.0016082302139389653	130939380.89061387	0.0031995175622675253
36	36.0	nan	nan	1	1	6.000000000000838e-05	6.000000000000867e-05	5.999999999999513e-05	0.9987589147445496	-6.69494841509799e-21	9.206443455354353e-20	3.2644649787180736e-21	1.0036000000000063	5.841435665797194e-20	4.898391533971619e-21	-3.5185748628943635e-21	0.9982679652578033	102.56860820178366	137796.41575418375	-724900.2084116484	138464.32981827733	131459809.93336952	753321.3047946147	-724543.8748346472	749318.9769138985	49.26922286461131	1599.565890624997	102.37800799983624	138207.0247330282	-723197.4783956533	138207.02566168833	131851536.9461542	751551.8159981181	-723197.4764454684	751551.815106789	49.15349357709993	-0.0012418560395612598	0.0	0.0	0.0	0.0035935355101366345	0.0	0.0	0.0	-0.0017335364486262583	131864053.68076402	0.003399361270637178
38	38.0	nan	nan	1	1	6.000000000000838e-05	6.000000000000867e-05	5.999999999999513e-05	0.9986889406014574	-4.523155938337964e-21	-5.790401930725123e-20	3.1950082770432207e-21	1.0037999999999936	-3.637667695278318e-20	2.720669826580813e-21	1.468416317360055e-20	0.9981427835586559	101.87876369267724	150023.00883356907	-755059.2352975525	150790.7930369776	132261734.67363362	779352.3045320362	-754646.3108344999	774960.0291215524	25.672615951372077	1599.565890624997	101.68193531291547	150499.46620193112	-753188.3466447594	150499.4672846746	132681784.09490278	777421.2224196473	-753188.3444706476	777421.2210342586	25.609004245660003	-0.0013119195888384257	0.0	0.0	0.0	0.0037927982386898474	0.0	0.0	0.0	-0.0018589432061140115	132695221.92232063	0.003599369089637048
40	40.0	nan	nan	1	1	6.000000000000838e-05	6.000000000000867e-05	5.999999999999513e-05	0.9986186644188556	2.97816784254612e-21	7.144341745263759e-20	-7.691059161069047e-22	1.004000000000012	-4.4090606003428093e-20	8.614325073576234e-22	1.2558110475992257e-20	0.998017612880611	95.16172405088254	160987.8548237972	-781126.510050194	161855.3837366337	132987171.99548003	799519.6174926594	-780656.3609242109	794755.6354931504	6.864372842144628	1599.565890624997	94.97086269109273	161530.75717209672	-779090.6378602326	161530.75806452264	133435647.11833374	797435.8068248109	-779090.6354598965	797435.804759992	6.8464820324089	-0.0013822905046194118	0.0	0.0	0.0	0.003992021269549399	0.0	0.0	0.0	-0.0019843546494356414	133449860.51189439	0.0037994963819920225
44	48.666666666666664	nan	nan	1	1	6.000000000000838e-05	6.000000000000867e-05	5.999999999999513e-05	0.9983105816518089	1.7121923995798426e-20	-3.08109081596699e-19	-6.806756764135557e-21	1.0048666666666732	3.349507086622405e-20	-1.222776762656308e-20	5.171983175934758e-21	0.9974767289724225	271.8559023529898	195262.85791014656	-860215.9217315504	196545.1725074776	135529570.79937118	842087.40111967	-859497.3845308626	835894.5282956517	-595.3783765811366	1599.565890624997	271.2236486419793	196088.0801861553	-857498.4863196817	196088.068528408	136102347.52751377	839427.2339850222	-857498.4563991933	839427.1959648959	-593.4975670737681	-0.0016908470246836695	0.0	0.0	0.0	0.004854862726188864	0.0	0.0	0.0	-0.002526459841207003	136118801.2067229	0.0046673448975182484
48	57.33333333333333	nan	nan	1	1	6.000000000000838e-05	6.000000000000867e-05	5.999999999999513e-05	0.9979982187835722	1.532621414761931e-20	1.2395056633645805e-19	-6.738994128355214e-21	1.0057333333333347	5.62328233023185e-20	-1.5985205780583156e-20	1.118591710144029e-20	0.9969390491687505	192.63660857871503	214142.30935627536	-909113.2836268882	215802.03413872726	137589253.3190711	852517.1118667116	-908148.427422284	845062.5455246142	-424.3431542097643	1599.565890624997	192.12654467799604	215230.64564931503	-905743.8483646768	215230.63274141244	138288523.71719798	849357.4382923661	-905743.82877024	849357.4101917023	-422.7704164521899	-0.00200378745826561	0.0	0.0	0.0	0.005716960329230645	0.0	0.0	0.0	-0.0030656451230232627	138305863.93956417	0.005535173321150495
52	66.0	nan	nan	1	1	6.000000000000838e-05	6.000000000000867e-05	5.999999999999513e-05	0.997682819153232	-6.366299631563321e-21	-4.365811098056005e-19	1.116220017891717e-20	1.006600000000008	-2.189749575241817e-19	5.470138773368272e-21	-1.565655699704849e-20	0.9964045116856945	154.90499334805435	224732.94941017422	-941562.8922113806	226741.57486270953	139420237.37399054	851406.4617666746	-940356.4654885866	842782.8513483991	-289.8803920695949	1599.565890624997	154.4446276648779	226067.72964362503	-937561.8229805457	226067.71640430772	140248310.7716754	847788.5024935474	-937561.7986588884	847788.4808923695	-288.64857683247567	-0.002319869664761092	0.0	0.0	0.0	0.006578315360131109	0.0	0.0	0.0	-0.003601967617916573	140266011.98654935	0.006402423732233991
56	74.66666666666666	nan	nan	1	1	6.000000000000838e-05	6.000000000000867e-05	5.999999999999513e-05	0.9973653325614297	8.570279360319011e-21	1.6080073470675638e-19	1.3855764951185845e-20	1.0074666666666503	-2.278518628114068e-19	-2.4970531285056774e-21	1.2671612890924334e-20	0.9958726517293147	150.06542624872617	230690.50273149423	-964654.687506017	233026.92503725502	141129685.59020397	846470.1760388302	-963210.9446671479	836728.8990444777	-198.63760252679018	1599.565890624997	149.57057188269079	232258.5128205754	-960034.6866199007	232258.49759769728	142088948.18772778	842416.1938066172	-960034.6691365575	842416.1698249943	-197.68627153594372	-0.0026381442830549144	0.0	0.0	0.0	0.007438929096982118	0.0	0.0	0.0	-0.004135889281811676	142106762.19220898	0.007268915072492891
60	83.33333333333333	nan	nan	1	1	6.000000000000838e-05	6.000000000000867e-05	5.999999999999513e-05	0.9970464385964721	-2.2567498813696325e-20	1.1664998936407323e-19	-2.134523027080837e-21	1.0083333333333278	1.2734632142200053e-19	-8.016319812814699e-21	3.843496701461113e-20	0.9953429989546094	147.48670169596164	234023.89378125768	-981921.0878589047	236673.10445384606	142764653.0708145	840829.0113824285	-980243.4796683694	829996.6066651072	-139.55624347805465	1599.565890624997	146.95215969616615	235815.3375558264	-976690.7536592172	235815.32057843378	143857510.91895896	836350.2230269279	-976690.7437004279	836350.1983001269	-138.81287845405376	-0.002957931773568991	0.0	0.0	0.0	0.00829880281468978	0.0	0.0	0.0	-0.004667878659270303	143875325.62274703	0.008134601272609912
64	92.0	nan	nan	1	1	6.000000000000838e-05	6.000000000000867e-05	5.999999999999513e-05	0.9967265936606261	1.356523265027762e-20	-2.6909220294732416e-19	-8.289064421830583e-21	1.0092000000000163	-6.19851934537119e-19	-9.493545272826198e-21	6.68918859105666e-20	0.9948151926462675	144.13618233856064	235842.54137905192	-995541.1575657208	238793.94509097945	144347224.12181053	835690.2608209676	-993632.0247219239	823778.5810477599	-98.3432842631747	1599.565890624997	143.56658300890453	237850.29319514564	-989705.381239757	237850.27592448014	145576066.88988796	830791.5166526577	-989705.3761453901	830791.4928510612	-97.76680442026799	-0.003278775654407017	0.0	0.0	0.0	0.009157937784782006	0.0	0.0	0.0	-0.005198295108519122	145593830.55568752	0.008999479231722503
68	100.66666666666666	nan	nan	1	1	6.000000000000838e-05	6.000000000000867e-05	5.999999999999513e-05	0.9964061062297518	-6.930423574434686e-21	-3.7523559563365505e-19	-1.6659444006597578e-20	1.0100666666666474	2.1252395459789297e-19	-1.1851684997982171e-20	-4.9134687204327456e-20	0.9942889705744221	140.14214188461426	236864.60074741152	-1007178.6379901706	240111.9584018985	145888538.72151145	831622.9073053319	-1005038.6116293115	818632.559032475	-68.99067298883787	1599.565890624997	139.5423683826046	239084.35514285948	-1000737.2979366471	239084.33895618055	147255719.4823795	826304.3215647298	-1000737.2964100213	826304.2972974381	-68.54944799807625	-0.0036003673212880462	0.0	0.0	0.0	0.010016335275468996	0.0	0.0	0.0	-0.005727399711337312	147273421.60762626	0.009863558606548063
72	109.33333333333333	nan	nan	1	1	6.000000000000838e-05	6.000000000000867e-05	5.999999999999513e-05	0.9960851909433444	2.4525838987748265e-20	-1.0921304008718047e-19	-7.013432803265606e-21	1.010933333333325	-6.513615601749789e-19	1.4230153513872245e-21	4.914485159969451e-20	0.9937641411859028	136.63414561982097	237647.5026477785	-1017828.9914758058	241189.98110740204	147394552.47645772	828941.6822671788	-1015457.275355406	814863.3216543085	-47.238237915017585	1599.565890624997	136.00454037281	240078.59993259795	-1010778.0841885705	240078.5863170086	148902376.00639305	823199.2726903834	-1010778.084617402	823199.2477073957	-46.9109998045485	-0.003922491979636819	0.0	0.0	0.0	0.01087399655187012	0.0	0.0	0.0	-0.0062553829906636955	148920029.59777704	0.010726852047750928
76	118.0	nan	nan	1	1	6.000000000000838e-05	6.000000000000867e-05	5.999999999999513e-05	0.9957640001383161	-1.3345851116938756e-20	-4.0519345691214514e-19	9.70869164142879e-21	1.011800000000011	4.767914578776566e-19	1.3552527156068805e-20	1.0333801956502464e-20	0.9932405639168207	134.3157263775085	238540.84712127605	-1027963.9381475969	242382.35022578627	148868656.66320297	827783.8781142079	-1025358.9026001581	812599.822480206	-30.04512311922817	1599.565890624997	133.65270171123208	241185.88520455678	-1020297.4077742605	241185.87471838237	150519372.9704224	821610.2858230652	-1020297.4085923773	821610.2603270817	-29.82104731227013	-0.004244997126362035	0.0	0.0	0.0	0.011730922875709452	0.0	0.0	0.0	-0.006782384542149846	150537001.01094192	0.011589371628623552
80	126.66666666666666	nan	nan	1	1	6.000000000000838e-05	6.000000000000867e-05	5.999999999999513e-05	0.9954426435760274	-3.9204072930718036e-20	-5.620233011621734e-20	1.777413936518424e-20	1.0126666666666888	7.15573433840433e-20	3.325790164099285e-20	-7.55756676858177e-20	0.9927181351372256	133.08298337630956	239693.08650818013	-1037785.7448457683	243840.45852996426	150312944.89514768	828144.1399673613	-1034945.3448786071	811830.4933990211	-15.740372795220523	1599.565890624997	132.38234125038142	242556.71968683685	-1029496.6662398286	242556.71140529498	152108746.11100233	821529.5262021106	-1029496.6670066596	821529.4996165548	-15.614650132296811	-0.0045677728323322425	0.0	0.0	0.0	0.01258711550549263	0.0	0.0	0.0	-0.007308507056072707	152126374.12939414	0.012451127705113387
84	135.33333333333331	nan	nan	1	1	6.000000000000838e-05	6.000000000000867e-05	5.999999999999513e-05	0.9951212010024634	7.352754201935679e-20	3.779189960105567e-19	-2.1412992906588713e-21	1.0135333333333096	9.670947853299138e-19	9.690056916589195e-21	2.198558717893262e-20	0.9921967783432997	132.57317595631827	241124.14428405635	-1047373.8669997323	245585.51291261273	151728831.87728688	829901.6377211837	-1044295.8869977419	812430.806733517	-3.7457733315128134	1599.565890624997	131.83168756482408	244211.94801850416	-1038455.0872554984	244211.94087867608	153671851.12608582	822834.7152502069	-1038455.0879680142	822834.6876325484	-3.713876672289021	-0.004890739189059341	0.0	0.0	0.0	0.013442575696464823	0.0	0.0	0.0	-0.00783382610362927	153689503.20890716	0.013312128712297934
88	144.0	nan	nan	1	1	6.000000000000838e-05	6.000000000000867e-05	5.999999999999513e-05	0.9947997308248809	-2.344926011178805e-20	-1.5886272332343853e-19	1.0572665247628176e-20	1.0143999999999849	2.7282592417882113e-19	-7.562310153086394e-20	7.792703114739563e-21	0.9916764368360454	132.27457840388226	242792.69955064837	-1056761.1731678087	247576.3716224595	153117360.74674734	832865.5173059449	-1053443.3442746662	814208.4783656748	6.050670413147367	1599.565890624997	131.49134004285776	246110.40253958583	-1047205.5825035928	246110.3959688012	155209672.1150376	825334.4666165455	-1047205.5830331772	825334.4385254798	5.995958212150514	-0.005213837635070284	0.0	0.0	0.0	0.014297304700809728	0.0	0.0	0.0	-0.008358397447407224	155227369.16914794	0.014172381368885174
92	152.66666666666666	nan	nan	1	1	6.000000000000838e-05	6.000000000000867e-05	5.999999999999513e-05	0.9944782764781641	-7.623804745057056e-20	-5.809561815992014e-19	2.509928029303943e-20	1.0152666666666577	2.908033514513464e-19	-3.581255300991182e-20	-2.776912814278498e-20	0.9911570680671723	131.83312163351223	244639.06801501062	-1065970.1485445928	249752.9517040351	154479366.3934185	836827.5364015998	-1062410.1825612797	816955.3147699488	13.870319745057436	1599.565890624997	131.00923955264167	248192.14386629694	-1055770.7225694156	248192.1377067329	156722985.5778277	828820.595003502	-1055770.7227570845	828820.5668085602	13.737605616350466	-0.00553702458866318	0.0	0.0	0.0	0.015151303767335107	0.0	0.0	0.0	-0.00888226269324514	156740744.88602048	0.015031891024360157
96	161.33333333333331	nan	nan	1	1	6.000000000000838e-05	6.000000000000867e-05	5.999999999999513e-05	0.9941568711819287	-1.283254915090265e-20	-1.1917482517324885e-18	-1.759118024857731e-20	1.0161333333333196	-4.603793474916573e-20	9.082903699997313e-20	-5.797093491008432e-21	0.9906386392690585	130.9807785377456	246604.29835328794	-1075021.1343979156	252055.6356036506	155815566.74826187	841595.667120843	-1071216.731030286	820480.0802024452	19.833210479701812	1599.565890624997	130.11926633776176	250397.77199350996	-1064170.9165102066	250397.76635312565	158212452.16000354	833101.4188968514	-1064170.9164236428	833101.3912556543	19.633033340637294	-0.0058602666870561995	0.0	0.0	0.0	0.016004574141702754	0.0	0.0	0.0	-0.009405453663959434	158230287.79604056	0.01589066202559572
100	170.0	nan	nan	1	1	6.000000000000838e-05	6.000000000000867e-05	5.999999999999513e-05	0.9938355413043595	-2.02678043619009e-20	-4.801660371395178e-20	-6.082713000822581e-20	1.0170000000000181	8.3322292208226625e-19	2.2253249590264977e-20	5.3200445351148096e-20	0.9901211243089949	129.74177187275686	248637.4904492405	-1083931.1682727535	254432.76257536348	157126614.6039737	847007.0273543262	-1079880.0225701763	824620.9663929513	24.256425722536456	1599.565890624997	128.8458828163312	252675.8664308337	-1072423.2671180055	252675.8609676763	159678668.78268686	838014.5069494534	-1072423.2668891903	838014.479569836	23.998899638082936	-0.0061835374182213736	0.0	0.0	0.0	0.016857117066440927	0.0	0.0	0.0	-0.009927995550517734	159696591.92767254	0.016748698016988712
104	208.75	nan	nan	1	1	6.000000000000838e-05	6.000000000000867e-05	5.999999999999513e-05	0.992400167258121	-4.1519861008511295e-20	-9.131692797759162e-20	-1.047271535985217e-20	1.020875000000004	-1.4542810315362753e-18	-1.1709383462843448e-20	6.837249950236712e-20	0.9878185049246272	9136.881183696449	257431.53571242446	-1122125.9660272952	264817.77850228734	162693607.1361565	875602.9150412611	-1116945.8118985181	847249.2406391146	6450.9323460947735	1599.565890624997	9060.418354207546	262601.8377751551	-1107598.132144758	262601.6265970419	165961175.30818042	864266.7423815909	-1107598.5482703194	864265.5494002014	6367.4140278765935	-0.007628858625487812	0.0	0.0	0.0	0.020660102696305943	0.0	0.0	0.0	-0.01225629757808481	165971923.59731644	0.02057597267013622
108	247.5	nan	nan	1	1	6.000000000000838e-05	6.000000000000867e-05	5.999999999999513e-05	0.9909677304909352	6.628202218854351e-20	2.7391690261488467e-19	7.150990953899706e-20	1.0247500000000076	9.898494784249534e-19	-4.569912157026401e-20	-4.9873299934333206e-20	0.9855321580661724	7693.349030402533	265979.8137556842	-1158019.952707045	275047.1803094699	167813901.18764213	909158.1562603649	-1151668.172506187	874362.8635154855	5303.440906103996	1599.565890624997	7617.749878966598	272344.34699682816	-1140351.144731257	272344.412847072	171829458.3735565	895286.4256006	-1140351.2367694646	895285.1712315809	5222.522197612108	-0.00907330775453583	0.0	0.0	0.0	0.02444868040231709	0.0	0.0	0.0	-0.014573521702903087	171842034.43964335	0.02438901528970528
112	286.25	nan	nan	1	1	6.000000000000838e-05	6.000000000000867e-05	5.999999999999513e-05	0.9895390465534945	-5.182486384480711e-20	-1.7190025444757672e-19	-3.487742863614307e-20	1.0286250000000183	2.678047128674976e-18	4.8246996675604945e-21	-1.2713625725108147e-19	0.9832618340201946	6975.427005250441	274447.8043700163	-1190906.948029743	285288.6176436689	172540060.91180107	945075.067417391	-1183352.1715013455	903395.1899682835	4812.686104726225	1599.565890624997	6896.750912151567	282070.48338954675	-1170005.2698259074	282070.83702251303	177332292.73657343	928487.999073968	-1170005.099624066	928486.6334094986	4728.2183665679395	-0.010516053825207605	0.0	0.0	0.0	0.028222958943757977	0.0	0.0	0.0	-0.01687983212586975	177346024.1903512	0.02818774574899347
116	325.0	nan	nan	1	1	6.000000000000838e-05	6.000000000000867e-05	5.999999999999513e-05	0.9881144221935947	-3.29326409892472e-20	1.1866999353668528e-18	-1.0530991226623266e-19	1.0325000000000026	-2.330899145572274e-19	1.0535734611127889e-19	-1.4159002746302884e-19	0.9810071905752793	6554.487297332915	282900.5724731592	-1220479.951284114	295609.0114205561	176912143.0589907	982084.0400224216	-1211701.0826879302	933104.0957490039	4539.595551153326	1599.565890624997	6471.075622618528	291846.43824013305	-1196281.4025004734	291847.12409287976	182506448.75628147	962612.1850959122	-1196281.1097784762	962610.6602434118	4449.588645028401	-0.011956776003117137	0.0	0.0	0.0	0.03198304585305311	0.0	0.0	0.0	-0.01917548960135469	182521065.7191965	0.03197225714273498
120	363.75	nan	nan	1	1	6.000000000000838e-05	6.000000000000867e-05	5.999999999999513e-05	0.9866940528949002	-1.9262206846920592e-19	2.8720786599684133e-18	-1.0338545341007088e-19	1.0363750000000114	2.1545807672718186e-19	-4.7894630969547156e-20	-1.0144066576317502e-20	0.9787679806851144	6288.426027251721	290913.6284705897	-1246925.3564435556	305562.435690239	180965130.32979468	1019283.954341026	-1236908.4752293718	962625.3294305762	4366.190560071004	1599.565890624997	6199.3374198775555	301232.48406019603	-1219385.4756421954	301233.5095418626	187384056.30601865	996771.8140110273	-1219385.099263758	996770.1435237239	4269.757869085124	-0.013395264404941149	0.0	0.0	0.0	0.03572904745425648	0.0	0.0	0.0	-0.021460660775510936	187399403.49129772	0.035742633620743085
124	402.5	nan	nan	1	1	6.000000000000838e-05	6.000000000000867e-05	5.999999999999513e-05	0.9852780706076365	-8.876905287225068e-21	-3.871957008488858e-20	-1.1425458018923807e-19	1.0402499999999975	3.6440306067780926e-18	-1.201296007113939e-19	-3.048369933214556e-19	0.976544003900574	6106.613377385576	298199.5320200981	-1270735.6212580546	314838.4214139927	184729369.31932324	1055883.0948527243	-1259470.6895155779	991218.0797591564	4241.739905186417	1599.565890624997	6011.334329057378	309924.79530199023	-1239820.071802461	309926.12333392	191992963.8544782	1030194.6625052253	-1239819.6716308205	1030192.9663936679	4138.543207444734	-0.014831372465241294	0.0	0.0	0.0	0.039461068880911374	0.0	0.0	0.0	-0.02373546680249216	192008939.9276539	0.039498956964219775
128	441.25	nan	nan	1	1	6.000000000000838e-05	6.000000000000867e-05	5.999999999999513e-05	0.9838665729709045	-5.701548174558146e-20	1.0534514883683842e-18	9.436624658770709e-20	1.0441249999999722	-1.864502476023322e-18	-2.7159264420761886e-20	-7.42000861794767e-20	0.9743350795191454	5971.744341634378	304728.573733086	-1292394.912815246	323393.7248385541	188231241.5252503	1091182.1378044465	-1279873.9736198985	1018245.3259255409	4144.2641979809505	1599.565890624997	5870.030710022899	317883.9745377984	-1258075.0218789342	317885.5268461582	196357349.93673867	1062205.5056699824	-1258074.5424295366	1062203.8730876083	4034.21215902937	-0.016264987698214262	0.0	0.0	0.0	0.0431792140939069	0.0	0.0	0.0	-0.026000010355373446	196373879.05566818	0.04324130969401503
132	480.0	nan	nan	1	1	6.000000000000838e-05	6.000000000000867e-05	5.999999999999513e-05	0.9824596225298646	-3.4396313922102626e-20	-1.8269619758010115e-18	5.207558559719438e-20	1.0479999999999938	1.639964206101574e-18	-7.280417588240162e-20	1.2088854223213375e-20	0.9721410497884335	5867.606413971784	310370.19596542226	-1312262.4493191903	331076.7527969659	191493794.21971044	1124703.6756862304	-1298479.36955687	1043290.9579478783	4069.25385486672	1599.565890624997	5759.309395743197	324964.57305054175	-1274514.2873779475	324966.14778989874	200498307.79295987	1092350.7751610794	-1274513.644177011	1092349.088682452	3952.1988758316743	-0.017696032744927082	0.0	0.0	0.0	0.04688358589884474	0.0	0.0	0.0	-0.028254372098500263	200515321.01816586	0.04696977374650637
136	518.75	nan	nan	1	1	6.000000000000838e-05	6.000000000000867e-05	5.999999999999513e-05	0.9810572388033706	1.3158148615827203e-19	-1.4856551319025746e-18	-9.937390537187451e-20	1.05187500000002	2.133736980505785e-18	-7.692414413784654e-20	-4.380176776841438e-20	0.9699617898441507	5782.7468601794135	314956.46427794115	-1330574.9135724287	337693.150593169	194537287.90351516	1156362.8608806797	-1315525.7979450524	1066310.9513477895	4012.4937390855807	1599.565890624997	5667.811811373184	330979.8490501155	-1289379.7675839784	330981.32666530093	204434356.76907903	1120561.3916182662	-1289379.0504825532	1120559.43517999	3888.2652843978426	-0.019124473714870045	0.0	0.0	0.0	0.0505742859629523	0.0	0.0	0.0	-0.030498600173836796	204451793.27036408	0.05068442829000326
140	557.5	nan	nan	1	1	6.000000000000838e-05	6.000000000000867e-05	5.999999999999513e-05	0.9796594273447978	1.8987090545652396e-19	1.489056816218748e-18	-7.109655746073696e-20	1.0557500000000177	-2.446908778028223e-18	1.6094981250547313e-19	-3.6972649334471306e-19	0.9677971806882962	5709.2189787687275	318722.41976583423	-1347328.1037532291	343479.14411315357	197379625.15590113	1186454.6088622585	-1331013.2575340443	1087610.8907692642	3963.6139330244937	1599.565890624997	5587.676545330482	336165.49894483114	-1302678.2335728982	336166.88456135744	208181841.1796268	1147136.0166700645	-1302677.5795961595	1147133.7912842822	3832.261482896348	-0.02055029083522534	0.0	0.0	0.0	0.054251414831932486	0.0	0.0	0.0	-0.03273273774113595	208199653.3358446	0.05438535338405061
144	596.25	nan	nan	1	1	6.000000000000838e-05	6.000000000000867e-05	5.999999999999513e-05	0.9782662061411752	-1.8241701552068613e-20	1.2755096458205717e-18	3.9857982365998355e-20	1.0596249999999983	-3.7255897152033144e-19	2.710505431213761e-19	5.693958759350748e-19	0.9656470847187093	5642.474991055801	322037.7866308596	-1362416.3014308526	348821.86789838935	200036710.74930018	1215237.4001918272	-1344841.2486724597	1107455.7575349326	3920.3864167059696	1599.565890624997	5514.409491228753	340903.412125899	-1314318.3880277332	340904.7664608423	211755266.23229888	1172335.4008710086	-1314317.8051530335	1172332.7578166665	3781.983487895256	-0.02197345156711995	0.0	0.0	0.0	0.05791507194643094	0.0	0.0	0.0	-0.03495684825145546	211773412.60259828	0.05807263333271259
148	635.0	nan	nan	1	1	6.000000000000838e-05	6.000000000000867e-05	5.999999999999513e-05	0.9768775897271426	-3.5223018078622823e-19	5.897653242506462e-19	2.352989764836666e-19	1.063500000000032	-2.9282945426117867e-18	1.1698541441118592e-19	1.796794050351602e-19	0.963511362566898	5577.320710827502	325091.7382711288	-1375904.7212759985	353920.01261129585	202522723.4321118	1242876.8727135728	-1357078.2558324577	1126020.4401137833	3875.5955310220597	1599.565890624997	5442.91163255133	345389.3526400891	-1324374.2251534953	345390.8163995331	215167548.4376253	1196328.546452493	-1324373.7285204516	1196325.298633242	3730.4464103049563	-0.02339392677764632	0.0	0.0	0.0	0.061565355658185	0.0	0.0	0.0	-0.03717099818542348	215185997.43355435	0.06174635380852974
152	673.75	nan	nan	1	1	6.000000000000838e-05	6.000000000000867e-05	5.999999999999513e-05	0.9754935809354698	-1.754781216167789e-19	-3.286223561067142e-18	-8.084082448595042e-20	1.0673750000000128	-1.3849869601872955e-18	-2.1076890233118206e-19	6.493015760472565e-20	0.9613898824566386	5513.894815211295	327908.0472727631	-1388065.5106998992	358795.3038567311	204850384.33089572	1269291.06930946	-1367996.2575228512	1143252.9905564082	3831.270315036799	1599.565890624997	5373.310078412315	349645.63562959165	-1333117.7806335397	349647.297765237	218430268.58917695	1219045.1244931454	-1333117.2109956504	1219041.1973513337	3679.606286603625	-0.02481169922204643	0.0	0.0	0.0	0.06520236324564478	0.0	0.0	0.0	-0.03937524733816927	218448990.3639742	0.06540660009354798
156	712.5	nan	nan	1	1	6.000000000000838e-05	6.000000000000867e-05	5.999999999999513e-05	0.9741141738804742	1.230840516314169e-19	-1.1175549418165897e-18	4.0738896631142826e-20	1.0712500000000054	7.954249238439903e-19	8.229094489164979e-20	-4.2724341859506907e-19	0.959282518030792	5457.5775354500665	330513.2688942576	-1399060.55400748	363473.08046964207	207031146.14357945	1294161.8245643463	-1377758.046642533	1158891.4928462282	3791.1408742018784	1599.565890624997	5310.831830404549	353697.92087897635	-1340712.9814404545	353699.8590885214	221553846.21366954	1240189.0349263656	-1340712.2924368582	1240184.7372584129	3633.0320156283924	-0.02622676056632461	0.0	0.0	0.0	0.06882619092985771	0.0	0.0	0.0	-0.04156965099697439	221572803.55928352	0.06905345721433925
160	751.25	nan	nan	1	1	6.000000000000838e-05	6.000000000000867e-05	5.999999999999513e-05	0.9727393568585179	1.759118024857731e-19	3.440037968024945e-19	1.9144299860662794e-19	1.0751250000000125	2.2297701879336883e-18	3.3154902434606724e-19	8.454066439955721e-20	0.9571891461116773	5403.812054398167	332836.2924674504	-1408953.4739556557	367871.30813807825	209075371.58422258	1316990.3374338734	-1386429.178535784	1172518.8100052304	3750.6907143755393	1599.565890624997	5251.018032950043	357467.3844177638	-1347228.320909038	357469.66278476693	224547706.83907026	1259294.017688981	-1347227.5764983692	1259289.4515377644	3586.37587882218	-0.02763910846901089	0.0	0.0	0.0	0.0724369338895178	0.0	0.0	0.0	-0.043754262218562795	224566858.90719244	0.07268701013025974
164	790.0	nan	nan	1	1	6.000000000000838e-05	6.000000000000867e-05	5.999999999999513e-05	0.9713691112901255	2.0667603913004928e-19	1.8399520730801033e-18	-2.7133514619165356e-19	1.0789999999999889	5.8340918901445e-19	7.947201924318747e-20	-1.81603863891322e-19	0.9551096484176121	5333.908164353276	334739.04629512347	-1417657.2030084548	371831.6584124347	210992506.37565604	1337510.9299897638	-1393926.531674237	1183933.8795243765	3696.590053250186	1599.565890624997	5175.720995760456	360801.930829731	-1352587.8906888107	360804.2849697264	227420447.46050903	1276120.2664007447	-1352586.9951697332	1276115.3335261568	3526.919577071473	-0.02904874771264479	0.0	0.0	0.0	0.07603468627598707	0.0	0.0	0.0	-0.04592912999517974	227439761.76261783	0.07630734329636901
168	828.75	nan	nan	1	1	6.000000000000838e-05	6.000000000000867e-05	5.999999999999513e-05	0.9700034205071741	-1.9016906105395748e-19	3.5861477632945225e-18	-3.4596891324012445e-19	1.0828750000000165	4.094245558902698e-18	-9.763240563231967e-20	3.97089045672816e-19	0.9530439039065204	5270.015382802131	336188.1946063037	-1425123.6329474228	375309.96001045353	212791202.28226665	1355750.2100393558	-1400205.6869215677	1193197.6710357328	3643.4806591747397	1599.565890624997	5106.4683880787225	363660.6289122687	-1356753.4948915592	363662.78033622017	230179951.8557987	1290708.2537580256	-1356752.4110852305	1290702.7148102382	3468.6851046610245	-0.030455681194870098	0.0	0.0	0.0	0.07961954122818252	0.0	0.0	0.0	-0.04809430723219153	230199377.2265442	0.07991454158944258
172	867.5	nan	nan	1	1	6.000000000000838e-05	6.000000000000867e-05	5.999999999999513e-05	0.968642275333951	5.2909066017292615e-20	5.95981868457135e-18	-2.600729961249604e-19	1.0867500000000077	-6.151221025596509e-19	-1.6154612370034015e-20	2.8511806630937553e-19	0.9509917828863405	5207.875682666078	337450.31490241236	-1431495.3330819744	378598.0257526746	214479338.1174311	1371892.6204715169	-1405409.624740876	1200508.3336314259	3590.1071610498057	1599.565890624997	5039.1141374264225	366327.6111638186	-1359868.356888882	366329.53246598534	232833398.3012496	1303247.9537407972	-1359867.235786514	1303241.7829233233	3410.4708645055966	-0.03185990415299676	0.0	0.0	0.0	0.08319159088677124	0.0	0.0	0.0	-0.05024985697214125	232852892.8131557	0.08350869134042807
176	906.25	nan	nan	1	1	6.000000000000838e-05	6.000000000000867e-05	5.999999999999513e-05	0.9672856693369716	-2.1190731461229183e-19	-9.094863805212544e-19	-1.003158060092213e-19	1.0906249999999884	-2.408555126176548e-18	3.0140820395097026e-20	-2.248364255191815e-19	0.9489531523444855	5142.498258512164	338975.5188818841	-1437033.2050810328	382200.4389491092	216064134.56079456	1386295.8109305715	-1409796.8420463386	1206210.4273319624	3534.388424289453	1599.565890624997	4968.827637053912	369291.0715872959	-1362186.5917148583	369292.90171386796	235387369.7036526	1314091.8102122883	-1362185.684709961	1314085.284797233	3350.302904940748	-0.03326140902074697	0.0	0.0	0.0	0.0867509264086443	0.0	0.0	0.0	-0.052395846875767114	235406907.04838273	0.08708987934913083
180	945.0	nan	nan	1	1	6.000000000000838e-05	6.000000000000867e-05	5.999999999999513e-05	0.9659335922414028	-4.918483155480491e-19	4.0001257989026424e-18	2.5175174445113414e-19	1.0944999999999834	8.032935211108039e-18	3.3133218391157016e-19	-2.410181429435276e-19	0.9469278824880212	5074.992650870422	341014.08603694825	-1441996.8216928039	386405.00487546675	217552188.7570262	1399414.0459423116	-1413623.4903430503	1210723.9727128905	3471.755330070015	1599.565890624997	4896.691540208215	372827.67629053624	-1363958.8481762945	372829.3317120951	237847878.80408594	1323680.5667743927	-1363958.2680016714	1323673.7831612215	3283.8709003486283	-0.03466019222438665	0.0	0.0	0.0	0.09029763798076498	0.0	0.0	0.0	-0.05453234235162856	237867446.82023194	0.09065819186291703
184	983.75	nan	nan	1	1	6.000000000000838e-05	6.000000000000867e-05	5.999999999999513e-05	0.9645860411755701	2.689092438307172e-19	8.134375876871214e-18	4.2760933682828294e-19	1.0983749999999974	-3.124941711646345e-19	-2.866630544051674e-19	6.2398545531972e-19	0.944915835994095	5011.750967026149	343387.3963027631	-1446613.791354369	391016.81682061765	218949551.95784104	1411629.6646772444	-1417113.4741931886	1214397.6042585769	3407.6643913373155	1599.565890624997	4828.87224867794	376747.3884007919	-1365403.4281669015	376748.6189825321	240220441.3434855	1332383.249054929	-1365403.024567997	1332376.0010143267	3216.3640840297167	-0.036056242553393104	0.0	0.0	0.0	0.09383181483386785	0.0	0.0	0.0	-0.056659417894800015	240240030.65403193	0.09421371616841175
188	1022.5	nan	nan	1	1	6.000000000000838e-05	6.000000000000867e-05	5.999999999999513e-05	0.9632430286657603	2.753060366483817e-19	-3.228306836265682e-18	9.999054535747565e-20	1.1022499999999942	8.365758173006776e-18	-3.894454203567932e-19	5.515878552520004e-20	0.9429168602835185	4949.078250791096	345731.91414251307	-1450975.2749027554	395625.7719328464	220261781.39562002	1423216.12862154	-1420356.640957229	1217479.7320453234	3338.225006112684	1599.565890624997	4761.796282775199	380653.82194923295	-1366608.2240926744	380654.58549958485	242510122.69300762	1340463.1351598233	-1366607.8066242086	1340455.6946910834	3144.123698132046	-0.03744953280726555	0.0	0.0	0.0	0.09735354525590488	0.0	0.0	0.0	-0.05877716536427747	242529730.96126202	0.09775654176979694
192	1061.25	nan	nan	1	1	6.000000000000838e-05	6.000000000000867e-05	5.999999999999513e-05	0.9619045651324867	3.538293789906444e-19	-3.8141012700596e-18	-1.6604556271615501e-19	1.1061249999999991	-9.407947511308467e-18	-3.7426658994199613e-19	-6.95298853214954e-19	0.9409308051748957	4861.966812028627	347788.6031890077	-1454930.2365506026	399933.96385999763	221494036.178261	1434413.2484220848	-1423205.5968677958	1220184.3877558033	3254.4589869757533	1599.565890624997	4671.432681424933	384260.43788821273	-1367432.7453347668	384261.0740503774	244721634.20844454	1348149.6204826124	-1367432.0279494224	1348142.471731877	3058.74032674616	-0.03884003788152147	0.0	0.0	0.0	0.10086291660537662	0.0	0.0	0.0	-0.06088567538962708	244741274.82350966	0.10128675753947665
196	1100.0	nan	nan	1	1	6.000000000000838e-05	6.000000000000867e-05	5.999999999999513e-05	0.9605706396525538	-3.141475794776749e-19	-3.1803986527689787e-18	-2.0182423440817664e-19	1.1099999999999874	-3.1336695391348533e-18	2.671474153004283e-19	8.882326298087495e-20	0.9389575425063111	4769.54285334537	349501.16217154835	-1458322.9267634475	403871.724114555	222651138.7440504	1445349.329423479	-1425509.382192785	1222626.0248811683	3169.453212537098	1599.565890624997	4576.229764335131	387501.47613395227	-1367733.2871644474	387502.5053124393	246859393.51433867	1355565.5974089801	-1367732.4357310324	1355558.8383671672	2972.5697795330975	-0.04022775481090589	0.0	0.0	0.0	0.10436001532423185	0.0	0.0	0.0	-0.06298501644436286	246879063.28820968	0.10480444847146625
200	1138.75	nan	nan	1	1	6.000000000000838e-05	6.000000000000867e-05	5.999999999999513e-05	0.9592412287846416	2.737068384439656e-19	8.130567616740359e-19	-1.3587763726674584e-19	1.1138750000000057	6.6099469647751264e-18	2.6020852139652105e-19	6.941875459881564e-19	0.9369969568563057	4694.516411833192	350993.47209888225	-1461220.033922786	407577.1374252051	223737510.5031104	1456142.9872741327	-1427334.3058800725	1224908.5286517446	3097.1309354717264	1599.565890624997	4497.966583105625	390510.77569491026	-1367575.5399136725	390512.7138453304	248927446.58796182	1362823.8634717208	-1367574.7292279257	1362817.3105861796	2898.646619216077	-0.04161269372315963	0.0	0.0	0.0	0.10784492695075218	0.0	0.0	0.0	-0.06507524450106363	248947128.08894256	0.10830969727944031
204	1177.5	nan	nan	1	1	6.000000000000838e-05	6.000000000000867e-05	5.999999999999513e-05	0.9579163067778812	-4.763442244815064e-19	-2.7150861853925123e-18	3.585998685495806e-20	1.1177499999999996	-2.1437387455469637e-18	-3.054197519891666e-19	6.865710257264457e-20	0.9350489350569016	4622.092386679573	352391.48486721754	-1463709.1904885583	411192.7758796881	224757181.04812345	1466845.4301800323	-1428766.9875332413	1227077.0925072562	3028.4073427015032	1599.565890624997	4422.4161105531175	393426.4003592025	-1367044.1942242577	393429.0802654727	250929470.46652904	1369973.3131296972	-1367043.6709796307	1369966.4838674336	2828.407925897057	-0.042994867272397576	0.0	0.0	0.0	0.11131773613195318	0.0	0.0	0.0	-0.06715641410372719	250949160.09880555	0.1118025861528149
208	1216.25	nan	nan	1	1	6.000000000000838e-05	6.000000000000867e-05	5.999999999999513e-05	0.9565958331090761	3.99257450017787e-19	4.346295458951266e-18	2.5809432716017434e-19	1.1216249999999857	1.1660648575190224e-17	1.8539857149502125e-19	1.1853040250697778e-19	0.9331133790871919	4530.407147469001	353793.3218808692	-1465731.8563673839	414832.0398600502	225713939.62087062	1477376.8185071752	-1429750.7531654835	1229067.8891186279	2951.748934838055	1599.565890624997	4328.676561812888	396357.1799711181	-1366087.0091709604	396360.34236667224	252868935.2096476	1376940.3118622743	-1366086.6171640502	1376933.5156873013	2751.0801902130343	-0.04437430368408944	0.0	0.0	0.0	0.11477852663607195	0.0	0.0	0.0	-0.06922856452409597	252888643.2880022	0.11528319457179013
212	1255.0	nan	nan	1	1	6.000000000000838e-05	6.000000000000867e-05	5.999999999999513e-05	0.9552797534261125	4.559612236387789e-19	-4.225623757153629e-18	2.157562323246154e-20	1.1255000000000097	4.278858083822667e-18	3.5843723822370777e-19	-2.7920916446932953e-19	0.9311902055425672	4432.925445657128	355147.4739670342	-1467294.9974895145	418434.2282921188	226611364.4180024	1487835.1634708857	-1430293.3790722324	1230965.0717423228	2869.045644035966	1599.565890624997	4229.67042531838	399245.2496639282	-1364713.1122949328	399248.51027710765	254749132.10883993	1383817.2691900712	-1364712.6889799773	1383810.9332602413	2668.464226271937	-0.0457510458739153	0.0	0.0	0.0	0.11822738136465852	0.0	0.0	0.0	-0.07129172016319259	254768862.64344168	0.1187515992750424
216	1293.75	nan	nan	1	1	6.000000000000838e-05	6.000000000000867e-05	5.999999999999513e-05	0.9539680262529678	6.15718413754518e-19	4.18949271975555e-18	-8.673617379884036e-21	1.129374999999991	7.011806500006878e-18	-1.951563910473908e-20	-3.9670957491244605e-19	0.9292793191367765	4345.932463615944	356304.8260073562	-1468480.0235109166	421821.9713432125	227452756.02271926	1498550.5771697287	-1430475.293382194	1233041.4817098782	2789.4691192875093	1599.565890624997	4140.936120577537	401921.8471982185	-1363000.6224952925	401924.7542873681	256573094.6599349	1390911.2393913583	-1363000.1988184492	1390905.409714071	2589.1044380230246	-0.04712512355361103	0.0	0.0	0.0	0.12166438236434823	0.0	0.0	0.0	-0.07334591890431083	256592844.76471952	0.12220787846738419
220	1332.5	nan	nan	1	1	6.000000000000838e-05	6.000000000000867e-05	5.999999999999513e-05	0.9526606337542968	4.006127027333939e-20	1.5549898608330226e-18	-1.3788341128584402e-19	1.133249999999988	-1.1551089945660564e-18	-7.09285061240017e-19	3.18701228602114e-19	0.9273806020956524	4263.176095739569	357180.133068694	-1469328.9696929387	424890.8655748146	228241139.76258075	1510204.5128031708	-1430338.120256554	1235851.708930201	2714.769944572833	1599.565890624997	4056.481846624481	404288.2018168107	-1360990.501204383	404290.61439034884	258343595.93982935	1398852.1557773699	-1360990.1371782655	1398846.7410630903	2514.6010074863725	-0.04849654183867633	0.0	0.0	0.0	0.12508961083881148	0.0	0.0	0.0	-0.07539122368125437	258363375.0197331	0.12565211350094763
224	1371.25	nan	nan	1	1	6.000000000000838e-05	6.000000000000867e-05	5.999999999999513e-05	0.9513575660838418	-1.6208822478658292e-19	3.1632411533893957e-18	-3.301395615218361e-20	1.1371250000000062	-5.424805570031221e-18	3.5366674866477155e-19	-3.301937716304604e-19	0.9254939298701405	4200.565697998418	357904.3945218329	-1469881.0677993398	427793.2661170899	228979286.81437105	1523440.3747765098	-1429920.597140751	1239907.499516364	2659.701226435548	1599.565890624997	3991.40685824726	406489.82568303286	-1358720.7629704212	406492.14868972934	260063167.1666187	1408229.6273502717	-1358720.5363544743	1408224.6294149552	2458.560327650405	-0.049865297530198936	0.0	0.0	0.0	0.12850314716009448	0.0	0.0	0.0	-0.07742770574737001	260082980.81788376	0.12908438634144206
228	1410.0	nan	nan	1	1	6.000000000000838e-05	6.000000000000867e-05	5.999999999999513e-05	0.9500588150493995	-5.333190486456196e-19	5.1675514995547234e-18	1.291555837973357e-19	1.1409999999999834	-7.761423882063356e-18	5.555451931815724e-19	-3.11599704372334e-19	0.9236191768362915	4141.180033760116	358618.7322919285	-1470219.0554251107	430696.0693766456	229669721.1995689	1538270.730315152	-1429303.5656907042	1245198.6992978957	2606.0055618291053	1599.565890624997	3929.574487936908	408685.7900866435	-1356269.236540471	408688.4106655122	261734100.91421917	1419046.5436416424	-1356269.1748409031	1419041.9194922661	2404.0262304587004	-0.051231385725616044	0.0	0.0	0.0	0.13190507087992343	0.0	0.0	0.0	-0.07945543857714552	261753973.04981938	0.13250477882816175
232	1448.75	nan	nan	1	1	6.000000000000838e-05	6.000000000000867e-05	5.999999999999513e-05	0.9487643979394198	7.78999260930835e-20	3.3765850358802307e-18	-1.734723475976807e-21	1.144874999999987	5.21620507204501e-18	-4.495102207124901e-19	-2.5457067009959643e-19	0.9217561941415359	4060.140706766511	359336.66034386493	-1470290.5811194293	433614.75357744726	230314895.54804283	1554359.1098695956	-1428436.4145573026	1251434.2443616346	2537.5673335663864	1599.565890624997	3847.3965201502137	410891.429666509	-1353588.7104403167	410894.10798481584	263358647.05445918	1430984.4394756705	-1353588.8747561253	1430980.087885593	2336.1521448926383	-0.052594774693723936	0.0	0.0	0.0	0.13529546074100357	0.0	0.0	0.0	-0.08147452191049373	263378614.80346963	0.13591337580299878
236	1487.5	nan	nan	1	1	6.000000000000838e-05	6.000000000000867e-05	5.999999999999513e-05	0.9474743558882285	2.6313586726223193e-19	-3.763048900262689e-18	1.6864764793012023e-19	1.148750000000012	-8.4256603430366e-18	-2.8980724070537534e-19	-2.5869063835504137e-19	0.9199048118166282	3964.75802959345	359999.66756930045	-1469853.1967484688	436478.31593267433	230917210.97567564	1571600.9432475236	-1427083.8844379808	1258514.8658914266	2466.2379944267336	1599.565890624997	3751.874237008646	413039.65081028175	-1350457.6599569637	413042.04098645615	264939034.0592935	1443940.4811985479	-1350458.0153715217	1443936.1687668168	2265.90655326542	-0.05395540741743643	0.0	0.0	0.0	0.13867439468777013	0.0	0.0	0.0	-0.08348507970867523	264959120.1014703	0.13931026465238092
240	1526.25	nan	nan	1	1	6.000000000000838e-05	6.000000000000867e-05	5.999999999999513e-05	0.9461887344601644	-2.6346112791397757e-20	5.368752317713721e-18	-3.415236843329339e-19	1.1526250000000056	2.138534575119033e-18	5.156465532341059e-19	1.7330971727180789e-19	0.9180648569600807	3865.0386894794665	360433.00572865497	-1468672.9545203133	439073.0513533493	231478925.56371242	1589667.6880222172	-1425019.599533589	1266165.0183029652	2400.3056599133283	1599.565890624997	3652.518694484998	414928.64466513786	-1346664.1211981408	414930.5238982403	266477362.85561162	1457607.313798949	-1346664.5861713106	1457602.7350901712	2200.902183270508	-0.05531322194330157	0.0	0.0	0.0	0.1420419498771721	0.0	0.0	0.0	-0.08548724057394888	266497572.16908038	0.1426955327120991
244	1565.0	nan	nan	1	1	6.000000000000838e-05	6.000000000000867e-05	5.999999999999513e-05	0.9449075652594722	1.0105848449737387e-18	2.882297265444089e-18	-4.629543276513103e-19	1.1564999999999925	2.407145663352317e-18	5.529431079676073e-20	-1.113475631142613e-19	0.9162361712623296	3750.951751248256	360440.9317567787	-1466635.4010157292	441155.23582185456	232002167.5537529	1607865.2603641164	-1422133.9605897	1273825.3853918875	2333.0654636455515	1599.565890624997	3539.8789232008785	416329.6531393485	-1342107.181920333	416330.63411861035	267975619.4016509	1471345.5791401179	-1342107.9147137464	1471340.3338391178	2134.9709085710288	-0.056668170812789506	0.0	0.0	0.0	0.14539820268935036	0.0	0.0	0.0	-0.08748111865115643	267995951.80244267	0.14606926466791265
248	1603.75	nan	nan	1	1	6.000000000000838e-05	6.000000000000867e-05	5.999999999999513e-05	0.9436308606059448	3.1891806903661113e-19	8.092376595214556e-18	2.9788454689039235e-19	1.160374999999988	-1.0932281555714462e-17	-5.757113535898028e-19	-3.6423771984650523e-19	0.9144186163179588	3626.758835936497	360193.2945812426	-1463806.281876659	442926.6870372104	232488938.63159868	1625659.5392060103	-1418491.8197433387	1281074.6814969215	2266.2847766758473	1599.565890624997	3418.025159929128	417434.58576333907	-1336851.3146274814	417434.58244207164	269435675.9335787	1484667.1441647634	-1336852.2552408546	1484660.8391871415	2069.731371240718	-0.058020226805436705	0.0	0.0	0.0	0.14874322873794918	0.0	0.0	0.0	-0.08946680765589322	269456122.2755416	0.14943154169063633
252	1642.5	nan	nan	1	1	6.000000000000838e-05	6.000000000000867e-05	5.999999999999513e-05	0.9423586137622929	-2.693158196453993e-19	6.37478351356302e-18	4.527357221756345e-19	1.1642500000000022	3.065256382051018e-18	-3.00974523081976e-19	8.931115395849344e-19	0.9126120729847244	3482.6449685889756	360130.0999637272	-1460397.3329654583	444927.26733594114	232941061.30249003	1642751.1014399137	-1414299.4379182765	1287684.7867511085	2190.4662298225303	1599.565890624997	3277.7569508733104	418752.1088336262	-1331093.552762245	418751.683360455	270859227.4408208	1497301.6935600399	-1331094.5718165082	1497294.2278896323	1996.5220493381698	-0.05936938283618184	0.0	0.0	0.0	0.15207710288035145	0.0	0.0	0.0	-0.09144438135792675	270879788.29749864	0.15278244164508784
256	1681.25	nan	nan	1	1	6.000000000000838e-05	6.000000000000867e-05	5.999999999999513e-05	0.9410908030196153	5.1098448389241825e-19	7.977505375039717e-18	-1.7309287683731079e-19	1.168124999999996	4.9758916605135984e-18	9.985502008591496e-20	-8.023096076392733e-20	0.9108164379245224	3296.334617985317	360424.407393489	-1456527.7605993622	447375.059984597	233360260.11922452	1659117.6264865717	-1409673.3545843055	1293648.3641247505	2097.4599892442693	1599.565890624997	3098.211864863516	420486.25492678	-1324945.207243448	420486.04875419394	272247882.81095904	1509233.1275319674	-1324946.4083304785	1509224.5271533695	1907.9756907554713	-0.06071564775082821	0.0	0.0	0.0	0.15539989922768688	0.0	0.0	0.0	-0.0934138971682768	272268575.05662847	0.15612203947038106
260	1720.0	nan	nan	1	1	6.000000000000838e-05	6.000000000000867e-05	5.999999999999513e-05	0.9398273965889574	-1.0684812409844647e-19	7.59510726880408e-18	-5.990217002982412e-19	1.1719999999999895	-8.184154309115455e-18	2.0383000842727483e-20	-5.938175298703108e-19	0.9090316190893428	3077.504522499758	361102.4345654881	-1452119.0066928528	450308.04598965147	233748172.46364564	1674926.078530801	-1404538.356597069	1299105.2176566161	1993.241282216546	1599.565890624997	2888.6312048634513	422671.85120138276	-1318337.1711370298	422671.6366903083	273603175.4785398	1520617.3172148198	-1318338.7045028324	1520607.8793487488	1809.606555164884	-0.0620590412284683	0.0	0.0	0.0	0.1587116911548121	0.0	0.0	0.0	-0.09537540093289908	273624010.22671306	0.1594504078017112
264	1750.0	nan	nan	1	1	6.000000000000838e-05	6.000000000000867e-05	5.999999999999513e-05	0.9388522327377935	-7.974306978630886e-20	6.0298988024953814e-18	-1.3379054808471125e-19	1.174999999999986	-1.3855778503713e-17	9.616873269946424e-20	-4.715195248139459e-19	0.9076570840229613	1581.62500784671	361946.80378293194	-1448135.544384252	452986.30823461316	234027683.10559458	1687082.8639010843	-1400019.2753685417	1303223.883802175	1149.8878033342921	1599.565890624997	1483.009233508325	424742.4823583113	-1312726.0494026034	424742.19516759954	274630133.55533844	1529330.3389534454	-1312726.7855279269	1529325.6956255457	1042.366288971311	-0.06309717878371887	0.0	0.0	0.0	0.16126814759611022	0.0	0.0	0.0	-0.09688863248029528	274652042.0765223	0.16201960452287706
268	1780.0	nan	nan	1	1	6.000000000000838e-05	6.000000000000867e-05	5.999999999999513e-05	0.9378797534395217	6.946483319114627e-19	-1.5532822424113579e-18	-7.426784881525706e-21	1.1779999999999844	9.289118953204057e-18	-4.683753385137379e-19	-4.0939474033052645e-19	0.906289019636296	1434.0476120897538	362954.9029165405	-1443597.0287278262	455879.8959550366	234290915.91422096	1698923.7510493353	-1394973.2404680748	1307055.5276595275	1085.5463148429044	1599.565890624997	1343.233646909182	427010.7303627755	-1306632.7172993328	427010.3795953573	275639574.8286664	1537734.7785719912	-1306633.7388924663	1537730.255207314	982.5528197210544	-0.06413353282092155	0.0	0.0	0.0	0.1638180852293817	0.0	0.0	0.0	-0.09839701758974607	275661562.2162184	0.1645820880673232
272	1810.0	nan	nan	1	1	6.000000000000838e-05	6.000000000000867e-05	5.999999999999513e-05	0.9369098577786067	-4.26633554873046e-20	1.2025428396122972e-18	-2.443791696782327e-19	1.1809999999999945	1.0213509725465198e-17	1.0451708942760262e-19	2.093594395069509e-19	0.9049273068872797	1244.9178646888947	364131.9775038193	-1438410.8005622893	458997.8915103092	234537528.72317007	1710497.8876151985	-1389310.2402187784	1310645.1174494305	994.1553647272607	1599.565890624997	1164.8690540899893	429484.3247516058	-1299975.685209971	429484.10885446565	276630997.48366517	1545876.6456936682	-1299976.9312215762	1545872.2881619304	898.4761522656017	-0.06516820438261346	0.0	0.0	0.0	0.1663615372152206	0.0	0.0	0.0	-0.09990066238980526	276653086.6510769	0.16713794955869887
276	1840.0	nan	nan	1	1	6.000000000000838e-05	6.000000000000867e-05	5.999999999999513e-05	0.9359425221219482	2.1000996081044221e-19	7.545125548652498e-18	-3.9416169980710513e-19	1.183999999999995	-2.4551758195934247e-18	2.6237692574149207e-19	5.73380318918959e-19	0.9035719134907196	1038.0522513118692	365588.9746745646	-1432590.0861806716	462482.96951410436	234768158.2660806	1721923.3340744195	-1383043.7949672635	1314085.5418889523	882.4290575252525	1599.565890624997	970.297225129224	432295.9713308657	-1292769.3896360376	432296.10207188316	277605004.65183944	1553863.7318970666	-1292770.720156905	1553859.4571907222	796.3040405615062	-0.06620121237946439	0.0	0.0	0.0	0.1688985364618107	0.0	0.0	0.0	-0.10139957777230163	277627206.97294366	0.16968722035954892
280	1870.0	nan	nan	1	1	6.000000000000838e-05	6.000000000000867e-05	5.999999999999513e-05	0.9349777200155333	3.290553593493506e-19	6.121188625418661e-18	-7.730361489821646e-20	1.1870000000000116	-7.537590343553725e-18	5.507747036226363e-20	4.709232136190788e-19	0.9022228094605543	729.900521410003	367349.5402726354	-1426256.5959593004	466369.2352293077	234983367.709257	1733358.2337627937	-1376292.291267572	1317498.6209475065	703.3070752930768	1599.565890624997	681.5522446572571	435476.2116468725	-1285125.9255467777	435477.15035961755	278562120.1379628	1561839.3007117105	-1285127.3192761552	1561834.8341320574	633.7135678392369	-0.0672325788377541	0.0	0.0	0.0	0.17142911562754037	0.0	0.0	0.0	-0.10289377228292036	278584511.3590474	0.17222993155437705
284	1900.0	nan	nan	1	1	6.000000000000838e-05	6.000000000000867e-05	5.999999999999513e-05	0.9340154257117242	-5.450284321084631e-19	-3.289577811538269e-18	2.148346604780027e-19	1.189999999999995	-2.894819800536297e-19	5.898059818321145e-20	-8.609649451707391e-19	0.9008799636843191	162.33103716054973	369288.3563138858	-1419587.546268717	470501.18856155185	235183629.75143513	1744834.223079718	-1369227.158719848	1320908.4908639807	344.80173695727575	1599.565890624997	151.42154534272115	438878.83527710295	-1277206.648103449	438881.056289395	279502767.2462527	1569831.938448121	-1277207.9568094006	1569826.8577016096	310.21902937720364	-0.06826232513836719	0.0	0.0	0.0	0.17395330712343424	0.0	0.0	0.0	-0.10438325590470851	279525549.0717887	0.1747661144817587
288	1930.0	nan	nan	1	1	6.000000000000838e-05	6.000000000000867e-05	5.999999999999513e-05	0.9330556257995822	-8.504481840976297e-19	9.228241001218995e-18	1.4745149545802861e-19	1.1930000000000043	1.0937214675599272e-17	-9.063930161978817e-20	-7.765055959341183e-19	0.8995433402945671	-90.99522941852233	371232.5182148687	-1412731.8651053712	474658.9229797163	235369775.6172182	1756256.2398355273	-1361992.4036187527	1324244.4553788805	173.94556831050315	1599.565890624997	-84.79223601301901	442299.4333254885	-1269146.515210431	442302.2138651008	280427800.01612854	1577756.2194631917	-1269147.647338692	1577751.2568537698	156.26632152245384	-0.0692904595480484	0.0	0.0	0.0	0.17647114311578227	0.0	0.0	0.0	-0.10586804410130442	280450740.7588403	0.17729579908167925
292	1960.0	nan	nan	1	1	6.000000000000838e-05	6.000000000000867e-05	5.999999999999513e-05	0.9320983034725779	-5.83626029448947e-19	-7.048832004197258e-18	-2.021494950599223e-19	1.196000000000008	-1.2055677636735318e-17	-1.0972125985553305e-19	-3.509562432335578e-19	0.898212898532859	-396.47228736539	373010.7046755026	-1405784.2453709266	478623.5440571156	235542119.6954381	1767536.432312426	-1354679.6470022602	1327440.5233287371	-41.454736534969534	1599.565890624997	-369.06458209709683	445533.4240984877	-1261031.034017387	445536.8102600339	281337467.7775472	1585533.699244314	-1261032.0915962947	1585528.5498045976	-37.18615388509928	-0.07031699402978371	0.0	0.0	0.0	0.17898265552844683	0.0	0.0	0.0	-0.10734815800758454	281360610.0761605	0.17981901837101094
296	1990.0	nan	nan	1	1	6.000000000000838e-05	6.000000000000867e-05	5.999999999999513e-05	0.9311434472461436	-5.764702951105427e-19	8.935994305625529e-19	-4.2722986606791303e-19	1.198999999999982	6.1663998560113065e-18	4.237062090073351e-19	9.62771529167128e-20	0.8968885972261339	-648.1718901938126	374511.5159059157	-1398778.2830550387	482249.2498895521	235701194.10566142	1778680.2804477937	-1347321.3855276552	1330502.6574530879	-232.5414340768794	1599.565890624997	-602.7434603144956	448445.9255727276	-1252890.472057563	448449.8417936367	282232283.01440024	1593169.9849832663	-1252891.657837601	1593164.6167281421	-208.28815448663983	-0.07134193489927207	0.0	0.0	0.0	0.18148787604536223	0.0	0.0	0.0	-0.10882361947881886	282255589.04267323	0.1823358040141606
300	2020.0	nan	nan	1	1	6.000000000000838e-05	6.000000000000867e-05	5.999999999999513e-05	0.930191044508002	4.281514379145257e-19	-7.369755847252968e-18	-1.312426729793703e-19	1.20199999999999	9.642894122086076e-18	4.343313902976931e-19	-7.366069559866517e-19	0.8955703955174811	-881.836209555727	375688.5388355327	-1391695.4470395446	485472.27479508717	235847456.5340173	1789758.2123422984	-1339899.7135589756	1333485.0874037007	-421.6961458072488	1599.565890624997	-819.1882815833293	450978.7342542735	-1244708.2978449413	450983.0671912441	283112675.6075029	1600728.7390193543	-1244709.768038871	1600723.351125537	-377.1577272686158	-0.07236528972934497	0.0	0.0	0.0	0.18398683611300748	0.0	0.0	0.0	-0.11029445027788681	283136134.77535087	0.18484618780890952
