6	header																																														
postResults v2.0.3	#NAME?																																														
addCauchy v2.0.3	RVE_1_40_D_tensionX.txt																																														
addStrainTensors v2.0.3	#NAME?																																														
addMises v2.0.3	#NAME?																																														
addMises v2.0.3	-e ln(V) RVE_1_40_D_tensionX.txt																																														
inc	time	elem	node	ip	grain	1_pos	2_pos	3_pos	1_f	2_f	3_f	4_f	5_f	6_f	7_f	8_f	9_f	1_p	2_p	3_p	4_p	5_p	6_p	7_p	8_p	9_p	texture	1_Cauchy	2_Cauchy	3_Cauchy	4_Cauchy	5_Cauchy	6_Cauchy	7_Cauchy	8_Cauchy	9_Cauchy	1_ln(V)	2_ln(V)	3_ln(V)	4_ln(V)	5_ln(V)	6_ln(V)	7_ln(V)	8_ln(V)	9_ln(V)	Mises(Cauchy)	Mises(ln(V))
0	0	nan	nan	1	1	6.00E-05	6.00E-05	6.00E-05	1	0	0	0	1	0	0	0	1	2.77E-06	-1.19E-09	-2.81E-08	-1.19E-09	2.70E-06	-1.68E-08	-2.81E-08	-1.68E-08	2.70E-06	1599.565891	2.77E-06	-1.19E-09	-2.81E-08	-1.19E-09	2.70E-06	-1.68E-08	-2.81E-08	-1.68E-08	2.70E-06	0	0	0	0	0	0	0	0	0	9.10E-08	0
2	4	nan	nan	1	1	6.00E-05	6.00E-05	6.00E-05	0.999866354	3.08E-23	2.24E-23	4.76E-25	1.0004	2.45E-22	2.38E-24	-7.11E-24	0.999867743	-5.23E-06	-988.3614004	5482.59426	-988.888906	28326310.38	1455.406311	5482.601874	1454.63197	5.50E-06	1599.565891	-5.23E-06	-988.6242615	5481.134631	-988.6242615	28333843.94	1455.018839	5481.134631	1455.018839	5.50E-06	-0.000133655	0	0	0	0.00039992	0	0	0	-0.000132266	28333845.7	0.000355255
4	8	nan	nan	1	1	6.00E-05	6.00E-05	6.00E-05	0.999732637	7.28E-23	-8.20E-23	-1.71E-23	1.0008	-4.56E-22	1.12E-24	-1.21E-22	0.999735415	-2.42E-06	-1976.867365	10965.95718	-1978.977966	56686614.84	2912.59536	10965.98765	2909.497132	-6.28E-06	1599.565891	-2.41E-06	-1977.919377	10960.12177	-1977.919377	56716781.25	2911.045453	10960.12177	2911.045453	-6.28E-06	-0.000267399	0	0	0	0.00079968	0	0	0	-0.00026462	56716784.75	0.000710462
6	12	nan	nan	1	1	6.00E-05	6.00E-05	6.00E-05	0.999598848	1.10E-22	-1.18E-21	-2.35E-23	1.0012	-4.12E-21	-7.54E-24	-7.09E-24	0.999603016	-6.52E-06	-2965.517474	16450.08665	-2970.267624	85080926.97	4371.567668	16450.15525	4364.594713	-1.01E-05	1599.565891	-6.51E-06	-2967.885778	16436.96393	-2967.885778	85148873.78	4368.080339	16436.96393	4368.080339	-1.01E-05	-0.000401233	0	0	0	0.001199281	0	0	0	-0.000397063	85148879.03	0.001065622
8	16	nan	nan	1	1	6.00E-05	6.00E-05	6.00E-05	0.999464988	-1.04E-22	-6.12E-22	-4.61E-23	1.0016	1.73E-21	-6.43E-24	1.35E-22	0.999470547	6.50E-06	-3954.311306	21934.98054	-3962.758328	113509260.4	5832.323756	21935.10255	5819.923939	3.28E-06	1599.565891	6.50E-06	-3958.523894	21911.66364	-3958.523894	113630183.5	5826.123993	21911.66364	5826.123993	3.27E-06	-0.000535156	0	0	0	0.001598721	0	0	0	-0.000529593	113630190.5	0.001420734
10	20	nan	nan	1	1	6.00E-05	6.00E-05	6.00E-05	0.999331056	-2.74E-22	-3.96E-21	-3.64E-23	1.002	4.67E-21	5.82E-24	-7.21E-23	0.999338008	4.09E-06	-4943.24844	27420.63672	-4956.450525	141971628.6	7294.864147	27420.82747	7275.484037	1.13E-06	1599.565891	4.08E-06	-4949.834161	27384.22342	-4949.834161	142160772.5	7285.176916	27384.22342	7285.176916	1.12E-06	-0.000669168	0	0	0	0.001998003	0	0	0	-0.000662211	142160781.3	0.001775799
12	24	nan	nan	1	1	6.00E-05	6.00E-05	6.00E-05	0.999197053	1.87E-22	-4.36E-22	-5.19E-23	1.0024	7.08E-22	-4.50E-24	-8.80E-23	0.999205398	3.00E-05	-5933.127879	32907.37735	-5952.146646	170467943.9	8759.568662	32907.65218	8731.652323	2.17E-05	1599.565891	3.00E-05	-5942.617714	32854.96955	-5942.617714	170740601.5	8745.618301	32854.96955	8745.618301	2.16E-05	-0.00080327	0	0	0	0.002397125	0	0	0	-0.000794918	170740612	0.002130818
14	28	nan	nan	1	1	6.00E-05	6.00E-05	6.00E-05	0.999061217	-3.27E-22	2.14E-20	-1.65E-23	1.0028	-8.28E-21	2.13E-23	-3.86E-22	0.999058408	552.3488724	-17137.30973	10299.34425	-17201.45841	195505976.6	32580.55211	10299.32161	32458.96476	1451.776564	1599.565891	551.3257377	-17169.57979	10280.23752	-17169.59556	195874120.2	32520.11061	10280.24382	32520.08597	1449.083315	-0.000939224	0	0	0	0.002796087	0	0	0	-0.000942036	195873131.2	0.002491145
16	32	nan	nan	1	1	6.00E-05	6.00E-05	6.00E-05	0.99892266	-1.62E-21	7.69E-21	4.67E-22	1.0032	-1.34E-20	-9.59E-23	3.24E-22	0.998857374	-13770.30731	-6399.615649	-197058.649	-6426.909813	208251780.1	163606.6098	-197045.7997	162898.4703	-3632.084943	1599.565891	-13742.08495	-6413.846275	-196641.923	-6413.737805	208714863.1	163260.6259	-196641.9526	163260.7026	-3624.404062	-0.001077921	0	0	0	0.003194891	0	0	0	-0.001143279	208724016.3	0.002870575
18	36	nan	nan	1	1	6.00E-05	6.00E-05	6.00E-05	0.998786699	-2.14E-21	-3.24E-20	2.44E-22	1.0036	2.05E-20	-8.89E-23	-7.90E-21	0.99862906	-8779.345858	9952.996198	-437115.6402	10000.99028	215574031.5	345845.2848	-437046.6754	344132.2874	-1771.54753	1599.565891	-8759.862828	9978.767133	-436076.7609	9978.796193	216132209.5	345023.3249	-436076.7861	345023.3367	-1767.337147	-0.001214037	0	0	0	0.003593536	0	0	0	-0.00137188	216139619.8	0.003258937
20	40	nan	nan	1	1	6.00E-05	6.00E-05	6.00E-05	0.998653137	2.54E-21	-3.90E-20	2.71E-22	1.004	-4.76E-20	-1.68E-21	1.90E-22	0.998388769	-5066.451301	16926.06745	-634034.9287	17016.64149	220767891.5	545665.5905	-633867.138	542615.8694	3037.002574	1599.565891	-5054.410058	16976.24793	-632360.5959	16976.19868	221422399.1	544224.6197	-632360.6499	544224.5554	3028.982585	-0.00134777	0	0	0	0.003992021	0	0	0	-0.00161253	221428129.2	0.003651315
24	66	nan	nan	1	1	6.00E-05	6.00E-05	6.00E-05	0.997783282	2.63E-20	-3.17E-19	0	1.0066	-2.01E-19	-1.13E-20	-2.31E-20	0.996755087	5858.427856	232946.5093	-1294422.559	235004.8845	237278778.4	1263966.632	-1293088.551	1251604.046	3574.354052	1599.565891	5838.962678	234224.07	-1288792.275	234224.0587	238580098.8	1258468.82	-1288792.143	1258468.284	3558.806865	-0.002219179	0	0	0	0.006578315	0	0	0	-0.003250189	238596144.6	0.006237136
28	92	nan	nan	1	1	6.00E-05	6.00E-05	6.00E-05	0.996873995	1.73E-21	-3.63E-19	5.42E-23	1.0092	-5.14E-19	2.20E-20	-5.90E-22	0.995119028	-1297.243255	375727.0048	-1501899.421	380371.7673	242389689	1402518.792	-1499255.598	1382949.137	-198.4604239	1599.565891	-1291.722276	378753.8997	-1492874.642	378752.9308	244342405	1394091.182	-1492874.868	1394090.316	-197.2678929	-0.003130901	0	0	0	0.009157938	0	0	0	-0.004892923	244369641.2	0.00883864
32	118	nan	nan	1	1	6.00E-05	6.00E-05	6.00E-05	0.995936449	-3.31E-20	2.13E-19	-2.97E-20	1.0118	4.47E-19	1.71E-20	4.41E-20	0.993506961	-6559.357779	436430.2768	-1581120.6	443382.385	244268024	1414442.786	-1577263.588	1388870.336	-5214.56764	1599.565891	-6525.228597	441074.8862	-1569056.908	441075.4094	246867590.6	1403650.819	-1569056.883	1403651.071	-5174.78134	-0.00407183	0	0	0	0.011730923	0	0	0	-0.006514211	246901550.9	0.011436561
36	144	nan	nan	1	1	6.00E-05	6.00E-05	6.00E-05	0.994985094	5.55E-20	9.07E-19	-3.09E-20	1.0144	-4.86E-19	-1.91E-20	7.13E-20	0.991914104	20763.54932	463238.8126	-1615750.847	472278.0448	245023325	1402747.378	-1610764.139	1371652.143	15981.4633	1599.565891	20635.65639	469368.8886	-1600842.395	469369.0517	248265738.1	1389804.299	-1600842.649	1389803.324	15834.00314	-0.005027523	0	0	0	0.014297305	0	0	0	-0.008118764	248275988.8	0.01402763
40	170	nan	nan	1	1	6.00E-05	6.00E-05	6.00E-05	0.994027499	5.16E-20	-6.50E-19	-3.95E-20	1.017	9.73E-19	2.17E-22	-2.55E-20	0.990334848	15009.12647	478006.7569	-1629215.376	489053.8452	245242534.6	1391794.806	-1623163.355	1355301.686	11272.19975	1599.565891	14902.26915	485571.9326	-1611607.012	485572.0312	249123866.5	1376752.455	-1611607.26	1376751.373	11150.37117	-0.005990408	0	0	0	0.016857117	0	0	0	-0.009712162	249139310.8	0.016611826
44	247.5	nan	nan	1	1	6.00E-05	6.00E-05	6.00E-05	0.991161969	-1.39E-19	7.53E-19	1.85E-19	1.02475	-5.39E-19	1.71E-19	-5.94E-20	0.985692947	240.1754655	483530.7363	-1641550.124	499919.9818	244716423.1	1345797.203	-1632493.443	1294507.743	189.113822	1599.565891	237.7765739	494923.1941	-1616186.935	494926.7413	250482181.7	1325003.62	-1616187.969	1325007.613	186.1918706	-0.008877318	0	0	0	0.02444868	0	0	0	-0.014410385	250509590.8	0.02427282
48	325	nan	nan	1	1	6.00E-05	6.00E-05	6.00E-05	0.988300921	9.54E-20	-1.31E-18	2.24E-20	1.0325	-1.65E-18	1.73E-20	4.91E-20	0.981129906	616.6102144	478497.2541	-1645828.976	499894.0645	243615751.7	1313330.255	-1633884.35	1247993.792	603.8950099	1599.565891	608.6871603	493473.3871	-1612892.58	493470.7397	251240501.6	1287047.837	-1612889.962	1287053.83	591.8098383	-0.011768052	0	0	0	0.031983046	0	0	0	-0.019050407	251266775.2	0.031873376
52	402.5	nan	nan	1	1	6.00E-05	6.00E-05	6.00E-05	0.985452855	3.31E-19	2.71E-19	-5.69E-20	1.04025	-1.83E-18	7.16E-20	8.16E-20	0.976637475	689.0788809	468328.3734	-1640733.979	494371.6507	242347845.3	1293001.851	-1626054.945	1213934.097	654.9580894	1599.565891	678.2625378	486610.2283	-1600532.863	486611.5909	251808233.4	1261320.836	-1600531.063	1261321.717	638.9103654	-0.014653992	0	0	0	0.039461069	0	0	0	-0.023639755	251833720.9	0.039414881
56	480	nan	nan	1	1	6.00E-05	6.00E-05	6.00E-05	0.982618937	-5.32E-20	2.85E-19	-2.00E-19	1.048	-3.07E-18	4.31E-20	-1.34E-19	0.972213418	760.4989566	454137.2497	-1633782.902	484364.6409	241021686.2	1292577.593	-1616482.462	1199108.674	549.1274278	1599.565891	746.4070435	475379.4292	-1586528.706	475389.4486	252295427.7	1255192.139	-1586529.324	1255196.744	533.2449166	-0.017533887	0	0	0	0.046883586	0	0	0	-0.028179932	252320462.3	0.04689819
60	557.5	nan	nan	1	1	6.00E-05	6.00E-05	6.00E-05	0.979800664	3.60E-19	-2.05E-18	-3.52E-20	1.05575	-1.52E-18	-2.33E-19	3.61E-19	0.967854826	698.2434189	440725.4226	-1623744.245	474883.3782	239675872.2	1309666.914	-1603954.34	1200622.616	539.6675852	1599.565891	683.337951	464750.8079	-1569707.759	464745.9981	252741388.5	1266082.589	-1569714.575	1266072.485	521.7080207	-0.020406132	0	0	0	0.054251415	0	0	0	-0.032673176	252766203.6	0.054324364
64	635	nan	nan	1	1	6.00E-05	6.00E-05	6.00E-05	0.976999846	-1.07E-19	-3.31E-18	-2.50E-19	1.0635	-5.33E-18	-1.94E-19	5.22E-20	0.963558443	554.00219	425199.1145	-1612257.735	462834.2726	238326560.8	1335827.311	-1590080.017	1210295.767	529.8690652	1599.565891	540.6247527	451668.4914	-1551681.133	451658.2582	253162799.5	1285636.9	-1551684.508	1285638.763	509.960544	-0.023268785	0	0	0	0.061565356	0	0	0	-0.037122136	253187540.8	0.06169453
68	712.5	nan	nan	1	1	6.00E-05	6.00E-05	6.00E-05	0.974217961	3.70E-19	1.47E-18	3.41E-19	1.07125	-1.91E-18	7.16E-20	-5.34E-19	0.959321368	897.9181648	409294.5301	-1605318.317	450055.0309	236980891.5	1363550.135	-1580767.383	1221079.393	819.9745871	1599.565891	873.7391674	437941.0854	-1538204.912	437936.0207	253567202.1	1306544.312	-1538200.731	1306542.833	785.6939801	-0.026120221	0	0	0	0.068826191	0	0	0	-0.041529153	253591600.7	0.069009755
72	790	nan	nan	1	1	6.00E-05	6.00E-05	6.00E-05	0.971455938	5.44E-19	3.83E-18	1.04E-19	1.079	2.86E-18	-2.22E-19	-4.94E-19	0.955141238	516.8095947	398070.828	-1602166.353	442134.6469	235642554.7	1388791.72	-1575253.459	1229381.791	528.2324242	1599.565891	501.4660398	429012.2064	-1528491.596	429008.1157	253958655.5	1324928.881	-1528485.775	1324939.577	503.9419405	-0.028959366	0	0	0	0.076034686	0	0	0	-0.045896056	253983406.4	0.07627102
76	867.5	nan	nan	1	1	6.00E-05	6.00E-05	6.00E-05	0.968713683	3.77E-19	-1.16E-18	8.32E-20	1.08675	5.79E-18	2.65E-19	-3.21E-19	0.951016744	790.2054365	392900.7539	-1598555.474	440771.3452	234315361.9	1414013.792	-1569344.31	1237408.649	747.3623284	1599.565891	764.5787104	426480.5842	-1518457.457	426476.9275	254341462.7	1343162.513	-1518449.752	1343165.566	709.9146195	-0.031786187	0	0	0	0.083191591	0	0	0	-0.05022361	254366034.8	0.083479131
80	945	nan	nan	1	1	6.00E-05	6.00E-05	6.00E-05	0.96599105	-4.33E-19	-9.46E-18	-1.38E-19	1.0945	-1.21E-19	-1.72E-20	1.37E-19	0.946946674	1007.09069	391486.2491	-1592837.288	443568.5438	232999529.4	1436126.818	-1561419.969	1242521.822	859.852827	1599.565891	971.6890124	427974.4933	-1506546.516	427976.0351	254716112.7	1358325.719	-1506532.275	1358330.333	813.2709414	-0.03460071	0	0	0	0.090297638	0	0	0	-0.054512497	254740528.9	0.090634862
84	1022.5	nan	nan	1	1	6.00E-05	6.00E-05	6.00E-05	0.963287152	3.51E-19	-2.00E-18	5.54E-19	1.10225	1.20E-17	-7.03E-19	4.79E-20	0.942930526	746.9914988	390747.7208	-1583956.78	447105.2034	231693234.5	1453679.195	-1550486.814	1243569.429	769.9797912	1599.565891	718.713589	430190.6731	-1491789.177	430179.7087	255080869.9	1369092.211	-1491792.001	1369098.119	725.1760488	-0.037403727	0	0	0	0.097353545	0	0	0	-0.058762673	255105344.2	0.097738882
88	1100	nan	nan	1	1	6.00E-05	6.00E-05	6.00E-05	0.960601718	1.10E-19	-8.62E-19	6.73E-19	1.11	6.51E-19	7.57E-19	1.04E-19	0.938967274	583.8818485	393525.7713	-1570581.281	454718.8378	230394719.3	1470481.258	-1535199.715	1243896.065	756.5632706	1599.565891	560.2108806	436294.1239	-1472970.602	436284.2263	255434000.9	1379091.735	-1472961.673	1379082.6	709.5433199	-0.040195401	0	0	0	0.104360015	0	0	0	-0.062974653	255458392.1	0.104791914
92	1177.5	nan	nan	1	1	6.00E-05	6.00E-05	6.00E-05	0.957934259	-3.69E-19	-1.07E-17	-3.50E-19	1.11775	-1.56E-19	1.28E-19	1.74E-19	0.935056109	613.655758	401260.3528	-1555682.874	468214.8736	229103476.7	1488041.981	-1518509.592	1244821.513	682.0109013	1599.565891	587.1410745	447974.0668	-1452916.603	447984.3632	255775123.2	1389743.975	-1452898.212	1389740.481	636.9581993	-0.042976126	0	0	0	0.111317736	0	0	0	-0.067148742	255799393.2	0.111794648
96	1255	nan	nan	1	1	6.00E-05	6.00E-05	6.00E-05	0.955284489	1.13E-18	-4.26E-18	-8.52E-19	1.1255	9.78E-18	2.88E-19	-4.96E-19	0.931196083	910.1568873	406084.2554	-1545424.452	478428.0129	227820676.4	1503916.941	-1506440.119	1244277.067	1013.889553	1599.565891	868.4196065	456501.5797	-1437373.235	456488.6257	256105715.2	1398767.799	-1437358.937	1398760.083	943.0015845	-0.045746088	0	0	0	0.118227381	0	0	0	-0.071285409	256129588.9	0.118747775
100	1332.5	nan	nan	1	1	6.00E-05	6.00E-05	6.00E-05	0.952651784	8.23E-19	-8.02E-18	4.82E-19	1.13325	4.73E-18	1.76E-19	4.44E-20	0.927386576	915.0875878	404419.0036	-1535633.791	481082.2672	226546532.8	1521397.842	-1494902.582	1245022.972	950.8112648	1599.565891	870.715212	457758.6555	-1422419.663	457754.7044	256426219.7	1409233.255	-1422415.117	1409231.606	880.7129975	-0.048505832	0	0	0	0.125089611	0	0	0	-0.075384782	256450021	0.125651934
104	1410	nan	nan	1	1	6.00E-05	6.00E-05	6.00E-05	0.950035892	-1.23E-20	-2.42E-18	6.16E-19	1.141	6.80E-18	-4.32E-19	4.80E-19	0.923626658	734.3879065	397818.8698	-1522914.46	477778.3192	225282110	1540512.892	-1480568.405	1247037.883	618.8529798	1599.565891	696.8565922	453365.9578	-1404914.364	453361.1848	256738046.7	1421149.216	-1404903.109	1421160.652	570.9023476	-0.051255514	0	0	0	0.131905071	0	0	0	-0.079447338	256761944.4	0.132507794
108	1487.5	nan	nan	1	1	6.00E-05	6.00E-05	6.00E-05	0.947436763	-7.05E-21	-6.92E-19	2.31E-19	1.14875	-8.00E-18	-5.97E-19	-5.47E-19	0.919915232	744.308888	387290.4057	-1509597.001	469588.5364	224027079.5	1560961.413	-1465744.013	1250011.827	682.9663944	1599.565891	704.3359739	444363.8245	-1387028.126	444369.4069	257041043	1434222.101	-1387026.614	1434221.009	627.5142289	-0.053995086	0	0	0	0.138674395	0	0	0	-0.083473752	257064759.1	0.139316043
112	1565	nan	nan	1	1	6.00E-05	6.00E-05	6.00E-05	0.944853961	2.49E-19	2.81E-19	-3.50E-19	1.1565	-1.35E-17	8.66E-19	4.97E-20	0.916251601	691.0950331	380009.3468	-1494177.64	465130.5041	222780562.9	1585319.378	-1448950.843	1256003.659	728.3202688	1599.565891	652.1948847	438949.7887	-1367388.452	438949.3788	257334409.9	1450796.312	-1367392.736	1450813.106	666.5182896	-0.056724902	0	0	0	0.145398203	0	0	0	-0.087464279	257358040.4	0.146077296
116	1642.5	nan	nan	1	1	6.00E-05	6.00E-05	6.00E-05	0.9422879	-1.24E-19	7.50E-18	-9.62E-19	1.16425	-6.57E-18	6.29E-20	-2.77E-19	0.912634276	605.0992164	375659.2406	-1476970.8	464141.3451	221544543.6	1613875.151	-1430481.712	1265078.815	609.1636818	1599.565891	569.4866772	436831.2368	-1346300.628	436824.7474	257620648.1	1471092.813	-1346292.071	1471083.055	555.2699125	-0.059444424	0	0	0	0.152077103	0	0	0	-0.091420053	257644349.5	0.152792279
120	1720	nan	nan	1	1	6.00E-05	6.00E-05	6.00E-05	0.93973918	-1.11E-18	2.30E-18	7.52E-19	1.172	-2.25E-19	-7.48E-19	-5.00E-19	0.909061611	1496.609122	374029.6258	-1461133.852	466460.209	220320106.9	1642909.163	-1413424.134	1274293.446	1448.483163	1599.565891	1404.712536	437829.8334	-1326646.016	437818.0604	257901270.5	1491690.096	-1326635.372	1491656.405	1315.15974	-0.062152911	0	0	0	0.158711691	0	0	0	-0.095342408	257924202.3	0.159461734
124	1780	nan	nan	1	1	6.00E-05	6.00E-05	6.00E-05	0.937777795	-2.41E-19	1.58E-17	1.40E-18	1.178	-1.02E-17	-5.10E-20	5.19E-20	0.906325295	8996.64849	374480.517	-1451046.994	470380.0743	219382643.2	1664994.883	-1402358.999	1280997.692	5876.427681	1599.565891	8426.580244	440600.6987	-1313518.646	440574.6702	258117956.6	1507188.832	-1313499.204	1507177.149	5319.467505	-0.064242251	0	0	0	0.163818085	0	0	0	-0.098356992	258135438.4	0.164594521
128	1840	nan	nan	1	1	6.00E-05	6.00E-05	6.00E-05	0.935826764	6.59E-19	2.15E-18	1.07E-18	1.184	1.76E-18	9.49E-19	9.74E-19	0.903615167	8053.100824	374386.2921	-1443571.354	473656.0297	218447329.9	1683875.272	-1393864.839	1285087.932	5104.396709	1599.565891	7527.104097	442732.0535	-1302840.024	442718.6893	258325790.7	1519717.119	-1302823.095	1519686.033	4606.777704	-0.066324901	0	0	0	0.168898536	0	0	0	-0.101351709	258344127.7	0.16970048
132	1900	nan	nan	1	1	6.00E-05	6.00E-05	6.00E-05	0.933886006	-1.96E-20	-4.34E-18	-3.22E-19	1.19	-3.40E-18	-6.31E-19	1.10E-18	0.900930368	6760.08284	372639.9124	-1439025.185	474833.7867	217518112.7	1698315.336	-1388231.009	1285745.54	4240.10147	1599.565891	6305.417251	442898.5676	-1294874.165	442897.7013	258529635	1528190.524	-1294862.202	1528163.89	3815.359109	-0.068400898	0	0	0	0.173953307	0	0	0	-0.104327308	258548989.9	0.174780096
136	1960	nan	nan	1	1	6.00E-05	6.00E-05	6.00E-05	0.931955707	2.05E-19	6.27E-18	-1.34E-18	1.196	-4.19E-18	-6.03E-19	-2.92E-20	0.898270279	6302.416282	368360.7716	-1434516.745	472715.7023	216595847.6	1709323.732	-1382658.134	1283770.507	4135.459377	1599.565891	5866.362227	440018.6372	-1287001.847	440009.2624	258730616.9	1533549.754	-1286994.24	1533504.63	3710.199882	-0.07046999	0	0	0	0.178982656	0	0	0	-0.107284278	258750187.3	0.179833671
140	2020	nan	nan	1	1	6.00E-05	6.00E-05	6.00E-05	0.930035888	-6.00E-19	1.05E-17	-3.95E-19	1.202	-1.22E-18	6.22E-19	-1.82E-19	0.895634426	5523.235946	362997.0334	-1431469.143	469144.4278	215679676.4	1719589.344	-1378494.272	1281252.024	3599.399353	1599.565891	5130.484145	435785.3133	-1280494.79	435784.0353	258927833.3	1538227.496	-1280470.918	1538169.086	3219.777485	-0.072532104	0	0	0	0.183986836	0	0	0	-0.110222955	258947963.1	0.184861491
