6	header
postResults v2.0.3	--cr f,p,texture --time RVE_1_40_D_tensionX.spectralOut
addCauchy v2.0.3	RVE_1_40_D_tensionX.txt
addStrainTensors v2.0.3	--left --logarithmic RVE_1_40_D_tensionX.txt
addMises v2.0.3	-s Cauchy RVE_1_40_D_tensionX.txt
addMises v2.0.3	-e ln(V) RVE_1_40_D_tensionX.txt
inc	time	elem	node	ip	grain	1_pos	2_pos	3_pos	1_f	2_f	3_f	4_f	5_f	6_f	7_f	8_f	9_f	1_p	2_p	3_p	4_p	5_p	6_p	7_p	8_p	9_p	texture	1_Cauchy	2_Cauchy	3_Cauchy	4_Cauchy	5_Cauchy	6_Cauchy	7_Cauchy	8_Cauchy	9_Cauchy	1_ln(V)	2_ln(V)	3_ln(V)	4_ln(V)	5_ln(V)	6_ln(V)	7_ln(V)	8_ln(V)	9_ln(V)	Mises(Cauchy)	Mises(ln(V))
0	0.0	nan	nan	1	1	6.000000000000838e-05	6.000000000000867e-05	5.999999999999513e-05	1.0	0.0	0.0	0.0	1.0	0.0	0.0	0.0	1.0	2.7716487604837305e-06	-1.193192284640359e-09	-2.8066754232013673e-08	-1.19319228464005e-09	2.7018729684353462e-06	-1.6832583398956398e-08	-2.8066754232013544e-08	-1.6832583398956544e-08	2.6991213888906947e-06	1599.565890624997	2.7716487604837305e-06	-1.193192284640359e-09	-2.8066754232013673e-08	-1.19319228464005e-09	2.7018729684353462e-06	-1.6832583398956398e-08	-2.8066754232013544e-08	-1.6832583398956544e-08	2.6991213888906947e-06	0.0	0.0	0.0	0.0	0.0	0.0	0.0	0.0	0.0	9.102600058541354e-08	0.0
2	2.0	nan	nan	1	1	6.000000000000838e-05	6.000000000000867e-05	5.999999999999513e-05	0.9999331859138993	1.6718974540921795e-23	1.2044742335507146e-22	1.9091328537723877e-24	1.000200000000001	-5.598358385758891e-22	3.6395946952333216e-26	9.456328762706213e-24	0.9999338800589289	-3.333005873628281e-06	-494.16260333959013	2741.2009144938443	-494.2944616929657	14158906.776145369	727.4803459861469	2741.2028174119555	727.2867876709712	2.8785516096832e-06	1599.565890624997	-3.332559754401383e-06	-494.2283009145991	2740.8359103835583	-494.2283009145836	14160789.16431818	727.3834784727029	2740.835910383538	727.3834784726691	2.8781683166660297e-06	-6.681631826113055e-05	0.0	0.0	0.0	0.0001999800026675767	0.0	0.0	0.0	-6.61221270905273e-05	14160790.041973896	0.00017763326904625968
4	4.0	nan	nan	1	1	6.000000000000838e-05	6.000000000000867e-05	5.999999999999513e-05	0.9998663539893821	-4.865476363036909e-23	-3.161087254483646e-22	1.4227506535912075e-23	1.0003999999999935	-5.100395657001969e-22	3.811648262644351e-24	-2.0011153378882846e-23	0.9998677425139985	6.256271410165936e-06	-988.3614006066865	5482.594259824544	-988.8889062241678	28326310.37551622	1455.406311249293	5482.601873559128	1454.6319700814136	5.2238924017729006e-06	1599.565890624997	6.254597119494388e-06	-988.6242617801254	5481.134630762047	-988.6242617801092	28333843.942873195	1455.018838959905	5481.134630761994	1455.0188389598852	5.222501646811348e-06	-0.00013365494204179026	0.0	0.0	0.0	0.00039992002132067657	0.0	0.0	0.0	-0.00013226623279384865	28333845.697163146	0.0003552546439165021
6	6.0	nan	nan	1	1	6.000000000000838e-05	6.000000000000867e-05	5.999999999999513e-05	0.9997995042228786	1.4287063540015893e-23	3.5795082955374698e-22	1.9362643778641273e-23	1.000599999999987	-4.944157782902953e-22	9.330597309598152e-24	6.763028688233555e-23	0.9998015873617148	4.6722895558559687e-07	-1482.5963387216314	8224.179771040266	-1483.7833888284345	42502212.49608518	2183.7779609147547	8224.196906584128	2182.0354504978227	-5.111546342959628e-07	1599.565890624997	4.670414532436628e-07	-1483.1879358683339	8220.896477134926	-1483.1879358683	42519172.06018535	2182.906143290469	8220.896477134906	2182.906143290462	-5.109505688518653e-07	-0.00020051587908671828	0.0	0.0	0.0	0.0005998200719546787	0.0	0.0	0.0	-0.00019843232467681713	42519174.69010707	0.0005328641403785653
8	8.0	nan	nan	1	1	6.000000000000838e-05	6.000000000000867e-05	5.999999999999513e-05	0.999732636610824	3.795435522638312e-23	-7.5920621853587e-22	1.61465655570351e-23	1.0008000000000166	-7.184559928390577e-22	-9.76734867302615e-24	-9.952637130238028e-23	0.9997354145986066	2.602231861601467e-07	-1976.867365473525	10965.957183076953	-1978.977965621903	56686614.83616303	2912.595360133026	10965.987654518995	2909.497132214854	-7.213314929686021e-07	1599.565890624997	2.6008398843900685e-07	-1977.9193773752577	10960.12176523376	-1977.9193773752306	56716781.247181855	2911.0454533943102	10960.121765233775	2911.0454533944157	-7.20947644063276e-07	-0.0002673991371388652	0.0	0.0	0.0	0.0007996801705806623	0.0	0.0	0.0	-0.00026462041028652597	56716784.75171671	0.000710461774203595
10	10.0	nan	nan	1	1	6.000000000000838e-05	6.000000000000867e-05	5.999999999999513e-05	0.9996657486137112	-3.481437762113183e-23	1.9160944058076343e-21	2.4881592825595073e-24	1.0010000000000012	7.518211500269966e-22	-1.2467266192399232e-23	7.107135823055614e-23	0.9996692150059098	0.00041092411947283837	-2474.367673968612	13686.839682138367	-2477.670206343312	70877013.31316823	3663.93456491753	13686.887141956475	3659.063526817632	0.0004139137871170533	1599.565890624997	0.00041064944254042116	-2476.014039621949	13677.738318617021	-2476.0140396214406	70924172.62645765	3661.4981514599185	13677.738318617321	3661.4981514602455	0.00041363854608767494	-0.0003343072607345474	0.0	0.0	0.0	0.000999500333084976	0.0	0.0	0.0	-0.00033083971551384623	70924176.99587584	0.0008880514707438478
12	12.0	nan	nan	1	1	6.000000000000838e-05	6.000000000000867e-05	5.999999999999513e-05	0.9995987773673679	9.001048553557026e-23	1.257314531080602e-21	-1.0587911840678754e-25	1.001199999999962	5.55918311194838e-22	-1.4823076576950256e-24	1.615715346887578e-22	0.9996027529366669	0.005650619658533287	-3040.2259385763214	15804.253825541708	-3045.095971120252	85009607.98975056	5015.314089973861	15804.31668167041	5007.312995585875	0.007064354864396592	1599.565890624997	0.005646089934728908	-3042.654921374246	15791.647418150857	-3042.6549213698527	85077526.2562338	5011.313578889364	15791.647418153954	5011.313578889825	0.0070587199172262175	-0.00040130314396859414	0.0	0.0	0.0	0.0011992805754442628	0.0	0.0	0.0	-0.0003973259868501071	85077531.25262088	0.001065732567599467
14	14.0	nan	nan	1	1	6.000000000000838e-05	6.000000000000867e-05	5.999999999999513e-05	0.9995310529696396	-9.661469554619363e-23	1.3261094882654122e-21	3.3775438771765227e-23	1.0013999999999759	8.97007891142304e-22	-2.7396221887756274e-23	9.777936584866829e-23	0.9995333827137359	-3.810708381828361	-4232.495575944189	10206.508775927174	-4240.409600225221	98374096.58351578	13257.520394992787	10206.532561387923	13232.808277699147	-4.757222972456395	1599.565890624997	-3.8071573340639575	-4236.458127980957	10197.021503383348	-4236.458130964849	98466196.49709815	13245.197110703915	10197.021499138378	13245.197113186887	-4.752800983323549	-0.0004690570204067013	0.0	0.0	0.0	0.0013990209136827963	0.0	0.0	0.0	-0.00046672618598808164	98466205.30698802	0.0012446090720964434
16	16.0	nan	nan	1	1	6.000000000000838e-05	6.000000000000867e-05	5.999999999999513e-05	0.999460865100671	2.0360554469625245e-22	-1.2476001219667794e-21	2.498747194400186e-23	1.0016000000000065	4.648093298057973e-23	-2.514629062161204e-24	2.14299335655338e-22	0.9994522603630477	90.13253501851615	-5645.387305924601	-30530.289640771654	-5657.470100288181	108702647.18260188	47677.18884394209	-30530.026805431247	47574.954214301324	209.1801662295825	1599.565890624997	90.03787064376085	-5651.528139022334	-30497.961725560053	-5651.528174105471	108820889.7012205	47626.70441891337	-30497.961737049394	47626.704402132666	208.95866952066206	-0.0005392802848061055	0.0	0.0	0.0	0.001598721363703059	0.0	0.0	0.0	-0.0005478897011075969	108820784.73083107	0.0014282128875427575
18	18.0	nan	nan	1	1	6.000000000000838e-05	6.000000000000867e-05	5.999999999999513e-05	0.9993887459674767	-1.7957098481791167e-22	3.924038946833157e-21	-4.277516383634217e-23	1.0017999999999943	1.0681720739587168e-20	-4.084286992541829e-23	-2.0265263263059135e-22	0.9993547839058714	-87.84700000316403	-2904.317722190431	-116460.96993806661	-2911.322952337541	115110621.19623213	116320.0890060484	-116457.0127737701	116036.17291102569	292.39382038411605	1599.565890624997	-87.7457745019361	-2907.970353191246	-116322.81964032097	-2907.968254680522	115255390.6958953	116182.10582646015	-116322.82014921708	116182.10643584371	292.0469720505796	-0.0006114409244322414	0.0	0.0	0.0	0.0017983819413738562	0.0	0.0	0.0	-0.0006454243356110922	115255640.4302073	0.0016179953465273215
20	20.0	nan	nan	1	1	6.000000000000838e-05	6.000000000000867e-05	5.999999999999513e-05	0.999316772543688	-4.0488174878755555e-22	-7.7969382794758345e-22	1.6601845766184287e-22	1.0019999999999785	7.337422905590376e-21	7.117723734896293e-23	2.9540274035493723e-21	0.9992456941516056	-168.59871493534598	4983.648193345057	-218701.03235802773	4997.032547926312	119051511.2556902	207404.76294438555	-218685.4784301227	206834.64679935496	206.160432310141	1599.565890624997	-168.38920751827868	4990.820091362839	-218413.72960823364	4990.823038070209	119222836.61102505	207132.29985597744	-218413.73122402094	207132.2996303413	205.8896038715972	-0.0006834609625551682	0.0	0.0	0.0	0.0019980026626515626	0.0	0.0	0.0	-0.0007545904801926139	119223958.15668742	0.0018118177239458192
22	22.0	nan	nan	1	1	6.000000000000838e-05	6.000000000000867e-05	5.999999999999513e-05	0.9992457322781093	1.1926223897340548e-21	-3.270849489558003e-20	6.801674566452032e-22	1.0022000000000078	-1.742007959323194e-20	4.702621044037468e-22	-2.1565458837094485e-21	0.9991300567483655	-97.24302151788473	17564.463787813827	-315123.0560252992	17616.394987351538	121777319.88228269	305872.65132923186	-315086.57811811584	304935.7004772006	239.9052532694157	1599.565890624997	-97.11404019750682	17593.02703135712	-314668.6515565276	17593.028931358007	121975353.55344208	305431.58585661266	-314668.65318895725	305431.5853947816	239.55931216138507	-0.000754552324909078	0.0	0.0	0.0	0.002197583543494956	0.0	0.0	0.0	-0.0008703218718665663	121977650.9970233	0.0020077932834679157
24	24.0	nan	nan	1	1	6.000000000000838e-05	6.000000000000867e-05	5.999999999999513e-05	0.9991755315730436	3.5998900258307763e-22	-3.3557327787847243e-20	2.8799120206646214e-22	1.0023999999999984	-5.867820742104166e-20	8.372920683608759e-22	3.9505616659940565e-21	0.9990107365596226	-61.45329614007246	34228.9572442461	-400335.3262575176	34339.419388322116	123881661.75106584	400915.0846159734	-400269.29992376856	399559.5315074334	228.53161885695184	1599.565890624997	-61.36686935312723	34291.12418053329	-399706.3671647751	34291.12505962521	124106656.72588426	400285.2146760804	-399706.36853232014	400285.21507882926	228.17257724800123	-0.0008248084879758026	0.0	0.0	0.0	0.0023971245997199005	0.0	0.0	0.0	-0.0009897530844059125	124110455.03901958	0.002204994330489526
26	26.0	nan	nan	1	1	6.000000000000838e-05	6.000000000000867e-05	5.999999999999513e-05	0.999105888881597	2.1777217073908063e-21	6.791552522732342e-20	-4.650210880426109e-22	1.0026000000000037	-2.520007721376269e-20	8.300922883092143e-22	3.0730355326386017e-21	0.9988892175077716	-38.90452968161422	53328.6321020906	-475275.5810214255	53515.13590566831	125621793.1502731	486996.2658493721	-475172.511332728	485193.8163515389	195.4387136799608	1599.565890624997	-38.846790551874065	53435.71194918634	-474467.2955261633	53435.7128307614	125874032.17970616	486168.0473722373	-474467.2966056682	486168.0487220084	195.106337509612	-0.000894511074170048	0.0	0.0	0.0	0.0025966258472699005	0.0	0.0	0.0	-0.001111399868323638	125879487.24907337	0.002402985756686579
28	28.0	nan	nan	1	1	6.000000000000838e-05	6.000000000000867e-05	5.999999999999513e-05	0.9990365539060319	-2.9620742165482882e-21	6.320771610648403e-20	-6.217221832846564e-22	1.0028	-1.9207319111938513e-20	3.032377951170395e-22	5.299885150970157e-21	0.9987662934326024	-8.904464949059227	72857.14389674549	-541198.1454855104	73131.60336384308	127113800.47355552	562044.5094967921	-541051.7407294932	559783.7185010059	156.02790850549553	1599.565890624997	-8.890570418395157	73017.48767481698	-540207.4826134584	73017.48878073595	127393552.13444743	561015.6873682543	-540207.4833770931	561015.6887859592	155.74229951505515	-0.0009639105064710393	0.0	0.0	0.0	0.002796087302001188	0.0	0.0	0.0	-0.0012344682098381487	127400683.2804915	0.002601544956563127
30	30.0	nan	nan	1	1	6.000000000000838e-05	6.000000000000867e-05	5.999999999999513e-05	0.9989673265016296	2.8612772958250266e-21	-4.523055353175477e-20	9.029371217730842e-22	1.0030000000000174	2.5573618743501836e-20	-1.5606582053160484e-21	-6.080849528338622e-21	0.9986424316861995	30.54034522862594	91468.26313952537	-598606.9565111273	91837.5071480577	128414543.1742246	625559.3849200233	-598412.2712930867	622841.621280632	124.83555577787722	1599.565890624997	30.49039102265141	91687.28939359188	-597433.460692043	91687.2904522764	128722039.51660305	624333.0521572515	-597433.460816843	624333.0529805837	124.59083091929516	-0.0010332070730181195	0.0	0.0	0.0	0.0029955089798151956	0.0	0.0	0.0	-0.0013584906445100805	128730761.16505516	0.0028005426126958585
32	32.0	nan	nan	1	1	6.000000000000838e-05	6.000000000000867e-05	5.999999999999513e-05	0.9988980488081196	2.8138434507787858e-21	-6.3102895779261304e-21	1.9803630306805543e-21	1.0032000000000039	-5.147292165522295e-20	2.769797737521562e-22	7.026985330421675e-21	0.9985179451313604	66.7638541794136	108601.79577340872	-647834.9014881591	109069.51169439558	129556894.68919075	677890.1200468419	-647588.3847086022	674726.3256856935	100.50685535266643	1599.565890624997	66.64966979477897	108882.97221103158	-646480.8327964733	108882.97310658795	129892325.11056419	676473.2315991062	-646480.8320947917	676473.2318328304	100.29678148072743	-0.0011025587864957871	0.0	0.0	0.0	0.0031948908965232724	0.0	0.0	0.0	-0.001483154198268362	129902489.06229104	0.002999890092595876
34	34.0	nan	nan	1	1	6.000000000000838e-05	6.000000000000867e-05	5.999999999999513e-05	0.9988286039619801	4.723055713889978e-21	3.265693176491592e-20	3.5473739831010096e-21	1.003400000000001	6.156574273823156e-20	2.746504331472069e-21	-1.4907779871675685e-22	0.9983930653568134	91.71744919393208	124053.58750907677	-689570.7305379017	124621.35139394367	130565195.81842494	720014.1489227352	-689270.0421596038	716421.3004696001	75.21586803449478	1599.565890624997	91.55378748055512	124398.9748343041	-688040.1019300665	124398.97556391642	130928712.62319458	718415.9455687043	-688040.1004519935	718415.945216871	75.04891263125869	-0.0011720826586142715	0.0	0.0	0.0	0.003394233068016502	0.0	0.0	0.0	-0.0016082271474923428	130940142.67353837	0.0031995162668476775
36	36.0	nan	nan	1	1	6.000000000000838e-05	6.000000000000867e-05	5.999999999999513e-05	0.998758915362594	7.799479378317598e-21	-2.0998454982202458e-19	3.3491682734435037e-21	1.0035999999999894	-9.423622703030355e-20	1.7893571010747093e-21	1.2791891569434444e-20	0.9982679691565364	102.56036497157224	137797.99674410716	-724898.8178662215	138465.9183854358	131460780.32151186	753326.1362678111	-724542.487364053	749323.7856408536	49.2360146774762	1599.565890624997	102.36977968797201	138208.6098087237	-723196.0906689909	138208.6107370885	131852509.62934019	751556.6356575277	-723196.0887287412	751556.6347626259	49.120363362826026	-0.0012418554207488676	0.0	0.0	0.0	0.003593535510119377	0.0	0.0	0.0	-0.0017335325431289167	131865026.35629994	0.0033993596093294903
38	38.0	nan	nan	1	1	6.000000000000838e-05	6.000000000000867e-05	5.999999999999513e-05	0.998688941391532	3.699839913606784e-21	-6.991918166405348e-20	-3.2526065174565134e-22	1.0038000000000042	1.0066986578117359e-19	-3.201784540621255e-21	-1.084710392253857e-20	0.9981427884093584	101.87296487983616	150024.8623280806	-755058.2456868137	150792.65589423856	132262946.75448544	779358.9440561922	-754645.3248481465	774966.6349885144	25.665309451474283	1599.565890624997	101.67614720918209	150501.32473248828	-753187.3588902184	150501.32581152368	132682999.27542609	777427.8448773244	-753187.3567289126	777427.843487642	25.601715829581412	-0.0013119187977266701	0.0	0.0	0.0	0.0037927982387006864	0.0	0.0	0.0	-0.0018589383463857277	132696437.09164104	0.0035993670071836886
40	40.0	nan	nan	1	1	6.000000000000838e-05	6.000000000000867e-05	5.999999999999513e-05	0.9986186654172268	5.0940561447873624e-21	-1.2770080471042645e-20	-3.42540123869639e-21	1.0039999999999887	-5.505714157152952e-23	-4.677315934738247e-21	-1.7719929256559964e-21	0.9980176187979306	95.13844072895073	160989.9587846162	-781126.0900530514	161857.49886143458	132988658.35707903	799528.3664838026	-780655.9450374822	794764.3370586884	6.844587051913666	1599.565890624997	94.94762550446706	161532.867108909	-779090.2181788614	161532.86798938148	133437137.56785508	797444.5322159819	-779090.2157880273	797444.530144628	6.826747803619595	-0.0013822895048672555	0.0	0.0	0.0	0.003992021269525735	0.0	0.0	0.0	-0.0019843487203625287	133451350.98031591	0.003799493821689539
44	48.666666666666664	nan	nan	1	1	6.000000000000838e-05	6.000000000000867e-05	5.999999999999513e-05	0.998310584122817	7.216720710606639e-21	2.807283180602301e-19	1.9109063290057014e-21	1.0048666666666481	2.820789120946271e-20	-1.3552527156068806e-22	-1.778260969465678e-20	0.9974767410496259	271.86688155467874	195266.10362195785	-860220.6403875621	196548.43904352438	135532700.4887822	842109.436181961	-859502.1076194276	835916.4114434967	-595.451738255362	1599.565890624997	271.23459902536615	196091.3367554444	-857503.1879469244	196091.32509326987	136105488.45883763	839449.197360435	-857503.158120882	839449.1593539272	-593.5706955281437	-0.0016908445494938655	0.0	0.0	0.0	0.004854862726163673	0.0	0.0	0.0	-0.002526447733452248	136121942.3024523	0.004667339487708956
48	57.33333333333333	nan	nan	1	1	6.000000000000838e-05	6.000000000000867e-05	5.999999999999513e-05	0.9979982237302679	9.723938234479368e-21	9.007602470986406e-20	6.403569081242511e-22	1.0057333333333347	6.123370582290788e-20	7.572474548453445e-22	-2.87178050437098e-20	0.9969390697399365	192.72643212297967	214146.70501079792	-909128.7236673597	215806.4627368871	137594745.86609945	852557.9424461991	-908163.8653428168	845103.0365172595	-424.38744047747883	1599.565890624997	192.216126420905	215235.05813581691	-905759.226690416	215235.0451722797	138294040.6399416	849398.1133318426	-905759.2071244421	849398.085234961	-422.814536486531	-0.002003782501647838	0.0	0.0	0.0	0.005716960329230865	0.0	0.0	0.0	-0.0030656244886765553	138311381.2246025	0.005535163840789376
52	66.0	nan	nan	1	1	6.000000000000838e-05	6.000000000000867e-05	5.999999999999513e-05	0.9976828277287751	1.9498698445793994e-21	-1.0865569240788713e-19	1.1689054672109346e-22	1.006600000000013	-3.0001229365389515e-19	-8.990407702157144e-21	3.588031564569216e-21	0.9964045431855394	155.1196832111457	224738.91596364477	-941595.8356077682	226747.5927706311	139428867.0057202	851471.6208484538	-940389.3883115811	842847.3770627686	-289.88863163152826	1599.565890624997	154.6586745969632	226073.72254468733	-937594.6183284866	226073.70928048666	140256986.01870257	847853.377401192	-937594.5939971326	847853.3557598441	-288.6567789001462	-0.0023198610693007282	0.0	0.0	0.0	0.006578315360136183	0.0	0.0	0.0	-0.0036019360044064436	140274687.9029781	0.006402408882667783
56	74.66666666666666	nan	nan	1	1	6.000000000000838e-05	6.000000000000867e-05	5.999999999999513e-05	0.9973653460141663	1.6483261153568684e-21	-5.99360513477143e-20	1.9910356458159584e-20	1.007466666666659	-5.201629329088659e-19	-3.330533548603909e-21	-1.8702487475374953e-21	0.9958726967223234	150.33110224020544	230698.8927996903	-964711.7915297403	233035.39691784067	141142275.31688008	846565.8514521411	-963267.9937346049	836823.5111385995	-198.60989864895893	1599.565890624997	149.83536501398504	232266.94628973003	-960091.5042065106	232266.93104778643	142101615.1503614	842511.3996396041	-960091.486703093	842511.3755720344	-197.65869767364939	-0.0026381307947812983	0.0	0.0	0.0	0.007438929096991154	0.0	0.0	0.0	-0.004135844102332595	142119430.30898845	0.00726889347883261
60	83.33333333333333	nan	nan	1	1	6.000000000000838e-05	6.000000000000867e-05	5.999999999999513e-05	0.997046458286438	5.973276344037326e-21	3.314406041288187e-19	1.5805634795765245e-21	1.0083333333333526	7.04765293433468e-19	1.0333801956502464e-21	5.7801528320633454e-21	0.9953430600913058	147.85802236173635	234035.2754246207	-982009.2427998899	236684.61027142944	142782068.5301146	840961.7007129604	-980331.5248203037	830127.6374717593	-139.53142834075936	1599.565890624997	147.32212552054702	235826.78718292032	-976778.4197413698	235826.7702098858	143875048.0144335	836482.1890508508	-976778.4097503353	836482.1642443661	-138.78819275707778	-0.0029579120252755083	0.0	0.0	0.0	0.008298802814714443	0.0	0.0	0.0	-0.004667817236530042	143892864.49200916	0.008134571495559498
64	92.0	nan	nan	1	1	6.000000000000838e-05	6.000000000000867e-05	5.999999999999513e-05	0.9967266210786621	1.2708035307656268e-20	1.0079014445968371e-19	-9.876404164985142e-21	1.0092000000000105	1.391776776292486e-19	-1.7530193876375e-20	-3.8397697564931944e-20	0.9948152726180147	144.53328170122234	235857.02790332065	-995667.0193831079	238808.60625269552	144370368.10058588	835866.359170288	-993757.6977534782	823952.2354130478	-98.38844885890599	1599.565890624997	143.96210153598955	237864.8773798671	-989830.478037704	237864.86002640857	145599392.18605176	830966.5598703652	-989830.4729695185	830966.5358953362	-97.81170157442635	-0.003278748146326316	0.0	0.0	0.0	0.009157937784775846	0.0	0.0	0.0	-0.0051982147199766725	145617158.44614947	0.008999439780291852
68	100.66666666666666	nan	nan	1	1	6.000000000000838e-05	6.000000000000867e-05	5.999999999999513e-05	0.9964061429813367	2.6036098732702683e-20	-2.427427020241374e-19	-6.488272375967941e-21	1.010066666666665	-8.893642658262813e-19	-5.346471963069144e-21	4.9388797088503744e-20	0.9942890721127359	140.58532816613788	236881.94951432644	-1007348.8375344818	240129.53616573306	145918347.1151777	831848.3765011457	-1005208.515168934	818854.5899545198	-69.06397058329335	1599.565890624997	139.98364364175458	239101.83325560406	-1000906.3720641674	239101.81707411076	147285786.7490511	826528.3183023767	-1000906.3705906535	826528.2940693225	-68.622274291853	-0.0036003304371461497	0.0	0.0	0.0	0.010016335275486583	0.0	0.0	0.0	-0.005727297589809691	147303492.370918	0.009863507942527168
72	109.33333333333333	nan	nan	1	1	6.000000000000838e-05	6.000000000000867e-05	5.999999999999513e-05	0.9960852387219026	-2.8338334283339875e-20	-2.494071572531342e-19	-2.5820952364100093e-20	1.0109333333333381	8.833401675054087e-19	1.5612511283791263e-20	5.72594272343907e-20	0.9937642670711258	137.0686351735459	237667.20801564623	-1018050.4572442146	241209.96850733878	147431990.70138034	829222.1844136418	-1015678.3048682512	815139.1629333132	-47.33517893115839	1599.565890624997	136.43701053105983	240098.4649521837	-1010997.9672814085	240098.45120121186	148940171.20744607	823477.7921874023	-1010997.9675658385	823477.7669867361	-47.00726701684786	-0.003922444013300696	0.0	0.0	0.0	0.01087399655188308	0.0	0.0	0.0	-0.006255256315520448	148957829.33128697	0.010726788588822905
76	118.0	nan	nan	1	1	6.000000000000838e-05	6.000000000000867e-05	5.999999999999513e-05	0.9957640607147569	-4.445991236843097e-20	4.424324134052332e-19	4.064064080926133e-21	1.0118000000000114	-5.741866942847451e-19	1.8024861117571512e-21	-4.289374844895777e-21	0.9932407169700334	134.6711993078646	238562.5780320766	-1028243.8797316131	242404.41632227928	148914715.65495586	828125.3218868239	-1025638.2304087281	812935.1282047573	-30.30642218335974	1599.565890624997	134.00639926572032	241207.8052340081	-1020575.1994748544	241207.79472081494	150565910.32206506	821949.1331136576	-1020575.2002857	821949.107397436	-30.080395784339323	-0.0042449362922297494	0.0	0.0	0.0	0.011730922875710112	0.0	0.0	0.0	-0.006782230447355063	150583544.1517921	0.011589293754216051
80	126.66666666666666	nan	nan	1	1	6.000000000000838e-05	6.000000000000867e-05	5.999999999999513e-05	0.9954427187914873	2.0074680849926917e-22	-3.0718835678303357e-19	-3.525351126472398e-21	1.0126666666666602	-5.220704511060825e-19	3.134699531198715e-20	-4.869423007175522e-20	0.9927183182189903	133.48820962665923	239716.96530347448	-1038131.7493009971	243864.73196305695	150368638.53198	828552.6917522614	-1035290.5148627333	812231.146883186	-15.99955499180552	1599.565890624997	132.78540961674634	242580.82069681364	-1029839.8292483565	242580.8123081267	152165065.56376603	821934.7526669421	-1029839.829846105	821934.7260507875	-15.87176097051763	-0.004567697272522238	0.0	0.0	0.0	0.012587115505465	0.0	0.0	0.0	-0.00730832263136896	152182700.6088427	0.012451033758616503
84	135.33333333333331	nan	nan	1	1	6.000000000000838e-05	6.000000000000867e-05	5.999999999999513e-05	0.9951212927679478	5.313776491305128e-20	-7.817300951527828e-19	-7.109994559252597e-21	1.0135333333333167	-2.0432467566847134e-19	5.475220971051798e-21	4.020695994026713e-20	0.9921969943337736	132.92272444302154	241150.90390232496	-1047793.6603298646	245612.74472613746	151795193.6108109	830383.9380405481	-1044714.5774633941	812903.1306205892	-4.121222257768561	1599.565890624997	132.179252235402	244238.97462611576	-1038871.210088687	244238.96721513325	153739015.0347255	823312.8326800639	-1038871.2105259913	823312.8048881346	-4.086128133877578	-0.004890646973678833	0.0	0.0	0.0	0.01344257569647249	0.0	0.0	0.0	-0.007833608414501871	153756675.6311645	0.013312017009200535
88	144.0	nan	nan	1	1	6.000000000000838e-05	6.000000000000867e-05	5.999999999999513e-05	0.994799841124838	5.351215347573768e-20	9.34026619069106e-19	-1.9105675158268e-20	1.0144000000000117	7.674186264759742e-19	-3.705938550827015e-20	3.339003878076452e-20	0.9916766886275451	132.61570116260415	242823.37847212498	-1057262.4161865544	247607.62737823869	153195441.7786126	833428.511210706	-1053943.164149204	814759.0671400251	5.67808175708208	1599.565890624997	131.83040943667697	246141.4108932129	-1047702.1769484151	246141.40415314763	155288763.45868582	825892.2781685824	-1047702.1773041546	825892.2496908818	5.626738004405101	-0.0052137267585314956	0.0	0.0	0.0	0.014297304700835995	0.0	0.0	0.0	-0.008358143542546841	155306470.5716478	0.014172250198724609
92	152.66666666666666	nan	nan	1	1	6.000000000000838e-05	6.000000000000867e-05	5.999999999999513e-05	0.9944784073712427	4.617346002072642e-20	-9.453158741901113e-19	4.972083400382743e-20	1.0152666666666563	1.2363157372852208e-18	4.4655576979246716e-21	-8.32802793740428e-20	0.9911573585466075	132.10082840579904	244674.9170198902	-1066560.450334051	249789.51724102686	154570232.77082264	837478.6966098655	-1062998.6845343718	817591.2512951584	13.374823451694567	1599.565890624997	131.27523483678755	248228.40811268907	-1056355.2371902196	248228.40198134482	156815105.07752627	829465.4156002002	-1056355.2373401998	829465.3872483401	13.246848591907682	-0.005536892968824838	0.0	0.0	0.0	0.015151303767333795	0.0	0.0	0.0	-0.008881969622246081	156832876.23131564	0.015031738657694752
96	161.33333333333331	nan	nan	1	1	6.000000000000838e-05	6.000000000000867e-05	5.999999999999513e-05	0.9941570247929283	4.538402531388541e-20	-1.0650253465596671e-19	-3.168411442499436e-20	1.016133333333308	-4.518683604376461e-19	3.7608262858090934e-20	-4.337486316299821e-20	0.9906389713203115	131.1674449291477	246646.8044727781	-1075708.0739586416	252099.04225439604	155920297.5369546	842342.4557547205	-1071901.433177818	821208.4068634765	19.235230464842694	1599.565890624997	130.3046612740433	250440.80933608385	-1064850.7582368741	250440.8035562032	158318716.4761652	833840.5413326023	-1064850.7580889766	833840.5133125648	19.041085812409907	-0.005860112173224256	0.0	0.0	0.0	0.0160045741416903	0.0	0.0	0.0	-0.009405118474937127	158336565.88333398	0.0158904867151547
100	170.0	nan	nan	1	1	6.000000000000838e-05	6.000000000000867e-05	5.999999999999513e-05	0.9938357198352756	-1.5404141178766706e-20	-6.876010177903069e-19	-2.6878049482273458e-20	1.017000000000019	7.103963684668146e-19	-5.529431079676073e-20	-6.301925127571995e-21	0.990121500794717	129.96736851151837	248688.3066393707	-1084722.5017144624	254484.71731683044	157246300.23043567	847857.107737757	-1080668.6150074145	825448.8931282493	23.68685145831341	1599.565890624997	129.06987259403962	252727.36648161194	-1073206.0063268067	252727.36085521567	159800208.87690362	838855.411492662	-1073206.0058830986	838855.383851963	23.435368230910512	-0.006183357779948534	0.0	0.0	0.0	0.016857117066441583	0.0	0.0	0.0	-0.00992761530850368	159818147.74498278	0.016748498002207166
104	208.75	nan	nan	1	1	6.000000000000838e-05	6.000000000000867e-05	5.999999999999513e-05	0.9924004941039607	-1.525336931415544e-20	2.687262847141103e-19	1.1813737921945178e-19	1.0208749999999889	-1.0771548583643487e-19	-2.778268066994105e-20	1.531435568635775e-21	0.9878191204329319	9208.611720432227	257546.95452144448	-1123505.2656206605	264936.4112008053	162896801.87020102	877028.541437818	-1118319.0625726185	848629.2072810798	6493.558358598125	1599.565890624997	9131.542917506307	262719.32445025764	-1108959.2091187395	262719.1028070296	166168292.77584523	865673.6265051279	-1108959.6157788662	865672.4070370595	6409.486063013012	-0.007628529276706255	0.0	0.0	0.0	0.020660102696292024	0.0	0.0	0.0	-0.012255674479701358	166179011.22022098	0.02057563585480538
108	247.5	nan	nan	1	1	6.000000000000838e-05	6.000000000000867e-05	5.999999999999513e-05	0.9909682577817788	5.753725404109011e-20	-2.108136256707971e-18	-1.496537811208898e-19	1.0247500000000036	-2.847385955490056e-19	4.81385764583564e-20	-2.4653402149604763e-19	0.9855330642925821	7762.238915790097	266193.52530309657	-1160168.2214593163	275268.01356740476	168122926.09963515	911296.3541022495	-1153805.0884661416	876420.0099799027	5340.29966039761	1599.565890624997	7685.955746334473	272562.7767097451	-1142466.0277794849	272562.8254441738	172145627.9378211	897391.5218015071	-1142466.103665869	897390.2397216794	5258.815771123531	-0.00907277565779137	0.0	0.0	0.0	0.02444868040231297	0.0	0.0	0.0	-0.014572602173301563	172158192.85572666	0.024388506409263877
112	286.25	nan	nan	1	1	6.000000000000838e-05	6.000000000000867e-05	5.999999999999513e-05	0.9895398309782023	4.4533604234842095e-20	5.791130379059761e-19	-6.211462008805235e-20	1.0286250000000166	4.975268244264419e-19	7.779150587583495e-20	-5.787606721999184e-20	0.9832630787642946	7043.688434010443	274787.1901808293	-1194005.8976906966	285641.1575311307	172977279.84086555	948050.519945481	-1186431.999075625	906240.5342415145	4848.670201072199	1599.565890624997	6964.233601534787	282418.7141049845	-1173048.8997421365	282419.04307612404	177781289.25837934	931410.4909137519	-1173048.7047102556	931409.088545491	4763.567127751	-0.01051526110823532	0.0	0.0	0.0	0.02822295894375539	0.0	0.0	0.0	-0.016878566193166578	177795027.62785757	0.02818702977563645
116	325.0	nan	nan	1	1	6.000000000000838e-05	6.000000000000867e-05	5.999999999999513e-05	0.9881155230224882	-8.016319812814699e-21	-2.3861934563690345e-19	2.399474932981982e-20	1.032500000000009	3.1101830095733864e-18	1.3647394846161287e-19	-5.692061405548898e-21	0.9810088181528224	6623.1287272174295	283396.94180146273	-1224705.272437485	296127.31591218885	177499657.85811707	986020.1617245071	-1215896.645077578	936845.4233855113	4576.261147616909	1599.565890624997	6538.832680817046	292357.6929762477	-1200421.6105360715	292358.3476510145	183112034.11583376	966469.1882991705	-1200421.2883039238	966467.6157593257	4485.522272736319	-0.011955661933475444	0.0	0.0	0.0	0.03198304585305999	0.0	0.0	0.0	-0.019173830514439497	183126677.5148974	0.03197129962705577
120	363.75	nan	nan	1	1	6.000000000000838e-05	6.000000000000867e-05	5.999999999999513e-05	0.9866955308966113	-5.446760664024053e-20	-1.162318939013085e-18	-6.047815243395705e-20	1.0363749999999998	-3.1750860621238e-19	-6.554002132674875e-20	1.0362262263530209e-19	0.9787700320694441	6358.281188747002	291589.4513218251	-1252444.533528637	306271.79084397055	181724569.13529837	1024313.7426295052	-1242384.0314620952	967377.5042149271	4404.114495323618	1599.565890624997	6268.189800614197	301931.1936080446	-1224780.9202702667	301932.18239257217	188169756.547093	1001689.0127730045	-1224780.515878899	1001687.2805004735	4306.837756208505	-0.013393766472932923	0.0	0.0	0.0	0.03572904745424555	0.0	0.0	0.0	-0.0214585648935241	188185151.6420955	0.035741400916794716
124	402.5	nan	nan	1	1	6.000000000000838e-05	6.000000000000867e-05	5.999999999999513e-05	0.9852799870705389	-3.124670661103224e-19	-1.2307320960969203e-18	-4.739996372835065e-20	1.0402499999999983	8.326943735231795e-19	-2.950385161876179e-19	-1.67427920486074e-19	0.9765465169938495	6178.0635622524505	299051.78208678303	-1277710.321796414	315737.56804289453	185681730.67676324	1062153.9147884161	-1266384.3239822167	997107.3601275882	4281.361150758833	1599.565890624997	6081.654054370556	310809.1515964267	-1246622.6610216505	310810.4410801955	192981900.24446476	1036310.9048117067	-1246622.2272937908	1036309.1317806436	4177.192388216546	-0.014829427368627766	0.0	0.0	0.0	0.03946106888091159	0.0	0.0	0.0	-0.02373289334954835	192997947.93059418	0.039497416376487925
128	441.25	nan	nan	1	1	6.000000000000838e-05	6.000000000000867e-05	5.999999999999513e-05	0.9838689891131799	-6.63396204289568e-20	3.1153600749470044e-18	2.1367591940615883e-19	1.0441250000000135	7.35823619917031e-18	-8.456776945386935e-20	-1.393335316915434e-19	0.9743380892206723	6045.187030663343	305740.83334705094	-1300967.1075123628	324467.14762325434	189396780.35487834	1098861.0368744836	-1288363.9056074917	1025414.0488534989	4185.603798536658	1599.565890624997	5942.204132378952	318938.16585817974	-1266416.4696463477	318939.6813776576	197572110.61586213	1069677.8626567116	-1266415.9578646915	1069676.1450091056	4074.4439696226264	-0.01626253193909508	0.0	0.0	0.0	0.04317921409394666	0.0	0.0	0.0	-0.02599692138019239	197588737.36493012	0.04323942960972342
132	480.0	nan	nan	1	1	6.000000000000838e-05	6.000000000000867e-05	5.999999999999513e-05	0.9824625992556331	-1.6649279611230528e-19	-2.131405945834941e-18	6.131163285405528e-20	1.0479999999999856	4.562051691275881e-19	3.2748326619924663e-19	2.1202251109311844e-19	0.9721445878706507	5944.592730633066	311526.2136924861	-1322548.6438899788	332308.8389603357	192891939.12546927	1133949.7660211986	-1308658.3033022447	1051871.534542692	4113.502938584563	1599.565890624997	5834.85355844083	326172.7742385044	-1284500.7003805947	326174.306528576	201960849.99416703	1101327.558256383	-1284500.0328547428	1101325.8001555386	3995.1629983819776	-0.017693002878670358	0.0	0.0	0.0	0.04688358589883669	0.0	0.0	0.0	-0.028250732630977125	201977987.4913023	0.04696752375986699
136	518.75	nan	nan	1	1	6.000000000000838e-05	6.000000000000867e-05	5.999999999999513e-05	0.9810608350095714	-4.824699667560495e-20	-1.8001415245591512e-18	-1.8917972657156445e-19	1.0518750000000188	2.3214123765630256e-18	-1.8870538812110204e-19	4.880265028900377e-20	0.9699658863274238	5863.698303422424	316233.67683093064	-1342694.4801956469	339061.2614510416	196186580.06702584	1167287.5417354647	-1327509.0064607225	1076389.3648550007	4060.2499179111123	1599.565890624997	5747.130031203021	332319.41801969876	-1301119.3380054513	332320.8421152085	206165930.09480584	1131143.6934957486	-1301118.59153291	1131141.6635820493	3934.528489727176	-0.01912080807797609	0.0	0.0	0.0	0.05057428596295124	0.0	0.0	0.0	-0.03049437683775791	206183518.30974743	0.050681779079538754
140	557.5	nan	nan	1	1	6.000000000000838e-05	6.000000000000867e-05	5.999999999999513e-05	0.9796636988765259	-1.2106472508516264e-19	-8.326808209960235e-19	-2.417770844642675e-20	1.0557500000000062	-8.579562841420918e-19	-1.743939194442934e-19	1.5041949890520767e-19	0.9678018646911153	5793.207630420969	320103.301366487	-1361414.3806891763	344965.72703340405	199297681.90733647	1199152.8465957874	-1344929.5896620946	1099256.4960484726	4014.075445018403	1599.565890624997	5669.849737913749	337618.84747302317	-1316291.9580643133	337620.1858774815	210202935.68470097	1159408.3850244975	-1316291.2790170363	1159406.0720048991	3881.033800059052	-0.020545930623608433	0.0	0.0	0.0	0.05425141483192176	0.0	0.0	0.0	-0.03272789789289336	210220929.21250027	0.05438227663867672
144	596.25	nan	nan	1	1	6.000000000000838e-05	6.000000000000867e-05	5.999999999999513e-05	0.9782712068858921	3.4694469519536144e-19	8.891813067096743e-20	-1.2332799712022613e-20	1.0596249999999872	6.367410938790119e-18	2.5804011705155004e-19	1.101820457788394e-19	0.9656523832827055	5729.3206858209505	323525.7076853972	-1378598.5899550938	350431.6880586056	202240204.49591693	1229809.136447055	-1360815.3016484648	1120741.1738550314	3973.4412358856307	1599.565890624997	5599.2533528304875	342474.8687398462	-1329922.588559133	342476.16984613583	214085576.02479845	1186386.6408209626	-1329922.002654735	1186383.8863172592	3833.145697681839	-0.021968339735694096	0.0	0.0	0.0	0.05791507194642025	0.0	0.0	0.0	-0.03495136120598786	214103935.09748825	0.05806910196753703
148	635.0	nan	nan	1	1	6.000000000000838e-05	6.000000000000867e-05	5.999999999999513e-05	0.9768833716309621	-1.9922214919421143e-19	1.3922985485879947e-18	-2.3757580104588614e-20	1.0634999999999883	2.3464845518017528e-18	9.578926193909431e-20	-4.472740537317388e-19	0.9635173005610732	5666.555149766859	326751.0662047142	-1394277.880805934	355724.29766914557	205027367.39930207	1259459.7539604404	-1375200.3386019403	1141051.1265234845	3931.6568011022127	1599.565890624997	5529.961510696444	347148.089197996	-1342051.3283310158	347149.48015829944	217825942.09308913	1212283.1890620275	-1342050.8123490752	1212279.803248377	3784.385670244536	-0.023388008035349923	0.0	0.0	0.0	0.06156535565814366	0.0	0.0	0.0	-0.037164835335550685	217844637.0365972	0.06174234201178297
152	673.75	nan	nan	1	1	6.000000000000838e-05	6.000000000000867e-05	5.999999999999513e-05	0.9755001924650114	-3.026821415036407e-19	5.51037622649464e-18	2.1494308069525125e-19	1.0673749999999942	2.8959582128174066e-18	-1.1259439561261963e-19	-8.585525953369588e-20	0.9613964840600995	5605.817174676252	329879.0807126652	-1408683.785908852	360949.5016854629	207670927.96900883	1288047.8380495969	-1388316.5246287254	1160155.1146774194	3890.619490263768	1599.565890624997	5462.851232229312	351742.5329499719	-1352910.694713775	351744.15586767084	221434769.5709636	1237051.0066430273	-1352910.0933853344	1237046.9135839117	3736.580750124634	-0.024804921620157804	0.0	0.0	0.0	0.06520236324562814	0.0	0.0	0.0	-0.03936838063308303	221453772.29654515	0.06540208311782483
156	712.5	nan	nan	1	1	6.000000000000838e-05	6.000000000000867e-05	5.999999999999513e-05	0.974121660226449	-2.37738431371759e-19	2.6165796417586263e-18	1.4470033244534663e-19	1.0712500000000031	-7.641999012764078e-19	-6.857578740970815e-20	-4.550938619007905e-20	0.959289806512351	5550.920582109052	332982.632010093	-1421940.727806886	366185.82602466305	210181379.37953052	1315226.3447783056	-1400289.6928209588	1177763.1491993882	3853.11707138704	1599.565890624997	5401.623988145083	356335.05750140717	-1362628.4694552564	356336.95577428164	224921622.6528594	1260365.3767879754	-1362627.744931662	1260360.9292159164	3692.3951293763744	-0.02621907530990567	0.0	0.0	0.0	0.06882619092985605	0.0	0.0	0.0	-0.04156205317909077	224940898.14011604	0.0690484114258297
160	751.25	nan	nan	1	1	6.000000000000838e-05	6.000000000000867e-05	5.999999999999513e-05	0.972747757751894	-1.371515748194163e-20	3.71126469399935e-18	-1.4346705247414438e-19	1.0751249999999974	-1.0813588522881613e-17	7.26415455565288e-21	-2.265304914136901e-19	0.9571971460906429	5502.712357802367	335964.7340016896	-1434110.3997816027	371325.7277153052	212568140.45931348	1340458.6563709714	-1411183.501793003	1193422.6409807475	3819.1643521498477	1599.565890624997	5347.0772179515725	360821.2101033984	-1371271.2986861563	360823.3921750468	228295073.5822556	1281723.1384953675	-1371270.5048242875	1281718.4600134292	3651.8182016293454	-0.027630472181149477	0.0	0.0	0.0	0.07243693388950417	0.0	0.0	0.0	-0.04374590447070593	228314577.71091774	0.07268141263994847
164	790.0	nan	nan	1	1	6.000000000000838e-05	6.000000000000867e-05	5.999999999999513e-05	0.9713784573252867	3.9467669583903575e-19	5.156058956526377e-20	-9.37970404471522e-20	1.079000000000013	6.902925496835022e-18	1.218643241873707e-19	4.564084570349292e-19	0.9551183893655361	5437.35041476192	338611.99883102597	-1445143.2554700808	376129.9903137079	214839716.98459178	1363414.804732899	-1420951.8405121171	1206874.4574271936	3767.8211611873144	1599.565890624997	5276.047184741246	364969.58092582505	-1378799.089577245	364971.801542109	231562855.8491143	1300822.6584916434	-1378798.1987390663	1300817.6511107327	3594.846647258565	-0.029039126251460348	0.0	0.0	0.0	0.0760346862760093	0.0	0.0	0.0	-0.045919978262767606	231582558.34243265	0.0763011714580977
168	828.75	nan	nan	1	1	6.000000000000838e-05	6.000000000000867e-05	5.999999999999513e-05	0.9700137375202365	5.762534546760456e-20	-3.253162171069912e-18	6.83860520295232e-20	1.0828750000000014	-1.2502477352016594e-18	1.7911019889460532e-19	-3.1899938419954755e-19	0.9530534160500849	5374.231943164366	340846.93793670303	-1454979.6871666177	380506.6141581457	217003866.62343252	1384111.641959797	-1429538.8579111623	1218170.818150201	3714.1869218063166	1599.565890624997	5207.398770340136	368692.4714406663	-1385162.475765059	368694.4842776418	234732024.8258527	1317695.0342487646	-1385161.4462432123	1317689.4364945176	3535.96163399516	-0.03044504519299793	0.0	0.0	0.0	0.07961954122816838	0.0	0.0	0.0	-0.048084326478885026	234751877.34597152	0.07990777358330822
172	867.5	nan	nan	1	1	6.000000000000838e-05	6.000000000000867e-05	5.999999999999513e-05	0.9686535865959895	1.6206111973227078e-19	-4.1633515889373875e-18	5.2095914387928486e-20	1.0867500000000017	-1.4211993127483113e-18	5.334274688628682e-20	6.857578740970816e-21	0.9510020952648756	5313.304750716459	342848.6687249657	-1463710.5771374088	384649.9840090935	219067611.5393445	1402761.6615607939	-1437036.7895530432	1227534.3418137357	3661.630996332256	1599.565890624997	5141.071020949575	372179.5468863533	-1390455.4268264428	372181.3407618324	237808957.23878255	1332556.8560663473	-1390454.4424660283	1332550.5297212375	3478.375280885971	-0.031848226781191064	0.0	0.0	0.0	0.08319159088676613	0.0	0.0	0.0	-0.05023901321638099	237828915.67209548	0.08350130642505924
176	906.25	nan	nan	1	1	6.000000000000838e-05	6.000000000000867e-05	5.999999999999513e-05	0.9672979931304528	-1.414612784550462e-19	-1.0267962085512388e-18	-9.950265437985716e-20	1.0906249999999844	-3.9947971146314655e-18	-3.5453411040275996e-20	-2.7750154604766485e-19	0.9489642952491637	5250.174792306975	344951.6638694417	-1471563.4370920095	388933.5090016365	221037340.05059066	1419747.9954875668	-1443671.4473305827	1235331.456730157	3607.974130262211	1599.565890624997	5072.808190761128	375792.4798101306	-1394900.5750336463	375794.1722275535	240799447.71533245	1345784.5210003331	-1394899.9095263549	1345777.742610887	3420.0123910081934	-0.0332486685084388	0.0	0.0	0.0	0.08675092640864104	0.0	0.0	0.0	-0.052384104631980205	240819482.7169883	0.08708185747849997
180	945.0	nan	nan	1	1	6.000000000000838e-05	6.000000000000867e-05	5.999999999999513e-05	0.9659469398545552	9.806608650131387e-20	2.9270002762683823e-18	2.0504973587132104e-19	1.0944999999999847	9.87599758917046e-19	1.111849327883885e-19	-8.540802613754561e-20	0.9469398895370927	5186.4572482609865	347381.5847384295	-1478811.1485191144	393614.44412772445	222918845.79595894	1435513.0403949283	-1449712.070405012	1241971.3025925222	3548.4322958198077	1599.565890624997	5004.176568307128	379779.1425660418	-1398761.5289477922	379780.664134779	243708739.43115893	1357807.1934459386	-1398761.2017712565	1357800.2321147178	3356.351883361856	-0.03464637396499559	0.0	0.0	0.0	0.0902976379807662	0.0	0.0	0.0	-0.05451966242830038	243728835.70055807	0.09064951334455167
184	983.75	nan	nan	1	1	6.000000000000838e-05	6.000000000000867e-05	5.999999999999513e-05	0.9646004138984388	-5.128276275856436e-20	1.2158581975431349e-18	1.0286368111456223e-19	1.0983749999999728	2.525974221456728e-18	1.32164244825983e-19	2.641929643804053e-19	0.9449287471270088	5123.927822061902	350019.1432871619	-1485635.4042233839	398562.4798998726	224717402.23538366	1450295.5464079937	-1455337.807603681	1247678.2719513618	3484.7707289414566	1599.565890624997	4936.888315327385	384012.43871489895	-1402213.542521343	384013.69384508405	246541594.39299357	1368858.0994034382	-1402213.3930687497	1368850.7761146983	3289.0927981472314	-0.036041342259198	0.0	0.0	0.0	0.09383181483384521	0.0	0.0	0.0	-0.056645754196706914	246561740.81077877	0.09420436119410162
188	1022.5	nan	nan	1	1	6.000000000000838e-05	6.000000000000867e-05	5.999999999999513e-05	0.9632584157301471	-1.9081958235744877e-20	-7.551210633345574e-18	3.4071053270356974e-20	1.1022500000000048	5.834579781122118e-18	-9.454242944073599e-20	3.6461719060687514e-19	0.9429307239862417	5063.220797389888	352605.74102940096	-1492096.82021125	403485.2067138233	226437826.55508953	1464227.169653008	-1460608.9287002475	1252580.7410369238	3418.2790106459497	1599.565890624997	4871.5478450207065	388210.05539074715	-1405316.3056567432	388210.8973556377	249302353.7645179	1379067.5570286831	-1405316.2134852405	1379059.902540786	3219.471528841433	-0.03743355870620069	0.0	0.0	0.0	0.09735354525591455	0.0	0.0	0.0	-0.05876246247647331	249322539.72429025	0.09774649002034076
192	1061.25	nan	nan	1	1	6.000000000000838e-05	6.000000000000867e-05	5.999999999999513e-05	0.9619209455259061	3.0739842095395263e-19	1.637009755181551e-18	-1.67427920486074e-19	1.106124999999998	-7.143808114506989e-18	-2.77338915721792e-19	3.12006280187016e-19	0.9409456766652908	4983.56403678835	354895.3930665046	-1498102.755400101	408099.18904293375	228084548.80977806	1477735.8325043716	-1465435.3281228459	1257056.6921871146	3335.7447523759415	1599.565890624997	4788.188991998932	392099.6269827298	-1407984.9518869212	392100.1175452651	251995005.4468004	1388843.1935195057	-1407984.5778657058	1388835.8928636413	3135.084290948214	-0.038823008901160104	0.0	0.0	0.0	0.10086291660537562	0.0	0.0	0.0	-0.06086987043054612	252015240.17137748	0.1012759884784808
196	1100.0	nan	nan	1	1	6.000000000000838e-05	6.000000000000867e-05	5.999999999999513e-05	0.960587994488324	1.3566079683224874e-19	7.185224637495936e-18	1.2910137368871144e-19	1.1099999999999761	-2.8386581280015476e-18	3.2103226327295785e-19	4.2552224764624835e-19	0.9389734717402775	4896.327310209953	356759.40443036245	-1503542.915576594	412251.4168938167	229661701.5016934	1491071.5717575252	-1469710.525519642	1261324.0848097352	3251.0712752029262	1599.565890624997	4697.795856467007	395535.03088535665	-1410118.7761644612	395535.8527743902	254623275.71069595	1398422.3517384734	-1410118.151740979	1398415.4437028863	3049.0627173448615	-0.040209687759635675	0.0	0.0	0.0	0.10436001532422146	0.0	0.0	0.0	-0.06296805178075633	254643557.5339098	0.10479294317182537
200	1138.75	nan	nan	1	1	6.000000000000838e-05	6.000000000000867e-05	5.999999999999513e-05	0.9592595420875316	3.231464575093046e-19	-2.9204069718069547e-18	-1.3891340334970526e-19	1.1138750000000128	-8.532725307569545e-18	3.8359072862537145e-19	-7.545776069955989e-19	0.9370139879847692	4822.371724851173	358317.3689124071	-1508433.3258719624	416073.4990936303	231173056.90307394	1504356.6347890832	-1473451.5638856762	1265488.8133265488	3178.4216626249704	1599.565890624997	4620.384873444769	398644.39139877056	-1411736.1446160024	398646.10426994256	257190553.88422254	1407920.7872823877	-1411735.4915730837	1407913.9376964942	2974.6709165049488	-0.04159360245859655	0.0	0.0	0.0	0.10784492695075835	0.0	0.0	0.0	-0.06505706837620091	257210866.97334588	0.1082974384563602
204	1177.5	nan	nan	1	1	6.000000000000838e-05	6.000000000000867e-05	5.999999999999513e-05	0.9579355681158459	-4.1275576706523153e-19	-2.2933586453499633e-19	2.0816681711721686e-20	1.1177500000000022	-2.0005156385616284e-18	3.688455790795686e-19	3.710681935331639e-20	0.9350671041705555	4755.858585406133	359691.1222418344	-1512829.7867762726	419701.91605778324	232622040.00130543	1517756.5544721722	-1476714.1051306066	1269691.141329684	3113.5698415522775	1599.565890624997	4550.315136902327	401560.1809455194	-1412892.4014651394	401562.81927410426	259699899.99373877	1417493.7073768598	-1412891.9993694788	1417486.7627521646	2907.8877273658572	-0.042974759937151295	0.0	0.0	0.0	0.11131773613195517	0.0	0.0	0.0	-0.06713698310236418	259720237.10499328	0.1117895584356016
208	1216.25	nan	nan	1	1	6.000000000000838e-05	6.000000000000867e-05	5.999999999999513e-05	0.9566160411687713	2.940356291780688e-19	-5.267108364043205e-18	1.9618638311125204e-19	1.1216250000000139	-8.38164173483369e-18	3.057450126409122e-20	-4.718718905200036e-19	0.9331327106716762	4672.314729824254	360926.30167803017	-1516670.1654490565	423186.62730365526	234011843.98464653	1531313.692145594	-1479438.2848437529	1273965.9729020603	3040.048471731507	1599.565890624997	4464.172778458443	404331.3897558526	-1413532.5184075872	404334.5388866116	262154167.36807287	1427180.2459367935	-1413532.3711074446	1427173.4421412814	2833.317006044919	-0.04435317893573554	0.0	0.0	0.0	0.11477852663609729	0.0	0.0	0.0	-0.06920784744440206	262174540.32568657	0.11526938507703079
212	1255.0	nan	nan	1	1	6.000000000000838e-05	6.000000000000867e-05	5.999999999999513e-05	0.9553009102457706	6.855952437712087e-19	-6.847658291092573e-18	5.052382123782451e-20	1.125500000000006	-5.751692525035601e-19	2.0664893407573714e-19	-7.008282842946301e-19	0.9312107183015782	4578.3336248469095	362082.01024867705	-1519978.0701983327	426595.01782388694	235345487.63677964	1544978.1502676373	-1481648.1239197669	1278270.821667738	2959.3969681501667	1599.565890624997	4368.315235135422	407022.8492591525	-1413681.6840327547	407026.1514974808	264556062.513069	1436933.4374535896	-1413681.615010077	1436927.0420331291	2752.4379276801383	-0.045728898869016495	0.0	0.0	0.0	0.11822738136465497	0.0	0.0	0.0	-0.07126969186762096	264576478.90246505	0.1187369966669177
216	1293.75	nan	nan	1	1	6.000000000000838e-05	6.000000000000867e-05	5.999999999999513e-05	0.9539901284114111	-1.5146304349622497e-19	-4.972774579267702e-18	-1.0148132334464322e-19	1.1293750000000211	-2.9812849237920157e-18	-4.2283884726934674e-20	-2.1141942363467337e-20	0.929301034921711	4496.141870261489	363081.7170335518	-1522889.7771207036	429835.12704113906	236625754.5551416	1558824.6128610247	-1483477.5247902002	1282666.3619441066	2883.8899556155866	1599.565890624997	4283.960084784155	409547.3111861556	-1413469.4315984554	409550.3612690205	266908073.2767886	1446822.3325185	-1413469.3001815788	1446816.3364849184	2676.681108243708	-0.04710195516452432	0.0	0.0	0.0	0.12166438236437517	0.0	0.0	0.0	-0.0733225507621823	266928526.91179496	0.12219247149614682
220	1332.5	nan	nan	1	1	6.000000000000838e-05	6.000000000000867e-05	5.999999999999513e-05	0.952683676214778	8.782037597132586e-21	-6.323961536727762e-18	3.530704374699045e-19	1.1332500000000274	-2.9932653577979807e-18	5.2909066017292615e-20	1.0102053742133688e-18	0.9274035422988004	4421.8033773730485	363729.9611616601	-1525566.6249189777	432672.01096412627	237855188.6711215	1573332.9052010167	-1485084.549727599	1287543.6350299146	2814.329674879306	1599.565890624997	4207.314227483004	411681.73767437047	-1413047.3906703894	411684.31795909506	269212459.3592982	1457290.6355159893	-1413047.307136508	1457284.957521291	2606.7568198050053	-0.048472354650710564	0.0	0.0	0.0	0.12508961083884595	0.0	0.0	0.0	-0.07536648743017328	269232953.9178455	0.12563589152414126
224	1371.25	nan	nan	1	1	6.000000000000838e-05	6.000000000000867e-05	5.999999999999513e-05	0.9513815512372784	1.818207043258191e-19	-7.027635851725167e-18	2.7002055105751487e-19	1.1371250000000113	1.2111730889052818e-17	4.740131898106625e-19	-9.638557313396135e-19	0.9255181065957588	4368.103307865952	364136.56046105357	-1528147.3930669266	435231.51408412366	239036096.7727161	1589194.5803852319	-1486604.6096927423	1293457.5521144313	2765.0193086635677	1599.565890624997	4150.49384147245	413546.77706282085	-1412545.0632410867	413549.2206807294	271471250.50247777	1468974.1115530836	-1412545.1809079822	1468968.6783090811	2555.8492537689053	-0.049840086345733836	0.0	0.0	0.0	0.12850314716009897	0.0	0.0	0.0	-0.07740158303704396	271491789.6199971	0.1290673406961905
228	1410.0	nan	nan	1	1	6.000000000000838e-05	6.000000000000867e-05	5.999999999999513e-05	0.9500837493103925	-1.9456007985252377e-19	4.2063249584833875e-18	-2.0721814021629202e-19	1.1409999999999916	-2.2437563959587515e-18	-1.4853569763051412e-20	4.391018798566293e-20	0.9236445961258866	4322.525094618666	364472.1961081824	-1530625.0393207816	437714.716010492	240170521.70005295	1606613.599460984	-1488030.7215041916	1300556.3659743648	2720.5985362306355	1599.565890624997	4101.540319407361	415334.1295218935	-1411956.3777344609	415336.98863889655	273686211.54712856	1482053.5794452266	-1411956.6381151811	1482048.4303713208	2509.671771860272	-0.051205141104331144	0.0	0.0	0.0	0.1319050708799312	0.0	0.0	0.0	-0.07942791755933615	273706815.41792184	0.1324869023685169
232	1448.75	nan	nan	1	1	6.000000000000838e-05	6.000000000000867e-05	5.999999999999513e-05	0.948790284668942	1.8870538812110204e-19	4.584440466137707e-18	-8.706143445058601e-20	1.1448749999999972	5.499778150258594e-18	-6.239583502654078e-19	7.8984128265569e-20	0.9217828626472709	4247.854833159387	364771.43121153093	-1532900.6326940968	440161.3742583454	241260420.86517996	1625254.399455824	-1489266.9212428497	1308550.4376325766	2653.3404606284134	1599.565890624997	4025.1583015768247	417082.49084616936	-1411190.689372378	417085.6300924273	275859041.2161189	1496211.7096544052	-1411191.141587559	1496206.7454486205	2442.6693250123117	-0.05256749038960236	0.0	0.0	0.0	0.1352954607410125	0.0	0.0	0.0	-0.08144559005180685	275879753.8914066	0.13589466193945915
236	1487.5	nan	nan	1	1	6.000000000000838e-05	6.000000000000867e-05	5.999999999999513e-05	0.9475012013894503	-4.0272689696974064e-19	-6.9139030438314376e-18	-2.265982540494704e-19	1.1487500000000004	-1.2974430557699535e-17	1.0267394573437726e-19	1.0088501214977618e-18	0.919932731459833	4157.079111272469	365159.4609393945	-1534770.8616999176	442722.50411886	242307778.9421645	1644984.1109549399	-1490115.8799734316	1317318.681953258	2582.2690297040417	1599.565890624997	3933.7494353216475	418935.0689153626	-1410062.1388315188	418938.2385962485	277991499.4088349	1511319.9447035813	-1410062.7735263447	1511315.0605159232	2372.445217672371	-0.05392707406915605	0.0	0.0	0.0	0.13867439468776008	0.0	0.0	0.0	-0.08345472959074338	278012345.55459404	0.1392907080418964
240	1526.25	nan	nan	1	1	6.000000000000838e-05	6.000000000000867e-05	5.999999999999513e-05	0.9462165438806965	-3.052029115546695e-19	4.66537615831375e-18	5.984795992119985e-20	1.1526250000000025	1.0634993320018938e-17	3.690624195140657e-19	1.1058862159352145e-20	0.9180940291746937	4060.4007832533252	365701.6427284432	-1536012.1347147636	445479.0278979997	243314483.2248205	1665711.8590199943	-1490361.0271174414	1326776.3340861485	2517.2170427958363	1599.565890624997	3837.0168367885617	420968.1231603758	-1408367.7594336173	420970.88975322136	280085264.5251815	1527289.2874545117	-1408368.4491266517	1527284.7533490413	2308.033410965742	-0.055283831388484965	0.0	0.0	0.0	0.1420419498771704	0.0	0.0	0.0	-0.0854554653121926	280106255.27175593	0.14267512853688027
244	1565.0	nan	nan	1	1	6.000000000000838e-05	6.000000000000867e-05	5.999999999999513e-05	0.9449363191355581	4.593764604821082e-19	6.250804995139303e-18	2.354345017552273e-19	1.1564999999999903	3.6991893923032926e-18	1.7423128911842056e-19	1.7303866672868652e-19	0.9162666199286594	3947.2926126755465	366150.48910189566	-1536528.1081567483	448130.98967840365	244282315.3031577	1686836.3114852349	-1489910.0885299915	1336434.809634479	2449.088742559718	1599.565890624997	3725.0475378042306	422897.59142680897	-1406022.694269803	422899.79576250043	282141922.0912761	1543564.4313150798	-1406023.4321129946	1543559.489650402	2241.0747542070826	-0.05663774091715044	0.0	0.0	0.0	0.14539820268934883	0.0	0.0	0.0	-0.08744788686948686	282163066.154581	0.14604800506486
248	1603.75	nan	nan	1	1	6.000000000000838e-05	6.000000000000867e-05	5.999999999999513e-05	0.9436605069080177	3.8624702394796095e-19	7.276948141288208e-18	3.078049967686347e-19	1.1603750000000053	1.1676640557234385e-17	-2.39717100336545e-19	-5.804276330401148e-19	0.914450395525703	3813.4796268930227	366427.41028445517	-1536254.6505792458	450580.06263201946	245212973.54194823	1707841.6332401887	-1488702.3289292383	1345884.1743770838	2374.379365593449	1599.565890624997	3593.8745642112	424631.3176539141	-1402972.2058575966	424632.71989556524	284162988.7352593	1559672.637956861	-1402973.1261419603	1559666.5378598077	2168.382862068717	-0.057988810032610145	0.0	0.0	0.0	0.1487432287379643	0.0	0.0	0.0	-0.08943205480312823	284184289.4991153	0.1494094145373836
252	1642.5	nan	nan	1	1	6.000000000000838e-05	6.000000000000867e-05	5.999999999999513e-05	0.9423890890725208	2.1705727493159796e-19	-4.116173547841218e-18	1.4577098209067607e-19	1.1642500000000167	-1.3895243462791474e-17	1.209969624493823e-19	3.8711438568594936e-19	0.9126452467411245	3664.1907022389732	366832.1877502103	-1535192.5900917144	453193.9309217983	246108025.9311563	1728450.5934329894	-1486739.8759280974	1354910.9509110493	2299.4190497956274	1599.565890624997	3448.496785736648	426515.8652874603	-1399221.1775913571	426516.5055804045	286149855.81824994	1575362.3945040698	-1399222.3931553876	1575355.2602880897	2095.7603960548213	-0.05933704396113267	0.0	0.0	0.0	0.15207710288036405	0.0	0.0	0.0	-0.09140803168158722	286171308.8077798	0.1527594335990307
256	1681.25	nan	nan	1	1	6.000000000000838e-05	6.000000000000867e-05	5.999999999999513e-05	0.9411220550898668	8.425877183471097e-19	-1.0302089042957264e-18	-2.1651517384535525e-19	1.1681249999999936	-1.4971639379635082e-17	6.911788849595091e-19	6.970335766909308e-19	0.9108510578163147	3491.798776379067	367515.56639938743	-1533458.0826253132	456162.5781650916	246968891.77447873	1748427.7883861978	-1484136.45862471	1363338.013348948	2219.1198135159175	1599.565890624997	3281.8031134784082	428728.5651517762	-1394879.3310307076	428729.10644264973	288103765.6307911	1590422.204201554	-1394880.966134068	1590414.131315396	2018.5777466148095	-0.06068243995488773	0.0	0.0	0.0	0.15539989922768516	0.0	0.0	0.0	-0.09337588815524074	288125371.16011274	0.15609813953609541
260	1720.0	nan	nan	1	1	6.000000000000838e-05	6.000000000000867e-05	5.999999999999513e-05	0.9398594036909278	-7.85504473965748e-20	-1.044433636798736e-17	1.5308934675495322e-19	1.1719999999999848	1.684432758206067e-17	-3.226585665316861e-19	6.968167362564337e-19	0.9090677052668452	3267.0894227467484	368610.7311363801	-1531122.1674428282	459656.3742129141	247796914.2368348	1767918.7663025819	-1480961.449747638	1371287.6140945686	2115.5302486495193	1599.565890624997	3066.4591264627434	431428.52246608556	-1390014.5345953684	431429.11054969835	290025893.30829656	1604988.0495484772	-1390016.3619335806	1604979.2891297466	1920.563790745842	-0.06202498544644259	0.0	0.0	0.0	0.15871169115480813	0.0	0.0	0.0	-0.09533570433654298	290047677.40795344	0.15942561034042693
264	1750.0	nan	nan	1	1	6.000000000000838e-05	6.000000000000867e-05	5.999999999999513e-05	0.9388848263782149	-8.411240454142543e-19	-9.542334370588046e-18	2.0613393804380654e-19	1.1749999999999936	1.7645390357201585e-17	-3.14960731107039e-19	3.146354704552934e-19	0.9076943026109576	1688.0651134828775	369770.8035290725	-1528757.5090577456	462762.7720505277	248415723.23574167	1782992.1575519212	-1477971.582279581	1377368.23194243	1230.174717272094	1599.565890624997	1582.7477998688469	433891.045301394	-1385761.2605090379	433891.29570540326	291492342.81170964	1616215.4200961313	-1385761.8710543844	1616211.2752513369	1115.10717478277	-0.06306246291094376	0.0	0.0	0.0	0.16126814759611685	0.0	0.0	0.0	-0.0968476282006003	291515285.6069926	0.16199411094869473
268	1780.0	nan	nan	1	1	6.000000000000838e-05	6.000000000000867e-05	5.999999999999513e-05	0.9379129401314916	-7.330290888174496e-19	5.1984241564162484e-18	-3.1607203833383667e-19	1.178000000000001	2.0643209364124003e-18	4.72928987638177e-19	3.3930106987933863e-19	0.9063273618179661	1524.9717707157122	371039.9037938734	-1525898.5750250248	466018.93161739415	249017181.85300145	1797791.4599757942	-1474512.34486759	1383177.87103193	1156.9036661698183	1599.565890624997	1428.3394208499574	436488.6944794809	-1381076.8617519347	436488.8738754212	292942035.3406496	1627164.6282827675	-1381077.439693093	1627160.5748772405	1047.1029403752582	-0.06409814864218244	0.0	0.0	0.0	0.16381808522939584	0.0	0.0	0.0	-0.09835471169196441	292965096.17034674	0.16455589879008456
272	1810.0	nan	nan	1	1	6.000000000000838e-05	6.000000000000867e-05	5.999999999999513e-05	0.9369436460177293	4.913604245704306e-19	-3.2793863111169052e-18	-6.449105572486902e-19	1.1810000000000032	-7.645143199064286e-18	4.820362858870552e-19	-3.12792326762068e-19	0.9049667623502452	1299.6113978557037	372500.30387639557	-1522504.0263312238	469530.09245895414	249600732.67499653	1812397.4684184326	-1470543.337931111	1388785.2115667392	1045.8661737021582	1599.565890624997	1215.9927489363702	439319.5522713006	-1375926.0144245762	439319.92961860873	294374208.5154218	1637910.167819583	-1375926.7107623895	1637906.0392631406	945.1761382011777	-0.06513214154306085	0.0	0.0	0.0	0.16636153721522812	0.0	0.0	0.0	-0.09985706264146406	294397427.30255	0.16711106510341744
276	1840.0	nan	nan	1	1	6.000000000000838e-05	6.000000000000867e-05	5.999999999999513e-05	0.9359769262168844	4.895172808772052e-19	-7.301884791255375e-18	6.502773580024934e-19	1.184000000000011	-2.7018318138338772e-18	-5.915407053080913e-19	-4.0820211794079243e-19	0.903612465817104	1034.499710421767	374288.8993532035	-1518550.3310863322	473471.9220997905	250166910.19294253	1826977.3074964664	-1466042.3115470808	1394320.2152638868	902.4054467782437	1599.565890624997	966.9331672420157	442547.193363693	-1370289.5502342135	442547.9298099154	295789333.23876095	1648603.843895326	-1370290.3165019394	1648599.514924439	814.3008028651004	-0.06616445428608524	0.0	0.0	0.0	0.16889853646182326	0.0	0.0	0.0	-0.10135469875845565	295812739.8873524	0.16965964233815883
280	1870.0	nan	nan	1	1	6.000000000000838e-05	6.000000000000867e-05	5.999999999999513e-05	0.9350127610503475	-5.878544179216405e-19	-1.3108546366435991e-17	3.023839859062072e-19	1.18700000000001	1.5610342879446293e-18	4.119968255444917e-20	7.088513803710228e-19	0.9022644358393831	722.1540209340744	376449.64702120615	-1514015.3947605102	477904.6428672881	250716208.09960634	1841648.8275165793	-1460988.7254559395	1399873.3283848162	719.0496726762211	1599.565890624997	674.2877588236423	446226.6630384135	-1364149.7069271544	446227.869995901	297187838.5202194	1659352.1552116564	-1364150.5617874262	1659347.5620032798	647.874125746584	-0.06719510160439583	0.0	0.0	0.0	0.17142911562753907	0.0	0.0	0.0	-0.10284763576525331	297211471.5707858	0.17220166252664243
284	1900.0	nan	nan	1	1	6.000000000000838e-05	6.000000000000867e-05	5.999999999999513e-05	0.9340511289656955	-2.6356954813122613e-19	-8.527304296707116e-18	-6.952446431063297e-19	1.1899999999999693	-2.054237856208285e-18	8.638922910364499e-19	4.657732532997727e-19	0.900922638247126	343.6766945203677	378870.43624100613	-1508972.1436095166	482690.44984287774	251249092.1646113	1856412.142493215	-1455453.7788137717	1405444.471550387	482.35704286987857	1599.565890624997	320.56464419301	450228.07028628833	-1357574.3113371488	450229.80835283187	298570126.10637563	1670155.043336118	-1357575.3904288653	1670150.2460808174	433.9613113906181	-0.06822410031828652	0.0	0.0	0.0	0.17395330712341242	0.0	0.0	0.0	-0.10433588716101909	298594039.29199564	0.1747371572007102
288	1930.0	nan	nan	1	1	6.000000000000838e-05	6.000000000000867e-05	5.999999999999513e-05	0.9330920084620953	9.594105024324229e-19	-6.459026022365144e-18	-5.118518456304067e-19	1.1930000000000016	-1.3719494290631574e-17	-2.5045070184415153e-19	-1.8366384801904445e-19	0.8995870405468397	22.546546815180278	381334.3769657244	-1503618.1376796265	487555.34030819614	251766075.54910427	1871138.2684607378	-1449628.306884702	1410936.144222662	269.84538252750576	1599.565890624997	21.008565621976132	454295.3567953712	-1350742.7409470782	454297.4338894495	299936659.3451165	1680896.4790301973	-1350743.937077857	1680891.5685897714	242.40974652620062	-0.06925146728200289	0.0	0.0	0.0	0.1764711431157806	0.0	0.0	0.0	-0.10581946479571654	299960813.2787681	0.1772661570870866
292	1960.0	nan	nan	1	1	6.000000000000838e-05	6.000000000000867e-05	5.999999999999513e-05	0.9321353739075691	6.718800862892671e-19	3.79362340152678e-18	-2.222614453595284e-21	1.1959999999999762	5.299580219109146e-18	-5.19983361924048e-19	-1.0156805951844206e-18	0.8982576130390258	-294.2168839042718	383609.9371212282	-1498177.8844722528	492202.9979156503	252267556.0307837	1885675.6822337797	-1443729.0660596348	1416235.3632408138	49.00814926191885	1599.565890624997	-273.8643519180688	458152.3858908498	-1343857.4794014671	458154.7233032209	301287770.45166224	1691440.9133652258	-1343858.720053394	1691435.877602731	43.960045479146764	-0.07027722387066063	0.0	0.0	0.0	0.1789826555284199	0.0	0.0	0.0	-0.10729837761220615	301312164.30892885	0.1797886927840344
296	1990.0	nan	nan	1	1	6.000000000000838e-05	6.000000000000867e-05	5.999999999999513e-05	0.9311812011292682	2.61184303351758e-19	4.7578043935181394e-18	4.422460661568372e-19	1.1990000000000163	4.344072844497671e-18	2.3050138187041823e-19	-2.92300905702092e-19	0.8969343254713638	-616.3830826998576	385544.4245095371	-1492792.6901315504	496434.7292399473	252753946.7686103	1899893.4652384308	-1437892.3259752074	1421246.3833520499	-186.49118808650434	1599.565890624997	-573.1534128259473	461614.6492008022	-1337045.2852018394	461617.5675407829	302623814.67488736	1701672.0519035857	-1337046.5819715303	1701666.8092492057	-167.03401980135487	-0.07130138999947422	0.0	0.0	0.0	0.18148787604539096	0.0	0.0	0.0	-0.10877263535473311	302648453.7996496	0.18230479467957997
300	2020.0	nan	nan	1	1	6.000000000000838e-05	6.000000000000867e-05	5.999999999999513e-05	0.9302294720293398	-7.734698298511589e-19	-1.046981511904077e-17	1.8995222061946038e-19	1.2019999999999924	-5.362463945113305e-18	-1.1058862159352145e-20	-1.2538798124794858e-18	0.895617142546423	-914.632260999243	387139.8255470287	-1487480.72176374	500248.5059104481	253225675.44989303	1913736.0536774725	-1432135.5062908852	1425931.288331289	-414.61475672987626	1599.565890624997	-849.6100686125897	464681.4731286307	-1330322.030652406	464685.30091601535	303945169.51538664	1711541.6662625526	-1330323.4509058646	1711536.2665303946	-370.80893691000864	-0.07232397915358897	0.0	0.0	0.0	0.18398683611300953	0.0	0.0	0.0	-0.11024225358942248	303970034.99913913	0.18481449365118124
