6	header
postResults v2.0.3	--cr f,p,texture --time RVE_1_40_D_tensionX.spectralOut
addCauchy v2.0.3	RVE_1_40_D_tensionX.txt
addStrainTensors v2.0.3	--left --logarithmic RVE_1_40_D_tensionX.txt
addMises v2.0.3	-s Cauchy RVE_1_40_D_tensionX.txt
addMises v2.0.3	-e ln(V) RVE_1_40_D_tensionX.txt
inc	time	elem	node	ip	grain	1_pos	2_pos	3_pos	1_f	2_f	3_f	4_f	5_f	6_f	7_f	8_f	9_f	1_p	2_p	3_p	4_p	5_p	6_p	7_p	8_p	9_p	texture	1_Cauchy	2_Cauchy	3_Cauchy	4_Cauchy	5_Cauchy	6_Cauchy	7_Cauchy	8_Cauchy	9_Cauchy	1_ln(V)	2_ln(V)	3_ln(V)	4_ln(V)	5_ln(V)	6_ln(V)	7_ln(V)	8_ln(V)	9_ln(V)	Mises(Cauchy)	Mises(ln(V))
0	0.0	nan	nan	1	1	6.000000000000838e-05	6.000000000000867e-05	5.999999999999513e-05	1.0	0.0	0.0	0.0	1.0	0.0	0.0	0.0	1.0	2.7716487604837305e-06	-1.193192284640359e-09	-2.8066754232013673e-08	-1.19319228464005e-09	2.7018729684353462e-06	-1.6832583398956398e-08	-2.8066754232013544e-08	-1.6832583398956544e-08	2.6991213888906947e-06	1599.565890624997	2.7716487604837305e-06	-1.193192284640359e-09	-2.8066754232013673e-08	-1.19319228464005e-09	2.7018729684353462e-06	-1.6832583398956398e-08	-2.8066754232013544e-08	-1.6832583398956544e-08	2.6991213888906947e-06	0.0	0.0	0.0	0.0	0.0	0.0	0.0	0.0	0.0	9.102600058541354e-08	0.0
2	2.0	nan	nan	1	1	6.000000000000838e-05	6.000000000000867e-05	5.999999999999513e-05	0.9999331859138993	-1.5243284328127195e-23	1.2366019285422743e-22	-1.8992066864217514e-24	1.000200000000001	-2.424731073188941e-22	1.4889251025954498e-25	2.5702155993247675e-23	0.9999338800589288	3.163757735137551e-06	-494.1626033506836	2741.20091449502	-494.29446170406453	14158906.77614979	727.4803459808256	2741.202817413169	727.2867876656427	9.388268570546643e-06	1599.565890624997	3.1633342695913645e-06	-494.22830092569404	2740.8359103847333	-494.22830092568097	14160789.164322602	727.3834784673822	2740.8359103847515	727.38347846734	9.387018477348967e-06	-6.681631826113055e-05	0.0	0.0	0.0	0.0001999800026669107	0.0	0.0	0.0	-6.612212709130451e-05	14160790.041971816	0.0001776332690460737
4	4.0	nan	nan	1	1	6.000000000000838e-05	6.000000000000867e-05	5.999999999999513e-05	0.9998663539893821	1.6866212689956235e-23	-8.846398866234111e-22	-7.47771273747937e-24	1.0003999999999935	-5.096292841163706e-22	8.04019555401543e-24	6.256132408861059e-23	0.9998677425139985	-8.88652318280947e-06	-988.3614006119941	5482.5942598347365	-988.8889062295544	28326310.37550234	1455.406311258222	5482.601873569296	1454.6319700903284	-9.906286015393562e-06	1599.565890624997	-8.884144989498053e-06	-988.6242617854344	5481.134630772238	-988.6242617854945	28333843.94285931	1455.0188389688315	5481.134630772161	1455.0188389688024	-9.903648668494454e-06	-0.00013365494204179026	0.0	0.0	0.0	0.00039992002132067657	0.0	0.0	0.0	-0.00013226623279384865	28333845.6971644	0.0003552546439165021
6	6.0	nan	nan	1	1	6.000000000000838e-05	6.000000000000867e-05	5.999999999999513e-05	0.9997995042228782	2.6261330087333524e-23	-2.954159752447381e-22	-1.8674429508997153e-23	1.000599999999987	5.680414702524151e-23	1.4677492789140923e-23	-3.2954875604112625e-23	0.9998015873617153	-9.712958605632593e-06	-1482.5963387157901	8224.179771043919	-1483.7833888226858	42502212.49606089	2183.777960925088	8224.196906587782	2182.0354505081004	-1.0719484011133317e-05	1599.565890624997	-9.709060725393955e-06	-1483.1879358624897	8220.89647713858	-1483.1879358625526	42519172.06016104	2182.9061433007987	8220.896477138554	2182.906143300743	-1.071520453068635e-05	-0.0002005158790870514	0.0	0.0	0.0	0.0005998200719546787	0.0	0.0	0.0	-0.00019843232467648398	42519174.69009296	0.0005328641403785662
8	8.0	nan	nan	1	1	6.000000000000838e-05	6.000000000000867e-05	5.999999999999513e-05	0.9997326366108245	1.36382230675293e-22	5.221428724230727e-22	-2.635066559348925e-23	1.0008000000000166	-4.851910600991039e-23	3.1684326183231174e-23	-2.5119820842010343e-23	0.9997354145986065	5.866684875400096e-06	-1976.8673654680217	10965.957183084949	-1978.977965616415	56686614.83617121	2912.595360129257	10965.98765452712	2909.4971322110096	4.892741009825841e-06	1599.565890624997	5.863546688036155e-06	-1977.9193773697507	10960.121765241745	-1977.919377369746	56716781.24719001	2911.0454533905418	10960.121765241896	2911.0454533905677	4.89013738957535e-06	-0.000267399137138421	0.0	0.0	0.0	0.000799680170581106	0.0	0.0	0.0	-0.0002646204102859707	56716784.751719266	0.0007104617742035577
10	10.0	nan	nan	1	1	6.000000000000838e-05	6.000000000000867e-05	5.999999999999513e-05	0.9996657486137107	1.2740235794541733e-22	2.031714403107846e-21	-5.039846036163087e-23	1.0010000000000012	-1.0082603748082361e-21	2.980497183151069e-23	-1.545835128739098e-23	0.9996692150059094	0.00040619398135186203	-2474.3676739433727	13686.839682145777	-2477.670206318212	70877013.31317629	3663.9345649398438	13686.887141963858	3659.063526839869	0.0004092063759744633	1599.565890624997	0.00040592246621931995	-2476.0140395966946	13677.738318624435	-2476.0140395963585	70924172.62646578	3661.4981514822193	13677.738318624706	3661.498151482501	0.0004089342652411252	-0.0003343072607349916	0.0	0.0	0.0	0.000999500333084976	0.0	0.0	0.0	-0.0003308397155141794	70924176.99588868	0.0008880514707441072
12	12.0	nan	nan	1	1	6.000000000000838e-05	6.000000000000867e-05	5.999999999999513e-05	0.9995987773673665	1.2964236304421093e-22	-5.656856598678641e-22	-4.663975165818991e-23	1.0011999999999661	5.502670132498757e-21	2.8772650427044514e-23	5.929230630780103e-23	0.9996027529366619	0.005662656328147023	-3040.2259412024528	15804.253821820505	-3045.0959737506087	85009607.98842317	5015.314103268321	15804.316677949266	5007.313008859183	0.007076398111614253	1599.565890624997	0.0056581169553497354	-3042.654924002495	15791.647414432578	-3042.654923998103	85077526.25490588	5011.313592173205	15791.647414435805	5011.31359217377	0.007070753558037735	-0.000401303143970038	0.0	0.0	0.0	0.0011992805754484767	0.0	0.0	0.0	-0.00039732598685466084	85077531.25128092	0.0010657325676042718
14	14.0	nan	nan	1	1	6.000000000000838e-05	6.000000000000867e-05	5.999999999999513e-05	0.9995310529692673	2.3412520057700897e-22	-1.07742590890747e-21	-2.7846208140985125e-23	1.0013999999999972	2.6964235084656582e-21	2.591391423006125e-23	1.1524942038578824e-22	0.9995333827125858	-3.8104720775508887	-4232.496227509809	10206.507203301304	-4240.41025301635	98374096.25707479	13257.525627808993	10206.530988744378	13232.813500748125	-4.756693355106367	1599.565890624997	-3.8069212499933536	-4236.458780163039	10197.019932222865	-4236.458783152452	98466196.17050152	13245.202338660705	10197.019927971834	13245.202341145967	-4.752271858271259	-0.0004690570207792448	0.0	0.0	0.0	0.0013990209137045263	0.0	0.0	0.0	-0.0004667261871380321	98466204.9800105	0.0012446090726179425
16	16.0	nan	nan	1	1	6.000000000000838e-05	6.000000000000867e-05	5.999999999999513e-05	0.9994608650926611	3.3034284942917714e-22	1.8698781706230713e-21	-7.792703114739563e-23	1.0016000000000043	2.431408075093469e-21	1.6093625997831706e-23	-5.255839437712934e-22	0.9994522603368692	90.13911373799398	-5645.4050845078345	-30530.334527244897	-5657.487917088777	108702639.84855664	47677.24721873977	-30530.071690713572	47575.0124626242	209.1792828134687	1599.565890624997	90.04444245610168	-5651.545937137743	-30498.00656474839	-5651.545972341485	108820882.36292002	47626.76273228095	-30498.006575988515	47626.762715444995	208.95778704165505	-0.0005392802928203523	0.0	0.0	0.0	0.0015987213637015073	0.0	0.0	0.0	-0.000547889727299781	108820777.38980596	0.0014282128989803239
18	18.0	nan	nan	1	1	6.000000000000838e-05	6.000000000000867e-05	5.999999999999513e-05	0.999388745925577	7.411538288475127e-23	-6.907871322214039e-21	-4.701032857261367e-23	1.0017999999999845	-6.762922809115148e-21	8.607972326471827e-23	-2.693564772268675e-22	0.9993547837525008	-87.83716115610808	-2904.3952045154692	-116461.26153577326	-2911.400622844549	115110579.29622489	116320.32757868877	-116457.30434830223	116036.41088305549	292.40378435365085	1599.565890624997	-87.73594700558243	-2908.0479335305704	-116323.11089700168	-2908.045836134658	115255348.76571263	116182.34412096899	-116323.11140562309	116182.3447298618	292.05692421273375	-0.0006114409663575742	0.0	0.0	0.0	0.0017983819413641038	0.0	0.0	0.0	-0.0006454244890807628	115255598.49187124	0.0016179954124286371
20	20.0	nan	nan	1	1	6.000000000000838e-05	6.000000000000867e-05	5.999999999999513e-05	0.9993167724324566	-5.844527336054672e-22	-1.7474183822737808e-20	1.3976043629695956e-23	1.0019999999999898	-8.891093089091577e-21	2.744916144695967e-23	1.5356707333720465e-21	0.9992456936857407	-168.61717954506997	4983.4672633802165	-218701.86028661422	4996.851132995795	119051387.46234594	207405.25065782477	-218686.30621897333	206835.13307632893	206.16321608807817	1599.565890624997	-168.4076492616624	4990.638903906444	-218414.55647349716	4990.641850899708	119222712.70838548	207132.78695177124	-218414.55808605446	207132.78672673373	205.89238401546135	-0.0006834610738625738	0.0	0.0	0.0	0.0019980026626626427	0.0	0.0	0.0	-0.0007545909464096306	119223834.27012406	0.0018118179210563233
22	22.0	nan	nan	1	1	6.000000000000838e-05	6.000000000000867e-05	5.999999999999513e-05	0.9992457320626179	-8.106105305223654e-22	-8.392190683158794e-21	-2.642742795433417e-22	1.0021999999999904	5.068009881659293e-20	6.541211935171334e-22	2.7151641124236596e-21	0.9991300557281158	-97.2635889972935	17564.088322427593	-315124.67326017644	17616.01842092247	121777054.75210267	305873.2401754779	-315088.19490785646	304936.28720514517	239.90981471481058	1599.565890624997	-97.13458049578608	17592.650977149395	-314670.26652723283	17592.652882364422	121975088.14296654	305432.173919621	-314670.2681555456	305432.1734546164	239.5638670808859	-0.0007545525405631414	0.0	0.0	0.0	0.002197583543477453	0.0	0.0	0.0	-0.0008703228930046726	121977385.61644772	0.002007793710973284
24	24.0	nan	nan	1	1	6.000000000000838e-05	6.000000000000867e-05	5.999999999999513e-05	0.9991755312177957	6.140988867593677e-22	-1.2106853673342529e-20	1.1773757966834776e-22	1.0024000000000304	1.1464590941086955e-20	3.595654861094505e-22	1.5593876558951669e-21	0.9990107346982702	-61.46425964244712	34228.261374768226	-400337.97516744275	34338.72128460395	123881186.04940781	400915.3950418464	-400271.9477832861	399559.8401438085	228.56546018681775	1599.565890624997	-61.37781755099045	34290.42712329252	-399709.0120551492	34290.428001595974	124106180.43561159	400285.52475655446	-399709.01341266	400285.5251638807	228.2063654915374	-0.0008248088435168772	0.0	0.0	0.0	0.002397124599751577	0.0	0.0	0.0	-0.0009897549476015112	124109978.78020078	0.002204995106992962
26	26.0	nan	nan	1	1	6.000000000000838e-05	6.000000000000867e-05	5.999999999999513e-05	0.9991058883491913	2.6834003769016236e-21	4.247552593125096e-20	7.123547086408666e-22	1.0026000000000086	-2.1908507180732477e-20	-2.574980159653073e-22	-4.741690438729573e-21	0.998889214480428	-38.899169381866855	53327.470982771825	-475279.4101378594	53513.97074303597	125621029.07195996	486995.760920374	-475176.3384240622	485193.311820358	195.4880968638017	1599.565890624997	-38.84143832519087	53434.548688847004	-474471.1183833801	53434.549559318744	125873267.0157427	486167.5435610229	-474471.1194551079	486167.54491027	195.15563681309587	-0.000894511607052179	0.0	0.0	0.0	0.0025966258472743297	0.0	0.0	0.0	-0.0011114028990337002	125878722.12732849	0.0024029870180897537
28	28.0	nan	nan	1	1	6.000000000000838e-05	6.000000000000867e-05	5.999999999999513e-05	0.9990365531542449	1.4230153513872247e-22	-1.0018493941887051e-20	7.208250381134096e-22	1.0028000000000068	5.810222501690873e-21	-5.891114148153659e-22	-5.421010862427522e-22	0.9987662888826901	-8.883438511677173	72855.31249721067	-541203.1202805489	73129.76512010564	127112662.28500956	562042.4996266807	-541056.7121155616	559781.7141549756	156.10529957949544	1599.565890624997	-8.869576831079941	73015.65263231401	-540212.4487086503	73015.65373801943	127392412.11718418	561013.6815993745	-540212.4494667603	561013.6830066559	155.81954904199677	-0.0009639112589830103	0.0	0.0	0.0	0.0027960873020082735	0.0	0.0	0.0	-0.0012344727653707964	127399543.31209859	0.002601546854561131
30	30.0	nan	nan	1	1	6.000000000000838e-05	6.000000000000867e-05	5.999999999999513e-05	0.9989673254781173	1.531435568635775e-21	9.251135031233858e-21	8.267041565201971e-22	1.0029999999999917	-3.024331138171479e-20	-6.030874584450618e-22	1.0816610736437415e-21	0.9986424252322846	30.56424112189903	91465.55393258359	-598612.7861391798	91834.78712328467	128412937.6651251	625554.9513716656	-598418.095768803	622837.2029874495	124.9024060067601	1599.565890624997	30.51424802711488	91684.57438575734	-597439.2795039555	91684.57546912236	128720431.12677865	624328.6279400083	-597439.2796266649	624328.6287820424	124.65755022419361	-0.0010332080975884415	0.0	0.0	0.0	0.0029955089797899584	0.0	0.0	0.0	-0.0013584971071980447	128729152.8507291	0.0028005453133615773
32	32.0	nan	nan	1	1	6.000000000000838e-05	6.000000000000867e-05	5.999999999999513e-05	0.9988980474447223	6.420509740187597e-22	4.263201526825619e-20	8.944667923005412e-22	1.0032000000000023	-3.155451838406445e-20	-5.742883382384157e-22	-2.7740329022578335e-21	0.99851793637566	66.79776275237664	108598.06225331192	-647841.1364995205	109065.7622248854	129554721.57224604	677882.2361568868	-647594.6125742745	674718.4726715497	100.5778670133565	1599.565890624997	66.68352095956936	108879.23012796993	-646487.0556581508	108879.23100442148	129890147.68354636	676465.3651109316	-646487.054977966	676465.3653417986	100.36764485376273	-0.0011025601513971266	0.0	0.0	0.0	0.003194890896521059	0.0	0.0	0.0	-0.001483162966965143	129900311.71529342	0.002999893774495268
34	34.0	nan	nan	1	1	6.000000000000838e-05	6.000000000000867e-05	5.999999999999513e-05	0.9988286021738739	-1.4687551305389568e-21	-3.8679124261657187e-20	-4.065758146820642e-23	1.0034000000000036	5.483013674166537e-20	1.0003459107073287e-21	9.155579126871732e-21	0.9983930538889434	91.75368970557845	124048.7470241297	-689576.7440932282	124616.48897639083	130562348.47842507	720001.7152502785	-689276.0464105194	716408.9206213995	75.29951392701877	1599.565890624997	91.58996437623118	124394.12252410558	-688046.1033689454	124394.12325175095	130925859.09393325	718403.5407811485	-688046.1018919733	718403.5404388707	75.13237299089722	-0.0011720844488175286	0.0	0.0	0.0	0.0033942330680189364	0.0	0.0	0.0	-0.0016082386338206187	130937289.21197091	0.0031995211192152135
36	36.0	nan	nan	1	1	6.000000000000838e-05	6.000000000000867e-05	5.999999999999513e-05	0.9987589130489047	-3.8980456232642904e-21	-7.17104445892595e-20	9.690056916589195e-22	1.0036000000000034	-9.034792228593269e-20	4.5782130799094935e-21	3.367802998283098e-21	0.9982679545559219	102.61239217302412	137792.055164021	-724903.9583234721	138459.9483117452	131457146.44181307	753308.0211070287	-724547.616367052	749305.7557700148	49.32821431010967	1599.565890624997	102.42171170662901	138202.6528653054	-723201.2207270658	138202.6537787748	131848867.1551892	751538.5647887326	-723201.2187781387	751538.5638989893	49.21234654017272	-0.0012418577373131629	0.0	0.0	0.0	0.0035935355101339795	0.0	0.0	0.0	-0.0017335471690758878	131861383.91473752	0.0033993658305926005
38	38.0	nan	nan	1	1	6.000000000000838e-05	6.000000000000867e-05	5.999999999999513e-05	0.998688938433337	-2.9408983928669308e-21	-1.2312979141056863e-19	-2.710505431213761e-22	1.0038000000000047	-5.039253113100009e-20	3.288181901241194e-21	5.254992404765679e-21	0.99814277025024	101.91102005750149	150017.89777653269	-755061.9098825814	150785.65614834902	132258409.05670705	779334.0642479537	-754648.9755385309	774941.881301624	25.717024679222842	1599.565890624997	101.7141307150551	150494.34124599883	-753191.0162378356	150494.342327011	132678449.97323103	777403.0290191178	-753191.0140689288	777403.0276317237	25.653302993087717	-0.0013119217598051552	0.0	0.0	0.0	0.0037927982387011287	0.0	0.0	0.0	-0.0018589565392926237	132691887.809903	0.0035993748032337844
40	40.0	nan	nan	1	1	6.000000000000838e-05	6.000000000000867e-05	5.999999999999513e-05	0.9986186616798093	5.942783157936171e-21	1.8626762729890418e-19	4.065758146820642e-23	1.0040000000000127	-1.1041074467459805e-20	3.386437723122693e-21	1.886172966945876e-20	0.9980175966512548	95.1770264730732	160982.061669527	-781127.6191893483	161849.5598231341	132983095.26579136	799495.6091704144	-780657.4588521804	794731.7572903198	6.902693913094641	1599.565890624997	94.98613596656618	161524.94755115345	-779091.7462455258	161524.94845842314	133431559.17640388	797411.8632633062	-779091.7438550763	797411.8611866086	6.884703244947824	-0.0013822932474545143	0.0	0.0	0.0	0.003992021269549621	0.0	0.0	0.0	-0.0019843709110287386	133445772.54927121	0.0037995034042982963
44	48.666666666666664	nan	nan	1	1	6.000000000000838e-05	6.000000000000867e-05	5.999999999999513e-05	0.9983105748792511	3.9844429838842286e-21	-3.535697633923109e-19	-5.000882520589389e-21	1.0048666666666766	-2.8794630932025764e-19	-4.804370876826391e-21	1.6022475230262346e-20	0.9974766959124055	271.80427565641264	195254.00767455675	-860202.965309316	196536.26548381185	135521001.81623238	842027.0058005695	-859484.4163519618	835834.5494207769	-595.1639595491383	1599.565890624997	271.17215100094717	196079.2003765765	-857485.576644181	196079.1887185349	136093747.76393944	839367.0351499487	-857485.5468005076	839366.9971205323	-593.2838314133395	-0.0016908538087024752	0.0	0.0	0.0	0.004854862726192178	0.0	0.0	0.0	-0.0025264929848551262	136110200.99532428	0.0046673597085605525
48	57.33333333333333	nan	nan	1	1	6.000000000000838e-05	6.000000000000867e-05	5.999999999999513e-05	0.9979982052516853	-1.1024980841461973e-20	2.0810583074501453e-19	-1.2392092018330415e-20	1.0057333333333194	-1.532994109258723e-19	-3.903127820947816e-21	2.8214667473040746e-20	0.9969389929577266	192.27700263528587	214130.36340185133	-909071.0220289045	215789.99847296695	137574241.72984645	852405.5887691053	-908106.1717743765	844951.9501483286	-424.20654057340147	1599.565890624997	191.76790171303892	215218.65403488112	-905701.7556807788	215218.6410785385	138273445.50572476	849246.3400463992	-905701.7360737368	849246.312134634	-422.63431487576685	-0.002003801017294856	0.0	0.0	0.0	0.005716960329215411	0.0	0.0	0.0	-0.0030657015066367066	138290784.78748623	0.005535199230419499
52	66.0	nan	nan	1	1	6.000000000000838e-05	6.000000000000867e-05	5.999999999999513e-05	0.9976827957398932	3.3779673936501497e-21	-1.4453261992179027e-19	-1.3174750461593388e-20	1.0065999999999815	-2.2559875517171033e-19	-2.5275463146068322e-21	-8.883681550803102e-21	0.9964044257667831	154.2787997298804	224716.74486889847	-941472.9127069989	226725.23087284382	139396694.33469653	851228.6643637655	-940266.542277318	842606.7823284616	-289.85534717431614	1599.565890624997	153.82030830956847	226051.45365408921	-937472.2478346522	226051.44047970182	140224643.28288737	847611.4805129175	-937472.2235297296	847611.4591071825	-288.62364513610464	-0.0023198931324791366	0.0	0.0	0.0	0.006578315360103977	0.0	0.0	0.0	-0.003602053846867782	140242342.68819684	0.006402464241997567
56	74.66666666666666	nan	nan	1	1	6.000000000000838e-05	6.000000000000867e-05	5.999999999999513e-05	0.9973652958957182	2.968681073536872e-20	3.9205766996612547e-20	-2.6529071908004688e-21	1.0074666666666623	-3.413678302706391e-19	-2.0718425889840187e-20	2.1975422783565567e-20	0.9958725292398316	149.26136140285269	230667.72083543762	-964499.0185599171	233003.92121671906	141095402.14948848	846209.5516604738	-963055.4257109817	836471.1711843009	-198.65001616054144	1599.565890624997	148.76917681182073	232235.6131771972	-959879.7985035235	232235.59819865835	142054454.41604075	842156.8485910833	-959879.7810807191	842156.8247237407	-197.69863298524098	-0.0026381810456241996	0.0	0.0	0.0	0.007438929096994461	0.0	0.0	0.0	-0.004136012278953919	142072265.28197408	0.007268973870524377
60	83.33333333333333	nan	nan	1	1	6.000000000000838e-05	6.000000000000867e-05	5.999999999999513e-05	0.9970463850290813	-1.608007347067564e-20	-5.760959065478563e-19	2.4411489539868937e-21	1.0083333333333528	1.3880498313245672e-19	1.4365678785432934e-20	1.681868620068139e-20	0.9953428328375632	146.5695860466218	233993.05493378584	-981681.1745378684	236641.92932641268	142717318.16263816	840468.181074939	-980003.8654469554	829640.2868137184	-139.49701089157148	1599.565890624997	146.03839235902177	235784.31465699582	-976452.1707295383	235784.29779131486	143809845.3912844	835991.3596449161	-976452.1608867473	835991.3352708715	-138.7539688325791	-0.00295798549964455	0.0	0.0	0.0	0.008298802814714663	0.0	0.0	0.0	-0.00466804555355704	143827655.15632498	0.008134682198914743
64	92.0	nan	nan	1	1	6.000000000000838e-05	6.000000000000867e-05	5.999999999999513e-05	0.996726519203059	-1.1039380401565296e-20	-3.581289182309072e-19	-7.704611688225116e-21	1.0092000000000152	3.7826458545303645e-19	1.5449880957918439e-21	-2.199575157429967e-20	0.994814975779614	143.05218280851653	235803.1115563419	-995199.1185423638	238754.03992726482	144284439.90027687	835212.3595674654	-993290.4994099126	823307.3124111097	-98.28099038317171	1599.565890624997	142.4868983046821	237810.59730922434	-989365.4211273018	237810.58030051098	145512790.77126706	830316.4788414323	-989365.4161563815	830316.4552888292	-97.70488300037199	-0.0032788503565072385	0.0	0.0	0.0	0.009157937784781345	0.0	0.0	0.0	-0.00519851310546847	145530547.4168911	0.008999586243639826
68	100.66666666666666	nan	nan	1	1	6.000000000000838e-05	6.000000000000867e-05	5.999999999999513e-05	0.9964060066136875	2.9959555344384602e-21	-5.090769656952015e-19	-2.817231582567803e-21	1.0100666666666835	-5.392889368578679e-19	-2.061678193616967e-20	2.030507381158009e-20	0.9942886957825933	139.05237949366727	236817.22464097943	-1006717.0789006286	240063.95708358494	145807835.1633658	831012.2226840459	-1004577.8562585476	818031.1879580596	-68.74144849802664	1599.565890624997	138.45730816904168	239036.62501605236	-1000278.7907189605	239036.60913415116	147174315.00680092	825697.6250833265	-1000278.7894048154	825697.6012779854	-68.30182423344284	-0.003600467296658172	0.0	0.0	0.0	0.010016335275505488	0.0	0.0	0.0	-0.005727676081561951	147192007.56427217	0.009863695758975301
72	109.33333333333333	nan	nan	1	1	6.000000000000838e-05	6.000000000000867e-05	5.999999999999513e-05	0.9960850616965998	8.55249166842667e-21	2.257444448386381e-19	1.9046382851960198e-20	1.010933333333348	2.7803687087032957e-19	3.6869650128085184e-20	-4.209414934674971e-20	0.9937638012106172	135.59224308717478	237593.5936677845	-1017229.6934702308	241135.30009459218	147293398.3323736	828183.4761153704	-1014859.1584455927	814117.7144402601	-46.78873561081308	1599.565890624997	134.96748506323735	240024.2527306903	-1010183.0688352402	240024.23938670382	148800257.28440148	822446.4256512045	-1010183.0694011964	822446.4011288553	-46.46461741104801	-0.003922621734354677	0.0	0.0	0.0	0.010873996551893183	0.0	0.0	0.0	-0.006255725099348453	148817898.4443922	0.010727023485568133
76	118.0	nan	nan	1	1	6.000000000000838e-05	6.000000000000867e-05	5.999999999999513e-05	0.9957638366088448	5.555265584567328e-20	-2.1813808897229446e-19	3.0147596658675057e-20	1.0117999999999878	4.2250681035402304e-19	9.893344823930227e-22	-1.2583521464409886e-20	0.9932401514421729	133.40372261667147	238481.33654877005	-1027207.8826406979	242321.92142475487	148744469.80037007	826863.1005136763	-1024604.505823484	811695.5981818194	-29.30725804130605	1599.565890624997	132.74525501445447	241125.8544886482	-1019547.1583464688	241125.84434807746	150393896.22734877	820696.510138783	-1019547.1591547618	820696.4852205123	-29.088689991480447	-0.004245161351504441	0.0	0.0	0.0	0.011730922875687068	0.0	0.0	0.0	-0.006782799823954076	150411508.58769625	0.011589581570918496
80	126.66666666666666	nan	nan	1	1	6.000000000000838e-05	6.000000000000867e-05	5.999999999999513e-05	0.9954424409574942	-5.0433188712468294e-20	1.891932790987205e-20	3.415067436739888e-20	1.012666666666667	-9.679282657500122e-19	-5.141828803012505e-20	-1.2268425208031286e-20	0.9927176428113993	132.26711711105537	239627.5320011426	-1036853.1724516737	243773.8197666382	150163103.0887543	827044.6929460432	-1034015.0228395433	810752.3028312825	-14.847419190897606	1599.565890624997	131.57083552800376	242490.5516127446	-1028571.751918387	242490.54373521815	151957220.4236525	820439.0277621155	-1028571.7529420273	820439.0017000352	-14.728831790655468	-0.004567976378518557	0.0	0.0	0.0	0.012587115505472018	0.0	0.0	0.0	-0.007309002993369045	151974829.26127392	0.012451380430131732
84	135.33333333333331	nan	nan	1	1	6.000000000000838e-05	6.000000000000867e-05	5.999999999999513e-05	0.9951209543411091	3.6771394306203686e-20	-2.853281304802946e-19	2.2487030683707164e-20	1.0135333333333367	-1.4929463915125396e-19	-2.2083843000814118e-20	-1.6605233897973303e-20	0.9921961988138238	131.89260424830852	241050.61044431836	-1046244.8294211512	245510.6797914692	151550681.44775394	828606.5134534703	-1043169.8167108254	811162.4736324943	-2.652649196916143	1599.565890624997	131.15499893431124	244137.67562642414	-1037335.9209787897	244137.66890060515	153491547.0243206	821550.8230877789	-1037335.9217430742	821550.7959220166	-2.630061549971102	-0.004890987059755446	0.0	0.0	0.0	0.013442575696492647	0.0	0.0	0.0	-0.00783441019103744	153509176.02766746	0.013312428541489653
88	144.0	nan	nan	1	1	6.000000000000838e-05	6.000000000000867e-05	5.999999999999513e-05	0.9947994350047235	4.380007370251987e-20	9.112990310283787e-19	-1.5131396569750822e-20	1.014400000000008	-1.568840543586525e-19	2.5743025332952695e-20	-1.9481757786848908e-20	0.991675762798109	131.72134693781132	242708.25007750758	-1055416.024880511	247490.33211242917	152908224.24820375	831356.8292468194	-1052102.0172079687	812733.0344292432	7.366523546862125	1599.565890624997	130.94147343034697	246025.03946666289	-1045872.9085080221	246025.0331471907	154997829.2597312	823839.6656056249	-1045872.9092505726	823839.6379499313	7.299915129128095	-0.005214135001658049	0.0	0.0	0.0	0.01429730470083293	0.0	0.0	0.0	-0.008359077143062256	155015498.96325034	0.014172732651061604
92	152.66666666666666	nan	nan	1	1	6.000000000000838e-05	6.000000000000867e-05	5.999999999999513e-05	0.994477926234937	2.5441481603730166e-20	-1.2117788868691581e-18	-4.467082357229729e-20	1.0152666666666785	8.674972632599642e-20	1.37287100090977e-20	-9.242823520438926e-20	0.9911562922809726	131.34678417978955	244540.24941992547	-1064389.7002225928	249652.15587655304	154236549.67891315	835086.7806181686	-1060834.556069543	815255.2593911147	15.268635765950137	1599.565890624997	130.52604359531577	248092.17161360072	-1054205.767586975	248092.16597950988	156476819.8396738	827096.7864300137	-1054205.7681702664	827096.758924262	15.122547582227767	-0.005537376776636559	0.0	0.0	0.0	0.015151303767355665	0.0	0.0	0.0	-0.0088830454011817	156494547.26064587	0.015032298125124528
96	161.33333333333331	nan	nan	1	1	6.000000000000838e-05	6.000000000000867e-05	5.999999999999513e-05	0.9941564611072903	2.7176205079706975e-20	-3.008661028647275e-20	1.7584403984999276e-21	1.0161333333333176	-7.203642521901033e-19	1.4555414165617898e-20	4.0572878173480985e-20	0.9906377545916613	130.6008938069896	246487.17843829805	-1073186.1997151172	251936.03110044627	155536366.30912805	839603.7553711723	-1069387.7764824163	818537.4148989185	21.377539646673366	1599.565890624997	129.74199612305205	250279.17718694938	-1062354.9400789586	250279.1720445474	157929163.0061036	831129.9543957843	-1062354.9403533672	831129.9273074208	21.161784279751167	-0.005860679171981798	0.0	0.0	0.0	0.01600457414170035	0.0	0.0	0.0	-0.009406346701801517	157946961.79320362	0.015891129313188986
100	170.0	nan	nan	1	1	6.000000000000838e-05	6.000000000000867e-05	5.999999999999513e-05	0.993835065848783	-3.1712913545201e-20	7.269575566515307e-20	2.3500082088623308e-20	1.0169999999999992	-1.039397517707541e-18	-3.095397202446115e-20	4.521123059264553e-20	0.9901201237148245	129.44377275063295	248497.62934887476	-1081822.3809575876	254289.76390019138	156808323.20810768	844744.9885828124	-1077778.5434975643	822417.8820492614	25.902063899675383	1599.565890624997	128.55007133877308	252534.10972185642	-1070337.380470767	252534.10492803756	159355444.96781296	835776.8836740147	-1070337.3805468248	835776.8571347757	25.627078632469104	-0.006184015823018179	0.0	0.0	0.0	0.016857117066422588	0.0	0.0	0.0	-0.009929006128568674	159373325.9602025	0.016749229853172256
104	208.75	nan	nan	1	1	6.000000000000838e-05	6.000000000000867e-05	5.999999999999513e-05	0.9923993082281432	1.710667740274785e-20	3.199819424183625e-19	-6.779990523002321e-20	1.020874999999998	-7.488042304271137e-19	-1.167008113409085e-19	3.182811002602759e-20	0.9878168902205143	8973.387403491399	257116.38043868804	-1118495.9504592533	264493.8378404352	162160205.55299413	871857.7022655983	-1113331.7201159964	843623.9823813105	6355.498315130924	1599.565890624997	8898.307332037697	262281.0086263094	-1104016.0689631628	262280.8255908585	165417474.37064216	860570.7626883241	-1104016.5059901183	860569.6324084541	6273.220983314111	-0.007629724234319765	0.0	0.0	0.0	0.020660102696300506	0.0	0.0	0.0	-0.012257932195601954	165428280.3117415	0.020576856675195026
108	247.5	nan	nan	1	1	6.000000000000838e-05	6.000000000000867e-05	5.999999999999513e-05	0.9909663628919849	5.361718556119721e-20	2.4588350019255635e-19	-5.912628785013918e-20	1.0247500000000092	8.101565208626372e-19	-4.24465150528075e-20	-4.4086370838691826e-20	0.985529812982412	7548.263966223617	265399.52429530845	-1152439.7162933135	274447.5319558699	167013587.30456746	903617.5428725226	-1146117.4398773091	869032.2856482523	5229.356381904475	1599.565890624997	7474.108286509152	271751.1936710397	-1134857.6164858248	271751.3036086349	171010637.0002296	889831.5776702102	-1134857.7491501411	889830.3853054766	5149.575145163261	-0.009074687819548965	0.0	0.0	0.0	0.024448680402319255	0.0	0.0	0.0	-0.014575901215870844	171023214.4376965	0.024390332949509208
112	286.25	nan	nan	1	1	6.000000000000838e-05	6.000000000000867e-05	5.999999999999513e-05	0.9895370398373214	-8.734603752086345e-21	2.1139231858036124e-19	-6.404585520779215e-20	1.028625000000013	1.26020884266137e-18	6.811500148640181e-20	6.522831320215916e-20	0.9832586595779367	6843.8167480130505	273527.44015057496	-1182967.5032552143	284332.53946893994	171423799.27715853	937475.2422263373	-1175461.7408917935	896127.7010488753	4748.365453212583	1599.565890624997	6766.646937750312	281126.0341308353	-1162207.527591496	281126.45009947935	176185953.48202997	921023.4266351205	-1162207.4176310103	921022.1341302001	4665.03607097691	-0.010518081757520878	0.0	0.0	0.0	0.028222958943752152	0.0	0.0	0.0	-0.01688306061219262	176199631.84351662	0.02818957329155344
116	325.0	nan	nan	1	1	6.000000000000838e-05	6.000000000000867e-05	5.999999999999513e-05	0.9881116457271969	4.277177570455315e-20	-6.081425510742755e-19	1.0132885741413744e-19	1.0325000000000024	-5.079622703366149e-19	7.857755245088693e-20	1.920054284836048e-19	0.9810031041124844	6433.746137689648	281553.14970890415	-1209813.5340939818	294201.97254013707	175434566.7288737	972180.3042502315	-1201109.8232559934	923690.5187595056	4481.256167275026	1599.565890624997	6351.897460843473	290458.4334226605	-1185829.8011944809	290459.2009631111	180983411.02891368	952907.4889855597	-1185829.573200036	952906.0545891162	4392.41830264438	-0.011959585870310839	0.0	0.0	0.0	0.03198304585305311	0.0	0.0	0.0	-0.01917965518887049	180997918.01439634	0.031974664490100585
120	363.75	nan	nan	1	1	6.000000000000838e-05	6.000000000000867e-05	5.999999999999513e-05	0.9866903788448265	-2.504845831620417e-19	7.443590015199231e-19	2.329001791770424e-20	1.036375000000022	-1.42447902432008e-18	1.1842198228972922e-19	2.0179712935386453e-20	0.9787629155414531	6176.130008208187	289078.7816925178	-1233214.7421140566	303636.42488231166	179085106.068359	1006821.4100537648	-1223306.2813012043	950850.7105539135	4311.44815407441	1599.565890624997	6088.663815988896	299335.2179892911	-1205982.1676910822	299336.333746238	185438996.7667248	984588.1865578059	-1205981.849626166	984586.6343164227	4216.240216059208	-0.013398988007919508	0.0	0.0	0.0	0.03572904745426762	0.0	0.0	0.0	-0.021465835808681714	185454174.50303802	0.03574568372786653
124	402.5	nan	nan	1	1	6.000000000000838e-05	6.000000000000867e-05	5.999999999999513e-05	0.9852733764834845	-2.7030515412779232e-20	-2.4248181587638305e-18	-9.639234939753938e-20	1.0402499999999943	-1.6605098372701743e-18	1.897353801849633e-21	-2.3783329906185146e-19	0.976537908431794	6001.824479028326	295880.3389026648	-1253706.4760460802	312391.40446005756	182410326.36395466	1040584.084322897	-1242590.7286034657	976850.0219788085	4190.226046388438	1599.565890624997	5908.217288380635	307517.7956378049	-1223211.0539855538	307519.2057051337	189584822.2732677	1015272.6964923318	-1223210.717135974	1015271.1279896369	4088.302099870568	-0.01483613673989039	0.0	0.0	0.0	0.03946106888090839	0.0	0.0	0.0	-0.023741708700224746	189600565.5164704	0.03950270551673414
128	441.25	nan	nan	1	1	6.000000000000838e-05	6.000000000000867e-05	5.999999999999513e-05	0.9838607426986047	-8.239936510889833e-21	-4.752600223090208e-19	-8.016319812814699e-21	1.0441250000000004	-2.7607853069627765e-18	-1.1514227071796058e-19	-2.1919179795867883e-19	0.9743279166871622	5872.270822173451	301946.79018745915	-1271837.5877052438	320443.53982540313	185441309.87489325	1072743.6866346032	-1259514.0657833559	1001032.071925698	4095.367747788843	1599.565890624997	5772.293906615499	314986.2811278381	-1238070.938665516	314987.90644397837	193449542.9764423	1044262.8806525036	-1238070.51605411	1044261.3727730435	3986.6377914131117	-0.016270913592776406	0.0	0.0	0.0	0.04317921409393412	0.0	0.0	0.0	-0.026007361890243216	193465773.20361227	0.04324580494447415
132	480.0	nan	nan	1	1	6.000000000000838e-05	6.000000000000867e-05	5.999999999999513e-05	0.9824525469407014	-1.9766360857126354e-19	6.810009370653014e-19	-5.896704565605537e-20	1.048000000000012	-1.1972302489671183e-18	-1.866454039933796e-19	2.452871889976893e-19	0.9721327967343941	5770.106073940273	307141.5381898304	-1288037.0110750191	327635.14442221407	188205806.8121492	1102875.0255262025	-1274506.7641642853	1023033.75278972	4020.4339533235116	1599.565890624997	5663.656678312638	321589.1419606704	-1250994.7206368556	321590.7905293746	197058803.18710592	1071157.7560213131	-1250994.1158645682	1071156.1474082114	3904.8114355651387	-0.01770323468430453	0.0	0.0	0.0	0.0468835858988619	0.0	0.0	0.0	-0.028262861698928134	197075451.89834532	0.046975056507085645
136	518.75	nan	nan	1	1	6.000000000000838e-05	6.000000000000867e-05	5.999999999999513e-05	0.9810488194050204	-1.2888453325421434e-19	-3.198789432119764e-18	-2.6576505753050928e-20	1.051875000000006	-8.236141803286134e-19	-4.824699667560495e-20	2.0355895788415345e-19	0.9699524337685703	5687.26891399372	311313.9495520028	-1302558.5140373092	333790.6623919562	190728673.39131784	1131017.9442024212	-1287824.9256227785	1042929.7319662295	3963.682283424423	1599.565890624997	5574.285306702355	327157.98501837667	-1262241.5998015099	327159.55813303415	200435632.78075466	1096010.569897045	-1262240.922499841	1096008.6758618946	3840.9980147665296	-0.01913305571614872	0.0	0.0	0.0	0.05057428596293879	0.0	0.0	0.0	-0.030508246039068845	200452638.60382614	0.05069053261311184
140	557.5	nan	nan	1	1	6.000000000000838e-05	6.000000000000867e-05	5.999999999999513e-05	0.9796495781694079	-1.1641620827063104e-20	-2.620123627609938e-18	8.822695178600792e-20	1.055750000000029	-1.0593468376812742e-18	1.5991982044161191e-19	-5.421010862427522e-22	0.9677867161876311	5617.446839016997	314686.40146881226	-1315408.5145006222	339133.1487586964	193032211.47653636	1157516.1313928985	-1299479.1842289537	1061071.8187224625	3916.076345479974	1599.565890624997	5497.917571841296	331915.5227867827	-1271829.232247047	331916.9991612381	203600750.1050954	1119167.7995652093	-1271828.5808405736	1119165.6384951633	3786.3373370237223	-0.020560344558616897	0.0	0.0	0.0	0.054251414831943845	0.0	0.0	0.0	-0.03274355049968561	203618063.8838086	0.05439230714226876
144	596.25	nan	nan	1	1	6.000000000000838e-05	6.000000000000867e-05	5.999999999999513e-05	0.9782548489520747	2.740320990957112e-20	-2.2473749207094218e-18	1.5604379767497622e-19	1.0596249999999814	3.1426142070578587e-18	1.4430730915782064e-19	1.98544522836408e-20	0.9656355174319274	5554.884028614943	317562.1076254044	-1326520.8072450587	343978.07054069964	195136474.42116994	1182627.0511273926	-1309408.2720342372	1077724.786579787	3874.268111298632	1599.565890624997	5428.871584948371	336173.46849766135	-1279704.9832007987	336174.9342351961	206572836.81323576	1140889.5528287068	-1279704.3690785163	1140886.9978209117	3737.536705949981	-0.021985061142259524	0.0	0.0	0.0	0.05791507194641543	0.0	0.0	0.0	-0.03496882711645293	206590416.6482091	0.058080457894548146
148	635.0	nan	nan	1	1	6.000000000000838e-05	6.000000000000867e-05	5.999999999999513e-05	0.9768646516535239	2.021494950599223e-19	-2.4975274669561398e-18	-4.2717565595928877e-20	1.0635000000000079	4.017755095633846e-18	-1.6355189771943834e-19	1.4269455842624845e-19	0.9634987102790323	5492.883684510918	319995.0805436606	-1336030.9745193748	348376.1612451886	197059508.92880917	1206452.5307629765	-1317750.2175238098	1093006.4190283457	3829.921641356337	1599.565890624997	5360.579864811798	339983.44432459265	-1286010.8655525364	339985.03201832605	209368751.7592577	1161283.7523416593	-1286010.3524180963	1161280.6246233643	3686.531928476355	-0.02340717117943571	0.0	0.0	0.0	0.06156535565816245	0.0	0.0	0.0	-0.03718412970771687	209386565.9968677	0.06175506414408877
152	673.75	nan	nan	1	1	6.000000000000838e-05	6.000000000000867e-05	5.999999999999513e-05	0.9754789975238718	1.8889512350128702e-19	-3.2385389942685137e-18	-1.8396200361647796e-19	1.0673750000000148	-3.336442450443955e-18	-2.531612072753653e-19	-2.6876016603200047e-19	0.9613761707685733	5434.49449240856	321896.1245007981	-1344267.8329824326	352222.4567284673	198817593.26912618	1228912.8772413463	-1324832.7242410658	1106868.5074763817	3787.0437199596176	1599.565890624997	5296.009715468114	343245.1990108098	-1291073.1717460023	343246.9304082923	212003746.47052404	1180282.9817770584	-1291072.6082714533	1180279.202543138	3637.184813253609	-0.024826649110895996	0.0	0.0	0.0	0.06520236324564728	0.0	0.0	0.0	-0.0393895097993174	212021762.84622002	0.06541620574679065
156	712.5	nan	nan	1	1	6.000000000000838e-05	6.000000000000867e-05	5.999999999999513e-05	0.9740978924231294	-5.903480829183571e-20	-1.3421880794284302e-18	1.517476465665024e-19	1.071249999999988	-3.6632480902853983e-19	6.998525023393931e-20	8.546223624616989e-20	0.9592677756048078	5382.907182665715	323261.3207584014	-1351429.7360064446	355503.98524704546	200425408.32830316	1249725.4931373128	-1330854.310451619	1119082.542708101	3747.2330416877726	1599.565890624997	5238.249748721807	345948.3660445202	-1295090.2445552067	345950.3569719237	214491614.28379837	1197625.9300885773	-1295089.627359353	1197621.714254389	3591.015372138908	-0.026243474822053504	0.0	0.0	0.0	0.06882619092984155	0.0	0.0	0.0	-0.0415850192946248	214509795.9101919	0.06906396339016661
160	751.25	nan	nan	1	1	6.000000000000838e-05	6.000000000000867e-05	5.999999999999513e-05	0.9727213404021653	-1.0381235801548705e-19	5.290920154256418e-18	2.863377937534217e-19	1.0751250000000088	3.932021808844555e-18	2.850909612550634e-19	-2.3609857558587465e-19	0.9571733993014612	5324.337174971778	324140.4653328483	-1357529.4476234359	358266.9222674804	201896228.37164217	1268456.9402796503	-1335830.052683412	1129290.7015854958	3702.1461072049824	1599.565890624997	5173.875439831637	348140.20977084414	-1298081.1833015953	348142.57044748764	216844864.5406531	1212909.2955500053	-1298080.5073458466	1212904.724309953	3540.023539090905	-0.027657630001086515	0.0	0.0	0.0	0.07243693388951492	0.0	0.0	0.0	-0.04377071344955241	216863177.6341141	0.07269841887130996
164	790.0	nan	nan	1	1	6.000000000000838e-05	6.000000000000867e-05	5.999999999999513e-05	0.9713493381172887	-2.29661125186742e-19	4.506323699610126e-18	-6.738316501997411e-20	1.0789999999999964	-6.265008043598863e-18	1.1405806854547507e-19	1.0083080204115192e-19	0.9550929206615473	5255.389321305839	324578.4762829327	-1362449.8265455565	360552.7250172536	203242104.76242423	1284925.6458610373	-1339647.06612567	1137366.3972644545	3651.014937509075	1599.565890624997	5099.6200925692	349863.5049160541	-1299940.949468508	349865.97728818643	219074893.48343027	1225973.559930709	-1299940.0572797798	1225968.5197789287	3483.507232279394	-0.02906910390254298	0.0	0.0	0.0	0.07603468627599448	0.0	0.0	0.0	-0.045946644112620325	219093300.66062742	0.07631965384968846
168	828.75	nan	nan	1	1	6.000000000000838e-05	6.000000000000867e-05	5.999999999999513e-05	0.9699818758613841	1.0625181290357943e-19	-7.116269379325856e-18	-2.9243643097365268e-19	1.0828750000000065	-3.200564813177209e-18	-8.543513119185775e-20	-5.1228552649940085e-21	0.9530262221385484	5195.331370680849	324674.2172275368	-1366225.1530866616	362464.3596073405	204473935.28104797	1299193.2816462754	-1342341.8258950629	1143400.3428087623	3601.8516376486637	1599.565890624997	5034.195480990889	351220.0758593768	-1300709.552574742	351222.34001339495	221192035.73946142	1236892.1098110147	-1300708.3998533061	1236886.4967725289	3429.1293945672373	-0.03047789233825483	0.0	0.0	0.0	0.07961954122817329	0.0	0.0	0.0	-0.04811286034598452	221210487.9076191	0.07992774985565904
172	867.5	nan	nan	1	1	6.000000000000838e-05	6.000000000000867e-05	5.999999999999513e-05	0.9686189492858582	-1.7133104830702183e-19	-3.866576655207898e-18	1.5260145577733475e-19	1.0867500000000059	5.5649929109335975e-18	-2.688821387764051e-19	-5.341322002749837e-19	0.9509731783187589	5135.168124467397	324835.8343841819	-1369119.751903083	364454.3414146019	205601552.8728491	1311470.9500971122	-1344176.5075471515	1147612.2301496083	3550.8719180612907	1599.565890624997	4968.85987976402	352649.0380434611	-1300645.1508017199	352651.07415517274	223205638.5598778	1245879.5728351162	-1300643.8266059845	1245873.4726000964	3373.280047216314	-0.03188398562202884	0.0	0.0	0.0	0.0831915908867694	0.0	0.0	0.0	-0.05026942049508846	223224102.26257926	0.08352279008134006
176	906.25	nan	nan	1	1	6.000000000000838e-05	6.000000000000867e-05	5.999999999999513e-05	0.9672605563442521	-3.75811578037788e-19	1.941324976207498e-18	1.1663304870512814e-19	1.090625000000018	4.286068028269696e-18	1.1497964039208775e-19	-9.841303119650924e-19	0.9489336596881509	5069.563545727878	325552.8261331287	-1371427.750699063	367075.7921187981	206633860.70202565	1322132.194853265	-1345441.8190494077	1150358.0886088498	3494.858083199774	1599.565890624997	4898.456669719648	354684.4428328632	-1300031.8917108702	354686.3247650212	225124188.3660716	1253302.6384297658	-1300030.7408704248	1253296.193317817	3312.9174780423455	-0.03328737169084241	0.0	0.0	0.0	0.08675092640867159	0.0	0.0	0.0	-0.05241638830765012	225142647.1262079	0.08710485861267776
180	945.0	nan	nan	1	1	6.000000000000838e-05	6.000000000000867e-05	5.999999999999513e-05	0.9659066966097836	3.18701228602114e-19	-1.0362126738258648e-17	-3.0926866970149014e-20	1.0944999999999934	-4.497270611469872e-19	2.896988204881268e-19	-4.543620254343628e-19	0.9469075335150828	4999.848763068875	327004.66449172184	-1373401.017909507	370541.1034863431	207578893.76190323	1331737.4667557399	-1346385.6312807272	1152147.3466992143	3431.2425037782277	1599.565890624997	4824.291374692562	357528.9379375355	-1299111.4843013897	357530.46426568466	226955360.22490147	1259701.5835696838	-1299110.612299958	1259694.621950408	3245.6409191150437	-0.034688036794951034	0.0	0.0	0.0	0.09029763798077473	0.0	0.0	0.0	-0.05455383204684337	226973811.50148878	0.09067404025077413
184	983.75	nan	nan	1	1	6.000000000000838e-05	6.000000000000867e-05	5.999999999999513e-05	0.964557380359769	2.591785293326598e-19	-2.60177689397241e-18	-2.180872669954592e-19	1.098374999999991	-1.336441807914257e-18	1.9765005604410745e-19	6.979551485375435e-20	0.9448946553221658	4934.893625585048	328880.98171103845	-1375283.1234645806	374509.18917371443	208443912.2096705	1340777.761289099	-1347246.8151625209	1153418.8204199462	3366.1077032343564	1599.565890624997	4754.926014080768	360850.48992631066	-1298115.7099792594	360851.4430548185	228706103.50191596	1265546.4506360067	-1298114.896659859	1265539.1147076332	3177.2347209808954	-0.03608595606819275	0.0	0.0	0.0	0.0938318148338624	0.0	0.0	0.0	-0.05668183355184842	228724547.01876265	0.09423042174001868
188	1022.5	nan	nan	1	1	6.000000000000838e-05	6.000000000000867e-05	5.999999999999513e-05	0.9632126280302133	1.8997932567377252e-19	-1.1335295596853322e-17	-2.896446103795025e-19	1.102250000000004	-7.534662997688014e-18	1.1958749962515114e-19	5.713745448998608e-19	0.9428948696531961	4863.504916356154	330778.2207766599	-1377102.570085901	378525.9471683326	209235490.10381606	1349424.2094834787	-1348053.311439558	1154327.6939369845	3295.3744068350234	1599.565890624997	4679.570332845405	364209.66498428595	-1297071.7889640124	364210.3427559105	230382724.638293	1271001.9656392797	-1297070.8145254364	1270994.510169811	3103.8626098222303	-0.037481094017038315	0.0	0.0	0.0	0.09735354525591394	0.0	0.0	0.0	-0.058800487554901096	230401167.74554598	0.09777409160550835
192	1061.25	nan	nan	1	1	6.000000000000838e-05	6.000000000000867e-05	5.999999999999513e-05	0.9618724502343358	-4.6788744753611945e-19	-1.6662154512028792e-19	-2.325613659981407e-20	1.1061249999999982	-4.19190506958933e-18	0.0	2.630274470449834e-19	0.9409080303176953	4770.420704676655	332470.8071837271	-1378651.963696361	382332.4373564682	209959618.5035099	1357661.8482704528	-1348602.5420784743	1154867.3782049208	3212.234273408519	1599.565890624997	4583.585090339515	367357.45424584084	-1295785.0043541447	367358.2201465515	231990987.72378626	1276056.5467558755	-1295783.9333970963	1276049.297809427	3019.1557489210704	-0.03887342522100767	0.0	0.0	0.0	0.10086291660537541	0.0	0.0	0.0	-0.060909880286212435	232009442.89980876	0.10130513685888401
196	1100.0	nan	nan	1	1	6.000000000000838e-05	6.000000000000867e-05	5.999999999999513e-05	0.9605368377882082	-4.901135920720723e-19	2.46798295775591e-19	7.475573979287553e-20	1.1099999999999883	1.5875430310618999e-18	5.334274688628682e-20	1.428436362249652e-19	0.9389340107187276	4677.712555339102	333840.94197186636	-1379796.1772715999	385789.0858903203	210621762.2223868	1365591.482869795	-1348762.962532875	1155129.2542360101	3128.6793918549697	1599.565890624997	4488.233898391516	370160.8648664668	-1294130.0846159768	370162.0466067498	233536166.06589928	1280807.303562545	-1294129.0380114375	1280800.495154941	2934.4320507713246	-0.040262944788297644	0.0	0.0	0.0	0.10436001532423225	0.0	0.0	0.0	-0.06301007836824742	233554627.7934917	0.10482364124825606
200	1138.75	nan	nan	1	1	6.000000000000838e-05	6.000000000000867e-05	5.999999999999513e-05	0.9592057739528861	-5.202544124671693e-19	-7.01207755055e-20	2.282516623625108e-19	1.1138749999999749	-6.877148590184179e-18	-3.9215592578800695e-19	5.594483210025203e-20	0.9369726912328616	4599.299148071203	334983.19694435055	-1380589.8688535404	389000.21553007624	211226818.72794634	1373381.5291678607	-1348588.7070570418	1155259.1616289457	3055.9750869349496	1599.565890624997	4406.8499972001	372721.37999234436	-1292160.4407865554	372723.2222845218	235022986.48356333	1285413.8090780948	-1292159.5113922358	1285407.127578019	2860.234023479935	-0.041649655736401524	0.0	0.0	0.0	0.10784492695072447	0.0	0.0	0.0	-0.06510114206399413	235041440.8078483	0.10832968737599641
204	1177.5	nan	nan	1	1	6.000000000000838e-05	6.000000000000867e-05	5.999999999999513e-05	0.9578792297069216	2.342418793654932e-19	-4.605419778175301e-19	2.663342636710642e-19	1.1177499999999925	1.1277328897107974e-17	-1.0733601507606494e-20	-2.892922446734447e-19	0.9350239637610732	4513.860737721768	336097.06817338086	-1381012.6612032277	392194.3778370617	211779202.06508017	1381065.9079683458	-1348060.3608521908	1155287.698263523	2982.3005595345303	1599.565890624997	4318.975454969745	375259.0944494053	-1289858.9616946883	375261.442449891	236455712.10148942	1289908.693908663	-1289858.0502678212	1289901.806746089	2785.4539000613954	-0.0430335739822297	0.0	0.0	0.0	0.11131773613194643	0.0	0.0	0.0	-0.06718312033089757	236474161.6948251	0.11182335601869571
208	1216.25	nan	nan	1	1	6.000000000000838e-05	6.000000000000867e-05	5.999999999999513e-05	0.9565571561279302	-3.6163563463254e-19	-3.82633920208153e-18	1.6591003744459433e-19	1.1216250000000068	1.2940169769048993e-17	4.227304270520982e-19	-2.638134936200354e-19	0.9330877399603333	4410.138135728733	337206.73357496894	-1380947.2423794633	395399.4932255155	212282972.49158457	1388784.9978793515	-1347064.261693053	1155334.1943248531	2898.1863751227497	1599.565890624997	4213.878689597177	377800.7624804196	-1287118.3481358706	377803.4717058138	237838278.07548836	1294423.564875886	-1287117.3671135672	1294417.0328632824	2701.268191325188	-0.044414736395293156	0.0	0.0	0.0	0.11477852663609056	0.0	0.0	0.0	-0.06925604187002506	237856735.53032923	0.11530472463819072
212	1255.0	nan	nan	1	1	6.000000000000838e-05	6.000000000000867e-05	5.999999999999513e-05	0.9552395023112483	1.7124973314408541e-19	2.457140936031055e-18	-7.735782500684074e-20	1.1254999999999917	3.794544973373393e-18	3.4900467932308386e-19	4.42191856048213e-19	0.9311639338660269	4308.650840319786	338216.1953211745	-1380323.3573914836	398502.084944643	212741834.41294232	1396797.2780255452	-1345533.1027398868	1155612.0296337437	2811.660544313654	1599.565890624997	4111.209951302232	380238.4051171316	-1283875.9513337428	380241.00767411216	239174282.4203123	1299198.7888507594	-1283874.9963272105	1299192.8865642834	2615.2012402224623	-0.04579318218293102	0.0	0.0	0.0	0.11822738136464293	0.0	0.0	0.0	-0.07131993356899508	239192748.81267828	0.11877387002324245
216	1293.75	nan	nan	1	1	6.000000000000838e-05	6.000000000000867e-05	5.999999999999513e-05	0.9539262354943665	-1.7499023063916043e-19	5.7538067192719475e-18	-2.313958486627188e-19	1.1293750000000036	4.678766055143946e-18	-1.6046192152785465e-20	-9.88006334731728e-19	0.9292524418861663	4212.099462148898	339081.64757812757	-1379069.130864994	401448.6586379877	213159114.48962754	1405416.0378518926	-1343397.871510406	1156374.835229989	2726.073550776583	1599.565890624997	4013.5320641381736	382521.4386703246	-1280068.098097369	382523.508295035	240466954.55989745	1304523.6053396445	-1280067.2160413004	1304518.155947724	2530.3733564301906	-0.04716893180802629	0.0	0.0	0.0	0.12166438236435885	0.0	0.0	0.0	-0.07337484200498273	240485431.30258882	0.12223087148350463
220	1332.5	nan	nan	1	1	6.000000000000838e-05	6.000000000000867e-05	5.999999999999513e-05	0.9526173406911597	2.0860049798621105e-19	-8.473311028517338e-19	-1.1606384256457325e-19	1.1332500000000005	-2.2311796507579196e-18	-2.849283309291906e-19	5.836802395575713e-19	0.9273531437147353	4123.207307575685	339673.57848660945	-1377232.0625939881	404083.25610921864	213537828.91141367	1415178.6266951005	-1340705.9922301413	1158054.5902759917	2648.8372355590536	1599.565890624997	3923.4154198702918	384501.5857314655	-1275742.177958294	384503.2179239276	241719224.07361948	1310892.4141800737	-1275741.4728489683	1310887.435839449	2453.641238633683	-0.04854198724215574	0.0	0.0	0.0	0.12508961083882225	0.0	0.0	0.0	-0.07542083265448987	241737715.75086278	0.1256758105716089
224	1371.25	nan	nan	1	1	6.000000000000838e-05	6.000000000000867e-05	5.999999999999513e-05	0.9513128111102255	-6.510634045775454e-20	-2.0547257471859037e-18	8.643801820140684e-20	1.1371249999999768	-7.416484960887093e-18	3.146354704552934e-19	4.779163176316104e-19	0.9254659117317072	4052.243141542282	339984.07149208226	-1375034.1358342876	406391.86849108286	213880684.65283293	1426513.9841291714	-1337674.3699023635	1160985.3330144617	2587.473625996777	1599.565890624997	3850.5863009333966	386166.68002222123	-1271106.4626737144	386168.08196432877	242933716.1320148	1318695.3669487245	-1271106.008188676	1318690.7540611904	2391.9074896324328	-0.04991234190967846	0.0	0.0	0.0	0.12850314716006814	0.0	0.0	0.0	-0.07745797991951174	242952228.42345166	0.1291087696317906
228	1410.0	nan	nan	1	1	6.000000000000838e-05	6.000000000000867e-05	5.999999999999513e-05	0.9500126485487068	-9.64939933512099e-20	-4.143305707207667e-18	-4.133791833144107e-19	1.1410000000000078	-4.196350298496521e-18	-1.9147010366094008e-19	4.666406150377611e-19	0.9235906106059905	3978.4126797951903	340273.3601806487	-1372621.8053438137	408682.25975583406	214190152.9277772	1439436.467281166	-1334445.7333287476	1165158.0949936742	2524.3880803332218	1599.565890624997	3775.240964536113	387810.04420757305	-1266297.8275206985	387811.45463995414	244112829.26071396	1327936.9920221008	-1266297.5419816086	1327932.3779223245	2328.847705537081	-0.05127998021438788	0.0	0.0	0.0	0.1319050708799454	0.0	0.0	0.0	-0.0794863676362021	244131389.39266533	0.1325298318733888
232	1448.75	nan	nan	1	1	6.000000000000838e-05	6.000000000000867e-05	5.999999999999513e-05	0.9487168723433512	-1.4869832795638693e-19	-3.999838654733523e-18	-5.835447142860106e-19	1.1448749999999839	2.157806268734963e-17	-5.512083844916304e-19	-1.5016200088924238e-20	0.921727089373336	3887.570310451122	340599.22627717187	-1369960.1076070298	411023.53553964	214468572.84294036	1453657.52589132	-1330986.5118991064	1170320.6967959432	2453.568749682983	1599.565890624997	3683.98483023893	389497.50606438116	-1261284.9818812865	389498.92834825447	245258849.13060105	1338342.916720432	-1261285.0000184136	1338338.3094552276	2258.933963700559	-0.052644868043073764	0.0	0.0	0.0	0.13529546074100046	0.0	0.0	0.0	-0.08150609775222994	245277489.0744245	0.13593908237710675
236	1487.5	nan	nan	1	1	6.000000000000838e-05	6.000000000000867e-05	5.999999999999513e-05	0.9474255157065183	7.095019016745141e-19	6.409721928571366e-18	3.467278547608643e-19	1.1487499999999893	-2.3729932949190236e-18	-2.5370330836160805e-20	8.734874802629466e-19	0.9198751849620056	3792.06013965603	340713.83517771104	-1366887.1324569962	413115.77896903036	214718121.58928043	1468734.109473332	-1327139.5568478138	1176101.9191045375	2385.3554583776095	1599.565890624997	3588.5647657162435	390945.1133649754	-1255920.224223762	390946.52351799456	246373911.82677522	1349499.0393092085	-1255920.549119863	1349494.0639944032	2191.707048082286	-0.054006956507130395	0.0	0.0	0.0	0.13867439468775042	0.0	0.0	0.0	-0.08351728666241624	246392642.49820107	0.13933660757346894
240	1526.25	nan	nan	1	1	6.000000000000838e-05	6.000000000000867e-05	5.999999999999513e-05	0.9461386120043181	-4.842046902320263e-19	9.987941463479587e-19	-1.8463962997428141e-19	1.1526250000000058	-7.682114493146041e-19	3.7773603689394974e-19	2.8953619016225397e-19	0.9180347350747148	3691.612779114246	340376.79149625	-1363204.8390748263	414661.98293918575	214940782.5848918	1484136.8391948726	-1322713.20105822	1182070.2010246788	2320.770468821657	1599.565890624997	3488.7431119471053	391873.6482476576	-1250023.9027691258	391874.5608829853	247459964.17231077	1360915.447771512	-1250024.540867633	1360909.9496006214	2128.0870458445784	-0.05536619634643705	0.0	0.0	0.0	0.14204194987717347	0.0	0.0	0.0	-0.08552005130545656	247478784.06961408	0.14272249339701565
244	1565.0	nan	nan	1	1	6.000000000000838e-05	6.000000000000867e-05	5.999999999999513e-05	0.9448561861656132	4.7379634937616544e-20	-2.576010151716934e-18	-4.631169579771832e-19	1.156500000000001	-1.5388081434086764e-18	-1.2988742026376343e-19	-6.709585144426545e-19	0.9162055866567064	3585.865822851955	339609.16645527247	-1358843.5271441462	415680.0903266468	215138368.45441425	1499277.1999370789	-1317640.7450878243	1187756.0885908147	2258.8710798777247	1599.565890624997	3384.1956449099102	392302.2124627838	-1243535.2541969467	392302.1163799059	248518786.49575824	1372052.0550690792	-1243536.2312401165	1372045.8322248703	2067.188580879114	-0.05672254702127896	0.0	0.0	0.0	0.14539820268935785	0.0	0.0	0.0	-0.08751449990924455	248537685.0297922	0.14609682395059456
248	1603.75	nan	nan	1	1	6.000000000000838e-05	6.000000000000867e-05	5.999999999999513e-05	0.9435782430289726	5.187907395343139e-19	3.049643870767227e-18	7.0868875004515e-19	1.160375000000021	1.196417097337754e-19	-2.490412390199204e-19	-4.53413348533438e-19	0.9143876071307708	3465.1830079123947	338668.9755730566	-1353858.9924152615	416480.7241926694	215312528.9339674	1513685.009415048	-1311977.127366243	1192793.16418495	2190.791293660783	1599.565890624997	3265.859381142331	392524.8572566512	-1236508.6307724558	392523.995720797	249551998.50345522	1382481.1807568963	-1236509.817654497	1382473.7436199202	2000.8969604729828	-0.05807598912333191	0.0	0.0	0.0	0.14874322873797788	0.0	0.0	0.0	-0.08950071959997231	249570968.78221607	0.14945967979651775
252	1642.5	nan	nan	1	1	6.000000000000838e-05	6.000000000000867e-05	5.999999999999513e-05	0.9423047577250768	9.662409761190816e-19	-1.480055227681687e-17	3.1864701849348976e-19	1.1642499999999818	7.95381555757091e-18	3.5756987648571937e-19	2.7289368681460146e-19	0.9125806938700082	3313.532127222121	337805.18293742836	-1348430.5904999387	417368.8847691011	215464794.62091365	1527251.2765029154	-1305897.0688796728	1197106.593549459	2106.7492916512388	1599.565890624997	3118.7004458110905	392829.0963676916	-1229110.6050219252	392828.0991463616	250561106.94921392	1392107.7982864787	-1229111.9006933337	1392099.1303645729	1920.3271675488465	-0.05942653472658892	0.0	0.0	0.0	0.1520771028803339	0.0	0.0	0.0	-0.09147876579697244	250580156.1999817	0.15281113645041788
256	1681.25	nan	nan	1	1	6.000000000000838e-05	6.000000000000867e-05	5.999999999999513e-05	0.9410356867599242	-5.147249813874932e-19	3.2512512647409065e-18	-3.459147031315002e-19	1.1681249999999934	-1.6334047829580367e-17	-2.0307106690653498e-19	5.73976630113826e-19	0.9107847636519418	3135.786167209548	337159.43037353386	-1342628.194555061	418521.3319923682	215596597.00114214	1540151.1150759654	-1299469.0336621285	1200844.4738079112	2014.159073775337	1599.565890624997	2947.4155096362742	393381.0735788847	-1221406.8484781373	393380.22404941235	251547526.6235381	1401096.0944168365	-1221408.2784592758	1401086.3874828408	1832.307482153572	-0.06077421582264078	0.0	0.0	0.0	0.1553998992276842	0.0	0.0	0.0	-0.0934486734656975	251566660.65652737	0.15615126592975467
260	1720.0	nan	nan	1	1	6.000000000000838e-05	6.000000000000867e-05	5.999999999999513e-05	0.9397709817781912	-3.911259337241457e-19	5.211488792594699e-18	2.883977778811442e-20	1.171999999999997	-8.73189324665513e-18	-3.5756987648571937e-19	-3.5957565050481755e-19	0.9089997388745307	2939.0462694456696	336884.7165471009	-1336358.0766197392	420132.13303748355	215709234.8868346	1552604.979546797	-1292603.0279969862	1204186.9272277053	1920.2676886712393	1599.565890624997	2758.76719507256	394362.41688321944	-1213313.9763295206	394361.51729529566	252512539.26239952	1409650.118752545	-1213315.6483317732	1409639.688817109	1743.4605782098092	-0.0621190698084378	0.0	0.0	0.0	0.15871169115481834	0.0	0.0	0.0	-0.09541047207144265	252531760.1421001	0.15948013898988064
264	1750.0	nan	nan	1	1	6.000000000000838e-05	6.000000000000867e-05	5.999999999999513e-05	0.9387947833639594	-6.789274004104228e-19	6.458483921278902e-18	5.170560160583371e-19	1.1750000000000014	7.983739537531509e-18	-9.920449878242366e-20	5.398242616805327e-19	0.9076251057599783	1501.5450856976886	337029.72118815087	-1331066.936151838	421827.4806742992	215783607.1979983	1562203.6899998733	-1286874.1400325259	1206715.1309657781	1091.1026026536256	1599.565890624997	1407.9719733645288	395540.56819020305	-1206677.9070984249	395540.08470442984	253245233.9702691	1416214.7882362008	-1206678.8667697592	1416209.7837046783	989.138389092653	-0.06315837172718416	0.0	0.0	0.0	0.16126814759612365	0.0	0.0	0.0	-0.09692386475786209	253265465.50962028	0.16204970865521515
268	1780.0	nan	nan	1	1	6.000000000000838e-05	6.000000000000867e-05	5.999999999999513e-05	0.9378212411545767	7.260901949135423e-19	1.9034632810915886e-17	2.3315767719300774e-19	1.1780000000000255	-1.1310071802717036e-17	-5.009014036883031e-20	2.786941684373989e-19	0.906257000753028	1363.372048833368	337476.2184751826	-1325441.0382684658	423904.4457309595	215848545.2900025	1571549.6058932445	-1280832.0657922216	1209018.0286584296	1028.2685748321214	1599.565890624997	1277.0788753895447	397074.25937849586	-1199761.876068981	397073.8679071293	253967232.5540659	1422534.272792031	-1199763.1721616355	1422529.6836437632	930.7674946107144	-0.06419592259960444	0.0	0.0	0.0	0.16381808522941677	0.0	0.0	0.0	-0.09843234787423151	253987512.6405098	0.16461254862716548
272	1810.0	nan	nan	1	1	6.000000000000838e-05	6.000000000000867e-05	5.999999999999513e-05	0.936850253076067	-1.2240642527361345e-19	-7.270605558579168e-18	-9.329017593151523e-19	1.1809999999999978	-6.483637411680565e-18	-1.767249541151372e-19	-4.363913744254156e-19	0.9048953048080582	1191.329201047546	338188.02734573017	-1319480.1783111845	426322.11582450813	215903640.44571254	1580753.688306106	-1274475.7952164842	1211187.4874575576	944.730927230679	1599.565890624997	1114.7655898532355	398923.5868132797	-1192567.0186352632	398923.50871337025	254678012.49095803	1428710.142256731	-1192568.5699291958	1428705.9793101023	853.8627285345317	-0.06523182480255361	0.0	0.0	0.0	0.1663615372152236	0.0	0.0	0.0	-0.09993602726923405	254698363.5106607	0.167168750302667
276	1840.0	nan	nan	1	1	6.000000000000838e-05	6.000000000000867e-05	5.999999999999513e-05	0.935881796893026	3.9118014383277e-19	4.764960127856543e-18	8.50719234640751e-19	1.1839999999999926	-8.860316993986039e-18	-4.16984155537925e-19	-3.4477629085039043e-19	0.9035399834778991	1001.9491016977131	339131.3566468335	-1313215.002682428	429041.3231840823	215949352.49669334	1589964.4125326788	-1267835.2867271926	1213338.1959131341	843.6250058765953	1599.565890624997	936.5836718099121	401050.97015745536	-1185122.1986454441	401051.4078460307	255378028.67891142	1434877.0890522765	-1185123.9010855283	1434873.0987645246	761.336658319099	-0.06626609584991257	0.0	0.0	0.0	0.16889853646180808	0.0	0.0	0.0	-0.10143491594131925	255398466.31651455	0.1697183455579157
280	1870.0	nan	nan	1	1	6.000000000000838e-05	6.000000000000867e-05	5.999999999999513e-05	0.9349158518407978	7.817097663620487e-20	-1.7895841059045736e-18	3.4336682802615923e-19	1.1870000000000107	7.896352842429178e-18	8.716985466783456e-20	-2.2133987351291574e-19	0.9021909993168887	577.2196413631127	340287.2536925324	-1306672.9068326505	432041.5877937554	215986002.87673706	1599364.74643865	-1260937.3069950084	1215609.0999177888	591.0857508351777	1599.565890624997	539.0038802263339	403436.01772451634	-1177453.1717548473	403437.5748026324	256067578.0220649	1441200.0766525876	-1177454.910556139	1441195.6047687796	532.6319911132209	-0.06729875177474812	0.0	0.0	0.0	0.17142911562754	0.0	0.0	0.0	-0.10292903042993069	256088283.08734152	0.17226136713957715
284	1900.0	nan	nan	1	1	6.000000000000838e-05	6.000000000000867e-05	5.999999999999513e-05	0.9339524054228371	1.9309640691966833e-19	1.2346623289721803e-17	9.616873269946424e-20	1.1899999999999848	3.336849026258637e-18	1.2208116462186779e-19	-2.148346604780027e-19	0.9008483102070339	31.57089851232065	341572.7965006646	-1299905.4549286482	435219.50144365814	216014046.73800746	1608997.4841937204	-1253831.6206712527	1218031.6289441974	241.11298290734052	1599.565890624997	29.450204342354755	405982.07799099473	-1169607.272070342	405984.74719680357	256747119.4087597	1447716.9482754094	-1169608.6959730939	1447711.9280093468	216.94462249523863	-0.06832979984308178	0.0	0.0	0.0	0.17395330712342566	0.0	0.0	0.0	-0.1044183926983606	256768195.2870359	0.17479784750600005
288	1930.0	nan	nan	1	1	6.000000000000838e-05	6.000000000000867e-05	5.999999999999513e-05	0.9329914538837129	6.008648439914665e-19	-6.403298030699389e-19	-2.938187887435717e-19	1.1930000000000176	-1.0333530905959343e-18	-2.6281060661048627e-19	3.0552817220641516e-19	0.8995118694934032	-159.34798029616317	342824.7827117439	-1292986.3756357983	438367.3586426523	216034119.03458303	1618800.0120138666	-1246590.0831668214	1220557.4969841384	107.06628833687847	1599.565890624997	-148.49068857069827	408495.84671655897	-1161651.4513229514	408498.8765517067	257417330.44107255	1454370.60961515	-1161652.7518629848	1454365.8840907346	96.1910439103732	-0.06935923800127539	0.0	0.0	0.0	0.17647114311579382	0.0	0.0	0.0	-0.10590303002168708	257438516.8392251	0.17732781863008576
292	1960.0	nan	nan	1	1	6.000000000000838e-05	6.000000000000867e-05	5.999999999999513e-05	0.9320329858570344	-1.1621563086872121e-18	5.8332787385151354e-18	-8.375461782450521e-20	1.1959999999999937	4.074648604635023e-18	1.6479873021779667e-20	7.201270829648721e-19	0.898181629799881	-433.6403335966348	343882.6194034418	-1285979.5483375075	441279.5876638804	216046337.04279122	1628711.4289177274	-1239274.1924974879	1223138.7891675928	-92.6804590852157	1599.565890624997	-403.6772939164487	410785.18746518827	-1153643.4357840281	410788.7020823479	258078280.36569268	1461105.8559884864	-1153644.6536202705	1461101.1678222788	-83.14300440262274	-0.07038707237238129	0.0	0.0	0.0	0.17898265552843512	0.0	0.0	0.0	-0.1073829707755904	258099647.0867404	0.17985131489988834
296	1990.0	nan	nan	1	1	6.000000000000838e-05	6.000000000000867e-05	5.999999999999513e-05	0.9310769962337403	-1.7423128911842056e-19	-2.44433379786857e-18	2.01498973756431e-19	1.199000000000003	3.711115616200633e-18	-1.1080546202801856e-19	3.268869550043796e-19	0.89685754341045	-661.9912122411303	344644.7123660036	-1278926.0910258773	443822.5487007548	216051104.58991158	1638692.1103436998	-1231923.7159672838	1225745.3235611294	-269.89190095231936	1599.565890624997	-615.6155424312284	412726.69299330155	-1145620.2126049502	412730.64356344484	258730381.50734162	1467886.8599358483	-1145621.5318502649	1467882.1281556154	-241.7603480912123	-0.07141330240322595	0.0	0.0	0.0	0.18148787604537983	0.0	0.0	0.0	-0.10885824401679994	258751897.72345147	0.18236836905822068
300	2020.0	nan	nan	1	1	6.000000000000838e-05	6.000000000000867e-05	5.999999999999513e-05	0.9301234786413467	1.4079449411896761e-18	1.5791404642251372e-18	-1.5482407023093003e-19	1.2019999999999917	-1.281169181160946e-17	-6.245004513516505e-20	-6.015153652949579e-19	0.8955395625954397	-899.5429168850073	345070.4543935113	-1271854.0468559468	445939.85047741764	216048715.4319004	1648705.6430891014	-1224565.4917338022	1228349.5491260975	-460.3333114380258	1599.565890624997	-835.6658290824195	414268.9579826342	-1137606.8575104887	414273.3913803241	259373919.37182048	1474680.8804287543	-1137608.3538727516	1474675.9140804484	-411.74404651772403	-0.07243792891572372	0.0	0.0	0.0	0.18398683611300914	0.0	0.0	0.0	-0.11032887912119078	259395595.4532575	0.18487901416952696
