6	header
postResults v2.0.3	--cr f,p,texture --time RVE_1_40_D_tensionX.spectralOut
addCauchy v2.0.3	RVE_1_40_D_tensionX.txt
addStrainTensors v2.0.3	--left --logarithmic RVE_1_40_D_tensionX.txt
addMises v2.0.3	-s Cauchy RVE_1_40_D_tensionX.txt
addMises v2.0.3	-e ln(V) RVE_1_40_D_tensionX.txt
inc	time	elem	node	ip	grain	1_pos	2_pos	3_pos	1_f	2_f	3_f	4_f	5_f	6_f	7_f	8_f	9_f	1_p	2_p	3_p	4_p	5_p	6_p	7_p	8_p	9_p	texture	1_Cauchy	2_Cauchy	3_Cauchy	4_Cauchy	5_Cauchy	6_Cauchy	7_Cauchy	8_Cauchy	9_Cauchy	1_ln(V)	2_ln(V)	3_ln(V)	4_ln(V)	5_ln(V)	6_ln(V)	7_ln(V)	8_ln(V)	9_ln(V)	Mises(Cauchy)	Mises(ln(V))
0	0.0	nan	nan	1	1	6.000000000000838e-05	6.000000000000867e-05	5.999999999999513e-05	1.0	0.0	0.0	0.0	1.0	0.0	0.0	0.0	1.0	2.7716487604837305e-06	-1.193192284640359e-09	-2.8066754232013673e-08	-1.19319228464005e-09	2.7018729684353462e-06	-1.6832583398956398e-08	-2.8066754232013544e-08	-1.6832583398956544e-08	2.6991213888906947e-06	1599.565890624997	2.7716487604837305e-06	-1.193192284640359e-09	-2.8066754232013673e-08	-1.19319228464005e-09	2.7018729684353462e-06	-1.6832583398956398e-08	-2.8066754232013544e-08	-1.6832583398956544e-08	2.6991213888906947e-06	0.0	0.0	0.0	0.0	0.0	0.0	0.0	0.0	0.0	9.102600058541354e-08	0.0
2	2.0	nan	nan	1	1	6.000000000000838e-05	6.000000000000867e-05	5.999999999999513e-05	0.9999331859138993	-2.2180848125609438e-23	3.110529975444405e-23	-3.795104650393291e-24	1.000200000000001	-5.403243022869883e-22	1.6576699475562675e-24	-5.219178792964583e-23	0.9999338800589291	-8.118293274037568e-06	-494.1626033546111	2741.2009144924077	-494.2944617079901	14158906.776121493	727.4803459806594	2741.2028174105344	727.2867876654851	-1.9235493368796595e-06	1599.565890624997	-8.117206649274765e-06	-494.22830092962204	2740.8359103821217	-494.2283009296059	14160789.164294297	727.3834784672162	2740.8359103821163	727.3834784671823	-1.923293207016834e-06	-6.681631826113055e-05	0.0	0.0	0.0	0.0001999800026675767	0.0	0.0	0.0	-6.612212709030524e-05	14160790.041954806	0.00017763326904618592
4	4.0	nan	nan	1	1	6.000000000000838e-05	6.000000000000867e-05	5.999999999999513e-05	0.9998663539893821	-4.43699680573444e-24	2.2027488840042105e-22	-5.333660589741923e-24	1.0003999999999935	1.3020947807217727e-21	7.25933705576537e-24	2.363751318431532e-23	0.9998677425139985	-5.2041115054635155e-06	-988.3614006228213	5482.594259823688	-988.8889062403526	28326310.37551152	1455.4063112547287	5482.601873558095	1454.631970086825	-6.234609615603404e-06	1599.565890624997	-5.202718791692826e-06	-988.6242617962645	5481.134630761191	-988.6242617962897	28333843.942868493	1455.018838965339	5481.134630760961	1455.018838965298	-6.232949777767993e-06	-0.00013365494204179026	0.0	0.0	0.0	0.00039992002131978877	0.0	0.0	0.0	-0.00013226623279451486	28333845.697169904	0.00035525464391613146
6	6.0	nan	nan	1	1	6.000000000000838e-05	6.000000000000867e-05	5.999999999999513e-05	0.9997995042228786	-1.432676820941844e-23	-1.677786980053557e-22	-2.1122884122154116e-23	1.000599999999987	1.9118724759611634e-21	-3.5072457972248375e-24	8.904433858010832e-23	0.9998015873617153	2.851986265341111e-06	-1482.5963387182924	8224.17977104965	-1483.7833888251114	42502212.49604691	2183.7779609160157	8224.196906593408	2182.0354504990573	1.8451013802405214e-06	1599.565890624997	2.8508417427114843e-06	-1483.1879358649924	8220.896477144306	-1483.1879358649771	42519172.06014703	2182.906143291729	8220.896477144177	2182.9061432916956	1.8443647705987369e-06	-0.00020051587908671828	0.0	0.0	0.0	0.0005998200719549005	0.0	0.0	0.0	-0.0001984323246760398	42519174.69006639	0.0005328641403784551
8	8.0	nan	nan	1	1	6.000000000000838e-05	6.000000000000867e-05	5.999999999999513e-05	0.9997326366108243	-2.0318864566752572e-23	-6.027962908694432e-22	-1.8224443255768306e-23	1.0008000000000166	9.384595659985614e-22	2.594038400966295e-24	3.943997160652836e-24	0.9997354145986065	-3.3817658168118214e-06	-1976.8673654663958	10965.957183063427	-1978.9779656147903	56686614.83612081	2912.595360128677	10965.987654505454	2909.49713221041	-4.310460693886853e-06	1599.565890624997	-3.3799568540058354e-06	-1977.919377368124	10960.121765220238	-1977.919377368122	56716781.247139595	2911.0454533899624	10960.121765220243	2911.0454533899688	-4.308166927932271e-06	-0.000267399137138532	0.0	0.0	0.0	0.0007996801705806623	0.0	0.0	0.0	-0.0002646204102864149	56716784.75167807	0.0007104617742034466
10	10.0	nan	nan	1	1	6.000000000000838e-05	6.000000000000867e-05	5.999999999999513e-05	0.9996657486137102	-7.869796347829505e-23	-1.3356650787016249e-21	8.84090638696676e-24	1.0010000000000012	1.3437118917005408e-21	4.738090548703742e-24	-1.359487880343152e-22	0.9996692150059092	0.0003965697858557178	-2474.3676739605667	13686.839682159793	-2477.670206335335	70877013.31322871	3663.9345649429024	13686.887141977873	3659.0635268428823	0.00039964305616376806	1599.565890624997	0.00039630470389259107	-2476.014039613902	13677.738318638447	-2476.0140396134702	70924172.62651828	3661.4981514852775	13677.738318638714	3661.498151485518	0.00039937730476918756	-0.0003343072607355469	0.0	0.0	0.0	0.0009995003330847542	0.0	0.0	0.0	-0.00033083971551484576	70924176.99595076	0.0008880514707443663
12	12.0	nan	nan	1	1	6.000000000000838e-05	6.000000000000867e-05	5.999999999999513e-05	0.9995987773673654	-1.8433554514621712e-22	-6.512889270997519e-22	4.836028733230021e-23	1.001199999999962	1.362717193454559e-21	3.441071348220595e-25	-3.4304834363799165e-23	0.9996027529366578	0.005663686721671183	-3040.2259438347796	15804.253818104246	-3045.0959763871238	85009607.98710048	5015.314116558238	15804.316674232856	5007.313022127755	0.007077417284621333	1599.565890624997	0.005659146522876379	-3042.654926636942	15791.647410719368	-3042.6549266325305	85077526.2535826	5011.313605452549	15791.647410722508	5011.3136054529705	0.007071771918092197	-0.0004013031439711487	0.0	0.0	0.0	0.0011992805754438192	0.0	0.0	0.0	-0.00039732598685921454	85077531.24995661	0.0010657325676030505
14	14.0	nan	nan	1	1	6.000000000000838e-05	6.000000000000867e-05	5.999999999999513e-05	0.9995310529688496	-6.765675666193724e-23	7.281571670630796e-22	1.0900255239978778e-22	1.00139999999998	2.2197557173983006e-22	-1.9587636905255694e-24	1.4383678235562088e-22	0.9995333827114345	-3.810842710504181	-4232.497437018876	10206.50890918632	-4240.41146479202	98374095.92521654	13257.528584735799	10206.532694623666	13232.816452134115	-4.7567959345798805	1599.565890624997	-3.807291537572971	-4236.459990811124	10197.021636526644	-4236.459993803869	98466195.83848715	13245.205292844717	10197.0216322734	13245.2052953159	-4.752374342395977	-0.00046905702119710667	0.0	0.0	0.0	0.0013990209136876745	0.0	0.0	0.0	-0.0004667261882898708	98466204.6482344	0.0012446090731294832
16	16.0	nan	nan	1	1	6.000000000000838e-05	6.000000000000867e-05	5.999999999999513e-05	0.9994608650845489	1.9788807230228592e-22	5.231540180038576e-21	1.1011428314305905e-22	1.0015999999999754	8.562338426438502e-21	9.529120656610878e-25	-8.851494298807438e-23	0.9994522603106609	90.12591316649586	-5645.417013143047	-30530.373583619024	-5657.4998717984345	108702632.52352136	47677.305262478854	-30530.110745820708	47575.07038027316	209.16238469048488	1599.565890624997	90.03125575125937	-5651.557878942533	-30498.045580014918	-5651.557914643715	108820875.03365366	47626.8207149466	-30498.04559087748	47626.820697729985	208.94090681345867	-0.0005392803009369059	0.0	0.0	0.0	0.0015987213636724658	0.0	0.0	0.0	-0.0005478897535228463	108820770.07568686	0.001428212910443816
18	18.0	nan	nan	1	1	6.000000000000838e-05	6.000000000000867e-05	5.999999999999513e-05	0.999388745883806	4.586683409382036e-22	6.636185504382223e-21	1.4272505161234962e-22	1.0018000000000116	-8.722745290824785e-21	1.258902717856704e-22	2.151463686025923e-22	0.9993547835993919	-87.84015532204835	-2904.461428956829	-116461.53956804301	-2911.4670059243003	115110537.52414235	116320.5749197109	-116457.58235998171	116036.65760332637	292.3870486647018	1599.565890624997	-87.73893773480599	-2908.1142418265667	-116323.38860431808	-2908.112143167114	115255306.96357046	116182.59117343895	-116323.38911477012	116182.5917830779	292.04020838847384	-0.0006114410081541537	0.0	0.0	0.0	0.0017983819413911444	0.0	0.0	0.0	-0.0006454246422882517	115255556.70130289	0.001617995478223246
20	20.0	nan	nan	1	1	6.000000000000838e-05	6.000000000000867e-05	5.999999999999513e-05	0.9993167723217334	-8.787966827763367e-22	2.7200769035177346e-20	3.6761229910836634e-22	1.0020000000000158	3.326446614633407e-20	1.965381135425994e-23	8.228925082575528e-22	0.9992456932209629	-168.61936480590555	4983.292734414439	-218702.65687391793	4996.676137370198	119051263.99743491	207405.72676358206	-218687.10267298596	206835.60777713012	206.16732495888945	1599.565890624997	-168.4098318853355	4990.464126652531	-218415.35203853622	4990.46707505158	119222589.13446134	207133.26245502365	-218415.35365194787	207133.2622299642	205.89648751134737	-0.000683461184661483	0.0	0.0	0.0	0.001998002662689013	0.0	0.0	0.0	-0.000754591411538252	119223710.70325018	0.0018118181176372912
22	22.0	nan	nan	1	1	6.000000000000838e-05	6.000000000000867e-05	5.999999999999513e-05	0.9992457318476244	-7.758821796849391e-22	2.4339068222878694e-20	4.9636130709102e-22	1.0022000000000002	7.092206867360256e-21	-3.8796755962207125e-22	-3.766755516439874e-21	0.9991300547114753	-97.28535197567822	17563.708052059035	-315126.27401503304	17615.637034809613	121776790.50170395	305873.8092368477	-315089.7952257571	304936.85421711055	239.91715487223777	1599.565890624997	-97.15631470704464	17592.27011007225	-314671.86504151684	17592.27202001498	121974823.61320089	305432.7422261224	-314671.86667099985	305432.74176515575	239.5711967054198	-0.000754552755718894	0.0	0.0	0.0	0.0021975835434872013	0.0	0.0	0.0	-0.0008703239105300799	121977121.11549693	0.002007794137067475
24	24.0	nan	nan	1	1	6.000000000000838e-05	6.000000000000867e-05	5.999999999999513e-05	0.9991755308641589	1.9473287457376364e-21	2.370665224863495e-20	5.166900978251232e-22	1.0023999999999982	3.031022698454788e-20	-5.827586677109586e-22	-2.8519599334052292e-21	0.9990107328440494	-61.450647492599224	34227.573506616216	-400340.61940318457	34338.03120918761	123880712.18711871	400915.7111790251	-400274.5909822619	399560.1544652523	228.61018442184294	1599.565890624997	-61.36422465889222	34289.73808160655	-399711.6522780665	34289.73896033254	124105705.98696032	400285.84053874173	-399711.65363619465	400285.8409408245	228.2510195419892	-0.0008248091974454668	0.0	0.0	0.0	0.0023971245997196793	0.0	0.0	0.0	-0.0009897568036582002	124109504.34526008	0.0022049958804021604
26	26.0	nan	nan	1	1	6.000000000000838e-05	6.000000000000867e-05	5.999999999999513e-05	0.9991058878193387	-4.517226707707184e-21	-4.122742288347175e-20	-5.353248226647178e-22	1.0026000000000042	5.682320526655474e-21	-1.0901314031162845e-21	-5.537901409148616e-21	0.998889211466587	-38.90948880881435	53326.31137257687	-475283.2339270517	53512.80710986613	125620268.44770451	486995.27943678683	-475180.1602234088	485192.8306499848	195.54184589139967	1599.565890624997	-38.851742554088084	53433.38693979459	-474474.93592121126	53433.38781433987	125872505.31074388	486167.0631541084	-474474.93701402785	486167.0644984286	195.20929453505067	-0.0008945121373789568	0.0	0.0	0.0	0.002596625847270565	0.0	0.0	0.0	-0.0011114059162256685	125877960.47025932	0.002402988273807895
28	28.0	nan	nan	1	1	6.000000000000838e-05	6.000000000000867e-05	5.999999999999513e-05	0.9990365524064767	-1.8177327048077284e-21	1.1563058521205267e-20	-2.504676425030966e-21	1.0027999999999964	1.085896238380013e-21	-1.0050045919172274e-21	-1.0816610736437415e-21	0.9987662843563082	-8.88639639746555	72853.49128749431	-541208.0794455713	73127.93710630693	127111530.04926467	562040.509532351	-541061.6678916678	559779.729534545	156.17442735926886	1599.565890624997	-8.872530141605775	73013.827800022	-540217.3992002804	73013.82890754336	127391278.06229718	561011.695567827	-540217.3999581503	561011.6969808693	155.88855040014636	-0.000963912007472321	0.0	0.0	0.0	0.0027960873019976453	0.0	0.0	0.0	-0.0012344772973436658	127398409.32192384	0.0026015487426941657
30	30.0	nan	nan	1	1	6.000000000000838e-05	6.000000000000867e-05	5.999999999999513e-05	0.9989673244609996	2.2971533529536627e-21	-7.399653357433967e-20	-2.4665599424045225e-21	1.003000000000003	-7.043078956419507e-21	1.1053779961668619e-21	6.0257923867670925e-21	0.998642418816669	30.602601992771465	91462.86042945496	-598618.6142869042	91832.08283599207	128411341.72131127	625550.5545366302	-598423.9187788233	622832.8212555363	124.97779820566635	1599.565890624997	30.552546348437666	91681.87511519631	-597445.0968346077	91681.87619415292	128718832.31936018	624324.2403600872	-597445.0969503287	624324.2412043131	124.73279475297775	-0.001033209115757603	0.0	0.0	0.0	0.00299550897980147	0.0	0.0	0.0	-0.0013585035315349552	128727554.10722181	0.0028005479979340223
32	32.0	nan	nan	1	1	6.000000000000838e-05	6.000000000000867e-05	5.999999999999513e-05	0.9988980460906889	-5.214334823297473e-21	2.3220349457792576e-20	1.3467823861343376e-21	1.0032000000000092	-5.092107969008677e-20	1.650020181251377e-21	7.840136959785804e-21	0.9985179276785399	66.83915825498407	108594.3622096853	-647847.3193214338	109062.04641026903	129552562.98679563	677874.3979361653	-647600.7882673044	674710.6651662217	100.69120818152209	1599.565890624997	66.72484624612379	108875.52160056778	-646493.2264334146	108875.52249313638	129887984.8167641	676457.544190167	-646493.2257399021	676457.5444312221	100.48074925884342	-0.001102561506924295	0.0	0.0	0.0	0.0031948908965288058	0.0	0.0	0.0	-0.0014831716769932437	129898148.9025526	0.0029998974317019013
34	34.0	nan	nan	1	1	6.000000000000838e-05	6.000000000000867e-05	5.999999999999513e-05	0.99882860039965	-6.0698381000243165e-21	-2.788527753567723e-20	4.052205619664573e-21	1.0034000000000185	5.021465421207669e-20	2.0256792933586594e-21	4.086086937554745e-21	0.9983930425052091	91.80105707048384	124043.95467171131	-689582.7185607818	124611.67491024386	130559522.2099759	719989.3523761673	-689282.011633401	716396.6112712399	75.3554934408716	1599.565890624997	91.63724826363891	124389.31846810643	-688052.0657972639	124389.31919411824	130923026.6819617	718391.206624751	-688052.0643157067	718391.2062843386	75.18822838161627	-0.0011720862251221687	0.0	0.0	0.0	0.0033942330680342054	0.0	0.0	0.0	-0.0016082500358770182	130934456.87478	0.003199525935780056
36	36.0	nan	nan	1	1	6.000000000000838e-05	6.000000000000867e-05	5.999999999999513e-05	0.9987589107533485	-5.029681640796035e-21	-1.4251329337553604e-21	4.265657922372656e-21	1.0036000000000305	-5.4120746648339894e-20	2.8926175148734357e-21	7.877406409464993e-23	0.9982679400747029	102.67247009960462	137786.1731375688	-724909.0449851274	138454.03809477613	131453542.12247461	753290.025214441	-724552.6916873737	749287.8446340398	49.40122567579057	1599.565890624997	102.48167947945535	138196.7556337425	-723206.2971027906	138196.75654924937	131845254.31119785	751520.6128942436	-723206.2951582578	751520.6120198884	49.285186521656385	-0.0012418600357218801	0.0	0.0	0.0	0.00359353551016075	0.0	0.0	0.0	-0.0017335616754210878	131857771.10741173	0.003399372001226711
38	38.0	nan	nan	1	1	6.000000000000838e-05	6.000000000000867e-05	5.999999999999513e-05	0.9986889355001383	-3.933621007048971e-21	2.2350023104488783e-20	3.318675087342349e-21	1.0038000000000422	-7.749080917955967e-20	3.488081676793209e-21	4.773877690725237e-21	0.9981427522532739	101.93997153743803	150011.0128092352	-755065.5200225579	150778.73639475147	132253911.58991192	779309.3626717097	-754652.5723080508	774917.3049445846	25.75322642586712	1599.565890624997	101.74302809598213	150487.43756800468	-753194.6196447432	150487.4386555418	132673941.00472343	777378.3909316498	-753194.6174699989	777378.3895220484	25.689415114434613	-0.0013119246968544959	0.0	0.0	0.0	0.0037927982387387336	0.0	0.0	0.0	-0.0018589745697456192	132687378.8725247	0.0035993825301115457
40	40.0	nan	nan	1	1	6.000000000000838e-05	6.000000000000867e-05	5.999999999999513e-05	0.9986186579763838	-8.460165077175951e-21	-1.1353036701933563e-19	5.249910207082154e-21	1.0040000000000082	-1.413054243927514e-19	3.899739689158799e-21	-4.701032857261367e-21	0.9980175747191388	95.19231204827062	160974.25222391446	-781129.1110154355	161841.708887368	132977585.63525178	799463.1263989116	-780658.9355255214	794699.4506286193	6.927065933517355	1599.565890624997	95.00139297217886	161517.1159178953	-779093.2370727366	161517.1168182287	133426034.3924741	797379.4681096072	-779093.234687855	797379.4660560102	6.909011769571169	-0.001382296956002736	0.0	0.0	0.0	0.003992021269545861	0.0	0.0	0.0	-0.00198439288670921	133440247.75306636	0.0037995128946959364
44	48.666666666666664	nan	nan	1	1	6.000000000000838e-05	6.000000000000867e-05	5.999999999999513e-05	0.9983105657461556	8.458471011281444e-21	-2.769416572695298e-20	7.15573433840433e-21	1.0048666666666737	-1.0800601813734309e-19	-2.219226321806267e-21	-3.4118487115403214e-21	0.9974766513755422	271.7844527664972	195242.0707540947	-860185.4281364917	196524.25198698384	135509455.94377145	841945.6353424443	-859466.8633522622	835753.7400829043	-594.8252316820243	1599.565890624997	271.15238631918396	196067.22355571657	-857468.102716032	196067.21191533914	136082160.416667	839285.9294200625	-857468.072908685	839285.8914139767	-592.9461790151103	-0.0016908629572538114	0.0	0.0	0.0	0.004854862726188643	0.0	0.0	0.0	-0.002526537634383767	136098612.99364015	0.00466737966391167
48	57.33333333333333	nan	nan	1	1	6.000000000000838e-05	6.000000000000867e-05	5.999999999999513e-05	0.9979981870499871	-1.7670801345619212e-20	9.5481788979241e-20	-1.2180333781516838e-21	1.0057333333333167	1.0698534343590166e-19	-2.608861477543245e-22	-7.860465750519908e-22	0.9969389174787892	191.7908886746218	214114.35491979893	-909014.0468909485	215773.86997699202	137554077.72404268	852255.6845419734	-908049.2048898994	844803.2928148481	-424.0400614080408	1599.565890624997	191.28308934149604	215202.58440977748	-905645.0082256424	215202.57157988125	138253192.00763276	849097.0068914251	-905644.9885901841	849096.9790406803	-422.46846043288684	-0.0020038192555023185	0.0	0.0	0.0	0.00571696032921232	0.0	0.0	0.0	-0.0030657772173279564	138270530.03029707	0.005535234029376204
52	66.0	nan	nan	1	1	6.000000000000838e-05	6.000000000000867e-05	5.999999999999513e-05	0.9976827643410998	-1.1519648082658485e-22	-1.0058855061823719e-19	-7.152346206615313e-21	1.006600000000003	-1.7855115714941749e-19	-6.420509740187597e-22	-1.3420390016297134e-20	0.9964043107601214	153.58219642394684	224694.99674247054	-941352.0724095436	226703.2955711293	139365167.94228014	850990.4648676723	-940145.7778744448	842370.898398369	-289.805643788226	1599.565890624997	153.12579286903198	226029.6095565628	-937351.9505321484	226029.5964548334	140192950.2323641	847374.3198824505	-937351.9262096612	847374.2986143042	-288.5741620399121	-0.002319924604199378	0.0	0.0	0.0	0.006578315360125374	0.0	0.0	0.0	-0.0036021692685431488	140210647.12668875	0.006402518482189477
56	74.66666666666666	nan	nan	1	1	6.000000000000838e-05	6.000000000000867e-05	5.999999999999513e-05	0.9973652468763317	-2.3686429337019254e-20	-3.2859796155783327e-19	1.8295911660692887e-22	1.0074666666666725	-2.951401601412884e-20	-6.14945919706622e-21	-1.2739375526704677e-21	0.9958723658051958	148.24692161906748	230637.24227948338	-964290.6732497616	232973.14549880955	141049637.50033104	845861.4744668483	-962847.2815445184	836126.9627515862	-198.59696032442014	1599.565890624997	147.75810635982955	232204.97697294145	-959672.4981764788	232204.96207031872	142008408.98070192	841810.4797977116	-959672.4807567868	841810.4561661187	-197.64584096047454	-0.002638230194504711	0.0	0.0	0.0	0.007438929097003937	0.0	0.0	0.0	-0.004136176390971374	142026215.57900837	0.007269052349236059
60	83.33333333333333	nan	nan	1	1	6.000000000000838e-05	6.000000000000867e-05	5.999999999999513e-05	0.9970463136321633	-7.397985761319059e-21	-3.949070888006889e-19	3.635465409615457e-21	1.008333333333377	1.9538678400904397e-19	1.700842158086635e-20	2.3418766925686896e-20	0.9953426119216255	145.36734221310465	233951.8082104342	-981361.0638928226	236600.2328655279	142654334.16839322	839987.842500764	-979684.1544121462	829165.9527605805	-139.39545615697972	1599.565890624997	144.84053781368084	235742.82138660803	-976133.8350789942	235742.80476867498	143746421.44093135	835513.6394626199	-976133.8251928508	835513.6153753237	-138.6529649661736	-0.002958057108068753	0.0	0.0	0.0	0.008298802814737785	0.0	0.0	0.0	-0.004668267503176579	143764224.5920112	0.00813478986339207
64	92.0	nan	nan	1	1	6.000000000000838e-05	6.000000000000867e-05	5.999999999999513e-05	0.9967264202781402	-2.3115529130569856e-20	1.7928976987942325e-19	-1.0237240200515474e-20	1.0091999999999899	4.16394620606636e-19	6.312089522939046e-21	2.3960868011929648e-20	0.9948146883511203	141.7914697408011	235750.35412523217	-994744.3782194703	238700.6461152754	144201175.49283567	834578.1393170707	-992836.4428048366	822681.8950117797	-98.04275030834933	1599.565890624997	141.2312078717567	237757.48302493896	-988913.4445686523	237757.46617378047	145428873.95283297	829686.0586345022	-988913.4395232012	829686.0355267354	-97.46804912429741	-0.003278949606323327	0.0	0.0	0.0	0.009157937784755384	0.0	0.0	0.0	-0.00519880203209567	145446621.091221	0.008999728137670146
68	100.66666666666666	nan	nan	1	1	6.000000000000838e-05	6.000000000000867e-05	5.999999999999513e-05	0.9964058747031568	8.878599353119576e-21	-1.7015536657623286e-19	1.480613591800517e-21	1.0100666666666793	5.01484162356014e-19	7.54198136235229e-21	-2.331712297201638e-20	0.9942883328349159	137.77991567296826	236753.80723986425	-1006105.3990624254	239999.70213915166	145701168.81506905	830204.597027199	-1003967.2425600757	817235.8800987136	-68.30689580998838	1599.565890624997	137.19033990569088	238972.73215014048	-999671.1551181221	238972.71640001875	147066722.15805107	824895.2736641271	-999671.1537254822	824895.2502818732	-67.87005963842115	-0.003600599682993237	0.0	0.0	0.0	0.01001633527550131	0.0	0.0	0.0	-0.005728041114117749	147084401.89006853	0.009863876999827086
72	109.33333333333333	nan	nan	1	1	6.000000000000838e-05	6.000000000000867e-05	5.999999999999513e-05	0.996084891126873	2.5615970390864552e-20	8.187623756067408e-19	-1.895659735955124e-21	1.010933333333314	1.2989284127462585e-18	1.4555414165617898e-20	-4.6874803301052984e-20	0.9937633537591062	134.4216881077557	237521.2823804248	-1016438.1607132474	241061.95259460935	147160167.064408	827184.2000487088	-1014069.1873466052	813135.044338793	-46.09314299773716	1599.565890624997	133.8023838063946	239951.3508051834	-1009397.192088629	239951.33788475333	148665755.4132982	821454.2125055059	-1009397.192682342	821454.1885287759	-45.77385119406331	-0.003922792974490636	0.0	0.0	0.0	0.010873996551859357	0.0	0.0	0.0	-0.006256175358868795	148683379.98859861	0.010727249241792573
76	118.0	nan	nan	1	1	6.000000000000838e-05	6.000000000000867e-05	5.999999999999513e-05	0.9957636215531044	-5.620910637979537e-21	2.670085018970786e-19	2.320870275476783e-21	1.0118000000000131	3.90787120545244e-19	-1.0333801956502464e-20	6.23416249179165e-22	0.9932396105365999	132.32197513903736	238401.25863438845	-1026212.7075804533	242240.60663779025	148581485.96328458	825653.6990861848	-1023611.5167559756	810507.9402060085	-28.447801175764646	1599.565890624997	131.66891864071965	241045.07191942673	-1018559.6250946552	241045.06219284877	150229219.32153374	819496.3051880826	-1018559.6260774422	819496.280587348	-28.23564889258835	-0.0042453773221550655	0.0	0.0	0.0	0.011730922875712086	0.0	0.0	0.0	-0.006783344411000095	150246811.01809722	0.01158985704178204
80	126.66666666666666	nan	nan	1	1	6.000000000000838e-05	6.000000000000867e-05	5.999999999999513e-05	0.9954421754594258	-8.878938166298478e-20	1.2706104072536527e-18	9.581636699340645e-21	1.0126666666666806	-4.546466285046402e-19	-1.7645390357201585e-20	1.9413995151068565e-20	0.9927169995830679	131.3806534794068	239538.98629328932	-1035629.9408061043	243683.80731003478	149967169.20396492	825605.9399788328	-1032794.7459198814	809341.3688500026	-13.672219177809602	1599.565890624997	130.68912310468627	242401.1696940454	-1027358.5643220815	242401.16218596778	151759084.36982614	819011.9846595273	-1027358.5654873804	819011.9592925598	-13.563021801666004	-0.0045682430921856676	0.0	0.0	0.0	0.012587115505485613	0.0	0.0	0.0	-0.007309650940490746	151776667.92859262	0.012451710820527375
84	135.33333333333331	nan	nan	1	1	6.000000000000838e-05	6.000000000000867e-05	5.999999999999513e-05	0.9951206323225501	-1.3882022972550728e-20	1.0458620731609859e-18	3.0103550945417833e-21	1.0135333333333343	8.998742506358126e-19	-9.120850776034307e-21	-2.074891907594134e-20	0.9921954445267511	131.11364080528273	240950.9267297494	-1044769.2632371521	245409.23121801665	151318603.97853562	826918.1517841354	-1041698.1327595838	809509.0411594064	-1.336523905526672	1599.565890624997	130.3804909380854	244036.9797828517	-1035873.2546353388	244036.9731968743	153256663.50848672	819877.1033439522	-1035873.2556300905	819877.0770158772	-1.3251436624639623	-0.00489131065721336	0.0	0.0	0.0	0.013442575696490235	0.0	0.0	0.0	-0.007835170411001858	153274262.3170882	0.013312819039435382
88	144.0	nan	nan	1	1	6.000000000000838e-05	6.000000000000867e-05	5.999999999999513e-05	0.994799050273242	-4.747619669360353e-20	-8.570618173497912e-20	-3.0105245011312344e-20	1.0144000000000122	6.220609964635581e-20	-2.7850443305721394e-21	1.2382944062500068e-19	0.991674888903256	131.10463545510552	242593.53546984706	-1053664.627660762	247373.4536656401	152636826.24331257	829397.4927235795	-1050355.6002705805	810816.8764894755	8.858235640887752	1599.565890624997	130.32852811830992	245909.0690042903	-1044137.7513087841	245909.06339711955	154722918.58299732	821898.3633494064	-1044137.7523296237	821898.3364265129	8.778142494138896	-0.005214521744495157	0.0	0.0	0.0	0.014297304700836653	0.0	0.0	0.0	-0.008359958373875103	154740552.69159454	0.014173188403609054
92	152.66666666666666	nan	nan	1	1	6.000000000000838e-05	6.000000000000867e-05	5.999999999999513e-05	0.9944774724838986	-5.591433891415087e-20	-4.845163983566158e-19	-2.685094442796132e-20	1.0152666666666799	-8.024857904923022e-19	2.909727580407972e-20	7.840814586143607e-20	0.9911552904642138	130.79554845780902	244405.85042556157	-1062339.8186226801	249515.0618594532	153922681.8882007	832834.6789939019	-1058790.9343097773	813055.819165165	16.87267319909879	1599.565890624997	129.9783837309106	247956.18424564519	-1052175.9790461122	247956.1792385564	156158622.24001357	824866.6089632867	-1052175.9797881607	824866.5821537417	16.71124543312669	-0.005537833047338961	0.0	0.0	0.0	0.01515130376735632	0.0	0.0	0.0	-0.008884056157278263	156176308.31033388	0.015032824218617971
96	161.33333333333331	nan	nan	1	1	6.000000000000838e-05	6.000000000000867e-05	5.999999999999513e-05	0.9941559319384905	3.598195959936268e-21	-2.820755239628381e-19	3.437937326315754e-20	1.0161333333333364	-3.4493892117626326e-19	2.644098048149024e-20	-8.414086484845318e-20	0.9906366167926821	130.05165872125283	246327.99051164996	-1070815.68196388	251773.45900897594	155176916.06112644	837036.8780967093	-1067024.9915565052	816034.0062798627	22.978489174102492	1599.565890624997	129.19652147458763	250117.96069332634	-1060008.9112813424	250117.95638303977	157564447.75630483	828589.4246770614	-1060008.9117742502	828589.3985623663	22.74658814078892	-0.0058612114513174095	0.0	0.0	0.0	0.01600457414171914	0.0	0.0	0.0	-0.009407495254465534	157582199.09249797	0.01589173075959542
100	170.0	nan	nan	1	1	6.000000000000838e-05	6.000000000000867e-05	5.999999999999513e-05	0.9938344547814071	9.748163376770841e-20	-1.0152875718968946e-19	3.780477450185393e-20	1.0170000000000121	-3.356960976558243e-19	1.349831704744453e-20	-8.222318225586944e-20	0.9901188421669311	128.8069228703459	248307.78977456328	-1079108.9635116535	254095.656394493	156400225.07209903	841841.6671263612	-1075074.538580876	819590.2372876495	27.39431897746428	1599.565890624997	127.91778394491493	252341.66825036806	-1067653.4260578963	252341.66418779525	158941021.32380804	832904.8970002781	-1067653.4264334	832904.8715976565	27.10350807914186	-0.006184630681141805	0.0	0.0	0.0	0.016857117066434814	0.0	0.0	0.0	-0.009930300465177198	158958848.42414555	0.016749911571288318
104	208.75	nan	nan	1	1	6.000000000000838e-05	6.000000000000867e-05	5.999999999999513e-05	0.9923982281043147	-6.463539013908116e-20	1.3336025534750607e-18	-6.660389470850015e-20	1.0208749999999969	5.306220957415619e-19	-5.845204962412475e-20	-5.57822017743792e-20	0.9878148663516012	8813.614501071595	256695.76101695045	-1113922.0121466452	264061.47002134816	161490904.0343976	867153.1010225572	-1108777.8636918473	839070.0725483974	6266.568969372376	1599.565890624997	8739.889151393549	261852.7618252037	-1099502.5408673065	261852.6118722363	164735245.5822736	855927.9980991596	-1099503.0042450202	855926.9346374735	6185.44963580276	-0.007630812631306075	0.0	0.0	0.0	0.020660102696299417	0.0	0.0	0.0	-0.012259981027734939	164746085.6084273	0.020577965575470775
108	247.5	nan	nan	1	1	6.000000000000838e-05	6.000000000000867e-05	5.999999999999513e-05	0.9909646803011163	-1.1118154465659945e-19	-1.5654795168518199e-18	-5.908901840045999e-21	1.0247499999999976	-2.7888390381758387e-19	5.748982019604387e-20	4.4865641150165783e-20	0.9855269384254	7425.922211466185	264634.80392470525	-1145557.5086898115	273657.2567431805	166031318.7767739	896811.870814144	-1139271.64426457	862484.625530975	5174.190820245514	1599.565890624997	7352.989888951511	270969.42208303197	-1128082.322109095	270969.5825743806	170005644.87136248	883131.2352708417	-1128082.4983746451	883130.0987988096	5095.259863657018	-0.009076385750336632	0.0	0.0	0.0	0.02444868040230799	0.0	0.0	0.0	-0.014578817983244301	170018177.85306218	0.024391949725045787
112	286.25	nan	nan	1	1	6.000000000000838e-05	6.000000000000867e-05	5.999999999999513e-05	0.9895346251282828	6.679024195689609e-20	4.6593588362564555e-20	2.95851667816982e-20	1.0286250000000137	1.7728602873939846e-18	1.2815269678778662e-19	3.854338723185968e-20	0.9832548580978286	6750.0126715636725	272322.23820672405	-1173390.532937106	283080.48930380854	170084770.92641407	928353.898159187	-1165943.9327684455	887405.2658241703	4711.693218465454	1599.565890624997	6673.926384208302	279889.11677269725	-1152801.4372781946	279889.59996746614	174810829.34895304	912064.3793008076	-1152801.3877947752	912063.1414700047	4629.0186956468615	-0.01052052200168319	0.0	0.0	0.0	0.02822295894375366	0.0	0.0	0.0	-0.01688692682523739	174824390.92958027	0.028191764834741777
116	325.0	nan	nan	1	1	6.000000000000838e-05	6.000000000000867e-05	5.999999999999513e-05	0.9881083791730324	4.7460950100552954e-20	-1.4210366824224385e-18	2.986299358839761e-20	1.0324999999999733	9.52945946978978e-19	9.280770596475918e-20	-9.835068957159132e-20	0.9809983285416265	6362.033946080351	279798.21672929183	-1197244.1794280254	292369.2562363761	173703573.4702533	960570.201065586	-1188629.0982410507	912655.0961191491	4456.726726208461	1599.565890624997	6281.128152506041	288650.35281949746	-1173513.5049270135	288651.20523366047	179199132.6974996	941530.6607875542	-1173513.3378924348	941529.2869867876	4368.389582376916	-0.011962891731119188	0.0	0.0	0.0	0.03198304585302451	0.0	0.0	0.0	-0.019184523249391596	179213452.62405357	0.031977483466359
120	363.75	nan	nan	1	1	6.000000000000838e-05	6.000000000000867e-05	5.999999999999513e-05	0.9866861531067844	1.2675678649071153e-19	-7.237591602426985e-19	-5.692061405548898e-21	1.0363750000000138	2.6404117607625733e-18	1.5937771935536914e-20	-5.093039705250657e-20	0.9787571454474222	6122.025243835136	286709.2815188988	-1217453.5865956815	301148.98809805734	176935547.35021818	992550.475628287	-1207669.858173005	937367.6493170541	4295.725168092668	1599.565890624997	6035.3608620987325	296884.6702903924	-1190574.1582129751	296885.8742060747	183215037.0557749	970636.5482970007	-1190573.8878965594	970635.0768767489	4200.882425602246	-0.013403270756775214	0.0	0.0	0.0	0.03572904745425948	0.0	0.0	0.0	-0.021471731118922834	183229958.3095642	0.03574916880085512
124	402.5	nan	nan	1	1	6.000000000000838e-05	6.000000000000867e-05	5.999999999999513e-05	0.9852680984464333	-2.912980186925429e-19	-6.856087962983648e-19	-9.942133921692076e-20	1.040249999999996	-5.004921173681898e-18	-1.5471565001368149e-19	1.072682524402846e-19	0.9765311464808566	5962.211369114487	292906.1469703047	-1234633.676943381	309252.9897925277	179823792.0585512	1023466.4692981469	-1223685.1541915857	960774.2270386858	4181.898964680788	1599.565890624997	5869.262643781007	304430.3626826412	-1204608.6386908488	304431.84719505336	186898850.71241814	998576.8032662439	-1204608.3438857973	998575.3095962658	4080.1994251917768	-0.014841493680729602	0.0	0.0	0.0	0.03946106888090988	0.0	0.0	0.0	-0.02374863313632743	186914268.11217925	0.03950688227849301
128	441.25	nan	nan	1	1	6.000000000000838e-05	6.000000000000867e-05	5.999999999999513e-05	0.9838543331293614	-2.3311701961153953e-19	8.227061610091568e-19	3.018147797656523e-20	1.0441249999999993	-4.427204046072997e-18	-5.811323644522304e-20	8.252811411688099e-20	0.9743201859116101	5843.288053587961	298385.101889188	-1249411.4234230153	316665.8004303105	182406891.32539633	1052599.4097309553	-1237303.4603290223	982226.6392757283	4092.8723527195693	1599.565890624997	5743.8501514985	311275.2799351617	-1216248.101285011	311276.95384778833	190286833.35705355	1024660.0995463693	-1216247.7021300746	1024658.6379968456	3984.2346039697613	-0.01627742832585134	0.0	0.0	0.0	0.04317921409393263	0.0	0.0	0.0	-0.02601529639164664	190302669.67228156	0.04325068704307181
132	480.0	nan	nan	1	1	6.000000000000838e-05	6.000000000000867e-05	5.999999999999513e-05	0.9824449396383508	2.451652162532847e-19	-1.2489602451218329e-18	2.9707139526102824e-20	1.0480000000000165	-9.006196396293963e-19	1.6775318113781968e-19	2.451110061446604e-19	0.9721241375770292	5748.312842332241	303001.8756658699	-1262283.6602633481	323221.8318748591	184719244.15948138	1079617.250815895	-1249022.4850569903	1001450.724838149	4021.8684853066197	1599.565890624997	5642.315755860527	317260.03675003874	-1225991.4961911456	317261.7226388967	193411456.8158681	1048576.9643610928	-1225990.902054283	1048575.3365958191	3906.234958912785	-0.01771097788963978	0.0	0.0	0.0	0.046883585898866355	0.0	0.0	0.0	-0.028271769119765085	193427646.72113127	0.04698064700942815
136	518.75	nan	nan	1	1	6.000000000000838e-05	6.000000000000867e-05	5.999999999999513e-05	0.9810399638092936	1.0001765041178778e-19	-1.2712948098750344e-18	9.477959866596719e-20	1.0518749999999786	-3.119574910892542e-18	1.186117176699142e-19	3.0704605524789484e-19	0.9699428973682022	5672.9660357781595	306627.9585480661	-1273537.0055209007	328769.39229202014	186791426.15470386	1104687.4046038832	-1259130.664313492	1018639.8260969628	3969.1565811307546	1599.565890624997	5560.321238370635	322239.58175880404	-1234129.5078291213	322241.2090885664	196301704.92358032	1070504.6787322783	-1234128.8367515642	1070502.7456682208	3846.3375910808777	-0.01914208241851066	0.0	0.0	0.0	0.05057428596291282	0.0	0.0	0.0	-0.030518077910113583	196318189.45965165	0.05069682605062861
140	557.5	nan	nan	1	1	6.000000000000838e-05	6.000000000000867e-05	5.999999999999513e-05	0.9796394393121796	-1.1653818101503566e-19	-3.859393815815182e-18	8.971772977317549e-20	1.0557499999999984	5.184031372576503e-18	-2.713215936644975e-19	-1.1874724294147488e-19	0.9677763601942568	5610.910862107413	309464.3794492377	-1283216.2880740617	333508.9943973378	188650518.86487448	1128196.5403363982	-1267676.2948684148	1034183.9609946284	3926.284786385492	1599.565890624997	5491.579432616586	326414.46542824974	-1240716.3701036093	326416.0096703381	198983347.86585927	1090830.8515866012	-1240715.6768661048	1090828.6290762082	3796.2468630043422	-0.020570694085550355	0.0	0.0	0.0	0.05425141483191419	0.0	0.0	0.0	-0.032754251254934766	199000080.7208336	0.05439929121142183
144	596.25	nan	nan	1	1	6.000000000000838e-05	6.000000000000867e-05	5.999999999999513e-05	0.9782434001993233	-1.636196603552187e-19	9.472945431548973e-19	1.332077894170003e-19	1.0596249999999958	-1.7222551509932238e-19	2.45029690981724e-20	9.063930161978817e-20	0.9656244091483696	5554.668225309739	311726.4671247069	-1291290.4078178438	337661.0639343376	190320461.88820347	1150389.2795719854	-1274632.5399273005	1048334.4087287725	3887.638109870488	1599.565890624997	5428.723126989889	330003.4769365324	-1245732.5208238661	330005.0250547835	201479247.92715177	1109802.5111111319	-1245731.8542245338	1109799.8930398782	3750.4787407536182	-0.021996764452248668	0.0	0.0	0.0	0.057915071946428635	0.0	0.0	0.0	-0.03498033078139783	201496191.47857144	0.05808811398632531
148	635.0	nan	nan	1	1	6.000000000000838e-05	6.000000000000867e-05	5.999999999999513e-05	0.976851871126083	3.6426482490081735e-19	-1.7491162598165523e-18	7.403745585360389e-20	1.0635000000000108	2.04301636372306e-18	2.7029160160063624e-19	-2.0621525320674293e-19	0.9634869265245137	5497.514979428531	313356.2388474919	-1297926.474134942	341153.0626970371	191822372.52714726	1171334.3003098804	-1280168.1196394286	1061177.350722567	3845.8666389862833	1599.565890624997	5365.16522537659	332938.33779925364	-1249349.3177607094	332939.9838585119	203809638.8212658	1127495.0762809701	-1249348.7519044764	1127491.906844525	3701.928389139737	-0.02342025447713226	0.0	0.0	0.0	0.061565355658164955	0.0	0.0	0.0	-0.03719635995405962	203826764.2563542	0.061763368292666605
152	673.75	nan	nan	1	1	6.000000000000838e-05	6.000000000000867e-05	5.999999999999513e-05	0.9754648710318283	-4.1752625662416776e-19	3.7484934860970707e-19	1.0060040907949874e-19	1.0673750000000053	3.1714539848459733e-18	3.9080067307240005e-19	-4.586717290699927e-19	0.9613637916035714	5445.807535827435	314252.8145553528	-1303455.0040847536	343864.0800382583	193174846.39082083	1190987.4967300172	-1284611.9981380692	1072695.5878477972	3806.6090687678484	1599.565890624997	5307.102810629389	335104.13057071046	-1251893.4961104915	335105.86146123346	205992391.95206732	1143874.9296544772	-1251892.9288328078	1143871.1307690032	3656.0288774769406	-0.024841130811032425	0.0	0.0	0.0	0.06520236324563812	0.0	0.0	0.0	-0.039402386387149636	206009667.63668248	0.06542513046159433
156	712.5	nan	nan	1	1	6.000000000000838e-05	6.000000000000867e-05	5.999999999999513e-05	0.9740824172060436	-2.9026802662868166e-19	-3.265698258689276e-18	3.5796289977324536e-19	1.0712500000000074	-7.437626903250561e-19	-2.48770188476799e-19	-7.95939919875921e-20	0.9592548776419629	5395.659140574633	314477.23290536826	-1308057.9749473883	345849.2944127577	194394233.48335618	1209046.863993413	-1288146.0692252251	1082641.6364212125	3766.7217166193846	1599.565890624997	5250.729616564841	336557.6674867993	-1253546.515146532	336559.6465101611	208043263.3853978	1158661.5517318682	-1253545.9598031873	1158657.3072768687	3609.7489345492563	-0.02625936166477501	0.0	0.0	0.0	0.06882619092985999	0.0	0.0	0.0	-0.04159846501841894	208060658.2791127	0.06907347946646164
160	751.25	nan	nan	1	1	6.000000000000838e-05	6.000000000000867e-05	5.999999999999513e-05	0.9727045251322632	1.6889159341892945e-19	-2.5941705381060664e-18	-3.3341927309360476e-19	1.0751250000000114	-6.988929834167435e-18	-1.0744443529331349e-19	3.9807838015520904e-19	0.957160053339205	5332.475685321849	314225.25293072296	-1311678.0286580024	347313.8696403542	195494940.49196294	1225102.848488011	-1290715.8783356808	1090677.664671986	3719.6433996568962	1599.565890624997	5181.856213172131	337501.4033480184	-1254259.3493763255	337503.7486379272	209976175.2058208	1171473.9959742795	-1254258.7136409953	1171469.3169752676	3556.816084766504	-0.027674916981999406	0.0	0.0	0.0	0.07243693388951676	0.0	0.0	0.0	-0.0437846566444942	209993660.66812176	0.07270849637524314
164	790.0	nan	nan	1	1	6.000000000000838e-05	6.000000000000867e-05	5.999999999999513e-05	0.971331198023521	1.936385080059111e-19	3.611463884022059e-18	-2.0662182902142501e-19	1.0790000000000197	3.3467694761368795e-18	2.802120514788786e-19	3.6892689424250504e-19	0.9550791944636629	5266.768079719393	313690.991792398	-1314221.2006666947	348465.115916685	196489677.71292964	1239029.8584685165	-1292231.1603493583	1096725.140339777	3672.284082362546	1599.565890624997	5110.735035045624	338139.04742927785	-1253948.4592577845	338141.5033755432	211803444.12155342	1182205.538316394	-1253947.5755551013	1182200.3307371368	3503.8659889974333	-0.029087779226077477	0.0	0.0	0.0	0.07603468627601588	0.0	0.0	0.0	-0.045961015799627976	211820979.47285244	0.07633026222444304
168	828.75	nan	nan	1	1	6.000000000000838e-05	6.000000000000867e-05	5.999999999999513e-05	0.9699624292207999	3.252606517456513e-20	8.161684219090692e-18	2.262187832891005e-19	1.0828750000000045	-1.7104915574217561e-18	-7.003946034256359e-20	5.071355661800947e-20	0.9530121818219955	5209.389074152094	313093.63495044503	-1315820.9447053592	349542.95987180044	197389586.22957715	1250924.8055774479	-1292825.5247117952	1100903.4455093292	3625.1762647527194	1599.565890624997	5047.891544826419	338704.42784641305	-1252747.5299588153	338706.694119916	213535886.40443268	1190962.1644624795	-1252746.32826128	1190956.4104821228	3451.4047139986956	-0.03049794099690331	0.0	0.0	0.0	0.07961954122817165	0.0	0.0	0.0	-0.04812759280522904	213553429.70504355	0.07993885825807419
172	867.5	nan	nan	1	1	6.000000000000838e-05	6.000000000000867e-05	5.999999999999513e-05	0.9685982139706727	-8.641091314709471e-20	5.181652904060613e-18	-1.8957274985909044e-19	1.0867499999999857	-1.0144256311697686e-17	-1.691355389077387e-19	-1.1709383462843448e-20	0.9509588904376379	5146.2276866873	312870.10713386146	-1316801.1363536192	351036.8030902556	198204454.43628457	1261015.2799806015	-1292819.202894604	1103443.7805058009	3573.7381380929296	1599.565890624997	4979.636081977972	339671.1518942919	-1250969.9569429292	339673.18144364323	215183022.64699188	1197973.0173000721	-1250968.5816781388	1197966.8604601976	3395.075324065374	-0.03190539294339644	0.0	0.0	0.0	0.08319159088675142	0.0	0.0	0.0	-0.05028444509176698	215200551.71630678	0.08353436741207322
176	906.25	nan	nan	1	1	6.000000000000838e-05	6.000000000000867e-05	5.999999999999513e-05	0.9672385501894339	5.477931476483011e-20	3.955386365661617e-18	-2.0328790734103208e-20	1.0906249999999869	-2.2094685022538974e-18	1.0570971181733668e-19	-3.250167062568421e-19	0.9489191897965825	5076.624498068496	313401.0003419952	-1317456.5216044288	353382.0745417696	198942901.30392954	1269728.2888332056	-1292502.8266274154	1104745.3766812002	3515.4312705938855	1599.565890624997	4905.354101923779	341458.20390464563	-1248898.792156219	341460.00153435365	216753251.2171001	1203654.2385164984	-1248897.5784514158	1203647.6325279183	3332.495452985541	-0.03331012295988647	0.0	0.0	0.0	0.08675092640864226	0.0	0.0	0.0	-0.05243163700469536	216770758.408606	0.08711687402965673
180	945.0	nan	nan	1	1	6.000000000000838e-05	6.000000000000867e-05	5.999999999999513e-05	0.9658834419849275	2.9514693640486643e-19	-2.9436224508253005e-18	1.7325550716318362e-19	1.094500000000008	-3.0381513277388804e-18	4.342229700804445e-19	-6.453713431719965e-19	0.9468929408145175	5003.827399370747	314684.21753891266	-1318043.4025930383	356588.72115415434	199612492.84307525	1277649.4486385128	-1292127.860330595	1105335.8508378007	3449.596458883372	1599.565890624997	4828.204717965804	344072.0240129627	-1246778.270727385	344073.28799278504	218253953.019735	1208568.3726616723	-1246777.1834511661	1208561.2249201024	3263.0806385075234	-0.034712112520768876	0.0	0.0	0.0	0.0902976379807877	0.0	0.0	0.0	-0.054569243069033005	218271442.20128712	0.09068646423459376
184	983.75	nan	nan	1	1	6.000000000000838e-05	6.000000000000867e-05	5.999999999999513e-05	0.9645329025909608	7.169286865560398e-20	-2.408528021122236e-18	-1.6772607608350753e-19	1.0983749999999937	-2.1360409101223165e-18	-3.877106968808164e-19	1.13651492730793e-19	0.9448799936111079	4929.8867078149415	316328.1874467108	-1318737.2061853546	360223.80795828736	200219898.55564606	1285170.7960238834	-1291866.0189728818	1105564.8057124799	3379.958627341574	1599.565890624997	4750.175397895684	347091.6709785553	-1244774.1844128747	347092.41240518744	219691642.76434645	1213090.388250578	-1244773.06364355	1213082.9657868242	3190.3894301037976	-0.03611133359357438	0.0	0.0	0.0	0.09383181483386482	0.0	0.0	0.0	-0.05669735044013611	219709121.30130792	0.09424322611782524
188	1022.5	nan	nan	1	1	6.000000000000838e-05	6.000000000000867e-05	5.999999999999513e-05	0.9631869490698745	3.786576087405624e-20	1.6871032836821703e-18	-1.8301332671555314e-19	1.1022500000000128	-2.4184213659461663e-18	9.194034422677077e-20	6.517139258810367e-19	0.9428801932298652	4848.50127408171	317994.4311181996	-1319468.1704075541	363906.427008927	200771014.44189414	1292322.9044040397	-1291648.7298839518	1105464.3999509288	3305.0184227274394	1599.565890624997	4665.206733787373	350148.6145811219	-1242819.9651032963	350149.1734829107	221072087.04150233	1217251.5737590876	-1242818.7622749032	1217244.0465402086	3113.029152898126	-0.03750775407307826	0.0	0.0	0.0	0.0973535452559218	0.0	0.0	0.0	-0.0588160529567569	221089562.90229306	0.09778724873012366
192	1061.25	nan	nan	1	1	6.000000000000838e-05	6.000000000000867e-05	5.999999999999513e-05	0.9618455882220854	-2.5321541738398957e-19	7.452621080482856e-18	-4.4929338027799305e-19	1.106124999999991	8.710046572879548e-18	3.6168984474116426e-19	-2.9680034471790683e-20	0.9408933941025955	4751.13822147597	319428.4104061366	-1319997.5299685802	367344.30088060355	201271086.5432053	1299074.583617193	-1291242.3430353443	1105013.7983508909	3219.1728881323415	1599.565890624997	4565.128826505475	352961.8471450866	-1240690.7750475763	352962.59107393125	222400425.788249	1221024.8999715832	-1240689.5710905911	1221017.6010669773	3025.761802511954	-0.03890135240338583	0.0	0.0	0.0	0.1008629166053688	0.0	0.0	0.0	-0.06092543582242427	222417907.44374144	0.10131861968101757
196	1100.0	nan	nan	1	1	6.000000000000838e-05	6.000000000000867e-05	5.999999999999513e-05	0.9605088173256896	-1.0199631937657383e-19	3.805685150695681e-19	-8.299567630376536e-20	1.1100000000000068	-4.336808689942018e-19	1.3444106938820255e-20	-4.9439619065339e-19	0.9389194597983435	4657.282225730586	320539.813733094	-1320189.4127637846	370429.14749489404	201724768.1258141	1305591.8913354066	-1290514.3064351175	1104359.2117011063	3134.544998580705	1599.565890624997	4468.7003865183015	355428.52888587577	-1238260.190708306	355429.7966832805	223681223.05862564	1224568.572298845	-1238259.0318690324	1224561.6711543126	2940.0192504200813	-0.040292116882616164	0.0	0.0	0.0	0.10436001532424906	0.0	0.0	0.0	-0.06302557576526259	223698703.39920175	0.10483742504907999
200	1138.75	nan	nan	1	1	6.000000000000838e-05	6.000000000000867e-05	5.999999999999513e-05	0.9591766271975974	-1.428978463335895e-19	-5.68960839813365e-18	2.6400322900022032e-20	1.11387499999998	-1.2023151571560753e-17	-2.5587171270657903e-20	9.882502802205373e-20	0.9369582596022058	4566.7845300488125	321504.4819361722	-1320015.750890158	373359.353681339	202136138.0867641	1312075.01587632	-1289437.7163233028	1103672.001979481	3054.8768944511703	1599.565890624997	4375.763290391013	357740.5744753955	-1235503.753656174	357742.33341056114	224918476.17773777	1228071.412102848	-1235502.6139743912	1228064.547165268	2859.2930557887016	-0.041680042540693935	0.0	0.0	0.0	0.10784492695072866	0.0	0.0	0.0	-0.0651165445852558	224935949.6326932	0.1083437500277999
204	1177.5	nan	nan	1	1	6.000000000000838e-05	6.000000000000867e-05	5.999999999999513e-05	0.957848987988567	-1.4810201676151992e-19	2.77132239682662e-18	-2.3107058801097314e-19	1.1177499999999898	-5.816310974515737e-18	1.0234868508263161e-19	-4.8111471404044257e-20	0.9350096828225933	4467.218985563915	322414.93516421755	-1319403.9677298274	376240.26184884994	202508827.91768053	1318697.2868977315	-1287942.3822917351	1103098.10296034	2973.5921242017225	1599.565890624997	4274.412738254438	359999.58343123	-1232355.655556928	360001.64153311594	226115746.32663792	1231695.5983330545	-1232354.478881814	1231688.778149305	2777.4079517774426	-0.04306514601638132	0.0	0.0	0.0	0.11131773613194423	0.0	0.0	0.0	-0.06719839378707952	226133218.07855824	0.11183767660681901
208	1216.25	nan	nan	1	1	6.000000000000838e-05	6.000000000000867e-05	5.999999999999513e-05	0.9565258510240878	1.507041019754851e-19	1.000717249951405e-17	-1.0535734611127889e-19	1.1216249999999937	-1.3032110113275763e-18	-6.310056643865635e-20	2.718636947507402e-19	0.933073637371004	4361.595026381351	323209.63831995224	-1318230.3096938664	378998.8520586476	202846087.30842566	1325693.0603128015	-1285908.5163453894	1102831.0602150816	2887.1140078174694	1599.565890624997	4167.558828008205	362135.97664870444	-1228702.9487244878	362138.16325181583	227276223.31635904	1235658.8680533422	-1228701.737986073	1235652.5168787355	2691.036208637105	-0.044447463782163646	0.0	0.0	0.0	0.11477852663607947	0.0	0.0	0.0	-0.06927115587838492	227293699.85957476	0.11531928367954346
212	1255.0	nan	nan	1	1	6.000000000000838e-05	6.000000000000867e-05	5.999999999999513e-05	0.9552071690066346	6.9334728930448e-19	-3.544609267561172e-18	6.00376953013848e-20	1.1254999999999848	4.361474289366063e-18	-3.3306690738754697e-19	5.540273101400928e-20	0.9311500301123026	4258.381489424284	323840.6881147149	-1316345.9507376768	381576.4619946112	203150810.68685487	1333271.450597858	-1283192.2707874763	1103038.6045818774	2798.355417377072	1599.565890624997	4063.3048295760827	364094.5504584551	-1224410.285655331	364096.4260073545	228402748.03918377	1240153.6820679917	-1224409.1714456421	1240147.88633137	2602.9138875199906	-0.04582703113051196	0.0	0.0	0.0	0.11822738136463641	0.0	0.0	0.0	-0.07133486526579161	228420230.92955765	0.11878865004609045
216	1293.75	nan	nan	1	1	6.000000000000838e-05	6.000000000000867e-05	5.999999999999513e-05	0.9538929129751362	-5.726213773982192e-19	-3.726646812321488e-18	3.4667364465224e-20	1.1293750000000082	7.992413154911393e-18	-5.692061405548899e-20	3.83888884222805e-19	0.9292387505292544	4160.3188840467255	324224.35422354826	-1313724.9764420367	383871.4835019103	203425575.37130213	1341705.7671650937	-1279769.6186562523	1103937.708065587	2712.2362444494997	1599.565890624997	3964.250941701347	365778.94213649933	-1219457.4876862	365780.3481843983	229497848.614789	1245430.4922118683	-1219456.502570786	1245425.1563175584	2517.6173521686646	-0.047203864384586694	0.0	0.0	0.0	0.12166438236436318	0.0	0.0	0.0	-0.07338957584603353	229515339.00328553	0.1222458568789866
220	1332.5	nan	nan	1	1	6.000000000000838e-05	6.000000000000867e-05	5.999999999999513e-05	0.9525830720459635	-2.384702678381867e-19	-6.960686367574186e-18	3.4309577748303786e-19	1.1332499999999877	-7.066179238957027e-18	4.681584980792408e-19	-2.2258670601127405e-19	0.9273396712629667	4073.726114978513	324237.0657323292	-1310595.2141118757	385733.07213639555	203672672.54056752	1351390.3513661968	-1275863.6785885044	1105839.7794709953	2637.1626453212107	1599.565890624997	3876.388176597464	367046.39400718396	-1214059.552410991	367047.532885019	230563769.27472103	1251849.8064438414	-1214058.7607119237	1251844.8576746334	2442.9148423094653	-0.04857796103784755	0.0	0.0	0.0	0.1250896108388105	0.0	0.0	0.0	-0.07543536061476504	230581269.98072386	0.12569098757581423
224	1371.25	nan	nan	1	1	6.000000000000838e-05	6.000000000000867e-05	5.999999999999513e-05	0.951277641972047	-5.66495635123676e-19	3.3889449406465655e-18	2.2892928872031425e-19	1.137125000000004	-7.543445035285145e-18	1.8778381627448937e-19	2.740863092043355e-19	0.9254526591892098	3993.5829124726138	324086.07786007907	-1307232.3210884724	387402.53016260295	203894131.7036062	1362599.2252672503	-1271743.332315401	1108951.2640407446	2569.1874078944575	1599.565890624997	3794.8995965977583	368128.02233428473	-1208473.913095459	368129.0053709624	231602492.66252273	1259657.974466583	-1208473.2844050364	1259653.1094207522	2375.0911832631045	-0.04994931165072336	0.0	0.0	0.0	0.12850314716009273	0.0	0.0	0.0	-0.07747229988226423	231620019.88311908	0.12912412608814164
228	1410.0	nan	nan	1	1	6.000000000000838e-05	6.000000000000867e-05	5.999999999999513e-05	0.9499766202751969	-5.822165666247159e-19	-3.627713364082186e-18	-6.993104012531504e-20	1.1409999999999942	-5.420794021993025e-18	-3.6212352561015847e-19	3.005950523216061e-19	0.9235775805708046	3905.342221643774	324031.2182850569	-1303752.0449934432	389189.17008674593	204091822.47778696	1375256.6816694194	-1267521.51824598	1113191.2804020988	2497.7341082598746	1599.565890624997	3705.954391462847	369318.0675976482	-1202808.3688633654	369319.05890328804	232615850.6853182	1268776.7220764423	-1202808.0178950857	1268771.7397123838	2304.3457535865746	-0.0513179049270222	0.0	0.0	0.0	0.13190507087993372	0.0	0.0	0.0	-0.0795004757561319	232633434.19396546	0.13254535601956358
232	1448.75	nan	nan	1	1	6.000000000000838e-05	6.000000000000867e-05	5.999999999999513e-05	0.9486800165029621	5.334816789714924e-19	6.035536653792306e-18	-2.2784508654782877e-19	1.1448749999999912	-3.8234389612701314e-18	-3.37403716077489e-19	1.0945020931241168e-19	0.9217142914442038	3813.417255475606	323996.87745179934	-1300081.8092149147	391003.3062736083	204267482.66156507	1388956.7875822915	-1263127.7742059568	1118214.8697797451	2427.2307656508015	1599.565890624997	3613.7652214452137	370531.17258068785	-1196996.4356094468	370532.2693583482	233605553.44227037	1278824.3879479684	-1196996.5295858243	1278819.3212087052	2234.772115333331	-0.05268371688973356	0.0	0.0	0.0	0.13529546074100746	0.0	0.0	0.0	-0.08151998257576204	233623211.16973725	0.13595476200404324
236	1487.5	nan	nan	1	1	6.000000000000838e-05	6.000000000000867e-05	5.999999999999513e-05	0.9473878535138631	-2.9322247754870466e-19	1.1959779954578975e-17	-5.445947512394688e-19	1.148749999999998	-1.8964864401116445e-18	6.411971648079273e-19	-2.5695591487906456e-19	0.9198626360863077	3721.494827531882	323720.49714641384	-1296031.2556118807	392526.6091168028	204422684.39688486	1403164.8278848235	-1258377.140718836	1123580.821879776	2361.7210786543405	1599.565890624997	3521.834282724337	371466.28951128514	-1190863.922924564	371467.3089538922	234573147.92922288	1289304.0690255507	-1190864.4134054694	1289298.6466684854	2170.077624595643	-0.05404670943823376	0.0	0.0	0.0	0.13867439468775797	0.0	0.0	0.0	-0.08353092868852921	234590881.95905024	0.13935243002872744
240	1526.25	nan	nan	1	1	6.000000000000838e-05	6.000000000000867e-05	5.999999999999513e-05	0.9461001551076924	-2.0984733048456938e-19	-7.231249019717945e-18	4.445228907190568e-20	1.1526249999999996	-1.092274057659659e-17	-2.6020852139652105e-19	5.1174342541315807e-20	0.9180224590047492	3625.011824082507	323035.64288728614	-1291472.1593085174	393551.75763110496	204558847.03937018	1417355.9514876225	-1253145.6682278416	1128865.4980578476	2299.936190215453	1599.565890624997	3425.847970690957	371928.9842415422	-1184295.0107454334	371929.404832664	235520029.66904896	1299731.9142333507	-1184295.8734527952	1299725.919670341	2109.0682717956583	-0.05540684332746232	0.0	0.0	0.0	0.1420419498771681	0.0	0.0	0.0	-0.08553342351412753	235537834.21663657	0.1427384456081948
244	1565.0	nan	nan	1	1	6.000000000000838e-05	6.000000000000867e-05	5.999999999999513e-05	0.9448169325076364	4.1833940825353187e-19	-4.8216639014775355e-18	-1.5504091066542713e-19	1.1564999999999825	-4.779705277402346e-19	-7.58724680305356e-19	2.975592862386467e-19	0.9161936180761604	3518.392991699386	322026.83237981744	-1286342.254687507	394175.51990385674	204677253.00036308	1431050.653936111	-1247373.696911037	1133690.058115932	2235.729017427505	1599.565890624997	3320.560883343975	372012.1548668015	-1177235.1773306476	372011.8291653165	236447458.05242625	1309669.4633302544	-1177236.4015750173	1309662.5469188995	2046.095303721431	-0.05676409246910748	0.0	0.0	0.0	0.14539820268934134	0.0	0.0	0.0	-0.0875275631986366	236465325.15756324	0.1461128917649025
248	1603.75	nan	nan	1	1	6.000000000000838e-05	6.000000000000867e-05	5.999999999999513e-05	0.9435381738673444	1.2435798918408737e-18	1.0233242205004433e-18	2.995108501491206e-19	1.1603750000000097	2.052915129557853e-17	-1.947227101783966e-19	8.716985466783455e-19	0.9143759947336281	3392.8488369674064	320926.97804955835	-1280699.2550676882	394679.16006696434	204779076.28272384	1443950.1922446974	-1241117.8883845566	1137826.4144782613	2161.1896371628272	1599.565890624997	3197.726613212882	371982.00855649554	-1169739.9371876083	371981.22123080137	237356586.75048637	1318846.8725150286	-1169741.3862296394	1318838.8137967626	1973.9449526670835	-0.058118455143208056	0.0	0.0	0.0	0.14874322873796775	0.0	0.0	0.0	-0.08951341932467322	237374513.7568217	0.14947584745827008
252	1642.5	nan	nan	1	1	6.000000000000838e-05	6.000000000000867e-05	5.999999999999513e-05	0.94226384458816	-2.0111950299606107e-19	1.1602426918527752e-17	2.0496842070838462e-19	1.1642499999999896	-3.582312398109355e-18	6.31873026124552e-19	4.518954654919583e-19	0.9125694938203077	3243.426649934469	319941.8859729839	-1274710.8609650463	395315.3309215084	204865413.951077	1456056.5784155051	-1234541.440248989	1141287.313320678	2076.6568865619847	1599.565890624997	3052.7545520751305	372076.83014951815	-1161964.6405252076	372075.8340565863	238248498.1557624	1327270.6074239132	-1161966.1574654856	1327261.55732568	1892.9797702212877	-0.05946995382724993	0.0	0.0	0.0	0.15207710288034096	0.0	0.0	0.0	-0.09149103881403776	238266487.96199188	0.1528273875497951
256	1681.25	nan	nan	1	1	6.000000000000838e-05	6.000000000000867e-05	5.999999999999513e-05	0.940993900490344	-9.612536461256482e-19	-1.3877245706728214e-18	-1.100465205072787e-19	1.1681250000000045	1.8510312640301895e-17	-2.5977484052752685e-19	-2.7815206735115617e-19	0.9107740307244636	3078.1432821412523	319250.26659513457	-1268411.2516367189	396307.6548334156	204937266.65504158	1467589.4477473162	-1227678.0403160462	1144254.822320311	1990.2698279751987	1599.565890624997	2893.269400930049	372506.47087299917	-1153941.941901165	372505.3403902108	239124179.1783417	1335145.0604541227	-1153943.4596330088	1335135.3788609358	1810.6555166847222	-0.06081862136213934	0.0	0.0	0.0	0.1553998992276939	0.0	0.0	0.0	-0.09346045779844754	239142231.91100976	0.15616758479357962
260	1720.0	nan	nan	1	1	6.000000000000838e-05	6.000000000000867e-05	5.999999999999513e-05	0.939728299378535	1.0607834055598176e-18	-8.535923703978377e-19	-4.421376459395887e-19	1.1719999999999855	1.1906057736932318e-17	-4.156831129309424e-19	4.689174395999807e-19	0.9089895197116589	2888.774631764811	319040.8311927849	-1261780.7333516283	397896.7232086702	204995515.58450457	1478743.155166361	-1220509.2234422427	1146887.4668256305	1895.0915519708337	1599.565890624997	2711.6096695067345	373495.2530488124	-1145655.3154797864	373494.21109341725	239984492.52046022	1342650.043043238	-1145656.9078170944	1342640.134929029	1720.680663802135	-0.06216448871345306	0.0	0.0	0.0	0.1587116911548085	0.0	0.0	0.0	-0.09542171434124508	240002619.02994373	0.15949651175473403
264	1750.0	nan	nan	1	1	6.000000000000838e-05	6.000000000000867e-05	5.999999999999513e-05	0.9387513973078344	8.593928520206351e-19	3.862416029370985e-18	-2.346755602344874e-19	1.1749999999999983	2.4070264011133434e-17	3.3436794999452958e-19	-3.818017950407704e-19	0.9076153090029763	1477.6778119066762	319267.6986978501	-1256366.7148551077	399615.0365634162	205031282.06538025	1487421.4669148847	-1214697.0423535814	1148937.709294569	1072.5542336753256	1599.565890624997	1385.6070135864022	374716.2893204344	-1139011.1066978988	374715.9177293162	240639944.23331866	1348483.3298471454	-1139011.9873939638	1348478.649243573	972.3683143205023	-0.06320458742784636	0.0	0.0	0.0	0.16126814759612082	0.0	0.0	0.0	-0.09693465865262416	240659061.3719054	0.16206611519767392
268	1780.0	nan	nan	1	1	6.000000000000838e-05	6.000000000000867e-05	5.999999999999513e-05	0.9377771452127763	-5.647609116476992e-19	-1.3079815008865126e-18	-2.2264091611989835e-19	1.1780000000000028	-1.9989977555201488e-17	8.519660671391093e-19	1.7091363047061491e-18	0.906247645577677	1348.9397794025826	319763.09256270237	-1250794.2408330438	401674.09513803385	205060564.1796343	1496008.9439826922	-1208741.9188709613	1150891.5426062935	1012.7245537820503	1599.565890624997	1263.5731246972816	376254.5842089739	-1132246.3731659965	376254.4475694081	241287938.18797773	1354220.0993187907	-1132247.581917105	1354215.7581805445	916.7404722556084	-0.06424294326472012	0.0	0.0	0.0	0.1638180852293983	0.0	0.0	0.0	-0.09844267079987999	241307097.7065198	0.16462898235076814
272	1810.0	nan	nan	1	1	6.000000000000838e-05	6.000000000000867e-05	5.999999999999513e-05	0.9368054447566567	-2.297424403496784e-19	-2.6102709403674764e-18	-3.861386037307124e-19	1.1809999999999985	1.894860136852916e-18	-2.0144476364780673e-19	-7.594836218260959e-20	0.9048864058242986	1157.5227405874534	320439.1505855048	-1245034.6732006834	403967.5291416999	205082823.53373957	1504688.5038747569	-1202615.1794415333	1152894.1217643342	916.85447872519	1599.565890624997	1083.1424340820363	378008.966708697	-1125335.819021669	378009.31028152636	241927823.3388181	1360026.2758364598	-1125337.314810092	1360022.0662686415	828.7071902081794	-0.06527965463539921	0.0	0.0	0.0	0.16636153721522398	0.0	0.0	0.0	-0.099945861586497	241947072.71205613	0.16718520556748664
276	1840.0	nan	nan	1	1	6.000000000000838e-05	6.000000000000867e-05	5.999999999999513e-05	0.9358362774460492	1.38669457860896e-19	1.4257258568184383e-17	3.909633033982729e-19	1.1839999999999982	-6.736148097652439e-18	-1.7889335846010822e-19	-1.0717880576105455e-18	0.9035315495592254	757.4428994957215	321225.0887762955	-1239076.5735564227	406408.4792928772	205098281.05560455	1513539.6082078316	-1196305.889248032	1155005.2384337164	689.2825576680139	1599.565890624997	708.0352412045956	379897.3459129867	-1118269.7246686714	379898.6377128983	242559797.9322272	1365973.3038836508	-1118271.3963153525	1365968.7238879981	622.0792422617994	-0.06631473506284721	0.0	0.0	0.0	0.16889853646181258	0.0	0.0	0.0	-0.10144425029086716	242579296.57350123	0.16973481819898675
280	1870.0	nan	nan	1	1	6.000000000000838e-05	6.000000000000867e-05	5.999999999999513e-05	0.9348696310283313	-1.7607443281164593e-19	3.0264419442760372e-18	1.6176296413483726e-19	1.1869999999999867	-6.3107071651691274e-18	-2.882893576638956e-19	1.8469384008290568e-19	0.9021830339162256	319.77045200447066	322088.88479267363	-1232943.9737758378	408957.1888224227	205107307.47281277	1522617.9965118382	-1189837.1602405456	1157266.390227682	420.5146430175146	1599.565890624997	298.6021677202422	381882.73997675115	-1111070.3833972404	381884.88749250065	243184239.70883137	1372110.8153609596	-1111071.8737607484	1372105.9025915316	378.9477669539022	-0.06734819147026337	0.0	0.0	0.0	0.1714291156275202	0.0	0.0	0.0	-0.10293785942050146	243204026.81773674	0.17227785299508286
284	1900.0	nan	nan	1	1	6.000000000000838e-05	6.000000000000867e-05	5.999999999999513e-05	0.9339054986481522	7.625193879090553e-19	-1.0221315981107094e-17	1.1275702593849246e-19	1.1899999999999928	3.98953873409491e-18	-5.026361271642799e-19	7.552010232447781e-19	0.9008408117081589	46.948733890597765	322944.42625159636	-1226700.200252737	411504.7363731003	205110289.20215824	1531928.5250209714	-1183270.5726812487	1159679.730607821	241.1511574994562	1599.565890624997	43.795437598265956	383863.4901844711	-1103795.3046707984	383866.15590549394	243801549.38654095	1378442.3550766737	-1103796.5932897944	1378437.5041063428	216.98986868102602	-0.06838002504981995	0.0	0.0	0.0	0.173953307123432	0.0	0.0	0.0	-0.10442671655266413	243821511.24638754	0.17481434306295524
288	1930.0	nan	nan	1	1	6.000000000000838e-05	6.000000000000867e-05	5.999999999999513e-05	0.932943871035986	-2.5435382966509935e-19	-1.0394734118596149e-17	6.464013352358577e-19	1.192999999999994	-7.694257557477879e-18	5.904565031356057e-19	7.810592450585574e-19	0.8995048349756256	-242.41237043674977	323650.336566768	-1220411.0196658785	413870.66422508925	205107387.57174125	1541417.5256130162	-1176669.5840667875	1162202.6251147413	40.61307982145646	1599.565890624997	-225.897192053971	385671.0541920181	-1096503.8498032566	385674.29852495383	244411865.05933198	1384918.8705716648	-1096504.9124230656	1384914.0908285913	36.489672461976134	-0.06941023960578088	0.0	0.0	0.0	0.17647114311577447	0.0	0.0	0.0	-0.10591085042464357	244432021.74035144	0.17734432248850115
292	1960.0	nan	nan	1	1	6.000000000000838e-05	6.000000000000867e-05	5.999999999999513e-05	0.9319847413795866	-5.29849601693666e-19	2.7214016630472404e-18	9.649399335120989e-21	1.1959999999999988	-3.742882739854458e-18	5.724587470723464e-20	-1.0723843688054124e-18	0.8981750561293641	-478.7845004816515	324089.6079795391	-1214118.8152391156	415902.5962600701	205098882.292821	1551019.4868015447	-1170075.185274617	1164784.488369285	-133.64429230122508	1599.565890624997	-445.70541785272894	387164.3079999084	-1089234.0464359995	387168.0062024728	245015467.57237568	1391480.974106483	-1089235.0292194018	1391476.21307559	-119.89758453555561	-0.07043883634088181	0.0	0.0	0.0	0.17898265552843903	0.0	0.0	0.0	-0.10739028966784457	245035784.23960376	0.17986782446482197
296	1990.0	nan	nan	1	1	6.000000000000838e-05	6.000000000000867e-05	5.999999999999513e-05	0.9310281012806729	2.0187844451680094e-19	3.3739287405576412e-18	-8.114169058881515e-19	1.1990000000000194	2.297641243931281e-18	-2.216109240560371e-19	-4.0440741033709315e-20	0.8968514284447293	-714.0164165307561	324209.3267995987	-1207855.387289429	417528.9550120116	205084973.05500478	1560676.5500854752	-1163518.0325475556	1167381.2540158483	-315.1798461878474	1599.565890624997	-664.0006581215597	388277.48750356864	-1082014.219254565	388281.6900202729	245612545.60006967	1398076.4888081749	-1082015.3731221613	1398071.624719835	-282.3426370296092	-0.07146581818565292	0.0	0.0	0.0	0.18148787604539318	0.0	0.0	0.0	-0.10886506225299815	245633025.82235238	0.1823848822075947
300	2020.0	nan	nan	1	1	6.000000000000838e-05	6.000000000000867e-05	5.999999999999513e-05	0.9300739428196314	6.32089866559049e-20	1.0243325285208548e-17	-5.271390962624523e-19	1.202000000000012	-2.669305748659312e-18	-4.5536491244391185e-20	5.431852884152377e-19	0.8955339057142613	-945.6709809430749	324030.56235398207	-1201656.9238482497	418772.5268105472	205065876.6610165	1570336.183483351	-1157032.7075864563	1169953.5220198014	-500.356680837851	1599.565890624997	-878.5238607479323	389033.01950199524	-1074876.451089392	389037.693280883	246203310.62200058	1404658.3100560592	-1074877.9033769043	1404653.1538316295	-447.566691211255	-0.07249118758725558	0.0	0.0	0.0	0.18398683611302616	0.0	0.0	0.0	-0.11033519587064713	246223954.86880663	0.18489552852904326
