6	header
postResults v2.0.3	--cr f,p,texture --time RVE_1_40_D_tensionX.spectralOut
addCauchy v2.0.3	RVE_1_40_D_tensionX.txt
addStrainTensors v2.0.3	--left --logarithmic RVE_1_40_D_tensionX.txt
addMises v2.0.3	-s Cauchy RVE_1_40_D_tensionX.txt
addMises v2.0.3	-e ln(V) RVE_1_40_D_tensionX.txt
inc	time	elem	node	ip	grain	1_pos	2_pos	3_pos	1_f	2_f	3_f	4_f	5_f	6_f	7_f	8_f	9_f	1_p	2_p	3_p	4_p	5_p	6_p	7_p	8_p	9_p	texture	1_Cauchy	2_Cauchy	3_Cauchy	4_Cauchy	5_Cauchy	6_Cauchy	7_Cauchy	8_Cauchy	9_Cauchy	1_ln(V)	2_ln(V)	3_ln(V)	4_ln(V)	5_ln(V)	6_ln(V)	7_ln(V)	8_ln(V)	9_ln(V)	Mises(Cauchy)	Mises(ln(V))
0	0.0	nan	nan	1	1	6.000000000000838e-05	6.000000000000867e-05	5.999999999999513e-05	1.0	0.0	0.0	0.0	1.0	0.0	0.0	0.0	1.0	2.7716487604837305e-06	-1.193192284640359e-09	-2.8066754232013673e-08	-1.19319228464005e-09	2.7018729684353462e-06	-1.6832583398956398e-08	-2.8066754232013544e-08	-1.6832583398956544e-08	2.6991213888906947e-06	1599.565890624997	2.7716487604837305e-06	-1.193192284640359e-09	-2.8066754232013673e-08	-1.19319228464005e-09	2.7018729684353462e-06	-1.6832583398956398e-08	-2.8066754232013544e-08	-1.6832583398956544e-08	2.6991213888906947e-06	0.0	0.0	0.0	0.0	0.0	0.0	0.0	0.0	0.0	9.102600058541354e-08	0.0
2	2.0	nan	nan	1	1	6.000000000000838e-05	6.000000000000867e-05	5.999999999999513e-05	0.9999331859138993	-1.5314421860806754e-23	3.8758374781784666e-23	-5.085506405976014e-24	1.000200000000001	2.812744954925315e-23	4.433688083284229e-25	-1.9018536643819213e-23	0.9999338800589289	4.61382195180704e-06	-494.1626033452616	2741.2009144850394	-494.2944616986584	14158906.776162075	727.4803459849528	2741.2028174031757	727.2867876697939	1.0823564793554396e-05	1599.565890624997	4.613204396735622e-06	-494.22830092027135	2740.8359103747543	-494.22830092027556	14160789.164334886	727.383478471509	2740.835910374759	727.3834784714917	1.0822123583748599e-05	-6.681631826113055e-05	0.0	0.0	0.0	0.0001999800026671327	0.0	0.0	0.0	-6.612212709097142e-05	14160790.041982656	0.0001776332690461111
4	4.0	nan	nan	1	1	6.000000000000838e-05	6.000000000000867e-05	5.999999999999513e-05	0.9998663539893822	2.7162956955016324e-23	-1.5647610211543114e-22	-2.6092585242372705e-23	1.0003999999999935	3.208203462174667e-22	-4.1028158382630172e-25	-3.782531505082485e-23	0.9998677425139983	-5.1169400744583985e-06	-988.3614006224087	5482.594259816413	-988.8889062399189	28326310.375511978	1455.406311247099	5482.6018735510415	1454.6319700792037	-6.1958290843904255e-06	1599.565890624997	-5.115570689331427e-06	-988.6242617958518	5481.134630753918	-988.6242617958563	28333843.94286895	1455.0188389577113	5481.134630753911	1455.0188389576747	-6.194179571081772e-06	-0.00013365494204167923	0.0	0.0	0.0	0.0003999200213202327	0.0	0.0	0.0	-0.00013226623279440384	28333845.6971703	0.0003552546439163534
6	6.0	nan	nan	1	1	6.000000000000838e-05	6.000000000000867e-05	5.999999999999513e-05	0.9997995042228782	4.806250231178112e-23	-1.2655069278673272e-21	-4.6348584082571244e-23	1.000599999999987	7.627796387820992e-22	-6.815968247436948e-24	-1.2784903547619595e-23	0.999801587361715	-3.7596027214021886e-06	-1482.596338724799	8224.17977104143	-1483.7833888316518	42502212.496067986	2183.7779609209474	8224.196906585375	2182.035450503868	-4.743940513435518e-06	1599.565890624997	-3.758093965763933e-06	-1483.1879358715025	8220.896477136092	-1483.1879358715155	42519172.06016814	2182.9061432966596	8220.896477136152	2182.9061432965095	-4.7420466162435815e-06	-0.0002005158790870514	0.0	0.0	0.0	0.0005998200719549005	0.0	0.0	0.0	-0.00019843232467681713	42519174.69009409	0.0005328641403788247
8	8.0	nan	nan	1	1	6.000000000000838e-05	6.000000000000867e-05	5.999999999999513e-05	0.9997326366108236	1.4035600633799774e-23	-8.252218488625021e-22	-5.394541082825825e-23	1.0008000000000166	4.460290211783934e-22	-3.560185356428231e-24	-6.387157817889458e-23	0.9997354145986063	8.45429133187281e-06	-1976.8673654932618	10965.957183077853	-1978.9779656415783	56686614.83619214	2912.5953601349447	10965.98765451998	2909.4971322166843	7.526788887844304e-06	1599.565890624997	8.449768990739514e-06	-1977.9193773950062	10960.121765234664	-1977.919377394896	56716781.24721102	2911.045453396229	10960.121765234762	2911.045453396249	7.522783586943778e-06	-0.0002673991371393094	0.0	0.0	0.0	0.0007996801705808841	0.0	0.0	0.0	-0.0002646204102864149	56716784.75173766	0.0007104617742038547
10	10.0	nan	nan	1	1	6.000000000000838e-05	6.000000000000867e-05	5.999999999999513e-05	0.9996657486137089	-3.088361535027984e-23	7.440919743833012e-22	-4.84132268915036e-23	1.0010000000000079	2.449328115883818e-21	6.061579528788587e-24	-9.68793933422106e-23	0.9996692150059229	0.00040935566564076	-2474.367661520724	13686.839715511258	-2477.670193878941	70877013.31494619	3663.9345683579077	13686.887175329759	3659.0635302534574	0.0004124523464452068	1599.565890624997	0.0004090820371210713	-2476.0140271657515	13677.73835196766	-2476.0140271653527	70924172.62823601	3661.498154897992	13677.738351968028	3661.498154898317	0.00041217807723277803	-0.00033430726073676854	0.0	0.0	0.0	0.0009995003330916306	0.0	0.0	0.0	-0.00033083971550074126	70924176.99765572	0.0008880514707446764
12	12.0	nan	nan	1	1	6.000000000000838e-05	6.000000000000867e-05	5.999999999999513e-05	0.9995987773670318	6.190619704346859e-23	-6.544388308723538e-22	9.793818452627848e-24	1.0011999999999857	-4.052390908121785e-21	-1.0402623383466876e-23	-1.9391760536203137e-22	0.9996027529536424	0.0056498414657835385	-3040.2108660879762	15804.285020524949	-3045.080874488844	85009611.54912838	5015.297994032729	15804.347877051523	5007.296925408406	0.007062409982620011	1599.565890624997	0.005645312365708198	-3042.639836793117	15791.678588256069	-3042.6398367886613	85077529.81703916	5011.297495788872	15791.678588259263	5011.2974957896995	0.00705677658680455	-0.00040130314430479353	0.0	0.0	0.0	0.0011992805754675495	0.0	0.0	0.0	-0.00039732596986782887	85077534.81344026	0.0010657325620878548
14	14.0	nan	nan	1	1	6.000000000000838e-05	6.000000000000867e-05	5.999999999999513e-05	0.9995310526666803	-9.672057466460042e-23	-3.618948267143998e-21	1.2811373327221292e-23	1.001399999999992	3.9586084789929724e-21	-4.3198680309969315e-23	-3.8539999100070664e-23	0.9995333880737841	-3.7838710255428394	-4229.005777316148	10221.746946127092	-4236.913277614738	98375179.14229	13252.519821583222	10221.770825032128	13227.81709620524	-4.716870676639268	1599.565890624997	-3.780344966172319	-4232.9650407130275	10212.245512317555	-4232.965043738962	98467279.57119665	13240.201189498317	10212.245508086173	13240.20119185499	-4.712486197669242	-0.00046905732350816415	0.0	0.0	0.0	0.0013990209136994264	0.0	0.0	0.0	-0.00046672082343698776	98467288.34973997	0.0012446073891663816
16	16.0	nan	nan	1	1	6.000000000000838e-05	6.000000000000867e-05	5.999999999999513e-05	0.9994608502810787	-1.7830043539703022e-22	8.43422469316629e-21	5.675120746603813e-23	1.0016000000000214	2.9329574589864218e-21	-6.453332266893701e-23	-3.329898273893468e-22	0.9994523460481639	85.73556839241093	-5636.3378451364515	-30223.218202345066	-5648.401352170063	108717848.98773342	47584.61456099161	-30222.96104997388	47482.58250913652	199.77485466915127	1599.565890624997	85.64551472001789	-5642.468434505803	-30191.21588662189	-5642.468466969085	108836100.32531746	47534.22886584323	-30191.215898175447	47534.228848223705	199.56332001622746	-0.0005392951123926158	0.0	0.0	0.0	0.0015987213637183558	0.0	0.0	0.0	-0.0005478039690359694	108836001.86328477	0.0014281890519830752
18	18.0	nan	nan	1	1	6.000000000000838e-05	6.000000000000867e-05	5.999999999999513e-05	0.9993886359448737	-3.4728350837426315e-23	1.2807667558077055e-20	1.965116437629977e-22	1.001800000000017	5.69629657028517e-23	-8.602678370551488e-23	1.2366681029912784e-22	0.9993551274158319	-81.45830889249973	-3052.588336004884	-115105.49929289462	-3059.951738525915	115160684.40624042	115867.95221212962	-115101.64041955609	115585.17939652034	281.28130764346525	1599.565890624997	-81.36441706909608	-3056.4267262416074	-114968.96956133877	-3056.4247263381644	115305489.92798917	115730.51811463968	-114968.97006287085	115730.51868740101	280.9476723118768	-0.0006115510143342222	0.0	0.0	0.0	0.0017983819413966856	0.0	0.0	0.0	-0.0006450806039282175	115305736.44391216	0.0016179143154692781
20	20.0	nan	nan	1	1	6.000000000000838e-05	6.000000000000867e-05	5.999999999999513e-05	0.9993164396665091	-8.411037166235202e-22	-4.635493682967565e-21	4.247870230480316e-22	1.0020000000000082	1.912219230073946e-20	3.432601018748052e-22	-1.3976043629695956e-23	0.9992464165754456	-161.24498253683856	4462.04624138283	-215819.6490706757	4474.031488343767	119135022.18174195	206185.80857971983	-215804.52791879332	205619.19179737795	201.55766498554257	1599.565890624997	-161.0444967276583	4468.465767273396	-215536.20332704348	4468.468649679726	119306421.20317653	205915.01539619395	-215536.2048694564	205915.01520527955	201.29295015312297	-0.0006837940673759013	0.0	0.0	0.0	0.0019980026626810355	0.0	0.0	0.0	-0.0007538675112745483	119307518.49300073	0.0018116740842037805
22	22.0	nan	nan	1	1	6.000000000000838e-05	6.000000000000867e-05	5.999999999999513e-05	0.9992450652967075	7.284483346386982e-23	-2.7001292776098958e-21	6.412039410715054e-22	1.0021999999999893	-1.7261684432095388e-20	4.182225177068108e-24	-1.0164395367051604e-23	0.9991311829969286	-94.03087414880956	16636.850924880426	-310756.1817933798	16686.0508189835	121875748.63857691	303524.0605446732	-310720.76701629756	302594.64504253835	235.64894324242138	1599.565890624997	-93.90604750683639	16663.89802788539	-310308.28144206904	16663.899970016268	122073886.25140512	303086.5840234833	-310308.28302857466	303086.58360532107	235.30929675862447	-0.0007552198099959095	0.0	0.0	0.0	0.0021975835434765666	0.0	0.0	0.0	-0.0008691946433129417	122076130.89437935	0.002007605890600149
24	24.0	nan	nan	1	1	6.000000000000838e-05	6.000000000000867e-05	5.999999999999513e-05	0.9991744509033318	-6.369687763352339e-22	-3.979985472999303e-20	5.725942723439071e-22	1.002399999999986	-1.1160929629496289e-20	3.375426294808387e-22	1.40141601123224e-21	0.9990122439989934	-57.01244708814699	32961.08877866388	-394705.29700068524	33067.49525870821	123973041.16536541	397223.594822409	-394641.22151608363	395881.120583262	229.00080009011586	1599.565890624997	-56.932179922947675	33020.93888885116	-394085.6093658798	33020.9399143892	124198149.02584368	396599.95345799124	-394085.6107023097	396599.9538975095	228.64126864917816	-0.0008258900499857655	0.0	0.0	0.0	0.002397124599707939	0.0	0.0	0.0	-0.000988244153442213	124201851.64354199	0.002204787915315958
26	26.0	nan	nan	1	1	6.000000000000838e-05	6.000000000000867e-05	5.999999999999513e-05	0.9991043390728389	-3.187384980517932e-21	6.026004145003906e-21	4.692562527788824e-22	1.0025999999999948	3.7052609244692114e-20	6.899083355386276e-22	-2.5389812593947653e-21	0.9988910670949845	-31.884634149855685	51784.01694353299	-468547.41440621985	51965.199599133135	125685812.11439012	481872.0703079398	-468447.39784775284	480089.47530459566	200.73785746818174	1599.565890624997	-31.837254461319535	51887.97973107822	-467751.2968556767	51887.98074317405	125938141.85150857	481053.312588884	-467751.29791129805	481053.3140152585	200.39678007350358	-0.0008960622710725806	0.0	0.0	0.0	0.002596625847261263	0.0	0.0	0.0	-0.0011095482260510409	125943451.7264459	0.0024027841631747756
28	28.0	nan	nan	1	1	6.000000000000838e-05	6.000000000000867e-05	5.999999999999513e-05	0.999034492859164	2.1980504981249095e-21	4.2625980158507004e-20	1.0045810754436002e-21	1.0027999999999881	2.1406640159484306e-20	1.7614050138153175e-21	-5.759824041329243e-23	0.9987684442900128	1.0993942323321826	71081.52168775778	-533432.967062352	71349.43958372631	127132610.87739573	555449.5224558255	-533290.9114870646	553216.450874918	164.097131838276	1599.565890624997	1.0976763732711285	71237.95123666245	-532457.6168230564	71237.95247775123	127412392.4084944	554433.9162633035	-532457.6174806731	554433.9177749255	163.79709005854198	-0.0009659735430894599	0.0	0.0	0.0	0.0027960873019896738	0.0	0.0	0.0	-0.0012323146979419282	127419326.15749736	0.0026013698137668673
30	30.0	nan	nan	1	1	6.000000000000838e-05	6.000000000000867e-05	5.999999999999513e-05	0.9989647178208554	4.37661923846297e-21	1.3521186937020396e-20	2.0667603913004928e-22	1.0030000000000043	9.369454946053444e-21	2.6927177393214206e-21	-8.385626177817574e-23	0.9986448478814786	42.9254096058501	89492.51492753834	-589826.4656353407	89854.01795396711	128372573.34829983	617465.5460518415	-589637.6022689978	614784.4338983749	132.5975148336875	1599.565890624997	42.85509372124508	89706.82734884329	-588671.7201401688	89706.8285662417	128679993.88560061	616256.6895503632	-588671.7200565595	616256.6904409028	132.33791918675385	-0.001035818453902258	0.0	0.0	0.0	0.0029955089798027984	0.0	0.0	0.0	-0.0013560711675482645	128688466.24553046	0.0028004131622617772
32	32.0	nan	nan	1	1	6.000000000000838e-05	6.000000000000867e-05	5.999999999999513e-05	0.9988948588775391	2.574980159653073e-22	-6.29484181455058e-20	-1.7889335846010824e-21	1.0032000000000136	1.1675375090011189e-19	1.1138483256394049e-21	-3.0154372922253093e-21	0.9985205977655236	79.9052171218835	106447.54489310659	-638087.8520436407	106906.3246996888	129440672.08812524	668284.4649041712	-637848.7753642693	665167.2683538173	106.27730294300383	1599.565890624997	79.76834551512911	106723.20114675097	-636756.1895445767	106723.20223333548	129775871.2772926	666889.7833446184	-636756.188548351	666889.7835835053	106.05550668348002	-0.0011057522412009184	0.0	0.0	0.0	0.00319489089653279	0.0	0.0	0.0	-0.0014804976304491054	129785736.58590268	0.002999823083047575
34	34.0	nan	nan	1	1	6.000000000000838e-05	6.000000000000867e-05	5.999999999999513e-05	0.9988248019636129	-6.2799022709433825e-21	2.734243529560563e-20	-4.472333961502706e-21	1.0034000000000003	1.0495585249428035e-19	-6.700030612781516e-22	1.3815107369717639e-21	0.9983959319988297	103.25969359440434	121739.77499365585	-678956.2163597009	122297.41491639592	130363235.24027327	708915.1964848137	-678664.688018405	705379.7566822133	78.31257072192297	1599.565890624997	103.07513980695498	122078.83442155475	-677451.7273023404	122078.83542683498	130726312.00759865	707344.3217656362	-677451.725494287	707344.3213182543	78.13903905247805	-0.0011758891230950212	0.0	0.0	0.0	0.003394233068016281	0.0	0.0	0.0	-0.0016053558956769917	130737399.01754847	0.003199525949481458
36	36.0	nan	nan	1	1	6.000000000000838e-05	6.000000000000867e-05	5.999999999999513e-05	0.9987544740090044	2.8528069663524834e-21	-8.60098430465698e-20	-1.7194768829262295e-21	1.0035999999999838	-6.760593468510198e-21	-2.4047265372549586e-21	-5.038151970268579e-21	0.9982710323493487	110.9613135686717	135357.56581609268	-713549.824519136	136014.2636078905	131163423.03323859	740775.7523599139	-713204.4323646678	736842.3415280413	50.03512648396366	1599.565890624997	110.75477716688616	135761.0939688802	-711876.920791879	135761.09522249905	131554447.60205953	739039.0179727677	-711876.9185451149	739039.0168832735	49.917820100144965	-0.0012463023031709902	0.0	0.0	0.0	0.0035935355101136247	0.0	0.0	0.0	-0.0017304640402754114	131566582.69551583	0.0033994579260398505
38	38.0	nan	nan	1	1	6.000000000000838e-05	6.000000000000867e-05	5.999999999999513e-05	0.9986838373151051	5.082197683525802e-21	9.074983941940485e-20	6.471331717022855e-22	1.0038000000000076	2.754508792823622e-20	-5.810646018164501e-22	5.155042516989672e-21	0.9981460343128163	106.5482748811189	147499.52080157644	-743100.0910407559	148255.14821147552	131862155.96514079	765391.8501972649	-742699.9205106547	761080.7314778509	25.011566499212176	1599.565890624997	106.34207873435204	147968.23805086335	-741262.6226427114	147968.23938696706	132281181.50971979	763499.2608222744	-741262.620263568	763499.259111059	24.949720237070665	-0.0013170295877417007	0.0	0.0	0.0	0.0037927982387040045	0.0	0.0	0.0	-0.0018556864086693612	132294204.340792	0.0035995638747635754
40	40.0	nan	nan	1	1	6.000000000000838e-05	6.000000000000867e-05	5.999999999999513e-05	0.9986128791270666	5.085585815314819e-21	-1.4176642207429454e-19	3.90990408452585e-21	1.00399999999999	6.326319676452919e-20	2.7443867491039333e-21	-5.717472393966527e-21	0.9980210361874547	96.8604573634871	158399.94631176133	-768636.7456638669	159254.45235907362	132477796.575541	784149.1778282021	-768181.1990246107	779479.4547394804	5.742998459453112	1599.565890624997	96.66585736060556	158934.4970030676	-766637.8672600425	158934.49808948254	132924868.0512018	782109.9585665942	-766637.8647516489	782109.9561448909	5.728063503950968	-0.0013880838156730786	0.0	0.0	0.0	0.003992021269527947	0.0	0.0	0.0	-0.0019809245486749967	132938636.23895165	0.0037997974393292836
44	48.666666666666664	nan	nan	1	1	6.000000000000838e-05	6.000000000000867e-05	5.999999999999513e-05	0.9983016991954929	3.472835083742631e-22	-2.6267762243776736e-20	6.1359066699101515e-21	1.004866666666675	-1.1115613366818182e-19	8.199278929421627e-21	6.896542256544513e-21	0.9974807982218963	218.45224170186108	192255.1668535793	-845403.8759106527	193519.45123254333	134491630.2280248	820530.8923712607	-844708.6755755468	814499.8722412644	-590.6457282147228	1599.565890624997	217.94329946864386	193068.6081897656	-842740.73025625	193068.59652437473	135060671.1187795	817946.1002469427	-842740.7034622089	817946.0624021982	-588.7851079251693	-0.00169974455216177	0.0	0.0	0.0	0.004854862726190189	0.0	0.0	0.0	-0.002522380306261382	135076587.68010172	0.00466817406409741
48	57.33333333333333	nan	nan	1	1	6.000000000000838e-05	6.000000000000867e-05	5.999999999999513e-05	0.9979861772005499	5.310896579284463e-21	-1.5346542938353414e-19	1.4015007145269653e-20	1.0057333333333165	3.3475250295258303e-19	6.176564251378358e-21	-3.400837283226016e-20	0.9969436152093968	169.32079040181358	210795.60491713206	-891140.6873381126	212431.95136518544	135977283.61243442	825093.6057243499	-890209.7241852717	817882.5845979028	-404.83779061145145	1599.565890624997	168.87168876533815	211868.51823195408	-887848.576232647	211868.5029146354	136669384.5609265	822045.4901337943	-887848.5572961416	822045.4660551377	-403.3422119611655	-0.0020158532670431066	0.0	0.0	0.0	0.00571696032921254	0.0	0.0	0.0	-0.0030610650735270403	136686061.7905053	0.005536597507213874
52	66.0	nan	nan	1	1	6.000000000000838e-05	6.000000000000867e-05	5.999999999999513e-05	0.9976676560339326	2.933275096341642e-21	-2.0854289974579777e-19	1.5687050183149643e-21	1.0066000000000102	-2.359478037212634e-19	-2.5851445550201247e-21	9.493545272826198e-21	0.9964094476436866	144.70187665057497	220979.43989901798	-919816.9806663828	222957.9033312492	137215079.1190692	818509.4801611982	-918656.9319660297	810223.0890291913	-268.55052899802064	1599.565890624997	144.27111915682033	222294.2038401545	-915922.2388189317	222294.18845847168	138031469.2696117	815043.7003463814	-915922.2172077008	815043.6827560043	-267.4134169361342	-0.0023350681168508264	0.0	0.0	0.0	0.006578315360132433	0.0	0.0	0.0	-0.0035970138609758024	138048402.3078159	0.006404481709046709
56	74.66666666666666	nan	nan	1	1	6.000000000000838e-05	6.000000000000867e-05	5.999999999999513e-05	0.9973471271643284	-2.59209022518761e-20	-3.011811991211061e-19	-6.964304892324857e-21	1.0074666666666672	2.643691472334342e-19	-1.1177446771967747e-20	1.8756697583999225e-20	0.9958778512046984	144.91915290415676	226493.2246939121	-938861.2823181752	228791.31196621203	138325631.90368426	808718.625583727	-937478.1519839467	799415.9743148059	-178.1873010968716	1599.565890624997	144.44051471420596	228035.67765013466	-934381.8689869968	228035.6612655178	139267650.28034663	804860.1375825312	-934381.854242812	804860.117443148	-177.33714933642275	-0.002656397938626202	0.0	0.0	0.0	0.007438929096999089	0.0	0.0	0.0	-0.004130668271071362	139284606.48897287	0.007271629562570438
60	83.33333333333333	nan	nan	1	1	6.000000000000838e-05	6.000000000000867e-05	5.999999999999513e-05	0.9970252659546569	2.2697941887573487e-20	-2.311654557010656e-19	-1.9810406570383578e-20	1.0083333333332969	1.147526355622236e-19	-1.3647394846161286e-20	3.541275345880779e-20	0.9953483912402262	145.51530302050745	229465.01015563094	-952014.9131690618	232067.53933398452	139362813.47600126	798826.0729854994	-950413.7325861584	788539.0673782749	-118.098141538247	1599.565890624997	144.9871205705263	231225.2133655423	-946963.9873375705	231225.19492798552	140431851.72046545	794587.8922688968	-946963.9795818125	794587.871928469	-117.4715705197731	-0.0029791673608025883	0.0	0.0	0.0	0.008298802814659171	0.0	0.0	0.0	-0.004662461158955435	140448730.29323244	0.00813798300267503
64	92.0	nan	nan	1	1	6.000000000000838e-05	6.000000000000867e-05	5.999999999999513e-05	0.9967025151702968	1.7253214102622843e-20	-1.1928934402771762e-19	-1.25665808054648e-20	1.0092000000000019	3.370886198211104e-19	6.7220534694101274e-21	1.983073536111768e-20	0.9948207374606673	144.6265677200522	231026.05654512616	-961673.0102652169	233922.8350143939	140352363.6803662	789936.701190738	-959857.3644038389	778681.5216770606	-77.40688193888654	1599.565890624997	144.05422756183953	232997.13514666198	-956058.8621519337	232997.11690801612	141549828.35107228	785325.1319845064	-956058.8581925321	785325.1120483882	-76.95498852443738	-0.0033029335140708125	0.0	0.0	0.0	0.009157937784767265	0.0	0.0	0.0	-0.005192721411024727	141566590.7748943	0.009003530556589074
68	100.66666666666666	nan	nan	1	1	6.000000000000838e-05	6.000000000000867e-05	5.999999999999513e-05	0.996379173442676	-2.5356778309004735e-20	2.2592740395524503e-19	1.5975041385216104e-20	1.0100666666666642	1.0127193680008195e-18	-5.929230630780102e-22	2.7704753638793654e-20	0.9942946464303992	141.44392409232663	231887.86645007844	-969492.622962775	235073.3474966879	141307376.11950314	782506.7074301211	-967464.3438123651	770287.9768026214	-50.39607936367701	1599.565890624997	140.83777531992416	234065.9725140625	-963318.3395915527	234065.95589663164	142634666.14775404	777523.2572860747	-963318.3380499542	777523.2364087942	-50.07512831421047	-0.0036273976163751715	0.0	0.0	0.0	0.010016335275485703	0.0	0.0	0.0	-0.0057216912704868865	142651312.5621404	0.009868276813392574
72	109.33333333333333	nan	nan	1	1	6.000000000000838e-05	6.000000000000867e-05	5.999999999999513e-05	0.9960554504469544	-2.15095546625757e-20	-2.4231579741872124e-19	3.8448519541767204e-20	1.0109333333333574	3.06883424922022e-19	-8.599078480525656e-21	-5.2610910419859104e-20	0.9937699361968486	138.0011810614845	232528.8776919381	-976394.8957920593	236002.10190233705	142234818.44924173	776720.9514717697	-974154.4938530416	763533.9368996902	-31.0041147435694	1599.565890624997	137.36447554042886	234913.25630184653	-969659.9705160817	234913.24280630465	143693311.09781453	771363.3266101556	-969659.9704016714	771363.3041815241	-30.79025619417955	-0.003952349807718056	0.0	0.0	0.0	0.010873996551902188	0.0	0.0	0.0	-0.006249551633092006	143709859.15533873	0.010732231672715229
76	118.0	nan	nan	1	1	6.000000000000838e-05	6.000000000000867e-05	5.999999999999513e-05	0.9957314966185514	2.2947393090539878e-20	-2.788805156857949e-19	2.558039500707987e-22	1.0118000000000198	-4.902897749251012e-19	1.7862230791698686e-20	-3.073035532638602e-20	0.9932464703319597	135.47440698441864	233180.54143798072	-982815.2158134372	236943.4552212513	143138575.232506	772587.8024517251	-980362.4247626477	758420.7193119173	-15.751145170175878	1599.565890624997	134.80486107421945	235772.43630158258	-975517.2461568826	235772.42576319163	144729617.67387155	766850.8925539166	-975517.2464989146	766850.8685632717	-15.634183835371196	-0.004277639449501114	0.0	0.0	0.0	0.01173092287571823	0.0	0.0	0.0	-0.006776437948956213	144746090.9073174	0.01159540585611393
80	126.66666666666666	nan	nan	1	1	6.000000000000838e-05	6.000000000000867e-05	5.999999999999513e-05	0.9954074201964126	-1.364824187910854e-20	-4.249123839242253e-19	-4.03780605956125e-20	1.012666666666673	-1.2919082036794149e-18	-1.5504091066542712e-20	2.7084725521403507e-20	0.9927241475465493	133.7362564659217	233924.3261202553	-988956.6037167315	237980.30282151382	144020927.19074532	769997.1939708765	-986290.7207430245	754833.55723879	-3.2503861423995115	1599.565890624997	133.03136934636922	236725.9822208819	-981092.2524132559	236725.97393121073	145745831.6330239	763874.0451761575	-981092.2529261577	763874.0194928463	-3.224538518348319	-0.004603158098414755	0.0	0.0	0.0	0.012587115505477281	0.0	0.0	0.0	-0.007302450562387337	145762254.2835354	0.01245780901684364
84	135.33333333333331	nan	nan	1	1	6.000000000000838e-05	6.000000000000867e-05	5.999999999999513e-05	0.9950832988041416	-1.3595725836378773e-20	1.0185401784143511e-19	-6.161317658327781e-21	1.01353333333333	-8.039359108980015e-19	-5.901447950110161e-20	3.110304982317791e-21	0.992202893400257	132.46972928947054	234773.63914240833	-994921.7111836066	239126.61645076892	144883284.49863476	768763.3969970258	-992041.7738956452	752584.2663098105	6.945528179325454	1599.565890624997	131.72800762095767	237787.71055052566	-986487.1544852095	237787.70382604317	146743325.37424847	762246.1219323276	-986487.154861433	762246.0951572453	6.886646710994563	-0.004928827936552423	0.0	0.0	0.0	0.013442575696485855	0.0	0.0	0.0	-0.007827662973243117	146759719.80834448	0.01331944918017918
88	144.0	nan	nan	1	1	6.000000000000838e-05	6.000000000000867e-05	5.999999999999513e-05	0.9947591884543379	1.5715002270409035e-20	6.95508917385873e-19	1.6774640487424163e-20	1.0143999999999969	-4.594848806993568e-19	-1.5111067779016718e-21	-5.627686901557571e-20	0.9916826530171016	131.00393545751584	235711.2345389267	-1000763.2936613136	240365.1794872891	145726574.04020602	768672.6181214595	-997668.1892583093	751458.2746864498	14.750976503234124	1599.565890624997	130.22740465146387	238940.41118420186	-991754.4729584674	238940.4057511256	147722986.5167139	761753.0659759077	-991754.4731514545	761753.038596464	14.618188956617184	-0.005254592769442855	0.0	0.0	0.0	0.014297304700821111	0.0	0.0	0.0	-0.008352129110939566	147739372.40934694	0.014180332844141996
92	152.66666666666666	nan	nan	1	1	6.000000000000838e-05	6.000000000000867e-05	5.999999999999513e-05	0.994435130498176	4.388647106313981e-20	-3.2012424395350123e-19	2.022714678043269e-20	1.0152666666666894	3.983697594890645e-19	9.093745721722169e-21	2.5864998077357316e-20	0.9911633850877573	129.2376722481337	236706.0151278722	-1006505.3059712506	241664.55403930316	146551453.76558682	769522.9914068358	-1003193.8489820868	751253.8436882064	20.614567682169902	1599.565890624997	128.42919172271922	240152.76196822475	-996918.1039161326	240152.75734546687	148685433.1659106	762193.1021743524	-996918.1038683811	762193.0748295706	20.418209029636873	-0.00558041107280426	0.0	0.0	0.0	0.015151303767366382	0.0	0.0	0.0	-0.008875889333605228	148701826.74191496	0.01504046531116006
96	161.33333333333331	nan	nan	1	1	6.000000000000838e-05	6.000000000000867e-05	5.999999999999513e-05	0.9941111565085664	8.931369505733519e-20	8.447086888470345e-19	-3.46080721589162e-20	1.0161333333333311	8.797623003362065e-20	-2.4353891299455642e-20	-7.977356297241001e-20	0.9906450574960652	126.96568669336816	237721.73890587184	-1012158.4356353261	242987.89666687563	147358431.75543565	771144.1256431132	-1008629.4122232717	751801.032747329	24.680656924514217	1599.565890624997	126.12976615540703	241388.10956915628	-1001988.7675060978	241388.10558481608	149631133.58599755	763396.0502811053	-1001988.7673149785	763396.0230236838	24.432677871732682	-0.005906251104381963	0.0	0.0	0.0	0.016004574141714117	0.0	0.0	0.0	-0.009398974806825286	149647548.18929282	0.015899851019619358
100	170.0	nan	nan	1	1	6.000000000000838e-05	6.000000000000867e-05	5.999999999999513e-05	0.9937872914335535	5.58787635303662e-21	4.391560899652536e-19	-8.958389856750931e-20	1.0170000000000097	-9.23387885251592e-19	4.0007060164715113e-20	5.965144827743685e-20	0.9901276444619524	124.41193511314842	238724.2672274353	-1017728.7314707816	244300.3428869167	148147934.24891627	773400.6112362691	-1013980.9191780336	752964.8952370833	27.420374028159014	1599.565890624997	123.5520358725319	242611.8134295376	-1006972.577275771	242611.80971572493	150560474.64888313	765226.707943836	-1006972.5769188491	765226.6809901275	27.13057404314188	-0.006232087746805592	0.0	0.0	0.0	0.016857117066431757	0.0	0.0	0.0	-0.009921410364797689	150576920.9345594	0.016758493777931493
104	208.75	nan	nan	1	1	6.000000000000838e-05	6.000000000000867e-05	5.999999999999513e-05	0.992340985721585	-8.788983267300071e-20	5.171508837484295e-19	-1.7821573210230478e-20	1.0208749999999962	-1.3399383599205229e-19	8.23722600545862e-20	1.3692118185776314e-19	0.9878254544587246	8096.113380968204	242291.96702330455	-1041445.0679887016	249258.78622753025	151464827.6709621	788292.9180003761	-1036706.3095948339	762771.9434503597	5667.407980604299	1599.565890624997	8028.303831446025	247171.20440820238	-1028023.0917949522	247171.1022718848	154515002.46110764	778133.5259168973	-1028023.3052281116	778132.524440138	5594.367339927165	-0.007688495154376868	0.0	0.0	0.0	0.020660102696299636	0.0	0.0	0.0	-0.012249262369068205	154524921.54395562	0.020588399682516134
108	247.5	nan	nan	1	1	6.000000000000838e-05	6.000000000000867e-05	5.999999999999513e-05	0.99089814780027	1.1691934584130009e-19	1.333704197428731e-19	5.76321217311826e-20	1.0247499999999654	1.990310585613109e-18	-1.6151901864602801e-19	1.5941160067325931e-19	0.9855395720820598	6915.353340052403	245314.12495447538	-1063254.6403317777	253694.9352967183	154466015.53227675	809296.1198115374	-1057504.8116351974	778328.5937459732	4743.9110734932465	1599.565890624997	6847.347697895126	251199.90539392433	-1047105.2646723557	251200.0971968373	158172092.59958062	797004.024801756	-1047105.3005381813	797002.900467545	4671.857588735514	-0.009143527128567181	0.0	0.0	0.0	0.024448680402275703	0.0	0.0	0.0	-0.014565998875830138	158183352.8963984	0.024403937777965002
112	286.25	nan	nan	1	1	6.000000000000838e-05	6.000000000000867e-05	5.999999999999513e-05	0.9894595363263289	3.779461010648688e-20	-1.2086685818868403e-18	3.3312111749617126e-20	1.0286250000000075	8.196568423990414e-20	-1.3579632210380943e-20	-1.252931135578561e-20	0.9832697404497376	6350.847626893377	248250.76128236385	-1082762.3972611518	258077.7297368525	157187545.4741379	833467.3969375907	-1075988.7972984402	796716.0740023326	4362.052374394759	1599.565890624997	6279.165696252432	255164.2788408399	-1063844.2511648473	255164.80991735758	161565050.0988796	818904.9610590856	-1063844.1264025788	818903.7625245452	4285.838105865236	-0.010596407826363733	0.0	0.0	0.0	0.028222958943747184	0.0	0.0	0.0	-0.016871791136703645	161577105.25392878	0.028205043508573682
116	325.0	nan	nan	1	1	6.000000000000838e-05	6.000000000000867e-05	5.999999999999513e-05	0.9880253999387067	-2.116227115420144e-20	-8.28059409235804e-19	3.213304188703914e-20	1.0324999999999835	-1.582447280851218e-18	-4.195862407518902e-20	4.9548039282587555e-20	0.9810156191233642	6030.942169310632	251346.8557775907	-1099958.2792412583	262661.81385360844	159657130.02115235	859032.2328536593	-1092154.0985307924	816196.4104514002	4156.739593303794	1599.565890624997	5954.141915161061	259316.06652097576	-1078246.4653388716	259316.98090826935	164719223.6442707	842076.0006693478	-1078246.2032164438	842074.7576571325	4074.6907027288275	-0.012046873124738927	0.0	0.0	0.0	0.03198304585303505	0.0	0.0	0.0	-0.01916689790910346	164731865.7021924	0.031991822791975516
120	363.75	nan	nan	1	1	6.000000000000838e-05	6.000000000000867e-05	5.999999999999513e-05	0.9865958824165422	-5.590417451878382e-20	-7.378673410121661e-19	-2.8385768128386113e-20	1.0363750000000016	-2.0526928681124933e-18	-1.3417001884508118e-19	-8.989391262620439e-20	0.9787769685761291	5831.125699109895	254710.264528556	-1115077.7149260747	267563.08102628926	161900100.49421632	884775.1576085367	-1106240.17870356	835601.2501825362	4028.3055916894614	1599.565890624997	5748.4629127485705	263768.78982475615	-1090558.355911352	263770.07244675705	167657921.67389548	865319.9040003612	-1090557.9759394443	865318.6040407524	3939.727486592816	-0.013494763699679634	0.0	0.0	0.0	0.03572904745424748	0.0	0.0	0.0	-0.021451477955961026	167671039.33170503	0.03576436889935473
124	402.5	nan	nan	1	1	6.000000000000838e-05	6.000000000000867e-05	5.999999999999513e-05	0.9851710719612672	2.1244263943495655e-19	-4.49090092370652e-19	3.5202689287888724e-20	1.0402500000000088	8.978820291438704e-19	-5.090329199819443e-20	-7.888248431189848e-20	0.9765535970474761	5689.930838624181	258311.19071011402	-1128506.7239254683	272754.4758325469	163939121.86516222	909995.778516846	-1118634.956173797	854273.7273951895	3936.581574092859	1599.565890624997	5601.098098671348	268494.5572210251	-1101171.0257701478	268496.1591482509	170402071.2977456	887953.047714477	-1101170.5245344196	887951.642946553	3841.2261779824266	-0.01493997577213506	0.0	0.0	0.0	0.03946106888092226	0.0	0.0	0.0	-0.02372564328225692	170415598.79941326	0.03952277039023005
128	441.25	nan	nan	1	1	6.000000000000838e-05	6.000000000000867e-05	5.999999999999513e-05	0.983751028403644	1.0837955966708224e-19	7.349806527279234e-19	-1.117812439832555e-19	1.0441250000000328	8.079203538818857e-19	-4.7921736023859296e-20	1.5053469538603426e-19	0.9743453332038575	5585.810778850672	262012.48295459163	-1140564.46450215	278094.42748819705	165794303.38011932	934226.3383349166	-1129658.8661183093	871789.8075995774	3865.313454376644	1599.565890624997	5490.6127719508795	273353.0185233836	-1110406.8769044902	273354.9122638267	172970282.83492714	909524.523127414	-1110406.2854655024	909522.9843173702	3763.1109636619626	-0.016382433859818614	0.0	0.0	0.0	0.043179214093964954	0.0	0.0	0.0	-0.025989486634146502	172984169.86621198	0.04326711486772018
132	480.0	nan	nan	1	1	6.000000000000838e-05	6.000000000000867e-05	5.999999999999513e-05	0.9823357973788734	-9.52742659071637e-20	6.932117640329194e-20	-2.3874131838130807e-19	1.0479999999999958	7.4785555352618885e-19	1.2102406750369443e-19	-1.2921657016953802e-19	0.9721520124541754	5491.8873238735505	265578.3029484287	-1151450.7724272462	283333.02446328674	167483424.18678376	957108.9677387187	-1139513.1099851101	887837.5351321683	3799.6118812884906	1599.565890624997	5390.464076343595	278098.3687288285	-1118469.4399222976	278100.4780218054	175379037.1365823	929694.222910404	-1118468.7743310905	929692.5519718581	3690.7785157227495	-0.017822076555799638	0.0	0.0	0.0	0.04688358589884643	0.0	0.0	0.0	-0.02824309533579981	175393249.46200022	0.046997490759117154
136	518.75	nan	nan	1	1	6.000000000000838e-05	6.000000000000867e-05	5.999999999999513e-05	0.980925410771599	-6.268721436039626e-20	-2.334287277361291e-19	8.264331059770757e-20	1.051875000000002	-1.3332163064511126e-18	1.1151019344013413e-19	-5.281419832720013e-19	0.9699734779013145	5409.938103338859	268745.13630923245	-1161377.4802255663	288185.524405559	169022237.19699717	978561.4715387112	-1148410.102094467	902366.5066462632	3742.7214108386083	1599.565890624997	5302.348925677942	282452.07445050933	-1125572.0032651857	282454.28626709705	177642960.0929593	948392.2450640508	-1125571.3013278598	948390.3419320798	3627.3326354174783	-0.019258856179463737	0.0	0.0	0.0	0.05057428596293541	0.0	0.0	0.0	-0.030486550228296366	177657460.8895725	0.050713986716698065
140	557.5	nan	nan	1	1	6.000000000000838e-05	6.000000000000867e-05	5.999999999999513e-05	0.9795198850887636	1.8275582869958783e-19	1.0930655252455734e-18	1.168227840853131e-19	1.0557499999999895	4.772603753172566e-18	-1.20346441145891e-20	8.49133588963491e-20	0.9678095826439728	5338.990029906155	271303.2133532927	-1170518.3521301728	292419.34363815206	170424712.11907053	998768.6253410112	-1156523.9133501055	915572.5107194772	3694.5695449186646	1599.565890624997	5225.262367555986	286188.2261151052	-1131889.106372517	286190.41865577636	179775040.05461612	965807.4345889647	-1131888.3998202765	965805.2681497302	3572.641994906581	-0.020692740538919712	0.0	0.0	0.0	0.05425141483190556	0.0	0.0	0.0	-0.03271992320058788	179789796.6503849	0.054416691038658704
144	596.25	nan	nan	1	1	6.000000000000838e-05	6.000000000000867e-05	5.999999999999513e-05	0.9781192274056513	2.9528246167642714e-19	-1.4634289873666217e-18	-3.1260259138188305e-19	1.0596250000000116	-4.851669196601072e-18	-7.19910242530375e-20	3.766247296671521e-19	0.9656601847400935	5272.807874677981	273096.01075882965	-1178901.6166046613	295855.0676095732	171703254.34162065	1017969.7682828691	-1163884.4641733367	927696.6188356662	3648.023663486738	1599.565890624997	5153.062687677991	289134.04681088286	-1137453.289263153	289136.21472552663	181786825.22840902	982179.5517073185	-1137452.70976064	982177.2089289189	3519.7648869916743	-0.022123706964936932	0.0	0.0	0.0	0.05791507194644393	0.0	0.0	0.0	-0.03494328228855353	181801813.68760026	0.05810569219072556
148	635.0	nan	nan	1	1	6.000000000000838e-05	6.000000000000867e-05	5.999999999999513e-05	0.9767234441176065	1.7851388769973831e-19	3.1333984885917322e-18	-4.794884107817143e-20	1.0635000000000043	9.285297140546045e-18	9.909607856517511e-20	2.795344251210752e-19	0.9635251393980042	5208.617814580382	273977.9373111078	-1186493.1405252917	298321.68430409685	172868886.79407743	1036283.9023330727	-1170459.8296276818	938865.115134287	3599.749045555763	1599.565890624997	5083.021508559547	291125.9570227783	-1142236.7407354787	291128.20171652373	183688586.75741163	997630.3331627568	-1142236.328464763	997627.7938336342	3465.477782232166	-0.02355173342003185	0.0	0.0	0.0	0.061565355658158905	0.0	0.0	0.0	-0.037156699721338914	183703785.5692964	0.06178107977107014
152	673.75	nan	nan	1	1	6.000000000000838e-05	6.000000000000867e-05	5.999999999999513e-05	0.9753325413060716	-1.5487828033955432e-19	4.4033380457511594e-18	3.1813202246155914e-19	1.067374999999999	-5.316927453868914e-18	3.5231149594916465e-19	4.534065722698599e-19	0.9614042992750517	5143.779463453391	273920.91050287173	-1193280.1411052065	299773.3835908702	173931414.63471198	1053634.5991806195	-1176239.175211399	949025.4142138003	3548.387960277214	1599.565890624997	5012.556186435749	292123.4440977017	-1146232.37832131	292125.8462038281	185489467.69562078	1012092.6770656304	-1146232.064637468	1012089.847494417	3408.4847562686946	-0.024976798128533217	0.0	0.0	0.0	0.0652023632456321	0.0	0.0	0.0	-0.03936025164226971	185504854.84960288	0.06544294429895951
156	712.5	nan	nan	1	1	6.000000000000838e-05	6.000000000000867e-05	5.999999999999513e-05	0.9739465204562736	9.730714498057402e-20	-1.4786078177814189e-18	-1.8740434551411943e-19	1.071250000000007	7.112095200961787e-18	-1.452288810044333e-19	2.2869211949508307e-19	0.9592975194550768	5076.265030249436	273088.613741781	-1199219.249189317	300374.6056715482	174899604.01691312	1069857.9636251957	-1181181.643239548	958047.984220789	3494.750880595722	1599.565890624997	4939.694972956463	292290.81016930135	-1149403.845122323	292293.43243463745	187197650.81356165	1025416.209718803	-1149403.5458137114	1025413.0249228978	3349.579405614773	-0.026398883976136076	0.0	0.0	0.0	0.06882619092985874	0.0	0.0	0.0	-0.04155401294800948	187213201.65129954	0.06909137626381488
160	751.25	nan	nan	1	1	6.000000000000838e-05	6.000000000000867e-05	5.999999999999513e-05	0.9725653777274162	2.2125855834997932e-19	-1.1619801258341834e-18	-1.1571147685851546e-19	1.075124999999985	-1.1043412278394227e-18	5.99563801384484e-20	-5.2692225582795514e-20	0.9572046587500316	5010.637355259126	271832.42498280166	-1204269.3045401666	300500.806203689	175781316.60678703	1084866.4475998543	-1185248.7050978213	965874.2695360588	3442.8551517907094	1599.565890624997	4868.881531044044	291996.5032453996	-1151717.1955326688	291999.34492431895	188820483.0174388	1037524.860798708	-1151716.8617057516	1037521.2202778142	3292.6152523331575	-0.027817979294205812	0.0	0.0	0.0	0.07243693388949281	0.0	0.0	0.0	-0.043738055899554394	188836167.81372702	0.07272646577580397
164	790.0	nan	nan	1	1	6.000000000000838e-05	6.000000000000867e-05	5.999999999999513e-05	0.9711891059021915	8.985325504473618e-21	3.970619406185039e-18	2.445960101127298e-19	1.0789999999999633	-2.0285151596660666e-18	2.5912431922403557e-19	7.83336069620777e-20	0.9551255780895531	4945.42812528247	270648.817569863	-1208450.5230403128	300696.3469515885	176583613.0663376	1098662.0385167112	-1188462.20171077	972526.4562871654	3389.6183703215256	1599.565890624997	4798.682035260306	291770.82027655636	-1153197.3272942328	291773.7598506847	190364569.4608066	1048428.6301019208	-1153196.8663703192	1048424.4654729103	3234.6370585101886	-0.02923407589159567	0.0	0.0	0.0	0.07603468627596341	0.0	0.0	0.0	-0.045912451764435674	190380363.07128516	0.07634830273350329
168	828.75	nan	nan	1	1	6.000000000000838e-05	6.000000000000867e-05	5.999999999999513e-05	0.969817700601473	-1.8688934948218882e-19	-6.652800055642616e-19	4.607859233063394e-20	1.0828750000000078	-1.9011214043990198e-18	2.3315767719300774e-19	-3.010016281362882e-19	0.9530601348553439	4876.677802742097	269975.3676532262	-1211930.2142969987	301450.99739763327	177312853.4793268	1111309.239932329	-1190988.4411664668	978081.3649332116	3332.3705631418507	1599.565890624997	4725.2569735888255	292088.0106908527	-1154008.9555177335	292090.94495591475	191835866.7047687	1058196.9160455554	-1154008.2541276624	1058192.2442053643	3173.108011998914	-0.030647162671432703	0.0	0.0	0.0	0.07961954122817452	0.0	0.0	0.0	-0.04807727673596087	191851752.83472794	0.07995697757523751
172	867.5	nan	nan	1	1	6.000000000000838e-05	6.000000000000867e-05	5.999999999999513e-05	0.9684511596434033	5.158904987229152e-19	-5.706386426752863e-18	-1.549324904481786e-19	1.0867500000000034	2.7459588422540373e-18	1.1080546202801856e-19	-1.4474099002681485e-20	0.9510081838904532	4803.180107105916	270043.2434933034	-1214972.2110814343	303032.76010297105	177974779.83161658	1122877.2715573628	-1193088.034506234	982618.1489269712	3272.196339918617	1599.565890624997	4647.452596982913	293204.9769454206	-1154407.0556004043	293207.90736702556	193239758.7229006	1066902.9571510653	-1154406.031160921	1066897.760430096	3109.0806091355817	-0.03205722627253611	0.0	0.0	0.0	0.08319159088676777	0.0	0.0	0.0	-0.050232610910731924	193255727.47030702	0.08355258103422716
176	906.25	nan	nan	1	1	6.000000000000838e-05	6.000000000000867e-05	5.999999999999513e-05	0.9670894766147028	-1.0299920638612292e-21	-5.886824773308763e-18	-1.3444106938820255e-20	1.0906249999999968	-4.620435978264226e-18	9.128982292327947e-20	-2.0824813228015326e-19	0.9489695840982518	4724.396652252097	270897.54329205764	-1217761.7542522785	305504.7822487568	178574598.50750834	1133401.6429581302	-1194943.7341040848	986184.9339304048	3207.8088795358394	1599.565890624997	4564.766967507434	295179.4479165168	-1154569.881197548	295182.272165885	194581134.84082448	1074587.3695653763	-1154568.52736277	1074581.6326112773	3041.349840408	-0.033464257701213244	0.0	0.0	0.0	0.08675092640865163	0.0	0.0	0.0	-0.05237853136186261	194597180.67387182	0.08713520306358638
180	945.0	nan	nan	1	1	6.000000000000838e-05	6.000000000000867e-05	5.999999999999513e-05	0.9657326447004353	9.820161177287457e-20	-9.291341567657653e-19	3.6570139277936067e-19	1.0944999999999845	-4.4105886477796565e-18	1.9569849213363354e-19	4.8817558068875445e-19	0.9469441949244392	4643.011318436291	272455.0097448653	-1220368.359660878	308785.87639953766	179117045.89984116	1142933.748911593	-1196624.2718508306	988842.6155781817	3139.7481235086198	1599.565890624997	4479.80995425811	297929.4944842928	-1154564.6629590294	297932.085010476	195864451.1195862	1081305.4174587976	-1154563.0533482342	1081299.1871928158	2970.449213385309	-0.03486824839666884	0.0	0.0	0.0	0.0902976379807666	0.0	0.0	0.0	-0.054515115806485014	195880568.13380077	0.09070493331078787
184	983.75	nan	nan	1	1	6.000000000000838e-05	6.000000000000867e-05	5.999999999999513e-05	0.9643806606666492	-8.173258077281975e-19	4.0590496458783875e-18	2.5218542532012834e-19	1.0983750000000116	-2.3351546390992795e-18	-2.3104348295666097e-19	1.5636905832672188e-19	0.9449318726073824	4564.497629072047	274532.48705704405	-1222793.8099232106	312679.4555651375	179606429.664239	1151533.0602755318	-1198131.7431010762	990657.7486419048	3071.3313966765413	1599.565890624997	4397.864540144909	301262.27671396575	-1154394.1028775908	301264.6739705491	197093766.5452773	1087119.4826657968	-1154392.341852845	1087112.9023727474	2899.5296046917733	-0.036269186104467235	0.0	0.0	0.0	0.0938318148338808	0.0	0.0	0.0	-0.05664244656614259	197109944.3714888	0.09426186165368364
188	1022.5	nan	nan	1	1	6.000000000000838e-05	6.000000000000867e-05	5.999999999999513e-05	0.9630335197867107	-1.4343994741983223e-19	-9.094721503677405e-18	-1.1449174941446927e-19	1.1022499999999955	7.198207958511449e-18	-1.9212062496443139e-19	2.1278822887743632e-19	0.9429324752607037	4487.762712833906	276868.1477155998	-1224972.3651154109	316894.6997134512	180046667.68113834	1159174.2853728482	-1199402.0766789876	991622.8271258989	3004.1004228982856	1599.565890624997	4317.86624430548	304895.4884805389	-1153997.2666737114	304897.7885971999	198272777.6556036	1092011.5383931047	-1153995.4475382154	1092004.7277362158	2830.0423548831204	-0.03766706011926446	0.0	0.0	0.0	0.09735354525590628	0.0	0.0	0.0	-0.05876060521083209	198289002.70048928	0.097806077403036
192	1061.25	nan	nan	1	1	6.000000000000838e-05	6.000000000000867e-05	5.999999999999513e-05	0.9616912113457495	-1.0766127572781059e-19	-2.0845819645107233e-18	2.8650042407929455e-19	1.1061249999999843	-4.677952903514582e-18	-3.057450126409122e-20	-1.9348943020719432e-19	0.9409458674249783	4408.875645901393	279133.3116710836	-1226782.9020082322	321057.95199935744	180441325.71896604	1165872.2341748911	-1200317.1637065795	991764.7510665979	2936.3918760329043	1599.565890624997	4236.029756853611	308468.8978684338	-1153261.6732612504	308471.17214749695	199404852.61764836	1096001.388177437	-1153259.8402610773	1095994.519159238	2760.4136011032574	-0.03906186597058355	0.0	0.0	0.0	0.10086291660536298	0.0	0.0	0.0	-0.060869667698685334	199421110.37583295	0.10133766857042757
196	1100.0	nan	nan	1	1	6.000000000000838e-05	6.000000000000867e-05	5.999999999999513e-05	0.9603537177266752	3.857049228617182e-20	-5.427366997663718e-18	2.6834003769016235e-20	1.1099999999999974	7.318527294603027e-18	1.0560129160008813e-19	-2.199304106886846e-19	0.9389719210304324	4325.658850206629	281076.9592905526	-1228117.0789116418	324877.8182810099	180793643.67512712	1171837.0843527715	-1200771.720905136	991275.1906638491	2864.965240979255	1599.565890624997	4150.273152859082	311703.313774229	-1152087.7801382944	311705.50749897846	200493053.5220446	1099291.9228776942	-1152085.9153622168	1099285.2725174897	2687.6032434775993	-0.040453606418198396	0.0	0.0	0.0	0.10436001532424045	0.0	0.0	0.0	-0.06296970327696225	200509332.13859403	0.10485672170164505
200	1138.75	nan	nan	1	1	6.000000000000838e-05	6.000000000000867e-05	5.999999999999513e-05	0.9590210132356086	1.9016906105395748e-19	3.1998177301177307e-18	-4.2912721986976268e-19	1.1138749999999953	9.894862706971707e-18	-2.2681509448396754e-19	3.414830267514657e-19	0.9370105165997836	4240.372732454001	282711.11522171844	-1228927.5511818728	328362.84817967843	181106561.0626605	1177442.3390365455	-1200720.4485153374	990478.7156394041	2792.4460646888474	1599.565890624997	4062.7781789959135	314608.3864749441	-1150433.98013525	314610.412468456	201540158.44500625	1102237.210952645	-1150432.0834737427	1102230.8419699136	2614.088061923168	-0.04184229272706687	0.0	0.0	0.0	0.10784492695074321	0.0	0.0	0.0	-0.06506077311429441	201556448.68703467	0.10836332167640263
204	1177.5	nan	nan	1	1	6.000000000000838e-05	6.000000000000867e-05	5.999999999999513e-05	0.9576930619551585	-6.152034177225873e-19	6.8683191187420005e-19	2.296882302410541e-19	1.117750000000008	3.708621951203917e-18	-6.25584653524136e-20	-1.6067876196235176e-19	0.935061545380203	4159.316627732747	284174.7585382183	-1229193.8063965426	331670.1031663345	181382741.17057565	1183100.7835614663	-1200144.4130459616	989725.5830867242	2723.827368167208	1599.565890624997	3979.5787834482035	317335.7211634192	-1148284.0795851373	317337.53974491375	202548682.62066764	1105225.0566499068	-1148282.198904163	1105218.7860677696	2544.535764928572	-0.04322794696743066	0.0	0.0	0.0	0.11131773613196014	0.0	0.0	0.0	-0.06714292792370401	202564976.51209968	0.11185755137076486
208	1216.25	nan	nan	1	1	6.000000000000838e-05	6.000000000000867e-05	5.999999999999513e-05	0.9563698211721439	9.286191607338346e-20	6.812052414121792e-18	4.2972353106462966e-19	1.1216250000000039	-4.118287742077564e-18	3.3545215216701506e-19	5.905378182985421e-19	0.9331249060184439	4080.802709261089	285550.6004175215	-1228898.3446586372	334893.81659734616	181624604.31715265	1189111.9673113679	-1199027.5414583639	989264.6221239066	2655.3876420880088	1599.565890624997	3899.0440055316603	319976.02070507425	-1145624.8230623354	319977.66643561644	203520910.36251298	1108534.4797423452	-1145622.9279060448	1108528.424554815	2475.4512941214957	-0.04461059850462434	0.0	0.0	0.0	0.11477852663608779	0.0	0.0	0.0	-0.06921621140569388	203537207.08276603	0.11533949215388527
212	1255.0	nan	nan	1	1	6.000000000000838e-05	6.000000000000867e-05	5.999999999999513e-05	0.9550512483798755	2.571998603678738e-19	-2.2936296958930846e-19	-1.4127154307486122e-19	1.1254999999999964	-5.638664448553987e-18	7.50267903359969e-20	-1.9687756199621153e-19	0.9312004979769454	4001.1399864606906	286841.68969912507	-1228083.058331947	338036.16142977844	181834373.5012923	1195623.8708165472	-1197411.7983513074	989213.5647430542	2585.4894571034924	1599.565890624997	3817.6406579664417	322531.69281007716	-1142498.3046239782	322533.22755617317	204458941.6480854	1112301.1885134552	-1142496.3838264288	1112295.5171611558	2405.3074434363502	-0.04599027671622559	0.0	0.0	0.0	0.1182273813646457	0.0	0.0	0.0	-0.07128066723605045	204475245.68669724	0.11880922482203234
216	1293.75	nan	nan	1	1	6.000000000000838e-05	6.000000000000867e-05	5.999999999999513e-05	0.9537373030810152	3.8237100118132526e-19	-1.916300234813817e-18	-6.862999751833243e-19	1.1293749999999732	-3.790479215226572e-18	-1.0126448291014612e-19	-2.3992038824388605e-19	0.9292882199059732	3919.2849518894827	287999.63542383135	-1226824.8088531827	341038.36882619985	182014101.3031021	1202770.4068865692	-1195373.153414849	989675.8781736663	2515.5028726943347	1599.565890624997	3734.377676813743	324947.1533899286	-1138978.7210986067	324948.5778949416	205364718.6331646	1116646.7208072725	-1138976.8476575764	1116641.550319822	2335.381730289201	-0.04736700910011532	0.0	0.0	0.0	0.12166438236433232	0.0	0.0	0.0	-0.07333634080826691	205381037.15393734	0.12226682981415145
220	1332.5	nan	nan	1	1	6.000000000000838e-05	6.000000000000867e-05	5.999999999999513e-05	0.952427944125079	7.863718357037364e-19	3.8630936557287886e-18	-2.943066797211902e-19	1.1332499999999985	-1.3798532629005767e-17	-4.0310636773011055e-19	-1.221624797848042e-19	0.9273879723074351	3832.1336200595615	289018.648950661	-1225141.118991876	343891.2319378619	182165695.48017243	1210784.4828816468	-1192929.5120219553	990833.6539425465	2443.9375224401715	1599.565890624997	3646.308896044672	327214.3025413449	-1135084.672821146	327215.53646328754	206240051.32512856	1121783.3499372965	-1135082.938984858	1121778.6263496445	2264.29101109349	-0.04874082405534247	0.0	0.0	0.0	0.1250896108388205	0.0	0.0	0.0	-0.0753832763697847	206256397.25990492	0.12571238679053187
224	1371.25	nan	nan	1	1	6.000000000000838e-05	6.000000000000867e-05	5.999999999999513e-05	0.9511231306476539	-4.607859233063394e-20	7.210567863277784e-18	6.603333331522964e-19	1.1371250000000013	-3.4465160760055457e-18	-7.860465750519907e-20	-5.0469611129200234e-20	0.9254996567386967	3740.9601079875138	289933.9337946555	-1222987.3892117594	346634.5056603143	182290931.6398926	1219848.7797044488	-1190038.2908357177	992824.1475541409	2372.376409208118	1599.565890624997	3554.6644213263794	329371.51885097235	-1130777.1594251913	329372.489656843	207086629.1543311	1127875.1933260076	-1130775.6967035558	1127870.7295553451	2193.505084971236	-0.050111749899231985	0.0	0.0	0.0	0.1285031471600904	0.0	0.0	0.0	-0.0774215178614714	207103016.22888142	0.12914597472275413
228	1410.0	nan	nan	1	1	6.000000000000838e-05	6.000000000000867e-05	5.999999999999513e-05	0.9498228268300793	-2.979929671076409e-19	9.582531166132946e-18	-3.0032400177848475e-20	1.1410000000000056	8.864328542024236e-18	9.80118763926896e-20	3.3320243265910763e-19	0.9236231711651793	3650.9497967776647	290775.557016512	-1220333.2027277872	349302.54219288885	182391451.22924933	1229907.5384138844	-1186670.6369676946	995588.5226841209	2304.663831906282	1599.565890624997	3464.378997559203	331451.8703625586	-1126030.5687275392	331452.4872500675	207906016.1327217	1134865.0367512773	-1126029.4061998723	1134860.4447395476	2126.568317215655	-0.05147980985407948	0.0	0.0	0.0	0.13190507087994385	0.0	0.0	0.0	-0.07945111393734625	207922452.6459646	0.13256767260910016
232	1448.75	nan	nan	1	1	6.000000000000838e-05	6.000000000000867e-05	5.999999999999513e-05	0.9485270047187658	-1.4165101383523115e-19	2.456395547037471e-18	-5.599362119801388e-19	1.1448749999999928	3.699243602411917e-18	6.761084747619605e-19	-7.557431243310209e-19	0.9217584070996595	3564.921416377388	291599.47664910497	-1217181.3028218334	351961.65028564556	182468750.12782913	1240698.1710382274	-1182829.9824547253	998902.8237359511	2243.2162500462136	1599.565890624997	3378.117733836572	333518.50314880867	-1120850.011625644	333518.6820663595	208699635.2441991	1142505.686053632	-1120849.0940325728	1142500.5915371736	2065.681549752794	-0.05284501903843578	0.0	0.0	0.0	0.13529546074100843	0.0	0.0	0.0	-0.08147212110702587	208716123.46970007	0.13597755994994107
236	1487.5	nan	nan	1	1	6.000000000000838e-05	6.000000000000867e-05	5.999999999999513e-05	0.9472356448943695	4.921193660911704e-19	5.3786456625376514e-18	-3.061244834012822e-19	1.1487499999999982	-1.821025968906653e-18	4.2782617726278007e-19	2.663613687253763e-19	0.9199052489359727	3477.5121351308235	292494.885006597	-1213528.5463611674	354719.82845058746	182524192.232737	1251875.2020164619	-1178514.0919167702	1002481.6154819181	2184.8594798291647	1599.565890624997	3290.7889691000473	335673.5692344413	-1115235.1269995233	335673.33577179397	209468781.2301889	1150475.779160508	-1115234.404052705	1150469.9713061121	2007.8901701733894	-0.05420738370406963	0.0	0.0	0.0	0.13867439468775816	0.0	0.0	0.0	-0.08348460452990103	209485322.75486383	0.1393757168617503
240	1526.25	nan	nan	1	1	6.000000000000838e-05	6.000000000000867e-05	5.999999999999513e-05	0.9459487334524409	8.538092108323347e-20	7.445921049870075e-18	-6.3474616188163855e-19	1.1526250000000113	-5.564667650281852e-19	-3.37403716077489e-19	-1.312968830879946e-19	0.9180635770192714	3378.5240144095674	293538.01105714974	-1209378.4673075734	357671.1797971009	182559040.11967984	1263106.894882712	-1173727.2523712637	1006056.5859221361	2125.814738265397	1599.565890624997	3192.759586151167	338005.6730659435	-1109191.663268776	338005.0232340183	210214653.31762862	1158469.1438572637	-1109191.1499081457	1158462.6885028223	1949.7089199771528	-0.05556690436657216	0.0	0.0	0.0	0.14204194987717808	0.0	0.0	0.0	-0.08548863474745572	210231251.82617128	0.14276222357794927
244	1565.0	nan	nan	1	1	6.000000000000838e-05	6.000000000000867e-05	5.999999999999513e-05	0.944666253322602	-2.49366499671666e-19	8.528876389857221e-19	-7.616520261710669e-20	1.1564999999999939	2.084248572342684e-17	-1.1080546202801856e-19	6.208141639651998e-19	0.9162332762254568	3265.7559699219755	294762.57378084096	-1204804.0132153155	360859.631091153	182574484.2274383	1274151.8409803628	-1168540.9561736197	1009436.5263637097	2065.5226058398252	1599.565890624997	3081.9957227965356	340555.4840145461	-1102788.8520477538	340554.48410600045	210938386.94396263	1166264.7456654443	-1102788.5310505044	1166257.7796370825	1890.6272542152508	-0.0569235849551839	0.0	0.0	0.0	0.14539820268935172	0.0	0.0	0.0	-0.08748427836208832	210955045.05576998	0.14613715910279912
248	1603.75	nan	nan	1	1	6.000000000000838e-05	6.000000000000867e-05	5.999999999999513e-05	0.9433881797586018	4.0088375327651524e-19	5.752776727208087e-19	4.3205456573547354e-20	1.1603750000000093	-3.966878908689964e-18	4.036484688163533e-19	-2.135336178710201e-19	0.9144142402124543	3132.9728110466317	296169.6175540351	-1199961.9901379074	364289.73475898494	182571644.4834297	1284899.5155475212	-1163107.916330261	1012537.4390110408	1999.3351934480309	1599.565890624997	2952.6725172334163	343326.315973386	-1096171.9778200462	343325.12696583895	211641054.2693922	1173762.8815191675	-1096171.906444888	1173755.6052904841	1826.4038622384003	-0.0582774376162339	0.0	0.0	0.0	0.14874322873796736	0.0	0.0	0.0	-0.08947159333708755	211657780.24649918	0.14950060059717668
252	1642.5	nan	nan	1	1	6.000000000000838e-05	6.000000000000867e-05	5.999999999999513e-05	0.9421144859265572	1.9222904518167993e-19	-6.218170509747489e-18	-5.654114329511905e-19	1.1642500000000084	-6.021658865984492e-19	3.937822290467352e-19	-8.861726456810271e-19	0.9126063660170148	2969.0561168313684	297722.16024049214	-1195027.025875436	367918.95726896584	182551576.61133143	1295349.8963975036	-1157597.6533040372	1015363.6680415495	1919.0494517933905	1599.565890624997	2794.400597869622	346277.27088178677	-1089501.4157809548	346276.0263545253	212323670.13955927	1180965.3802791056	-1089501.6622109164	1180957.9765172238	1749.5897995703558	-0.05962847683666577	0.0	0.0	0.0	0.15207710288035678	0.0	0.0	0.0	-0.09145063482062156	212340483.38838944	0.1528526241928137
256	1681.25	nan	nan	1	1	6.000000000000838e-05	6.000000000000867e-05	5.999999999999513e-05	0.9408451493644961	5.183028485566954e-19	-5.651403824080692e-18	-4.914688447876792e-19	1.1681249999999983	-1.768821634301476e-18	-9.486769009248164e-20	6.979551485375435e-19	0.910809547785721	2755.377110197468	299352.89218091115	-1190101.7630907237	371666.16226328723	182515269.65225974	1305534.438644397	-1152109.4671334669	1017944.0113249087	1816.8249243376035	1599.565890624997	2589.787634906163	349331.48789142526	-1082870.7668408994	349330.19795374037	212987187.95072418	1187902.6840869328	-1082871.3213149763	1187895.3080279334	1653.1246823160475	-0.06097671259334126	0.0	0.0	0.0	0.15539989922768896	0.0	0.0	0.0	-0.09342146199097444	213004121.52734226	0.156193305949414
260	1720.0	nan	nan	1	1	6.000000000000838e-05	6.000000000000867e-05	5.999999999999513e-05	0.9395801542684123	6.672722270562037e-19	2.272108282769247e-18	8.519118570304851e-19	1.172000000000001	-1.8086660641403183e-18	-4.603522424373452e-19	-6.438534601305168e-19	0.909023674453691	2465.385180041422	301018.0687862281	-1185214.922285549	375478.28685161984	182463634.2827149	1315484.5605594597	-1146670.9209824875	1020306.8105983356	1675.667224387425	1599.565890624997	2314.099216388173	352438.6556793251	-1076305.7588713942	352437.4269823062	213632484.70852652	1194604.946001037	-1076306.575208706	1194597.9261567474	1521.690496507023	-0.06232214788871191	0.0	0.0	0.0	0.15871169115482214	0.0	0.0	0.0	-0.09538414064029968	213649592.1783814	0.15952272224265582
264	1750.0	nan	nan	1	1	6.000000000000838e-05	6.000000000000867e-05	5.999999999999513e-05	0.9386037358961515	1.1590121223870042e-19	3.448359219698771e-18	1.0760706561918632e-19	1.1749999999999952	5.9614314353029215e-18	-5.770123961967855e-19	-2.671474153004283e-19	0.9076483851110727	1130.579615509229	302345.95080517005	-1181395.1417162984	378494.17843666894	182413115.90465164	1323228.5445817616	-1142433.1329044835	1022147.4546316329	884.5250510712611	1599.565890624997	1060.0970962306237	354898.561365147	-1071211.0290517244	354898.11951030575	214119462.27919412	1199816.1841539328	-1071211.6424319309	1199813.1947385427	802.0288527711009	-0.063361895344048	0.0	0.0	0.0	0.161268147596118	0.0	0.0	0.0	-0.09689821644512853	214137536.21395248	0.16209271184285795
268	1780.0	nan	nan	1	1	6.000000000000838e-05	6.000000000000867e-05	5.999999999999513e-05	0.9376299932355378	-5.805902633659876e-20	4.664671426901634e-18	-3.7865760874056244e-19	1.1780000000000213	-1.562769011420606e-18	-2.5695591487906456e-19	4.614364446098307e-19	0.9062796174293474	792.3433176018508	303649.4425073608	-1177606.4905696001	381492.4594698856	182355183.91441262	1330796.4732110298	-1138233.0658013264	1023829.4577254675	695.7649745339386	1599.565890624997	742.1742742343844	357337.65593244386	-1066162.5144881632	357337.38512480055	214597377.2552745	1204855.2088604448	-1066163.2158109217	1204852.5940874566	629.9205555355718	-0.06439987129866406	0.0	0.0	0.0	0.163818085229413	0.0	0.0	0.0	-0.09840739204592554	214615675.2807641	0.16465597001796453
272	1810.0	nan	nan	1	1	6.000000000000838e-05	6.000000000000867e-05	5.999999999999513e-05	0.9366588462964652	3.209238430557093e-20	1.3301534353138411e-17	6.883599593110468e-19	1.1809999999999905	2.4412763477421607e-17	4.644722106927901e-19	1.3880498313245672e-19	0.9049172283085019	578.9000614442754	304920.91443534	-1173785.9772174223	384464.01385956997	182289352.0364352	1338275.3058335683	-1134009.3615608755	1025424.2600038536	568.0114368051948	1599.565890624997	541.6825452138231	359746.7819383716	-1061103.0920301625	359746.8016344773	215065627.42072797	1209801.5247839112	-1061103.8384312643	1209799.197739675	513.4826140377755	-0.06543615450699089	0.0	0.0	0.0	0.1663615372152174	0.0	0.0	0.0	-0.09991179989756598	215084062.8547127	0.16721259260794563
276	1840.0	nan	nan	1	1	6.000000000000838e-05	6.000000000000867e-05	5.999999999999513e-05	0.9356902954146435	6.199468022272114e-19	-1.1067698407057903e-17	8.172715976195733e-19	1.1839999999999946	1.6697797658449254e-18	4.55581752878409e-19	7.767224363686153e-19	0.9035611598063072	349.45106295938245	306129.61912326433	-1169879.9597160183	387369.388281782	182215892.59313118	1345712.2142304732	-1129710.1649443074	1026968.9188350413	423.9327533660605	1599.565890624997	326.6458231937636	362089.28372568206	-1055984.3306516698	362089.591726523	215524463.85763216	1214698.1406014469	-1055985.0746296698	1214696.0535686996	382.6600678870059	-0.06647073822499161	0.0	0.0	0.0	0.16889853646180938	0.0	0.0	0.0	-0.10141147914754864	215543050.81108138	0.16976261555578748
280	1870.0	nan	nan	1	1	6.000000000000838e-05	6.000000000000867e-05	5.999999999999513e-05	0.934724342974327	9.03682510766668e-19	-4.4383442233952855e-18	-2.806457323478728e-19	1.1869999999999898	4.438506853721158e-18	-5.13694989323632e-19	-1.3077646604520154e-18	0.9022113538120161	118.64709194351857	307226.5615664324	-1165849.1336387324	390145.5456397517	182135137.8096856	1353152.4087473874	-1125297.582606067	1028498.4101773882	271.2434657845559	1599.565890624997	110.78936953885919	364306.49915763503	-1050771.0095110324	364307.1087692296	215974211.63955015	1219586.0352222675	-1050771.7271306696	1219584.1833808948	244.4696849206795	-0.06750361350982598	0.0	0.0	0.0	0.1714291156275226	0.0	0.0	0.0	-0.10290646950265948	215992953.70414317	0.17230607426849484
284	1900.0	nan	nan	1	1	6.000000000000838e-05	6.000000000000867e-05	5.999999999999513e-05	0.9337609917107714	9.633136302533706e-20	3.48511367334603e-18	-8.732706398284496e-19	1.1900000000000026	2.7706786517867066e-18	-3.7708551559045846e-19	-3.979564074108044e-19	0.9008677524203539	-91.85166280540632	308153.37718346785	-1161688.2058976106	392716.53708321514	182047409.87545723	1360636.9698492375	-1120766.6520390117	1030043.9566153893	125.28157324423805	1599.565890624997	-85.679913680643	366328.04095309903	-1045458.7255738793	366328.9043502089	216415187.88404146	1224502.224646554	-1045459.462244914	1224500.5658264714	112.74687410690285	-0.06853477102659375	0.0	0.0	0.0	0.1739533071234404	0.0	0.0	0.0	-0.10439681081459522	216434071.81868318	0.17484300392623447
288	1930.0	nan	nan	1	1	6.000000000000838e-05	6.000000000000867e-05	5.999999999999513e-05	0.9328002431463044	-2.585822181377928e-19	-2.102544484003377e-17	-3.572446158339737e-20	1.193000000000015	9.762373201493979e-18	9.26559176606112e-19	6.627185779317646e-19	0.8995302989668128	-298.07294443344756	308855.8504586861	-1157425.9043459368	395010.759798534	181952988.98271444	1368202.0953629708	-1116145.1554239457	1031632.5097074196	-23.47240797166695	1599.565890624997	-277.7578345549635	368087.76785229484	-1040073.6739830874	368088.86991103087	216847663.62442395	1229479.118043138	-1040074.4757591205	1229477.4639305705	-21.092523940111573	-0.06956420272309534	0.0	0.0	0.0	0.1764711431157916	0.0	0.0	0.0	-0.10588254192670732	216866688.5538769	0.17737343946327727
292	1960.0	nan	nan	1	1	6.000000000000838e-05	6.000000000000867e-05	5.999999999999513e-05	0.9318420973951584	-4.405113426808604e-19	-1.0573356426513137e-17	2.585822181377928e-19	1.1960000000000075	5.001424621675632e-19	-3.3588583303600926e-19	6.375108774214766e-19	0.8981989387120436	-501.9508854741225	309289.8061615501	-1153112.2423574284	396968.44260629	181852146.91726533	1375870.067993405	-1111481.3580321018	1033280.3897355015	-175.90560189047724	1599.565890624997	-467.25881953977733	369530.88518567575	-1034660.9941346683	369532.18184197467	217271903.19409466	1234536.4484552336	-1034661.9207654258	1234534.7614351073	-157.83603559161773	-0.07059190204606339	0.0	0.0	0.0	0.1789826555284472	0.0	0.0	0.0	-0.10736369990118123	217291070.2294031	0.17989741531948542
296	1990.0	nan	nan	1	1	6.000000000000838e-05	6.000000000000867e-05	5.999999999999513e-05	0.9308865530203595	-2.9197564505034635e-19	-2.0270243816788993e-18	-5.943596309565536e-19	1.1989999999999947	-1.598244106504332e-17	-8.146695124056081e-19	5.464378949326942e-20	0.8968736188653192	-702.9136334078551	309426.4436584214	-1148796.9352756757	398548.8958213048	181745142.206486	1383645.470809525	-1106823.0704645226	1034990.2458434675	-332.5327923963377	1599.565890624997	-653.6594347602065	370620.48446557106	-1029265.2926445876	370621.9848145972	217688158.3145801	1239677.976758682	-1029266.339751881	1239676.1627622664	-297.9329517427764	-0.07161786410275137	0.0	0.0	0.0	0.1814878760453728	0.0	0.0	0.0	-0.10884031997644429	217707469.01170114	0.18241496546944302
300	2020.0	nan	nan	1	1	6.000000000000838e-05	6.000000000000867e-05	5.999999999999513e-05	0.9299336074587973	4.662069341687669e-21	-1.946251319828729e-18	-5.916491255253398e-19	1.2019999999999762	-8.181172753141119e-18	-3.2699537522162814e-19	-1.8577804225539119e-19	0.8955542882004623	-897.0847712124574	309258.60753103445	-1144508.523687221	399738.8511401012	181632224.07687908	1391517.8731378205	-1102197.7066121434	1036753.475641476	-490.09167763774843	1599.565890624997	-833.3685345145433	371345.3030204765	-1023911.9708986261	371347.04684921994	218096672.64101368	1244894.0121782671	-1023913.1428607397	1244891.8936912096	-438.4508504614852	-0.07264208521246082	0.0	0.0	0.0	0.18398683611299604	0.0	0.0	0.0	-0.11031243597945736	218116125.39491212	0.1849261234726055
