6	header
postResults v2.0.3	--cr f,p,texture --time RVE_1_40_D_tensionX.spectralOut
addCauchy v2.0.3	RVE_1_40_D_tensionX.txt
addStrainTensors v2.0.3	--left --logarithmic RVE_1_40_D_tensionX.txt
addMises v2.0.3	-s Cauchy RVE_1_40_D_tensionX.txt
addMises v2.0.3	-e ln(V) RVE_1_40_D_tensionX.txt
inc	time	elem	node	ip	grain	1_pos	2_pos	3_pos	1_f	2_f	3_f	4_f	5_f	6_f	7_f	8_f	9_f	1_p	2_p	3_p	4_p	5_p	6_p	7_p	8_p	9_p	texture	1_Cauchy	2_Cauchy	3_Cauchy	4_Cauchy	5_Cauchy	6_Cauchy	7_Cauchy	8_Cauchy	9_Cauchy	1_ln(V)	2_ln(V)	3_ln(V)	4_ln(V)	5_ln(V)	6_ln(V)	7_ln(V)	8_ln(V)	9_ln(V)	Mises(Cauchy)	Mises(ln(V))
0	0.0	nan	nan	1	1	6.000000000000838e-05	6.000000000000867e-05	5.999999999999513e-05	1.0	0.0	0.0	0.0	1.0	0.0	0.0	0.0	1.0	2.7716487604837305e-06	-1.193192284640359e-09	-2.8066754232013673e-08	-1.19319228464005e-09	2.7018729684353462e-06	-1.6832583398956398e-08	-2.8066754232013544e-08	-1.6832583398956544e-08	2.6991213888906947e-06	1599.565890624997	2.7716487604837305e-06	-1.193192284640359e-09	-2.8066754232013673e-08	-1.19319228464005e-09	2.7018729684353462e-06	-1.6832583398956398e-08	-2.8066754232013544e-08	-1.6832583398956544e-08	2.6991213888906947e-06	0.0	0.0	0.0	0.0	0.0	0.0	0.0	0.0	0.0	9.102600058541354e-08	0.0
2	2.0	nan	nan	1	1	6.000000000000838e-05	6.000000000000867e-05	5.999999999999513e-05	0.9999331859138992	-4.346006938353607e-24	1.3757337075736935e-22	-5.770411953169921e-24	1.000200000000001	6.85984190712676e-22	1.9653811354259937e-24	1.7436967312617822e-23	0.9999338800589288	-1.0918138787928911e-05	-494.162603346397	2741.2009144984004	-494.29446169978456	14158906.77613246	727.4803459776741	2741.20281741654	727.2867876625088	-4.662636285502231e-06	1599.565890624997	-1.0916677406875993e-05	-494.228300921407	2740.835910388114	-494.2283009214016	14160789.164305272	727.3834784642314	2740.8359103881216	727.3834784642058	-4.662015433013809e-06	-6.681631826124158e-05	0.0	0.0	0.0	0.0001999800026677987	0.0	0.0	0.0	-6.612212709063832e-05	14160790.041968552	0.00017763326904648167
4	4.0	nan	nan	1	1	6.000000000000838e-05	6.000000000000867e-05	5.999999999999513e-05	0.9998663539893823	-1.429368098491632e-23	5.768426719699794e-23	-1.4962042919859165e-23	1.0003999999999935	5.976545361818135e-22	3.110199103199384e-24	6.909935965022972e-23	0.9998677425139987	6.68797661728604e-06	-988.3614006156653	5482.5942598191605	-988.888906233202	28326310.375513032	1455.4063112515928	5482.6018735536645	1454.6319700836627	5.657160458213184e-06	1599.565890624997	6.686186794544281e-06	-988.6242617891062	5481.134630756664	-988.6242617891407	28333843.94286999	1455.0188389622037	5481.134630756531	1455.0188389621344	5.655654354455719e-06	-0.00013365494204156818	0.0	0.0	0.0	0.0003999200213202327	0.0	0.0	0.0	-0.00013226623279407072	28333845.697159514	0.0003552546439162056
6	6.0	nan	nan	1	1	6.000000000000838e-05	6.000000000000867e-05	5.999999999999513e-05	0.9997995042228782	7.46679395339367e-23	6.7153830849505e-22	-2.3611043404713622e-23	1.000599999999987	-7.94662488312343e-22	1.4478969442128198e-23	9.113545116864238e-23	0.9998015873617153	1.1980385670540272e-07	-1482.5963387187876	8224.179771043444	-1483.7833888256243	42502212.4960697	2183.777960927085	8224.196906587005	2182.035450510179	-8.731259276828496e-07	1599.565890624997	1.197557785602913e-07	-1483.1879358654885	8220.896477138105	-1483.1879358654903	42519172.06016985	2182.906143302795	8220.896477137778	2182.9061433028223	-8.727773544367173e-07	-0.0002005158790870514	0.0	0.0	0.0	0.0005998200719542348	0.0	0.0	0.0	-0.00019843232467670608	42519174.69009193	0.000532864140378344
8	8.0	nan	nan	1	1	6.000000000000838e-05	6.000000000000867e-05	5.999999999999513e-05	0.9997326366108239	1.770166510863479e-23	-9.221806515435178e-22	-2.1731689052993142e-23	1.0008000000000166	-1.6599595834918143e-21	1.716565207170043e-23	8.74561518040065e-23	0.9997354145986067	9.99078752101923e-06	-1976.8673654787917	10965.957183058352	-1978.9779656271041	56686614.83618028	2912.595360134707	10965.987654500303	2909.497132216549	9.06430846589501e-06	1599.565890624997	9.985443282503918e-06	-1977.9193773805273	10960.12176521517	-1977.9193773804288	56716781.24719911	2911.0454533959905	10960.121765215092	2911.0454533961115	9.059484990253974e-06	-0.0002673991371389762	0.0	0.0	0.0	0.0007996801705813279	0.0	0.0	0.0	-0.0002646204102855265	56716784.75172421	0.000710461774203744
10	10.0	nan	nan	1	1	6.000000000000838e-05	6.000000000000867e-05	5.999999999999513e-05	0.9996657486137087	3.451659260061274e-23	3.510686868573058e-22	-2.4908062605196768e-23	1.0010000000000012	2.2340758681628187e-21	6.45862622281404e-24	-9.089722315222711e-23	0.9996692150059241	0.00039326903825076445	-2474.3676597153994	13686.839720335305	-2477.670192071162	70877013.31519292	3663.9345688330627	13686.887180153422	3659.0635307280236	0.0003963421199077857	1599.565890624997	0.0003930061626298573	-2476.014025359223	13677.738356788594	-2476.0140253587947	70924172.62848283	3661.4981553728558	13677.73835678854	3661.498155373195	0.0003960785635429954	-0.0003343072607369907	0.0	0.0	0.0	0.0009995003330847542	0.0	0.0	0.0	-0.00033083971549996384	70924176.99791864	0.0008880514707399083
12	12.0	nan	nan	1	1	6.000000000000838e-05	6.000000000000867e-05	5.999999999999513e-05	0.9995987773671233	1.0573353461897821e-22	2.7473513644193232e-21	-4.288104295474896e-23	1.0012000000000134	2.893120440685868e-21	1.2149628837178871e-23	-1.7967686393631847e-22	0.9996027529559541	0.005631474218107542	-3040.21027958001	15804.291211092055	-3045.0802870411026	85009612.060427	5015.296831005939	15804.354067678467	5007.295764248486	0.007043822399176861	1599.565890624997	0.005626959841813256	-3042.639249809247	15791.684773883331	-3042.639249804717	85077530.32854176	5011.2963336891835	15791.68477388664	5011.296333690027	0.0070382038299162345	-0.00040130314421327445	0.0	0.0	0.0	0.0011992805754957154	0.0	0.0	0.0	-0.0003973259675552038	85077535.3249645	0.0010657325613080153
14	14.0	nan	nan	1	1	6.000000000000838e-05	6.000000000000867e-05	5.999999999999513e-05	0.999531052616919	-5.574535584117364e-23	2.5519779211791985e-21	-4.5157444000494886e-23	1.001400000000011	1.2925722775100623e-21	3.6607705189146793e-23	7.263307522705626e-23	0.9995333888492327	-3.7734173101462876	-4228.516327959657	10224.121656289039	-4236.42291326145	98375334.48020452	13251.863118617255	10224.145549203053	13227.161627604606	-4.711089983981852	1599.565890624997	-3.7699009893090882	-4232.475130053271	10214.618015620397	-4232.475133055684	98467434.98305112	13239.545097617194	10214.618011408451	13239.54509998183	-4.706710878580866	-0.00046905737329281673	0.0	0.0	0.0	0.0013990209137182737	0.0	0.0	0.0	-0.00046672004762683564	98467443.75388807	0.0012446071476873094
16	16.0	nan	nan	1	1	6.000000000000838e-05	6.000000000000867e-05	5.999999999999513e-05	0.9994608481487423	-1.1064367873509297e-22	1.520609428778681e-21	-1.0778494253810972e-22	1.0015999999999667	-4.974095103632472e-21	3.041377676234972e-23	-7.623296525288702e-24	0.9994523586916652	85.09841741430512	-5634.888995692858	-30178.032467018176	-5646.94941331399	108720103.78762944	47570.69287234862	-30177.776144899322	47468.69127200038	198.39208536454078	1599.565890624997	85.00903190784163	-5641.017949836624	-30146.07806121817	-5641.017981818321	108838356.43309045	47520.322019779225	-30146.078072401437	47520.322001956745	198.18201530082217	-0.0005392972458793054	0.0	0.0	0.0	0.00159872136366382	0.0	0.0	0.0	-0.0005477913186063016	108838258.92305654	0.0014281855169853874
18	18.0	nan	nan	1	1	6.000000000000838e-05	6.000000000000867e-05	5.999999999999513e-05	0.9993886198578878	3.189079046412441e-22	-3.8132364494204535e-22	-3.3034284942917713e-23	1.0018000000000167	1.3748403525121362e-20	-1.7655342994331824e-23	1.102836897325099e-21	0.9993551794299896	-80.53321259406323	-3073.6792773704265	-114901.53224686523	-3081.0936336602745	115168388.09632413	115799.24006905485	-114897.68803843835	115516.64094856883	279.4601801508297	1599.565890624997	-80.4403828837185	-3077.544077170041	-114765.24629347016	-3077.54209237259	115313199.1592459	115661.88933467711	-114765.24679145061	115661.88989958238	279.1287094006748	-0.0006115671111612276	0.0	0.0	0.0	0.0017983819413962424	0.0	0.0	0.0	-0.0006450285562078865	115313445.28578427	0.001617901862428917
20	20.0	nan	nan	1	1	6.000000000000838e-05	6.000000000000867e-05	5.999999999999513e-05	0.9993163900436385	7.225191040079182e-22	-1.2847795743953227e-20	-5.251604272976662e-23	1.0020000000000042	1.5106832614280447e-21	-3.2933699780431266e-22	-3.8539999100070664e-23	0.9992465297236476	-159.84038624291918	4385.799303422267	-215372.7180215426	4397.5799998425155	119148641.59142266	205999.15377087647	-215357.6632562723	205433.07320050936	200.7329746038359	1599.565890624997	-159.64162877795954	4392.108853949732	-215089.869933427	4392.111720684346	119320052.62106399	205728.61594541385	-215089.8714658834	205728.61576087217	200.46935282940686	-0.000683843724191153	0.0	0.0	0.0	0.001998002662677268	0.0	0.0	0.0	-0.0007537542777480156	119321146.1043031	0.001811650799527973
22	22.0	nan	nan	1	1	6.000000000000838e-05	6.000000000000867e-05	5.999999999999513e-05	0.9992449640011813	-9.893344823930227e-22	-9.230541542703739e-21	4.235164736271502e-24	1.0022000000000046	3.463094204849207e-21	-2.73856339759156e-22	-1.5246593050577405e-23	0.9991313658955874	-93.2681166403164	16499.424156679062	-310056.8662009469	16548.21934404598	121893240.99458748	303162.04017430457	-310021.61930099357	302233.78854034276	234.74405962688476	1599.565890624997	-93.14428551348115	16526.2464902849	-309610.0051757998	16526.248442066764	122091397.07223035	302725.11612963537	-309610.00676024304	302725.1157179584	234.40574113577262	-0.0007553211820565196	0.0	0.0	0.0	0.0021975835434918543	0.0	0.0	0.0	-0.0008690115856272785	122093633.3894253	0.002007573300832358
24	24.0	nan	nan	1	1	6.000000000000838e-05	6.000000000000867e-05	5.999999999999513e-05	0.9991742840018455	5.480303168735323e-22	-3.685789754594203e-20	-3.4220131069073736e-22	1.002399999999998	3.5208195002045873e-20	-1.0901314031162845e-21	-2.591073785650905e-21	0.9990124977371995	-56.14073162851464	32772.79002041808	-393776.313299521	32878.594144487404	123991645.67833582	396650.92576597445	-393712.55437798257	395310.48734363087	228.6190148862742	1599.565890624997	-56.061677502379155	32832.29536658985	-393158.14984276704	32832.2964128181	124216776.51992425	396028.2496447481	-393158.15116605314	396028.2500785113	228.2601209768422	-0.0008260570893852285	0.0	0.0	0.0	0.0023971245997190145	0.0	0.0	0.0	-0.0009879901643895567	124220463.88631073	0.0022047486371185804
26	26.0	nan	nan	1	1	6.000000000000838e-05	6.000000000000867e-05	5.999999999999513e-05	0.999104096117624	-2.2886830234811195e-21	3.6913272324868784e-20	-3.2271955290388843e-22	1.0026000000000146	-1.2804597063643259e-20	-2.6719654321136905e-21	-1.381934253445391e-21	0.9988913894416273	-30.555239265849043	51555.63607243517	-467408.64043025544	51736.032275153026	125702802.8665855	481073.19610271644	-467309.13137267175	479293.71105656977	201.11976847078867	1599.565890624997	-30.5098251758527	51659.136248749004	-466614.57125963387	51659.1372848911	125955156.69733943	480255.9125508208	-466614.5722902299	480255.91397713445	200.7780909878945	-0.0008963054441176619	0.0	0.0	0.0	0.0025966258472803093	0.0	0.0	0.0	-0.001109225521603204	125960442.93044655	0.0024027409502981917
28	28.0	nan	nan	1	1	6.000000000000838e-05	6.000000000000867e-05	5.999999999999513e-05	0.9990341654964445	2.430984558619842e-22	-4.186968561572732e-20	-2.541098841762901e-22	1.0028000000000103	-2.581078796873304e-20	-1.7813102880757938e-21	-1.751664134921893e-21	0.9987688319079718	2.9846008936034925	70820.79780249723	-532093.2566420488	71087.75630330219	127145473.08395627	554417.7866540814	-531951.938589566	552189.0772594296	164.9901634989683	1599.565890624997	2.9799361473382637	70976.64928654382	-531120.5300201207	70976.65054493041	127425275.22237897	553404.248267686	-531120.5306702871	553404.2497770451	164.68854282930496	-0.0009663012222391415	0.0	0.0	0.0	0.002796087302012038	0.0	0.0	0.0	-0.001231926602095982	127432176.27122225	0.002601325314421631
30	30.0	nan	nan	1	1	6.000000000000838e-05	6.000000000000867e-05	5.999999999999513e-05	0.9989642987427602	-4.3639137442541555e-21	1.878560258332428e-20	3.5575383784680616e-23	1.0030000000000034	8.41755931992906e-20	-9.067487700357285e-22	3.686287386450715e-21	0.9986452974877563	45.12479404750389	89203.72694000814	-588291.9101187352	89564.1010199587	128379027.32704644	616196.7572893729	-588104.0495880691	613521.430598228	133.53885937113537	1599.565890624997	45.05085508033843	89417.34504011467	-587140.4152454415	89417.34628646239	128686459.36886652	614990.6427826892	-587140.4151398635	614990.6436779368	133.27747669816895	-0.0010362379663992006	0.0	0.0	0.0	0.0029955089798016916	0.0	0.0	0.0	-0.0013556209512603765	128694889.97208652	0.0028003698409001165
32	32.0	nan	nan	1	1	6.000000000000838e-05	6.000000000000867e-05	5.999999999999513e-05	0.9988943414136486	1.7533582008164016e-21	8.980772702382127e-20	5.30242624981192e-22	1.0031999999999994	8.083913042005592e-20	1.6517142471458857e-22	-1.0936889414947527e-20	0.9985211066047492	82.16800051349502	106132.53288633056	-636371.1244376043	106590.0102656885	129438687.1412825	666777.3452119622	-636133.3446315796	663667.5167786138	106.98192243174094	1599.565890624997	82.0272111290541	106407.3742842503	-635043.3736524094	106407.37539762467	129773882.28598809	665386.1536420465	-635043.372605325	665386.1538741847	106.75871096589081	-0.0011062702777289357	0.0	0.0	0.0	0.0031948908965186242	0.0	0.0	0.0	-0.0014799880374605503	129783697.1585846	0.0029997831572800846
34	34.0	nan	nan	1	1	6.000000000000838e-05	6.000000000000867e-05	5.999999999999513e-05	0.9988241800822649	-2.0989476432961564e-21	-1.0912092525416656e-19	-7.487771253728015e-22	1.003399999999993	-9.360645803401998e-20	8.084929481542297e-22	-1.3332298589782688e-21	0.9983964978837248	105.19361108997508	121399.23347859594	-677078.7352123328	121955.38951118488	130351039.64102407	707173.1647921439	-676788.817929377	703646.8114896341	78.64116047376534	1599.565890624997	105.0055413376498	121737.35125407758	-675578.8270619254	121737.3523161266	130714089.7385596	705606.5895351489	-675578.8251926919	705606.5890583086	78.46694954168652	-0.0011765117363304418	0.0	0.0	0.0	0.003394233068008093	0.0	0.0	0.0	-0.0016047891017674444	130725118.45825765	0.0031994913561738626
36	36.0	nan	nan	1	1	6.000000000000838e-05	6.000000000000867e-05	5.999999999999513e-05	0.998753742409181	-8.405954968551676e-21	1.3716597437951964e-19	-8.402566836762659e-22	1.003600000000023	1.678565191573847e-20	-1.212951180468158e-21	-1.32560656245298e-20	0.9982716535422417	112.2500433802732	134994.23195773995	-711537.9515273653	135649.26640852186	131139498.7029659	738805.1172996464	-711194.4967053029	734882.6275087108	50.029117499206855	1599.565890624997	112.04103849832396	135396.6918658071	-709870.2845859322	135396.69315279354	131530466.44896924	737073.5429435105	-709870.2823232807	737073.5418197749	49.91186176438144	-0.0012470348156256334	0.0	0.0	0.0	0.0035935355101530068	0.0	0.0	0.0	-0.0017298417716925345	131542536.38661535	0.003399430322225722
38	38.0	nan	nan	1	1	6.000000000000838e-05	6.000000000000867e-05	5.999999999999513e-05	0.998682991467991	1.0554030522788582e-21	-1.5824693037078467e-20	-2.1412992906588713e-21	1.0038000000000156	7.974603440162424e-20	-2.0625252265642214e-21	-1.0842021724855045e-20	0.9981467093875441	107.1928650866622	147117.46237958915	-740977.6598643698	147871.25785580504	131825217.90497836	763197.2572995367	-740579.7603542821	758899.0129797291	24.88419005444349	1599.565890624997	106.98534914792893	147584.99072403862	-739146.0656441293	147584.99213410044	132244148.63479742	761310.7393097378	-739146.0632135952	761310.7375527598	24.822679780722915	-0.0013178765499540887	0.0	0.0	0.0	0.0037927982387117466	0.0	0.0	0.0	-0.001855010080280458	132257100.20310952	0.003599544663580011
40	40.0	nan	nan	1	1	6.000000000000838e-05	6.000000000000867e-05	5.999999999999513e-05	0.9986119152556481	-8.138292557219318e-21	-1.2075725212530933e-20	-3.396602118489744e-21	1.0040000000000073	-1.1598845663226762e-19	-2.9747797107571028e-21	4.712891318522927e-21	0.9980217639142639	96.96392157397827	158000.41641008065	-766419.1510171116	158852.92049145742	132426764.55814257	781731.2480119324	-765966.2164952242	777076.4906283303	5.565719651054241	1599.565890624997	96.76904314258655	158533.65623235295	-764426.7774119494	158533.65733187334	132873695.1802354	779699.0692716144	-764426.7748931664	779699.0668162258	5.55125107610831	-0.001389049026420792	0.0	0.0	0.0	0.003992021269544755	0.0	0.0	0.0	-0.0019801953791314724	132887386.57503507	0.003799787808086463
44	48.666666666666664	nan	nan	1	1	6.000000000000838e-05	6.000000000000867e-05	5.999999999999513e-05	0.9983001953498395	2.605473345754228e-21	5.019644300371072e-20	-3.581255300991182e-21	1.0048666666666477	4.805895536131449e-20	-5.1855357030908266e-21	2.8470471423111545e-20	0.9974817411340303	208.52001788871368	191756.35031686147	-842799.3403358476	193017.64531907844	134370553.14165804	817157.1322201865	-842108.3467851885	811151.6765526565	-589.4246553425199	1599.565890624997	208.03401874271754	192567.7891871235	-840145.6649476148	192567.77766734382	134939157.46510068	814584.1950258745	-840145.6386408212	814584.1574011156	-587.568766726759	-0.0017012509572769396	0.0	0.0	0.0	0.004854862726163452	0.0	0.0	0.0	-0.0025214350131885733	134954980.8467396	0.004668216334493313
48	57.33333333333333	nan	nan	1	1	6.000000000000838e-05	6.000000000000867e-05	5.999999999999513e-05	0.997984118630335	8.20182002826339e-21	4.055907153644074e-19	6.200281173901479e-21	1.0057333333333378	-4.3152940530817583e-20	-1.4907779871675686e-21	-1.2617402782300059e-20	0.9969447493788467	164.80924470500125	210210.14503528373	-888058.6301147104	211842.38345746874	135777856.32556966	820829.6890930642	-887133.7261004925	813656.8595115973	-400.8083802041736	1599.565890624997	164.37192236653854	211280.27391131863	-884779.7300062317	211280.25839776787	136469068.46833146	817799.0124402602	-884779.7113343821	817798.989285596	-399.328510973962	-0.002017915993346457	0.0	0.0	0.0	0.005716960329233956	0.0	0.0	0.0	-0.003059927427638457	136485631.19356337	0.005536702954959291
52	66.0	nan	nan	1	1	6.000000000000838e-05	6.000000000000867e-05	5.999999999999513e-05	0.9976650474564831	1.3053624750136022e-20	-2.4650352830994647e-19	-3.3440860757599777e-21	1.0066000000000295	-3.462518222445074e-19	-2.4242082950418077e-21	-2.1629833341085815e-20	0.9964107493829109	142.40082315439096	220304.82533066714	-916188.2608201351	222277.82969492348	136933253.73720637	813425.2009567731	-915036.376975423	805191.334719426	-264.40411300312536	1599.565890624997	141.9767300962982	221615.86543843755	-912311.2693046632	221615.84978179206	137748147.3168977	809983.0671318347	-912311.2482382309	809983.0506188027	-263.28524633935547	-0.0023376827960418507	0.0	0.0	0.0	0.006578315360151845	0.0	0.0	0.0	-0.003595707431799235	137764949.43678033	0.006404657834152369
56	74.66666666666666	nan	nan	1	1	6.000000000000838e-05	6.000000000000867e-05	5.999999999999513e-05	0.9973439812388499	2.0685391604897268e-20	3.5861172701084217e-19	-1.1451885446878141e-21	1.0074666666666723	-4.942166196685721e-19	-1.2041420378167133e-20	-3.510104533421821e-21	0.9958792995694519	143.51909058582768	225743.34893360463	-934647.2588153151	228034.5466755725	137959668.52098206	802917.3762729169	-933274.6381133342	793682.6118172945	-174.28518198118388	1599.565890624997	143.0448684753729	227281.08148679836	-930190.885161713	227281.06486670932	138899430.75235978	799089.0872495507	-930190.8708826951	799089.0682859378	-173.45419479765684	-0.0026595522370187735	0.0	0.0	0.0	0.007438929097003717	0.0	0.0	0.0	-0.004129213912288257	138916242.58009943	0.007271881360980455
60	83.33333333333333	nan	nan	1	1	6.000000000000838e-05	6.000000000000867e-05	5.999999999999513e-05	0.9970215955651609	-3.9684340611811224e-20	-5.615218576573988e-19	2.5658322038227267e-20	1.0083333333333382	-3.9840025267516567e-19	-5.590417451878382e-21	-8.592302216947623e-21	0.9953499709220119	144.7127197547052	228658.61523068676	-947218.6900565707	231252.84983145865	138912238.49771005	792400.4090719464	-945630.5584213416	782197.3932929303	-114.21421411317004	1599.565890624997	144.18722163745878	230413.11521562183	-942196.6791875178	230413.0968546615	139978113.58011463	788199.2214172101	-942196.671760211	788199.2022051559	-113.60866754752699	-0.0029828487080836735	0.0	0.0	0.0	0.00829880281469991	0.0	0.0	0.0	-0.004660874096027654	139994836.51008654	0.008138313446826065
64	92.0	nan	nan	1	1	6.000000000000838e-05	6.000000000000867e-05	5.999999999999513e-05	0.9966983319207838	2.71812872773905e-21	3.143881368346951e-19	3.457588490692054e-21	1.00919999999999	3.580272742772367e-19	1.5165277887640993e-20	2.8792343943068175e-20	0.9948224378265228	144.19068181809843	230176.95428824463	-956330.7606969556	233064.06438872556	139817439.04323304	782959.7673039784	-954530.8388950892	771805.3164415859	-73.75627689767646	1599.565890624997	143.61982114198997	232141.36602002126	-950751.7904773584	232141.34797116046	141010690.63704613	778392.1957017137	-950751.786648529	778392.1766377061	-73.32600309573304	-0.0033071306122300945	0.0	0.0	0.0	0.009157937784756045	0.0	0.0	0.0	-0.005191012194138991	141027288.4965855	0.009003941179691258
68	100.66666666666666	nan	nan	1	1	6.000000000000838e-05	6.000000000000867e-05	5.999999999999513e-05	0.9963744877379692	3.702465715743272e-20	8.838958211188075e-19	2.2903770893756283e-21	1.0100666666666378	-4.143007551610234e-20	5.888573049311896e-21	2.1118225440944215e-20	0.994296460049033	141.1410328665961	231008.62009816236	-963631.9558141675	234183.12438033934	140688797.26284614	775033.4760470462	-961622.2140209336	762932.8308384663	-47.16286192866514	1599.565890624997	140.53592577382966	233179.1387208058	-957499.4993864561	233179.12244914696	142010685.83274695	770101.2412937264	-957499.4978239011	770101.2209896966	-46.86272223940031	-0.003632100359918525	0.0	0.0	0.0	0.010016335275459982	0.0	0.0	0.0	-0.005719867246806417	142027160.39275283	0.009868768196113984
72	109.33333333333333	nan	nan	1	1	6.000000000000838e-05	6.000000000000867e-05	5.999999999999513e-05	0.9960502718275543	5.905513708256982e-21	2.231084783067827e-20	1.99730368962564e-20	1.0109333333333406	-7.546385933678012e-19	5.095750210681871e-21	-4.106415728288848e-21	0.9937718576998987	137.75685298547234	231617.5056953459	-970025.9432850131	235078.33920412083	141533540.06201693	768787.2651985711	-967807.0582576325	755736.408797543	-28.216848828483315	1599.565890624997	137.12100960741662	233993.30311486166	-963339.9579615195	233993.28969792285	142985308.65025377	763488.3343734848	-963339.957740364	763488.3125427504	-28.022361826925835	-0.003957548948850164	0.0	0.0	0.0	0.010873996551885276	0.0	0.0	0.0	-0.006247618085776403	143001678.18525618	0.010732803779823575
76	118.0	nan	nan	1	1	6.000000000000838e-05	6.000000000000867e-05	5.999999999999513e-05	0.9957258339681838	4.707046791186872e-20	-5.201798735678109e-20	8.241630576784343e-21	1.0117999999999954	-1.156979243313594e-19	1.2359904766334751e-20	1.1204551826279885e-20	0.9932484957250463	135.26810423982772	232219.8551539234	-975938.2958073773	235968.6080905835	142355707.29448164	764212.5041747596	-973510.1886413433	750200.530234549	-13.244103278932162	1599.565890624997	134.599303455457	234801.92810961904	-968696.9001536827	234801.91775316247	143938572.90108693	758542.0994678186	-968696.9003838105	758542.0757892268	-13.14583293506601	-0.004283326390698048	0.0	0.0	0.0	0.011730922875694091	0.0	0.0	0.0	-0.006774398786389572	143954860.84936932	0.011596058248520873
80	126.66666666666666	nan	nan	1	1	6.000000000000838e-05	6.000000000000867e-05	5.999999999999513e-05	0.9954012816831311	-2.953773293665196e-20	9.248244531301353e-20	1.4182719668826005e-20	1.0126666666666844	-1.978940015329167e-19	6.505213034913027e-22	3.5344990823027446e-20	0.992726273950161	133.43280786400965	232892.70998535352	-981572.0808970726	236932.26077302144	143157666.81761083	761185.810968007	-978934.2375927754	746197.296225023	-1.1226319106855662	1599.565890624997	132.7292358343059	235682.95925538585	-973772.4576704568	235682.9509946928	144872815.28817692	755137.3885988921	-973772.4579711435	755137.3633538864	-1.1137114186545112	-0.004609324952392926	0.0	0.0	0.0	0.012587115505488682	0.0	0.0	0.0	-0.0073003085762780645	144889045.7459192	0.012458540969449398
84	135.33333333333331	nan	nan	1	1	6.000000000000838e-05	6.000000000000867e-05	5.999999999999513e-05	0.9950766918375085	-1.7325635419613086e-20	-4.776113857705988e-19	-4.145887463630898e-20	1.0135333333333256	-2.6588025401133587e-19	-1.4094628242311557e-21	-2.3889717244360287e-20	0.992205118895989	131.93494354896958	233651.35250371366	-987034.1560550034	237985.10145473309	143940872.9232104	759513.7186062727	-984185.7922694242	743530.9212161342	8.606576223486162	1599.565890624997	131.19592197088977	236652.05624360754	-978672.9649689498	236652.04956941967	145789455.9126772	753079.8588509754	-978672.9651308187	753079.8324127195	8.533669700485087	-0.004935467570214258	0.0	0.0	0.0	0.013442575696481255	0.0	0.0	0.0	-0.00782541999123749	145805651.08009756	0.013320259756235431
88	144.0	nan	nan	1	1	6.000000000000838e-05	6.000000000000867e-05	5.999999999999513e-05	0.9947521197945112	-3.676970024030918e-21	-8.401685922497515e-19	-1.6674690599648156e-20	1.0143999999999933	-6.955495749673412e-19	-1.420304845956011e-20	-4.845028458294598e-21	0.991684976412183	130.34141678014564	234481.8589784712	-992380.3959642608	239113.22989302097	144706268.77646178	758980.4860224249	-989320.5653224692	741984.935275418	16.135107688310555	1599.565890624997	129.56850951505166	237695.32568068965	-983454.0260102195	237695.320243655	146689402.04886612	752153.526689405	-983454.0259573554	752153.4996728632	15.989973885728531	-0.005261698695202023	0.0	0.0	0.0	0.014297304700818046	0.0	0.0	0.0	-0.008349786232042675	146705581.2468206	0.014181220964532068
92	152.66666666666666	nan	nan	1	1	6.000000000000838e-05	6.000000000000867e-05	5.999999999999513e-05	0.9944276064135237	4.3693771067639455e-20	1.0717609525562332e-18	5.977511508773597e-20	1.01526666666669	-2.786670633830868e-19	1.24683249835833e-21	-5.2546535915867777e-20	0.9911658056669541	128.16058355453768	235355.856139312	-997635.3721818537	240287.92992573822	145454510.39041916	759386.01813695	-994363.0493996176	741359.3413885974	21.445241490861168	1599.565890624997	127.35853001316939	238784.16645381335	-988140.1348079524	238784.16192001023	147573273.043884	752158.3769549193	-988140.1344982017	752158.3498285235	21.24113118746338	-0.005587977290937585	0.0	0.0	0.0	0.015151303767367038	0.0	0.0	0.0	-0.008873447176966085	147589452.64001602	0.015041429816230077
96	161.33333333333331	nan	nan	1	1	6.000000000000838e-05	6.000000000000867e-05	5.999999999999513e-05	0.9941031829246486	8.915233528088324e-21	3.3623142247848903e-19	3.315964581911135e-20	1.0161333333333318	-1.1535369014159524e-18	-1.0259263057144086e-20	2.5116220951984515e-20	0.9906475748318868	125.67381609162756	236239.3934714541	-1002809.4796644977	241474.65013196485	146186093.11532867	760563.2955912125	-999323.6071280423	741487.4923967351	25.156091295630148	1599.565890624997	124.84608376315768	239884.21649487264	-992741.7078279087	239884.2124366985	148441527.4442978	752927.5702789046	-992741.7073978742	752927.5432881251	24.903535059774153	-0.005914271953804177	0.0	0.0	0.0	0.016004574141714335	0.0	0.0	0.0	-0.009396433702315759	148457720.52092004	0.015900890709463083
100	170.0	nan	nan	1	1	6.000000000000838e-05	6.000000000000867e-05	5.999999999999513e-05	0.9937788739994535	4.0861081133784265e-20	-5.50720493514012e-19	-4.2509195490904317e-20	1.017000000000009	6.876416753717751e-19	-7.521652571618188e-21	6.091183330295125e-20	0.9901302583056498	122.87511564145831	237100.38880288275	-1007907.9197120878	242640.58931542566	146901422.5272136	762380.3805082098	-1004207.4293239292	742237.8134685449	27.584562255233816	1599.565890624997	122.02551631579057	240962.89553403974	-997264.0064282748	240962.89176058737	149294534.3065436	754329.3368556034	-997264.0059112163	754329.3100920487	27.293258175888486	-0.00624055783876671	0.0	0.0	0.0	0.016857117066432194	0.0	0.0	0.0	-0.009918770462495905	149310751.50628045	0.016759607440996832
104	208.75	nan	nan	1	1	6.000000000000838e-05	6.000000000000867e-05	5.999999999999513e-05	0.9923306521382057	-6.158522449601841e-20	-4.458103807988834e-19	-4.089475069343762e-20	1.0208750000000093	6.04496921269293e-19	8.570618173497912e-20	-1.0248082222240329e-19	0.9878284964207839	7930.714097175362	239975.4158696145	-1029597.0868898788	246878.21832491565	149900809.1699674	775405.8123244516	-1024926.0257339331	750304.3955093751	5546.972132304148	1599.565890624997	7864.265642993083	244809.79832813356	-1016338.389043543	244809.7190979912	152920609.50969407	765420.477765126	-1016338.558170897	765419.520511059	5475.540668092816	-0.007698908547889716	0.0	0.0	0.0	0.020660102696312032	0.0	0.0	0.0	-0.012246182920809897	152930406.26614952	0.020589829507075594
108	247.5	nan	nan	1	1	6.000000000000838e-05	6.000000000000867e-05	5.999999999999513e-05	0.9908859867019724	-1.1718192605494892e-19	-9.021781802523443e-19	9.191323917245864e-20	1.0247499999999965	1.1857106008844597e-18	-5.839783951550048e-20	-1.8140057598398096e-20	0.9855430451164231	6798.390983074596	242267.04939159777	-1049474.9762479493	250546.8665514145	152605870.52156925	794686.6626441081	-1043816.1152012045	764280.89104216	4662.198601301971	1599.565890624997	6731.511827907392	248081.8922930629	-1033547.5792607192	248082.112346123	156268684.61516026	782626.070211841	-1033547.5766443065	782625.0006730922	4591.442566487568	-0.009155800007420166	0.0	0.0	0.0	0.024448680402306903	0.0	0.0	0.0	-0.014562474889231415	156279746.6329658	0.02440566179332555
112	286.25	nan	nan	1	1	6.000000000000838e-05	6.000000000000867e-05	5.999999999999513e-05	0.9894456269997943	-4.990887531811788e-20	-2.211040595404001e-18	8.321251673826246e-20	1.028625000000009	-1.06715309332317e-18	-1.4392783839745072e-20	1.1777823724981596e-19	0.983273647326388	6261.364051043142	244462.54044264922	-1067169.6941729514	254143.1687753897	155050086.29861104	817199.5288880512	-1060512.7385260568	781168.6591508392	4299.4327853696595	1599.565890624997	6190.667522603384	251273.09400090406	-1048538.7253667626	251273.65989319864	159369672.092969	802932.6142499393	-1048538.579481999	802931.4657613883	4224.371997431331	-0.010610465424264389	0.0	0.0	0.0	0.028222958943748266	0.0	0.0	0.0	-0.016867817792739322	159381474.41291505	0.028207041884801224
116	325.0	nan	nan	1	1	6.000000000000838e-05	6.000000000000867e-05	5.999999999999513e-05	0.9880098121794693	-5.458957938464514e-20	-1.318525367013934e-19	-9.540979117872438e-21	1.032499999999991	7.850843456239099e-19	1.6111244283134596e-19	-9.276704838329097e-21	0.9810199627241091	5958.702624433339	246828.59904204047	-1082691.9965680258	257944.2822568179	157259083.73635307	841138.1583729445	-1075032.032210147	799198.1944337356	4105.837722109448	1599.565890624997	5882.796248433695	254657.4439361449	-1061337.7420821765	254658.39656826897	162246986.18987384	824548.1416843656	-1061337.4763996252	824546.953565186	4024.857070295776	-0.012062649927846707	0.0	0.0	0.0	0.03198304585304171	0.0	0.0	0.0	-0.01916247026183283	162259331.22147885	0.03199407786955561
120	363.75	nan	nan	1	1	6.000000000000838e-05	6.000000000000867e-05	5.999999999999513e-05	0.9865786770003877	-1.750444407477847e-19	8.802095337323567e-19	-1.222980050563649e-19	1.036375000000037	3.035467927361979e-18	9.465084965798454e-20	-1.8003177074121802e-19	0.9787817530358641	5769.702607263973	249505.79347752672	-1096291.0293214417	262100.62248500861	159256475.02431723	865297.0739917543	-1087626.6682348785	817209.7297074008	3984.7357365284206	1599.565890624997	5687.882759015346	258382.46974503424	-1072203.4676483856	258383.7873866805	164922348.1593336	846284.8809902371	-1072203.0918387398	846283.6286023508	3897.1836493204573	-0.01351220302462206	0.0	0.0	0.0	0.03572904745428155	0.0	0.0	0.0	-0.021446589765703974	164935132.3774436	0.03576686465678215
124	402.5	nan	nan	1	1	6.000000000000838e-05	6.000000000000867e-05	5.999999999999513e-05	0.985152303215698	7.345808531768195e-20	2.2428348241121386e-18	-1.294266343404571e-19	1.0402500000000283	2.094353336590249e-18	-3.518236049715462e-20	-2.0292876537139625e-19	0.9765588265878947	5638.368072533584	252481.97450980995	-1108341.898289096	266604.4723751546	161063506.4271044	888996.7542690714	-1098673.3475584167	834565.0069738202	3899.100724451202	1599.565890624997	5550.310621979308	262439.1310672669	-1081515.254780202	262440.76581295166	167415383.83261538	867479.2071618523	-1081514.7703365413	867477.8295543115	3804.725707769445	-0.014959027208875028	0.0	0.0	0.0	0.03946106888094062	0.0	0.0	0.0	-0.02372028819838681	167428545.3447969	0.03952549229417667
128	441.25	nan	nan	1	1	6.000000000000838e-05	6.000000000000867e-05	5.999999999999513e-05	0.9837307456945605	2.211636906598868e-19	-2.5173819192397805e-19	2.6020852139652107e-21	1.0441249999999984	-2.3942436574997393e-18	-2.791820594150174e-20	-1.0130514049161433e-20	0.9743510116073137	5533.951442953285	255612.88625148346	-1119139.9990512677	271307.71147031314	162699096.57726642	911794.9588915965	-1108468.5599817534	850862.5229784205	3828.5375175054937	1599.565890624997	5439.60556417681	266680.37594166806	-1089571.3587742394	266682.30687083944	169743618.47276923	887704.5527147744	-1089570.7721233617	887703.0451403719	3727.384267029062	-0.0164030517982933	0.0	0.0	0.0	0.043179214093931995	0.0	0.0	0.0	-0.02598365873441101	169757117.38731086	0.043270049729026115
132	480.0	nan	nan	1	1	6.000000000000838e-05	6.000000000000867e-05	5.999999999999513e-05	0.982314046487629	9.051732887538356e-20	5.258516061826257e-19	1.1663304870512814e-19	1.0480000000000183	7.138658154187683e-18	9.885213307636586e-20	3.400871164543906e-19	0.9721581427424819	5442.545980247379	258645.04443185823	-1128863.2813313052	275942.4787146493	164180028.27598134	933344.8366202511	-1117191.579547612	865798.7852526504	3764.529600355571	1599.565890624997	5342.000274226079	270842.54714405065	-1096553.2086631798	270844.7117055462	171922632.98964602	906630.8492009282	-1096552.559402566	906629.194567198	3656.7820750703536	-0.01784421881317262	0.0	0.0	0.0	0.04688358589886783	0.0	0.0	0.0	-0.028236789460895646	171936435.78252637	0.047000626524665065
136	518.75	nan	nan	1	1	6.000000000000838e-05	6.000000000000867e-05	5.999999999999513e-05	0.9809022345271758	-9.717161970901333e-20	-2.7295060742865694e-18	3.179422870813742e-20	1.0518750000000188	-3.35793675851348e-18	3.464025941091187e-20	-5.753725404109011e-20	0.9699800622047963	5361.9742053737755	261304.23612213842	-1137705.2950362794	280213.13232340623	165521191.67215696	953547.5992325766	-1125036.4557639074	879306.2700333815	3708.600080073012	1599.565890624997	5255.3032274983325	274636.287020102	-1102655.6881660046	274638.5794267282	173966278.45993227	924171.3902696654	-1102655.0092508697	924169.5149656376	3594.3481947976748	-0.019282483376765986	0.0	0.0	0.0	0.05057428596295124	0.0	0.0	0.0	-0.03047976212399855	173980351.2429292	0.05071731237447919
140	557.5	nan	nan	1	1	6.000000000000838e-05	6.000000000000867e-05	5.999999999999513e-05	0.9794953246391191	-1.2292142130554407e-20	-2.146422145923865e-18	-1.2075301696057306e-19	1.0557499999999886	-9.847537282142716e-19	-1.0364972768961422e-19	1.4892872091804011e-19	0.9678166214577497	5291.139117192518	263381.0308014385	-1145824.1679827096	283887.8792732788	166735800.36247772	972556.071181555	-1132161.6084862761	891549.8955313843	3660.058978784646	1599.565890624997	5178.393081483421	277836.3399533366	-1108037.658352056	277838.66524488095	175886867.67205107	940483.5242961528	-1108036.9861107082	940481.397261152	3539.359086327244	-0.020717814820654556	0.0	0.0	0.0	0.05425141483190472	0.0	0.0	0.0	-0.032712650294526364	175901180.3408701	0.05442019661048557
144	596.25	nan	nan	1	1	6.000000000000838e-05	6.000000000000867e-05	5.999999999999513e-05	0.9780933233194261	-6.837249950236712e-20	-1.748519948621685e-18	-1.3536264123481522e-19	1.0596250000000067	3.021129353630858e-18	-1.699486905371028e-19	-8.119319019200821e-20	0.9656676762495984	5224.077166968856	264735.29441070324	-1153236.819944646	286805.4423918765	167835590.623158	990590.9114779464	-1138585.58677142	902752.6920735925	3612.531817875648	1599.565890624997	5105.399044503613	280287.5815453993	-1112720.2953055236	280289.93155082373	177695353.7597771	955788.6051536362	-1112719.7361369003	955786.3047998475	3485.6131903420614	-0.022150190882767918	0.0	0.0	0.0	0.05791507194643932	0.0	0.0	0.0	-0.03493552440377753	177709884.0726419	0.0581093687373586
148	635.0	nan	nan	1	1	6.000000000000838e-05	6.000000000000867e-05	5.999999999999513e-05	0.9766962364516459	2.1980843794427997e-19	6.2206099646355815e-19	-1.434941575284565e-19	1.0635	-5.5576203361606955e-18	-9.638557313396135e-20	1.535365801511035e-19	0.963533079719768	5157.155196478908	265256.2609794074	-1159913.0185505415	288833.39469047845	168830985.67611903	1007740.755091966	-1144280.1838628117	913012.7439161977	3561.983538602953	1599.565890624997	5032.758343009549	281863.92809491185	-1116679.1681982537	281866.38204348664	179401476.2595973	970178.8756210452	-1116678.7545986585	970176.3775555583	3429.2164596906805	-0.023579589867095362	0.0	0.0	0.0	0.06156535565815473	0.0	0.0	0.0	-0.037148458847570995	179416204.972315	0.06178491928218576
152	673.75	nan	nan	1	1	6.000000000000838e-05	6.000000000000867e-05	5.999999999999513e-05	0.9753040687196043	6.606856988583543e-20	3.974048195555524e-18	8.299567630376536e-20	1.0673749999999904	-2.524510548523873e-18	-1.5894403848637495e-19	4.15201998216902e-19	0.9614126836650603	5089.775494924483	264952.3506628682	-1165845.0658560297	289967.1542955362	169731259.1331467	1023934.8895012254	-1149239.4695449127	922282.4664474741	3509.0801788133244	1599.565890624997	4959.8866614140225	282564.6920981693	-1119911.6860760213	282567.31996780384	181013910.0725237	983592.6591938678	-1119911.383409833	983589.9191204768	3370.8251762812506	-0.025005991250740607	0.0	0.0	0.0	0.06520236324562419	0.0	0.0	0.0	-0.03935153069786072	181028815.87171933	0.06544693942715256
156	712.5	nan	nan	1	1	6.000000000000838e-05	6.000000000000867e-05	5.999999999999513e-05	0.9739168193223752	1.43196001931023e-19	2.1309451599116346e-18	-1.218643241873707e-19	1.0712500000000036	6.334180142203438e-18	-2.5104701303901856e-19	-1.562741906366294e-19	0.9593063434108913	5022.8910124475715	263997.7936712043	-1171005.5304983694	290384.63829553494	170544695.62267724	1039064.8574144454	-1153438.1031625015	930481.6562225828	3456.2098414295992	1599.565890624997	4887.711952151808	282566.78805471875	-1122396.3486662959	282569.63246884325	182540415.17440885	995932.6165548479	-1122396.0840327942	995929.5844347381	3312.74038013649	-0.026429380092875068	0.0	0.0	0.0	0.06882619092985626	0.0	0.0	0.0	-0.04154481463877455	182555473.12308943	0.06909552010338653
160	751.25	nan	nan	1	1	6.000000000000838e-05	6.000000000000867e-05	5.999999999999513e-05	0.9725344827762775	4.823344414844888e-19	-4.603793474916573e-18	-3.1992095604616024e-19	1.0751250000000012	3.997697355442864e-18	2.3028454143592115e-19	5.479286729198618e-19	0.957213917484663	4958.621758614369	262739.83936293586	-1175379.8638115963	290458.8091232607	171278710.16183582	1053086.508569107	-1156863.5508761199	937589.272433438	3404.6886611579157	1599.565890624997	4818.290900639808	282235.680447955	-1124124.1465741359	282238.71574353747	183987945.74125463	1007163.7341778872	-1124123.8779272973	1007160.341300277	3256.2177160015253	-0.02784974625051347	0.0	0.0	0.0	0.07243693388950768	0.0	0.0	0.0	-0.04372838326604967	184003129.45155743	0.0727307519200163
164	790.0	nan	nan	1	1	6.000000000000838e-05	6.000000000000867e-05	5.999999999999513e-05	0.971157053844049	1.6490715043504521e-19	-4.0734830872996007e-19	3.4071053270356974e-20	1.0790000000000108	5.1194942382593035e-18	3.217912047936977e-19	-3.1357837333712004e-19	0.9551352631080778	4892.667827880118	261632.65232627487	-1179015.6725230839	290689.08838316106	171939949.21847326	1066021.4100901282	-1159564.3207434276	943643.0011337508	3349.713832146817	1599.565890624997	4747.439159185864	282057.46327570255	-1125145.4403289931	282060.5873700186	185362742.3072426	1017313.9821705872	-1125145.065545412	1017310.1437114733	3196.662548667823	-0.02926707933743829	0.0	0.0	0.0	0.07603468627600744	0.0	0.0	0.0	-0.04590231176856108	185378032.7106383	0.07635272576298278
168	828.75	nan	nan	1	1	6.000000000000838e-05	6.000000000000867e-05	5.999999999999513e-05	0.9697845345208667	1.6906777627195834e-19	-6.579074307913602e-19	3.057721176952244e-19	1.0828750000000038	-9.929801121980054e-18	-1.6707555478001623e-19	-2.96434426484693e-19	0.9530702298063537	4821.756231868164	261061.11492280845	-1182083.1639362108	291507.75457257516	172534389.7675106	1077922.9579073251	-1161709.2286833473	948707.7773520994	3289.8630079995505	1599.565890624997	4671.991230895441	282450.2934938302	-1125626.8668637744	282453.4479988471	186670424.05768338	1026441.3527297563	-1125626.2382961756	1026437.0097102056	3132.7391363687516	-0.030681361519020102	0.0	0.0	0.0	0.07961954122817144	0.0	0.0	0.0	-0.048066684647195844	186685809.57672483	0.07996153364852907
172	867.5	nan	nan	1	1	6.000000000000838e-05	6.000000000000867e-05	5.999999999999513e-05	0.9684169299075014	8.11118750290718e-20	1.9785063344601728e-18	-1.4929463915125396e-19	1.0867500000000068	3.3097981820551236e-18	-3.081844675290046e-19	-3.3556057238426364e-19	0.95101866384791	4745.903802144614	261231.71084338185	-1184803.7567739154	293155.47690871754	173067425.8026781	1088808.5679776494	-1163516.9507751488	952815.6804966907	3227.440440808279	1599.565890624997	4591.982687215627	283644.5748394755	-1125782.2592899043	283647.73723794345	187916069.80591333	1034569.1112000614	-1125781.2878185683	1034564.286710586	3066.6641377556625	-0.03209257172129452	0.0	0.0	0.0	0.08319159088677083	0.0	0.0	0.0	-0.05022159113204797	187931542.40013155	0.08355726795893381
176	906.25	nan	nan	1	1	6.000000000000838e-05	6.000000000000867e-05	5.999999999999513e-05	0.9670542394129488	3.0726289568239196e-19	-2.482416399177123e-18	-1.7428549922704483e-19	1.0906249999999897	-5.014543467962706e-18	-1.6078718217960032e-19	-4.389663545850686e-20	0.9489804171606661	4665.777795768783	262161.36564789776	-1187300.3337028008	295663.6641619758	173543948.9016087	1098684.3894766	-1165108.849489424	955988.1703970962	3161.7404208851444	1599.565890624997	4508.0772844848925	285667.3506077674	-1125730.176671036	285670.40836469026	189104294.50278488	1041709.6136189564	-1125728.8641346786	1041704.2464467924	2997.7811860717698	-0.03350069470583283	0.0	0.0	0.0	0.08675092640864573	0.0	0.0	0.0	-0.052367115821508194	189119847.99615872	0.08714002001928339
180	945.0	nan	nan	1	1	6.000000000000838e-05	6.000000000000867e-05	5.999999999999513e-05	0.9656964592783076	-1.599198204416119e-20	3.450730911951083e-18	-5.058345235731121e-19	1.0945000000000007	2.198762005800603e-18	3.034681880786927e-19	6.900404726783993e-19	0.9469553450434486	4583.169203291797	263728.78037533764	-1189602.8464579822	298907.57153010485	173968405.73644716	1107611.2014108377	-1166514.770277653	958293.7550513194	3092.409553273294	1599.565890624997	4422.019214646103	288394.774850958	-1125500.2342158116	288397.6056917085	190239302.4080983	1047926.7684334562	-1125498.6450492288	1047920.9411114714	2925.7728214617555	-0.03490571849801233	0.0	0.0	0.0	0.09029763798078141	0.0	0.0	0.0	-0.054503341033035814	190254930.4337078	0.09070988039524827
184	983.75	nan	nan	1	1	6.000000000000838e-05	6.000000000000867e-05	5.999999999999513e-05	0.9643435854897722	1.1714804473705876e-19	3.8245231634426167e-19	6.14742631799281e-20	1.098375000000017	-4.644234215950283e-18	7.773729576721066e-20	6.067330882500443e-19	0.9449433034697237	4502.497527439469	265708.46474051883	-1191690.7715107778	302641.27548331	174344836.6527298	1115638.9351758466	-1167714.9381648346	959790.0386566025	3023.6522247599637	1599.565890624997	4338.075357323667	291586.7883095678	-1125074.1354582445	291589.42371030553	191324920.82091144	1053273.6683739354	-1125072.3330241076	1053267.5166999204	2854.6272187586947	-0.03630763138969187	0.0	0.0	0.0	0.09383181483388564	0.0	0.0	0.0	-0.05663034961658075	191340611.93458802	0.09426693926248672
188	1022.5	nan	nan	1	1	6.000000000000838e-05	6.000000000000867e-05	5.999999999999513e-05	0.9629956091226944	2.3483819056036025e-19	-4.144593197287494e-18	1.4343994741983223e-19	1.1022500000000013	-9.416295868036607e-20	-3.7220660581427365e-19	2.4835006013496085e-19	0.9429441536906926	4422.538300308947	267822.15463292936	-1193501.5309911647	306553.2914363625	174676903.72818273	1122766.721608487	-1168648.4403843472	960489.8439282833	2955.844928480501	1599.565890624997	4255.058379538344	294941.7280970072	-1124394.1205731363	294944.22951865237	192364623.13894895	1057755.0742673522	-1124392.147976299	1057748.6943755683	2784.6924135483173	-0.03770642677623982	0.0	0.0	0.0	0.09735354525591153	0.0	0.0	0.0	-0.058748220063458374	192380363.6585147	0.09781128569954511
192	1061.25	nan	nan	1	1	6.000000000000838e-05	6.000000000000867e-05	5.999999999999513e-05	0.9616525148884812	-3.9310460268893177e-19	-7.796795977940696e-18	4.765068548073792e-19	1.1061250000000196	-3.5540147214074836e-19	4.811689241490668e-19	7.16386585469797e-20	0.9409577638009778	4342.296832060072	269779.9366522221	-1194934.4456961378	310312.42644271336	174967928.19110537	1129075.9077715988	-1169217.3011217297	960475.8323880926	2888.2443417998134	1599.565890624997	4172.008357096445	298140.7548530911	-1123367.1002553178	298143.1455517693	193361562.88458344	1061452.9801612706	-1123365.0163034531	1061446.5747150225	2715.260810132801	-0.03910210470352108	0.0	0.0	0.0	0.1008629166053955	0.0	0.0	0.0	-0.06085702478137253	193377337.93841743	0.1013430074107389
196	1100.0	nan	nan	1	1	6.000000000000838e-05	6.000000000000867e-05	5.999999999999513e-05	0.9603142809488731	4.041363597939718e-19	-6.424385762954232e-18	-5.697482416411325e-20	1.1100000000000005	5.759824041329242e-19	-3.4900467932308386e-19	-2.7348999800946847e-20	0.9389840089714411	4259.255632710782	271415.0865934421	-1195894.2307084282	313723.3064213458	175220922.73387542	1134814.3798478018	-1169329.0723077657	959969.6396273776	2818.3466738239295	1599.565890624997	4086.509674301697	300997.16189058067	-1121905.8293737608	300999.3851739769	194318602.95130536	1064604.9084576836	-1121903.679537231	1064598.6582970798	2643.9792762326038	-0.04049467210767195	0.0	0.0	0.0	0.10436001532424286	0.0	0.0	0.0	-0.06295682976825491	194334401.35037926	0.10486219067526834
200	1138.75	nan	nan	1	1	6.000000000000838e-05	6.000000000000867e-05	5.999999999999513e-05	0.958980878739543	4.087442190270352e-20	5.34258916403893e-18	-6.131163285405528e-19	1.1138750000000106	-1.679971266266289e-18	-3.428247269399165e-19	4.015613796343187e-19	0.9370227717040454	4176.211114682633	272756.90613501135	-1196340.9367444087	316814.53162285226	175438614.11241627	1140335.723480462	-1168945.630884145	959276.7737581291	2749.026785683754	1599.565890624997	4001.2514348163013	303539.813187056	-1119975.595311139	303541.790492775	195238334.7797597	1067545.3305435493	-1119973.4051646192	1067539.21221373	2573.5497434375657	-0.041884143046651466	0.0	0.0	0.0	0.10784492695075616	0.0	0.0	0.0	-0.06504769425989204	195254147.4742034	0.10836892028435469
204	1177.5	nan	nan	1	1	6.000000000000838e-05	6.000000000000867e-05	5.999999999999513e-05	0.957652271966592	3.569464602365402e-19	7.974397611156241e-18	-2.271403551357132e-19	1.1177499999999894	1.0500660670847983e-17	1.6458188978329957e-19	2.722431655111102e-19	0.9350739428101045	4097.547023846044	273892.32723420666	-1196275.3092287271	319682.7449535691	175623462.48225075	1145997.6698485825	-1168068.7693633896	958699.6296632603	2682.4271122423797	1599.565890624997	3920.426470060155	305862.3830673028	-1117579.990004369	305864.13970207423	196123094.42834055	1070609.795700073	-1117577.8326918578	1070603.752706818	2505.9673489542074	-0.04327053979688052	0.0	0.0	0.0	0.11131773613194385	0.0	0.0	0.0	-0.06712966960099943	196138915.101515	0.11186327939098376
208	1216.25	nan	nan	1	1	6.000000000000838e-05	6.000000000000867e-05	5.999999999999513e-05	0.9563284185478899	-6.344751113385172e-19	-5.004751767092447e-18	3.867891250342037e-19	1.1216250000000254	7.54160189159192e-18	2.372234353398284e-19	-1.0728316022015627e-18	0.9331374196143152	4020.21759015733	274863.0856276499	-1195707.6398997763	322373.4528626401	175777704.30685678	1152034.108880024	-1166709.4464635842	958431.0676153391	2615.0397485118347	1599.565890624997	3841.1058330986084	308009.24390410614	-1114731.4697978008	308010.8283836359	196975005.48363253	1074015.6143492318	-1114729.3299035423	1074009.7303219298	2437.9430265098977	-0.04465389087913557	0.0	0.0	0.0	0.11477852663610738	0.0	0.0	0.0	-0.0692028010767168	196990834.74295938	0.11534534975322032
212	1255.0	nan	nan	1	1	6.000000000000838e-05	6.000000000000867e-05	5.999999999999513e-05	0.9550092760141763	-6.941604409338442e-20	3.442653605766066e-18	3.3415110956003245e-19	1.125500000000004	-5.855125412290718e-18	5.442694905877232e-20	-2.780436471339076e-19	0.9312131009228439	3941.740573180512	275667.0182954882	-1194696.0510897273	324881.3451540333	175903393.2163201	1158553.7685414262	-1164925.3476026764	958556.0491425176	2547.3243396437615	1599.565890624997	3760.914505888428	309976.0512928681	-1111486.8756370032	309977.51906753797	197796020.6315476	1077861.8605786886	-1111484.776011258	1077856.2516956464	2369.9061940668385	-0.046034225444729175	0.0	0.0	0.0	0.11822738136465358	0.0	0.0	0.0	-0.07126713324348656	197811862.47559983	0.1188152124324486
216	1293.75	nan	nan	1	1	6.000000000000838e-05	6.000000000000867e-05	5.999999999999513e-05	0.9536948026881492	-2.527546314606832e-19	2.753175562964644e-18	-7.391006209833684e-19	1.1293750000000289	3.2909872743625e-18	1.6252190565557713e-19	-1.3818156688327754e-19	0.9293008859214481	3859.946709135563	276315.3974335441	-1193290.8522736307	327216.90788864886	176002419.87850043	1165658.9425663876	-1162766.3815358025	959152.2988761491	2478.6376344679747	1599.565890624997	3677.788815338229	311773.5867082155	-1107895.31424704	311774.9478701852	198587940.53647605	1082240.8283938859	-1107893.3247297048	1082235.5728184427	2301.258754905582	-0.04741157204182581	0.0	0.0	0.0	0.12166438236438186	0.0	0.0	0.0	-0.07332271109803655	198603802.55109224	0.12227294795068776
220	1332.5	nan	nan	1	1	6.000000000000838e-05	6.000000000000867e-05	5.999999999999513e-05	0.9523849559312134	-5.796144814107507e-19	-7.177459039435507e-18	3.371868756429919e-20	1.1332500000000028	-3.1728634476702046e-18	1.9971004017182993e-19	4.500387692715768e-19	0.927400676001835	3773.598522710947	276894.3664781876	-1191454.5650424073	329479.8994489658	176076537.8793076	1173492.8783678706	-1160196.7892298256	960329.3194413964	2409.0500923678987	1599.565890624997	3590.563050466954	313497.574611099	-1103924.1423679264	313498.7322348065	199352439.968946	1087282.0142168093	-1103922.3429858466	1087277.1313551487	2232.0687965503334	-0.048785960450493555	0.0	0.0	0.0	0.12508961083882403	0.0	0.0	0.0	-0.0753695781035036	199368332.21208513	0.12571863598274063
224	1371.25	nan	nan	1	1	6.000000000000838e-05	6.000000000000867e-05	5.999999999999513e-05	0.951079693086208	3.2255014631443755e-20	1.5626917620158166e-17	1.199127602768968e-19	1.1371249999999968	1.4779030863693032e-17	1.3725999503666486e-19	4.529254575558195e-20	0.9255123738870247	3684.2156988120414	277511.8040111546	-1189132.4889908952	331798.0595612083	176127371.55402398	1182137.9792626696	-1157164.1012441872	962144.5143424979	2340.1594472690495	1599.565890624997	3500.6977185836126	315269.76434251404	-1099525.050139579	315270.55012303597	200091074.04264367	1093057.6138102973	-1099523.4971064785	1093052.8716825657	2163.8160233740045	-0.050157420698277645	0.0	0.0	0.0	0.1285031471600863	0.0	0.0	0.0	-0.07740777710979878	200107006.01991513	0.12915235547876205
228	1410.0	nan	nan	1	1	6.000000000000838e-05	6.000000000000867e-05	5.999999999999513e-05	0.9497789729679167	3.8115127373727907e-19	4.338814463961116e-18	-4.827410172991708e-19	1.1409999999999985	-1.8813076096968473e-18	-7.58941520739853e-20	-1.8992511556514823e-19	0.9236358821547103	3593.6683222492784	278221.52619842486	-1186330.1962255067	334236.85669823305	176156416.9390109	1191508.0427069252	-1153674.5428940512	964517.6682285941	2272.822830499303	1599.565890624997	3409.9777919198004	317151.9468458348	-1094705.7263534707	317152.32358135196	200805276.80575344	1099483.6694686525	-1094704.4127627371	1099478.7514311154	2097.284698181567	-0.051525981490866846	0.0	0.0	0.0	0.13190507087993705	0.0	0.0	0.0	-0.0794373519373627	200821255.81057474	0.13257418489815717
232	1448.75	nan	nan	1	1	6.000000000000838e-05	6.000000000000867e-05	5.999999999999513e-05	0.9484827585020001	4.374755765979011e-19	-3.2727726778647437e-18	-6.70470623465036e-19	1.1448749999999897	1.2813534955302685e-17	1.4170522394385542e-19	9.524716085285156e-20	0.9217711006644402	3503.7436133004985	279034.60865049134	-1183074.531766886	336811.3458575795	176165044.10458338	1201351.1026130605	-1149755.0365167637	967236.97643087	2209.8071130264675	1599.565890624997	3320.0999573326644	319157.8592795291	-1089493.3721843055	319157.86610810994	201496361.43066177	1106324.266830838	-1089492.2885314806	1106318.977085559	2035.0114374049097	-0.05289166741909418	0.0	0.0	0.0	0.1352954607410057	0.0	0.0	0.0	-0.08145835016956351	201512389.33237448	0.13598420260601074
236	1487.5	nan	nan	1	1	6.000000000000838e-05	6.000000000000867e-05	5.999999999999513e-05	0.947191019221685	-2.586364282464171e-19	2.3550497489643883e-18	4.082021179407924e-20	1.148749999999997	1.644008280204945e-17	-1.8485647040877851e-19	4.1896282450271107e-19	0.9199179240714488	3410.098990243277	279934.2393705548	-1179375.2046034622	339502.9353233376	176154505.72020537	1211347.1906694993	-1145415.6823587748	970040.6577580555	2148.731709771115	1599.565890624997	3226.951073881034	321269.40478093835	-1083899.202674089	321269.0789510632	202165527.62342647	1113282.9052223687	-1083898.2612537418	1113277.1233414938	1974.7817131398144	-0.05425449629336963	0.0	0.0	0.0	0.13867439468775758	0.0	0.0	0.0	-0.08347082588458044	202181604.71337834	0.13938248727322847
240	1526.25	nan	nan	1	1	6.000000000000838e-05	6.000000000000867e-05	5.999999999999513e-05	0.9459037291346796	-3.550762114890027e-19	-2.368737801392018e-18	1.839891086707901e-19	1.152625000000002	3.9595063339170625e-18	2.7972416050126015e-19	-9.51143460867221e-19	0.9180762440405243	3308.5750045411673	280897.3121342864	-1175265.870979552	342284.96407004236	176125966.92715102	1221263.168775839	-1140689.9112574242	972741.7478575541	2089.383982720051	1599.565890624997	3126.6135060989172	323460.978552219	-1077956.2924722089	323460.33870384935	202813893.72453976	1120145.1093353238	-1077955.4575347572	1120138.8694320468	1916.3873189702356	-0.05561448135120476	0.0	0.0	0.0	0.1420419498771698	0.0	0.0	0.0	-0.08547483730010685	202830019.24212188	0.14276911750624385
244	1565.0	nan	nan	1	1	6.000000000000838e-05	6.000000000000867e-05	5.999999999999513e-05	0.9446208634487538	-1.0905989653031688e-18	8.365432912355031e-19	7.546589221585353e-19	1.156499999999998	-1.4309300272463686e-17	3.356689926015122e-19	-4.093405302219022e-19	0.9162459524245504	3193.534485560751	281962.1793952402	-1170843.4201146343	345205.4948496559	176080519.41095027	1231025.9656146287	-1135672.421080281	975284.0317049419	2027.3431421818816	1599.565890624997	3013.7963601706274	325777.62749036483	-1071755.3228653052	325776.6805377439	203442511.2758185	1126844.6391437254	-1071754.6419095357	1126838.069770705	1855.7697524534658	-0.05697163469146164	0.0	0.0	0.0	0.14539820268935477	0.0	0.0	0.0	-0.08747044333586267	203458689.68218118	0.14614417136808122
248	1603.75	nan	nan	1	1	6.000000000000838e-05	6.000000000000867e-05	5.999999999999513e-05	0.9433423980351167	4.195862407518902e-20	4.860478339252516e-19	6.758916343274635e-19	1.1603750000000095	-5.311452232897862e-18	-1.6436504934880247e-19	6.461031796384242e-19	0.9144269418281433	3057.34103092642	283213.96357415937	-1166259.6469943777	348371.04070792865	176019188.68257773	1240639.57080328	-1130510.8350254162	977673.0799728575	1958.9216836963474	1599.565890624997	2881.353267478626	328319.21048863075	-1065436.4037925876	328317.9816333932	204052372.0292515	1133386.1770198056	-1065435.9639537602	1133379.3351210447	1789.572741685385	-0.058325967834626444	0.0	0.0	0.0	0.14874322873796794	0.0	0.0	0.0	-0.08945770299405048	204068615.75235724	0.14950772628214679
252	1642.5	nan	nan	1	1	6.000000000000838e-05	6.000000000000867e-05	5.999999999999513e-05	0.9420683109139465	5.477931476483011e-19	7.783975287251055e-18	-3.023297757975829e-19	1.1642499999999758	7.802786194943679e-18	-2.205267218835516e-19	1.4720754996921937e-19	0.9126191041013303	2884.2714067396087	284669.5735607859	-1161647.4937194893	351805.8092203663	175942931.81334972	1250094.5463651875	-1125334.1046368603	979904.0262114018	1875.2493771948568	1599.565890624997	2714.56548131002	331107.56215500203	-1059121.3380217596	331106.11699107883	204644404.0451077	1139762.1186791088	-1059121.2422832632	1139755.2228933498	1709.7412427067047	-0.059677490141210744	0.0	0.0	0.0	0.15207710288032858	0.0	0.0	0.0	-0.09143667700058918	204660738.69073573	0.15285985928117932
256	1681.25	nan	nan	1	1	6.000000000000838e-05	6.000000000000867e-05	5.999999999999513e-05	0.9407985857101375	3.7264028668326786e-19	8.88341050025998e-19	-3.9768535686768304e-19	1.1681249999999965	9.589985056068784e-18	4.0245584642661927e-19	-2.424276057677588e-19	0.9108223270373089	2657.441774962772	286252.371443577	-1157059.2867211497	355418.2617448491	175852636.95922926	1259380.0657752312	-1120192.6527368927	981970.8372255495	1766.8113989962353	1599.565890624997	2497.7028600827325	334055.6099299871	-1052857.6033900948	334054.05802284396	205219469.80198568	1145963.6451013787	-1052857.8345329117	1145956.853767059	1607.6970614538466	-0.061026205123197105	0.0	0.0	0.0	0.15539989922768707	0.0	0.0	0.0	-0.09340743143763927	205235933.1679661	0.1562006474982539
260	1720.0	nan	nan	1	1	6.000000000000838e-05	6.000000000000867e-05	5.999999999999513e-05	0.9395332136458411	-5.467089454758157e-19	5.184546368608434e-18	7.654467337747661e-20	1.1719999999999955	-1.0005234488130732e-17	-5.473052566706826e-19	4.854515227303846e-19	0.9090364923442755	2351.7260572260907	287861.041319527	-1152491.2368009093	359084.34250816004	175749117.2597584	1268540.178996807	-1115082.4491340646	983910.3213596548	1617.7899642503899	1599.565890624997	2207.383549392674	337046.20122531056	-1046641.3356434873	337044.7285139708	205778357.74362916	1152031.8288476542	-1046641.7408064624	1152025.416987716	1469.204966515649	-0.06237210828320704	0.0	0.0	0.0	0.1587116911548172	0.0	0.0	0.0	-0.09537004001720834	205795006.35684767	0.15953016850743504
264	1750.0	nan	nan	1	1	6.000000000000838e-05	6.000000000000867e-05	5.999999999999513e-05	0.9385565161337095	2.400423609882907e-19	-9.941374980171336e-18	-2.8861461831564127e-19	1.1750000000000287	3.106401854496843e-18	5.4210108624275225e-21	9.238486711748984e-19	0.9076612253933368	1060.073832653768	289103.54789392353	-1148894.6216548355	361934.67175282433	175659809.76836097	1275749.2447305464	-1111075.8866774265	985485.4721630166	842.9694924126326	1599.565890624997	993.9727187140439	339366.6872387603	-1041794.1167308437	339366.1635609161	206199779.132259	1156823.2913039043	-1041794.5295505361	1156820.6009446827	764.3874740349395	-0.06341220512703102	0.0	0.0	0.0	0.16126814759614652	0.0	0.0	0.0	-0.09688406978696065	206217367.27907732	0.16210023919609406
268	1780.0	nan	nan	1	1	6.000000000000838e-05	6.000000000000867e-05	5.999999999999513e-05	0.9375825101945794	2.9587877287129417e-19	-4.726037269864314e-18	-4.736879291589169e-19	1.1780000000000024	-6.970335766909309e-18	7.13405029495462e-20	-4.770218508393098e-19	0.9062924705425286	713.5191052693116	290267.0382131866	-1145299.5259137389	364697.7163326552	175564243.61462334	1282843.90224218	-1107077.856698079	986951.9231126835	647.3014557267821	1599.565890624997	668.3315201156538	341601.5654864991	-1036965.4655092974	341601.1951737604	206613264.91422445	1161499.497874164	-1036965.9640355868	1161497.096158703	586.0731102870667	-0.06445051413608292	0.0	0.0	0.0	0.16381808522939736	0.0	0.0	0.0	-0.09839320986440932	206631084.9445204	0.16466357846250929
272	1810.0	nan	nan	1	1	6.000000000000838e-05	6.000000000000867e-05	5.999999999999513e-05	0.9366111200538779	1.6485294032642095e-19	-5.2159882316105135e-18	-6.0802057832987085e-19	1.181000000000014	-7.793245215825806e-19	3.0726289568239196e-19	-2.3657291403633706e-19	0.9049300797738888	511.8911508030377	291345.35014903854	-1141646.4129508329	367365.5762310225	175461929.87594318	1289892.4868272187	-1103030.5868225023	988366.0286953025	525.2643558984238	1599.565890624997	478.97483874730995	343742.9162472395	-1032101.4997633529	343742.74171476887	207018218.8769158	1166122.8512485048	-1032102.0330744832	1166120.622311731	474.86342824285805	-0.06548710951449642	0.0	0.0	0.0	0.16636153721523733	0.0	0.0	0.0	-0.09989759818526703	207036168.7835729	0.16722028312989773
276	1840.0	nan	nan	1	1	6.000000000000838e-05	6.000000000000867e-05	5.999999999999513e-05	0.9356423490762942	-2.1532255145562118e-19	5.295785511505446e-19	8.42425088021237e-20	1.1840000000000075	-8.912033437613598e-18	5.421010862427522e-19	7.682114493146041e-19	0.9035739917619319	280.9314696423954	292321.4590470883	-1137900.8538776136	369915.54093366786	175353085.40090552	1296921.3025400755	-1098900.8505000132	989748.5268268867	378.43986495916613	1599.565890624997	262.5941017279698	345769.8370298458	-1027171.2383673142	345769.87515973806	207414836.93807414	1170717.3396130693	-1027171.7942189785	1170715.2390968862	341.61372092570286	-0.06652198121324494	0.0	0.0	0.0	0.16889853646182007	0.0	0.0	0.0	-0.10139727771318031	207432940.74162644	0.16977038978107417
280	1870.0	nan	nan	1	1	6.000000000000838e-05	6.000000000000867e-05	5.999999999999513e-05	0.9346762014374433	7.463647755390213e-19	7.760881780977114e-18	-3.01950305037213e-20	1.1869999999999847	-3.4125805480067495e-18	2.2638141361497333e-19	7.509726347720846e-19	0.902224146720253	55.90340656900106	293171.75581142324	-1134055.4675393028	372316.2772179436	175238016.90799147	1303959.307335259	-1094681.542137418	991121.8258675107	228.23765611702885	1599.565890624997	52.200313112201286	347653.41269860393	-1022168.2638393245	347653.7019897082	207803423.77792284	1175309.1973429571	-1022168.8223453653	1175307.2331583921	205.71946908568242	-0.06755511829518432	0.0	0.0	0.0	0.1714291156275185	0.0	0.0	0.0	-0.10289229010058798	207821679.47552842	0.1723139340567224
284	1900.0	nan	nan	1	1	6.000000000000838e-05	6.000000000000867e-05	5.999999999999513e-05	0.9337126793917206	-6.197299617927144e-19	-6.096035135016997e-18	4.889751797909625e-19	1.1900000000000008	1.6234355439820325e-17	-6.312225048210607e-19	-1.0522182083971821e-19	0.9008804869199114	-156.54536882670467	293867.29387704027	-1130127.7794071552	374529.1509777593	175117000.04340678	1311033.199340856	-1090389.7094270785	992506.1656662407	79.90160103882926	1599.565890624997	-146.02461926579977	349358.100131054	-1017108.614402163	349358.63695856277	208184250.886431	1179922.4699319608	-1017109.2467558256	1179920.5819433506	71.91098936064625	-0.06858651185679569	0.0	0.0	0.0	0.1739533071234389	0.0	0.0	0.0	-0.10438267509987213	208202651.46350342	0.17485095118993027
288	1930.0	nan	nan	1	1	6.000000000000838e-05	6.000000000000867e-05	5.999999999999513e-05	0.9327517825741597	-1.0110185258427329e-19	-5.138034095408805e-19	4.399692415946177e-19	1.193000000000003	-1.3105185339701286e-17	4.206704429243757e-19	-2.6186192970956145e-19	0.8995429574536759	-365.3536486426511	294374.4590919708	-1126150.2275057929	376509.00260141154	174990285.8908573	1318163.0054353478	-1086056.5841759206	993916.4625250967	-71.92192868629616	1599.565890624997	-340.44824312717014	350842.4466578584	-1012021.6363788082	350843.1595891556	208557563.83445373	1184575.0675105434	-1012022.3443588308	1184573.1608695113	-64.63307131041873	-0.06961615578737601	0.0	0.0	0.0	0.17647114311578171	0.0	0.0	0.0	-0.10586846969610937	208576109.37131062	0.17738147586359243
292	1960.0	nan	nan	1	1	6.000000000000838e-05	6.000000000000867e-05	5.999999999999513e-05	0.9317935083164987	-5.366800753803247e-19	-9.949723336899474e-19	-6.724221873755098e-19	1.196	1.0179248936814656e-17	3.647256108241237e-19	-5.921912266115825e-19	0.8982115062237954	-565.5874664358715	294659.502677204	-1122160.095686458	378210.06933137507	174858122.91433075	1325357.0368745013	-1081718.0904195616	995358.6606596133	-224.0431091928896	1599.565890624997	-526.4898257829255	352064.43613037886	-1006940.8524489545	352065.3573998561	208923608.0537679	1189274.284159288	-1006941.6363840317	1189272.30389209	-201.03919237833756	-0.07064404644438019	0.0	0.0	0.0	0.1789826555284407	0.0	0.0	0.0	-0.10734970809681701	208942295.27405643	0.17990554212598311
296	1990.0	nan	nan	1	1	6.000000000000838e-05	6.000000000000867e-05	5.999999999999513e-05	0.9308378517854582	-4.680500778619923e-19	1.0636023312082798e-19	-5.30825383648903e-19	1.1989999999999932	1.195907522316686e-17	1.0018028073766061e-19	-7.354685437055419e-19	0.8968860836193493	-758.3681053401662	294698.7349622688	-1118178.7361076958	379598.8560619891	174720745.2445571	1332616.501950671	-1077394.7650471102	996833.2820571762	-376.2898875622518	1599.565890624997	-705.218328640396	352993.69715581957	-1001885.3146972026	352994.8964635916	209282614.8086207	1194021.0096241198	-1001886.1950314051	1194018.9214805565	-337.1547859423544	-0.07167018251764318	0.0	0.0	0.0	0.1814878760453717	0.0	0.0	0.0	-0.1088264220680313	209301440.99654526	0.18242318349376452
300	2020.0	nan	nan	1	1	6.000000000000838e-05	6.000000000000867e-05	5.999999999999513e-05	0.9298848064711864	7.227291681788373e-19	4.9137126659215544e-18	1.0386656812411132e-19	1.2019999999999893	7.838131185766705e-18	1.3704315460216776e-19	3.707971429900425e-19	0.8955666420938189	-944.9334946298345	294479.67721420573	-1114197.8023842382	380655.7468556484	174578377.03422353	1339936.914994202	-1073078.5301586632	998336.5438053684	-529.2309513564517	1599.565890624997	-877.8066511000791	353613.03679573076	-996847.3945644968	353614.4588675525	209634806.19763404	1198811.036724816	-996848.4303701867	1198808.7610622405	-473.4908773412167	-0.07269456451609232	0.0	0.0	0.0	0.18398683611300676	0.0	0.0	0.0	-0.11029864138508118	209653769.1765759	0.18493443300103388
