6	header
postResults v2.0.3	--cr f,p,texture --time RVE_1_40_D_tensionX.spectralOut
addCauchy v2.0.3	RVE_1_40_D_tensionX.txt
addStrainTensors v2.0.3	--left --logarithmic RVE_1_40_D_tensionX.txt
addMises v2.0.3	-s Cauchy RVE_1_40_D_tensionX.txt
addMises v2.0.3	-e ln(V) RVE_1_40_D_tensionX.txt
inc	time	elem	node	ip	grain	1_pos	2_pos	3_pos	1_f	2_f	3_f	4_f	5_f	6_f	7_f	8_f	9_f	1_p	2_p	3_p	4_p	5_p	6_p	7_p	8_p	9_p	texture	1_Cauchy	2_Cauchy	3_Cauchy	4_Cauchy	5_Cauchy	6_Cauchy	7_Cauchy	8_Cauchy	9_Cauchy	1_ln(V)	2_ln(V)	3_ln(V)	4_ln(V)	5_ln(V)	6_ln(V)	7_ln(V)	8_ln(V)	9_ln(V)	Mises(Cauchy)	Mises(ln(V))
0	0.0	nan	nan	1	1	0.001500000000000045	0.001500000000000028	0.0014999999999998368	1.0	0.0	0.0	0.0	1.0	0.0	0.0	0.0	1.0	2.7716487604837245e-12	-1.1931922846408178e-15	-2.8066754232013122e-14	-1.1931922846409345e-15	2.7018729684354e-12	-1.6832583398957215e-14	-2.806675423201312e-14	-1.6832583398957266e-14	2.699121388890668e-12	1599.565890624997	2.7716487604837245e-12	-1.1931922846408178e-15	-2.8066754232013122e-14	-1.1931922846409345e-15	2.7018729684354e-12	-1.6832583398957215e-14	-2.806675423201312e-14	-1.6832583398957266e-14	2.699121388890668e-12	0.0	0.0	0.0	0.0	0.0	0.0	0.0	0.0	0.0	9.102600058540028e-14	0.0
4	3.0	nan	nan	1	1	0.001500000000000045	0.001500000000000028	0.0014999999999998368	0.9998904999999915	-3.205821182010514e-23	1.2164848960449846e-22	-2.693300074472658e-24	1.0002964000000032	3.678968492390846e-22	-1.3168715351844201e-24	1.2043749718772083e-23	0.9999072045656868	-0.834078162080818	-0.0007791601149787003	0.00440658943380809	-0.0007794764107057424	20.70781765587752	0.0008561134221048089	0.0044066630520317625	0.0008557803254002019	-1.1489604430361609e-09	1599.565890624997	-0.833908397460017	-0.0007793177594846041	0.004405766139109379	-0.0007793177594865849	20.712007389951363	0.0008559534721815174	0.004405766139109166	0.0008559534721821872	-1.148745779733398e-09	-0.00010950599557121432	0.0	0.0	0.0	0.0002963560822013585	0.0	0.0	0.0	-9.279974007586221e-05	21.141301580144653	0.0002651814385823855
8	6.0	nan	nan	1	1	0.001500000000000045	0.001500000000000028	0.0014999999999998368	0.999780999999996	9.222732957721237e-23	2.570215599324768e-22	5.651297944962285e-24	1.000592800000015	-8.89424299286418e-22	-1.4823076576950256e-24	-2.914322734146827e-23	0.999814350917554	-1.6646804667932218	-0.0015581898509947445	0.008812081266690606	-0.001559455066602034	41.435234477069045	0.0017139498722361815	0.008812375222061995	0.0017126164399908703	-1.3878659420370892e-09	1599.565890624997	-1.664003149512226	-0.0015588205629280376	0.008808789684691636	-0.0015588205629320409	41.45200630806691	0.0017133096595127791	0.008808789684690958	0.0017133096595142593	-1.387347531639643e-09	-0.00021902398400569506	0.0	0.0	0.0	0.0005926243635033826	0.0	0.0	0.0	-0.00018566631736959834	42.30856002550088	0.0005303294904263344
12	9.0	nan	nan	1	1	0.001500000000000045	0.001500000000000028	0.0014999999999998368	0.9996714999999948	5.2234801321498594e-23	-1.8396496823179334e-23	5.532183936754649e-24	1.0008891999999756	4.719826400778572e-22	-6.061579528788587e-24	8.012402285433648e-23	0.9997214388001956	-2.4917859217263434	-0.002337172393183317	0.013216354690992173	-0.002340019303225076	62.182183711086914	0.002574542791932384	0.013217014916773618	0.0025715390117164146	-5.5924880759599534e-08	1599.565890624997	-2.490265885584303	-0.002338591847557808	0.013208952289807693	-0.002338591847566482	62.21994933459913	0.0025731008059189874	0.013208952289808671	0.0025731008059212417	-5.5893557568503664e-08	-0.00032855396794947696	0.0	0.0	0.0	0.0008888048958564497	0.0	0.0	0.0	-0.00027860000518181754	63.50171887161062	0.0007954442790250009
16	12.0	nan	nan	1	1	0.001500000000000045	0.001500000000000028	0.0014999999999998368	0.9995619999999994	1.0528354836574936e-22	5.098079551286821e-22	-6.1939284267970716e-24	1.0011856000000052	-2.0587400480811787e-21	-2.5808035111654463e-23	1.36054667152722e-23	0.9996282529294079	-3.3033866695402927	-0.0030849311770135123	0.017055124315114068	-0.0030899420630231367	82.89045950591968	0.004132380211201203	0.017056254762312636	0.004125952282531064	-4.280823169003821e-06	1599.565890624997	-3.300701838442267	-0.003087430712276861	0.017042392272642568	-0.0030874307092605274	82.9576206886631	0.0041292952943524424	0.017042392272757913	0.004129295294946357	-4.277627436073722e-06	-0.0004380959500190331	0.0	0.0	0.0	0.0011848977313437862	0.0	0.0	0.0	-0.0003718161856635047	84.6562527276765	0.0010605930957420676
20	15.0	nan	nan	1	1	0.001500000000000045	0.001500000000000028	0.0014999999999998368	0.9994525000000003	2.5845092803096837e-22	3.425983573847628e-22	-4.108109794183357e-23	1.0014820000000118	2.8942057016495376e-21	-1.172611236355172e-23	-4.235164736271502e-23	0.9995251137830184	-3.6888587256891996	-0.0021408233032711725	-0.009685747821784576	-0.0021451712057391653	101.06249765932908	0.033579522901031666	-0.009686452747548	0.03351390985854648	0.0035515385783269683	1599.565890624997	-3.6851499539179726	-0.002143013733791395	-0.009676712785322944	-0.002143014454558403	101.16590197998677	0.033548199329598946	-0.009676714005789405	0.033548200353653655	0.0035482256404784423	-0.0005476499328526897	0.0	0.0	0.0	0.001480902921791702	0.0	0.0	0.0	-0.00047499901115210255	103.05624373443804	0.0013288137744121146
24	18.0	nan	nan	1	1	0.001500000000000045	0.001500000000000028	0.0014999999999998368	0.9993429999999952	-5.603122946087197e-22	7.85908932198062e-21	2.710505431213761e-23	1.0017784000000016	-2.4466546681440466e-21	4.536920223730846e-23	-1.9926450084157414e-22	0.9993863003053025	-3.316724301970853	0.009394211055041443	-0.14174350425698487	0.009417108235123381	110.82336724837185	0.14332499781635755	-0.14174964704966822	0.14298275523718618	0.008350271618071699	1599.565890624997	-3.3128694176261115	0.009406159666688068	-0.14158489638322008	0.009406163139962247	110.964324841177	0.14316462028597152	-0.14158489760246223	0.14316461674790631	0.008340927847197376	-0.0006572159190825315	0.0	0.0	0.0	0.0017768205190767216	0.0	0.0	0.0	-0.000613888085436183	112.6538541666457	0.0016084428850528774
28	21.0	nan	nan	1	1	0.001500000000000045	0.001500000000000028	0.0014999999999998368	0.999233499999997	-5.319366908757006e-22	-6.326065566568742e-21	7.27601301691444e-22	1.002074800000014	1.1988057302490113e-20	1.4189125355489616e-22	-3.9598790284138543e-22	0.9992248379868862	-3.0553546550320045	0.027920989422179552	-0.28605482584624625	0.028000383549741922	115.83448549700951	0.29423437123122725	-0.2860523393167572	0.29339754744073665	0.0034338084521189837	1599.565890624997	-3.0513938552402284	0.027964083972985113	-0.28568152303874794	0.02796408533697935	116.01326981746492	0.2938503940809793	-0.2856815162294482	0.2938503908311778	0.003429327316966674	-0.0007667939113262867	0.0	0.0	0.0	0.0020726505750658895	0.0	0.0	0.0	-0.0007754626065355113	117.5691746049186	0.0018958591621854436
32	24.0	nan	nan	1	1	0.001500000000000045	0.001500000000000028	0.0014999999999998368	0.9991239999999995	4.130132650811969e-21	-4.472281021943502e-20	7.801173444212106e-22	1.002371199999993	6.393489389170184e-20	1.3805578249061027e-21	2.617331807015788e-21	0.9990548138681871	-2.973050513848184	0.054750797412491004	-0.3998725359977595	0.054928745477658414	119.16520885868555	0.4429508911016597	-0.39984484374837875	0.44148535351829954	0.0013568127783795036	1599.565890624997	-2.968823584047845	0.05485064523150302	-0.3992763673386888	0.054850650621861896	119.38252781601524	0.4422904970635362	-0.3992763649829897	0.44229048059877735	0.0013547899106357158	-0.0008763839122216552	0.0	0.0	0.0	0.0023683931414796504	0.0	0.0	0.0	-0.0009456331018931871	120.89807262442929	0.002186633308701889
36	27.0	nan	nan	1	1	0.001500000000000045	0.001500000000000028	0.0014999999999998368	0.9990144999999946	8.116269700590706e-21	1.3268771118738614e-20	-7.148958074826295e-22	1.0026676000000077	2.570236775148449e-20	1.661031609565683e-21	-4.791665382617577e-21	0.9988809397843708	-2.9511419746865877	0.08571713154714415	-0.49122452698290897	0.08603057768523333	121.70366485040951	0.5683758200833454	-0.49115886081438687	0.5662292784133497	0.0006134485826091361	1599.565890624997	-2.9465878623225263	0.08589781393795175	-0.4904009128321027	0.08589781791939208	121.96020293956761	0.5674228498168321	-0.49040091942764935	0.5674228281498188	0.0006124200408615728	-0.0009859859244089834	0.0	0.0	0.0	0.0026640482701223633	0.0	0.0	0.0	-0.0011196868310364354	123.4664997856732	0.0024791251534640774
40	30.0	nan	nan	1	1	0.001500000000000045	0.001500000000000028	0.0014999999999998368	0.9989049999999993	6.443379629763463e-21	7.685119342526427e-20	-2.1480755542369057e-21	1.002963999999988	-1.9095510762900947e-20	1.5420234804764538e-21	-1.3383120566617946e-21	0.9987049043004833	-2.9186614016165726	0.11426224927796283	-0.564508998813994	0.1147265529039857	123.7384414319171	0.664276913482381	-0.5643959362135738	0.6614560415627146	0.00048005883162952713	1599.565890624997	-2.9138097171842627	0.11453583846623694	-0.5634577250729631	0.11453584320727729	124.0347203863713	0.6630398439628796	-0.5634577420894217	0.6630398299323091	0.0004791648277342794	-0.0010955999505045905	0.0	0.0	0.0	0.0029596160126111864	0.0	0.0	0.0	-0.0012959350607320338	125.5259668752958	0.0027726692154244714
44	33.0	nan	nan	1	1	0.001500000000000045	0.001500000000000028	0.0014999999999998368	0.9987954999999882	7.030373462210693e-23	5.0725838595744656e-20	-3.30512256018628e-21	1.0032604000000234	1.0882679306323251e-20	-8.80067232197218e-22	-2.617331807015788e-21	0.9985274549849075	-2.845094433008814	0.13818400968507097	-0.6219380581557458	0.1388017327836001	125.39779863863497	0.7317157235995988	-0.6217711675823359	0.7282638089760476	0.0004769162789004394	1599.565890624997	-2.8400305055421633	0.1385546810515675	-0.6206644715123529	0.13855468231704732	125.73417166387122	0.7302173374498584	-0.6206644893445377	0.7302173384897618	0.00047593966363327695	-0.001205225993167893	0.0	0.0	0.0	0.0032550964206768955	0.0	0.0	0.0	-0.0014736302750299585	127.1888006386187	0.003066933794766317
48	36.0	nan	nan	1	1	0.001500000000000045	0.001500000000000028	0.0014999999999998368	0.9986860000000036	-8.0070024503949e-21	-1.1528499576957292e-19	2.1108061045577164e-21	1.0035568000000068	-1.405007430928598e-19	8.470329472543003e-22	-4.372384073726698e-21	0.998349029424631	-2.7277499028715266	0.1573189062532948	-0.6673296646404702	0.1580861799420358	126.77232045973622	0.7765464350672121	-0.6671045115473785	0.7725166980139598	0.00045001038969410195	1599.565890624997	-2.7225771227217335	0.1577863959766427	-0.665839431853309	0.1577863925411821	127.1490377814577	0.7748123072146553	-0.6658394450647303	0.7748123128643117	0.00044900545873895447	-0.0013148640549914847	0.0	0.0	0.0	0.0035504895458094684	0.0	0.0	0.0	-0.0016523349291676943	128.5442069751904	0.00336171037053612
52	39.0	nan	nan	1	1	0.001500000000000045	0.001500000000000028	0.0014999999999998368	0.9985765000000044	-1.0503208545953324e-21	3.8792626676589263e-20	1.6567964448294114e-21	1.0038532000000104	-8.568585294424502e-21	1.5864927102073045e-21	8.785425728921603e-21	0.9981699228556813	-2.57659920492306	0.17282937111363283	-0.7045313928802532	0.17374263907036414	127.93541119413702	0.8051654011181525	-0.704244547313847	0.8006069925324646	0.000411941767659513	1599.565890624997	-2.5714150490930643	0.17339306712496516	-0.7028275877209013	0.17339306630268864	128.35268217379522	0.8032182274670985	-0.7028275968355872	0.8032182325400361	0.0004109455473119406	-0.0014245141386524138	0.0	0.0	0.0	0.0038457954396300324	0.0	0.0	0.0	-0.0018317537813917375	129.67084136353688	0.0036568526945897997
56	42.0	nan	nan	1	1	0.001500000000000045	0.001500000000000028	0.0014999999999998368	0.9984669999999943	-1.0392247229863011e-20	-1.1656486255287417e-19	-4.836558128822055e-21	1.0041496000000025	2.1443316686100415e-19	-3.5660087079406044e-21	1.3213713977167086e-21	0.9979903346775533	-2.4041410304238635	0.18548997604426956	-0.7356970903836224	0.18654565965413344	128.9427983450151	0.8223615259437439	-0.7353458784096929	0.8173173177088603	0.00036767684349303567	1599.565890624997	-2.399027274991188	0.1861488656849669	-0.7337817449027293	0.1861488655940403	129.40082349485812	0.820220554539935	-0.7337817526229664	0.8202205576859487	0.00036671961776818437	-0.0015341762467835816	0.0	0.0	0.0	0.004141014153612477	0.0	0.0	0.0	-0.0020116874094006213	130.63098993162143	0.003952257850187951
60	45.0	nan	nan	1	1	0.001500000000000045	0.001500000000000028	0.0014999999999998368	0.9983575000000029	5.917372169518542e-21	7.490312352569778e-21	-5.6615682194477436e-21	1.0044460000000028	-7.938901001435655e-20	-1.015761910347357e-20	8.363603321188962e-21	0.9978104016739425	-2.220818897837598	0.1953942073856405	-0.7619015926425963	0.19658581903387354	129.83477210282442	0.8314882144336324	-0.7614840783440311	0.8259952171040043	0.0003224896536361103	1599.565890624997	-2.215840642409942	0.19614514946516282	-0.7597771058404712	0.19614514626151988	130.33375513339487	0.8291696922586624	-0.7597771123911654	0.8291696948651763	0.00032159042331609557	-0.0016438503819929556	0.0	0.0	0.0	0.004436145739235307	0.0	0.0	0.0	-0.0021919990014560506	131.4703961996833	0.004247852331779607
64	48.0	nan	nan	1	1	0.001500000000000045	0.001500000000000028	0.0014999999999998368	0.9982479999999843	6.495048639545975e-21	3.121104652395283e-20	-1.666960840196463e-21	1.0047423999999998	6.405771366905372e-20	4.302927372051846e-22	-4.596000771801834e-21	0.9976302187033642	-2.034212466890661	0.2027279981334881	-0.7840494131154215	0.20404689858646488	130.63970039402713	0.8349801384968257	-0.7835641968044841	0.8290696397955422	0.0002794338689637681	1599.565890624997	-2.0294202340259213	0.20356620834592576	-0.7817182578876539	0.20356620137844467	131.17985040797817	0.8324975547688376	-0.7817182627358077	0.832497556241701	0.00027860304923027474	-0.0017535365469648746	0.0	0.0	0.0	0.004731190247900961	0.0	0.0	0.0	-0.002372593672355088	132.2213730267871	0.004543583004004066
68	51.0	nan	nan	1	1	0.001500000000000045	0.001500000000000028	0.0014999999999998368	0.9981384999999958	5.210099658561201e-21	2.992016831233728e-19	2.3869388453626184e-21	1.005038800000007	9.403759780417242e-20	4.422359017614702e-21	-1.1582328520755302e-20	0.9974498538949832	-1.8493661140140936	0.20798383028143191	-0.8029265866671149	0.20942164802688723	131.37759418125611	0.8346612077704022	-0.8023726266909338	0.8283587652738302	0.00023978610358988312	1599.565890624997	-1.8447987534774044	0.20890445109975994	-0.80039101175401	0.2089044415292239	131.95912471707447	0.8320254175817259	-0.8003910152387191	0.832025417259822	0.00023902887915757548	-0.0018632347442811225	0.0	0.0	0.0	0.005026147730990252	0.0	0.0	0.0	-0.002553403266265261	132.9065476404874	0.00483941035892485
72	54.0	nan	nan	1	1	0.001500000000000045	0.001500000000000028	0.0014999999999998368	0.9980289999999856	1.8339957373950112e-20	-7.323023345487053e-20	-6.449308860394243e-21	1.0053351999999989	-1.8080765292090296e-19	1.7889335846010824e-21	2.5292403805013408e-20	0.9972693581767209	-1.6694475763013548	0.21172516828385277	-0.8191715633265431	0.21327511906872115	132.06282038568827	0.8318187320860442	-0.8185480604195058	0.8251450172097606	0.0002048656965492546	1599.565890624997	-1.6651348941488915	0.2127241762660784	-0.8164335030882729	0.21272416567993016	132.68594806006874	0.8290383990059697	-0.8164335060835586	0.8290383968460497	0.00020418093813841676	-0.0019729449766339	0.0	0.0	0.0	0.0053210182398009944	0.0	0.0	0.0	-0.0027343768265161053	133.54191887455733	0.005135304113880397
76	57.0	nan	nan	1	1	0.001500000000000045	0.001500000000000028	0.0014999999999998368	0.9979194999999984	-1.3345851116938756e-20	-8.71596902724675e-21	-7.386127300057499e-22	1.0056315999999879	2.3699981864175324e-20	-2.222614453595284e-21	4.8043708768263914e-20	0.9970887703577842	-1.4964335981559436	0.21437813422864904	-0.8332555141873743	0.21603487656427203	132.70590101534995	0.827302316405209	-0.832561864306128	0.8202743895687705	0.0001744122754129422	1599.565890624997	-1.4923981900482548	0.2154523089513215	-0.8303167049783787	0.21545229883178504	133.37084441050106	0.824384503531872	-0.8303167082888389	0.8243845009758908	0.00017379714068845704	-0.0020826672466193966	0.0	0.0	0.0	0.005615801825621634	0.0	0.0	0.0	-0.002915475513704212	134.13901462241657	0.0054312406748462825
80	60.0	nan	nan	1	1	0.001500000000000045	0.001500000000000028	0.0014999999999998368	0.9978100000000033	-2.6639186191147746e-21	-7.399679827213568e-20	1.2395480150119431e-20	1.0059279999999922	-2.3365065036830973e-19	1.0821692934120941e-20	1.0337190088291482e-20	0.9969081204155564	-1.3315515946329757	0.21621604322581123	-0.8455220741455595	0.21797512847637251	133.3146721621752	0.8217004761335411	-0.8447578448527172	0.814332511265993	0.00014791173601400376	1599.565890624997	-1.3278101022767363	0.21736265478499092	-0.842384178188459	0.21736264580553058	134.0216508943212	0.8186509867342104	-0.8423841816524859	0.818650983921874	0.00014736280695273107	-0.0021924015569104245	0.0	0.0	0.0	0.005910498539703656	0.0	0.0	0.0	-0.0030966693195295684	134.70628373303703	0.00572720143034051
84	87.1	nan	nan	1	1	0.001500000000000045	0.001500000000000028	0.0014999999999998368	0.9968208499999901	3.369285305940793e-21	-4.0322495234272614e-19	3.4220131069073736e-22	1.0086054799999746	3.1265680149050733e-20	2.894819800536297e-20	-4.639707671880156e-20	0.9952763765977584	-0.260121373229294	0.21577698233020856	-0.9090815853545363	0.21832809451361515	137.89029201357255	0.768355117422224	-0.9076737276960133	0.7582012407302201	0.012201297976851102	1599.565890624997	-0.2591260164183627	0.21749251024700564	-0.9041998358593959	0.21749266006548074	138.98658431894265	0.7642290661777674	-0.9042005058851732	0.7642292951639056	0.01213577725660098	-0.0031842142335248985	0.0	0.0	0.0	0.008568663919547694	0.0	0.0	0.0	-0.004734814968334642	139.125900429271	0.008399961085096294
88	114.2	nan	nan	1	1	0.001500000000000045	0.001500000000000028	0.0014999999999998368	0.9958316999999934	-7.989214758502561e-21	-6.828068113088476e-19	2.1394358181749117e-20	1.0112829600000235	-3.5638403035956337e-19	4.269046054161674e-21	2.883300152453638e-20	0.9936495460367322	0.33397593961559907	0.20873026150353816	-0.9476082855400012	0.21196917691579198	141.75045315710764	0.736323473601226	-0.9455324904523329	0.7234846172082328	0.00831975964122112	1599.565890624997	0.33236038427281184	0.21094354090898673	-0.940957943665763	0.21094380982896926	143.25350957272138	0.7311559345408386	-0.9409586278307099	0.7311561143447354	0.008261371331652806	-0.004177011579196321	0.0	0.0	0.0	0.011219782184530108	0.0	0.0	0.0	-0.0063707038723037415	143.09882597520738	0.01106846113759702
92	141.3	nan	nan	1	1	0.001500000000000045	0.001500000000000028	0.0014999999999998368	0.9948425499999909	7.646674634632921e-20	8.177188310157236e-19	1.702197410802242e-20	1.0139604400000013	7.130052299443579e-19	-1.4724820755068757e-20	4.120984694981622e-20	0.9920304000123423	0.6472333092122182	0.20357874040880194	-0.98095121131628	0.20748835877115387	145.26457716452998	0.725527925871199	-0.9781767486534532	0.7098359574514311	-0.014976033399406579	1599.565890624997	0.6434500923456634	0.20627808452610788	-0.9724606672192107	0.2062755450186104	147.19070698061296	0.7192481774217334	-0.9724590967321055	0.7192479987684718	-0.014846409550116232	-0.005170795551044193	0.0	0.0	0.0	0.013863890601228232	0.0	0.0	0.0	-0.008001526993085593	146.8928862838768	0.013730977176412317
96	168.4	nan	nan	1	1	0.001500000000000045	0.001500000000000028	0.0014999999999998368	0.9938534	-4.7811621740716235e-20	1.3676532779546835e-19	-4.390002359029588e-20	1.01663792	1.4824770642844765e-18	2.0816681711721686e-20	8.666163489948197e-20	0.9904205222106264	0.8223397380054644	0.20033115746914307	-1.0121273929374373	0.20492117503466378	148.6004185659334	0.7288867530474464	-1.0086304290089287	0.7100906943600332	-0.010717621108999174	1599.565890624997	0.8167052398591973	0.2035197412616071	-1.0017204655679186	0.20351709843772808	150.96562671517344	0.7213921712858026	-1.0017195064061812	0.721392898709173	-0.010607420056015454	-0.006165568111988489	0.0	0.0	0.0	0.016501026141617536	0.0	0.0	0.0	-0.009625656132977065	150.57987574589032	0.016386649246317088
100	195.5	nan	nan	1	1	0.001500000000000045	0.001500000000000028	0.0014999999999998368	0.9928642499999955	-4.828087799349512e-20	-1.5934044990568997e-18	-2.4994248207579894e-20	1.019315399999998	-2.541234367034462e-19	3.725589715203315e-20	5.0137574213876546e-20	0.9888201067647152	0.9093535206960874	0.19776346452291346	-1.0418874690889068	0.20302888184931459	151.79474010461385	0.7410695105572477	-1.0376421020755338	0.7188995785288691	-0.006352600136276682	1599.565890624997	0.9022084245500698	0.20143683980391677	-1.0294905293049041	0.2014336157089016	154.61426517428112	0.7322518653021683	-1.0294889994419063	0.7322528434894234	-0.006277013469100297	-0.007161331230856144	0.0	0.0	0.0	0.019131225485828244	0.0	0.0	0.0	-0.011242857974212985	154.18422992556043	0.019035302556007484
104	222.60000000000002	nan	nan	1	1	0.001500000000000045	0.001500000000000028	0.0014999999999998368	0.9918750999999976	1.353558649712372e-20	2.9207322324587004e-18	3.5700744660874253e-20	1.0219928800000042	-1.2271813339820303e-19	-5.445405411308446e-20	1.6002146439528242e-20	0.9872293056050025	0.9365492343148146	0.19554644960393672	-1.0705081136478034	0.20148070999533027	154.87166854286644	0.758973704115883	-1.0654921269831457	0.7331575661325753	-0.004794275052092171	1599.565890624997	0.9282494577080538	0.1996985486332484	-1.0560515181094108	0.19969517131539505	158.16010720246445	0.7487242013565898	-1.056049647820059	0.748724930433166	-0.004729531128674599	-0.008158086882315427	0.0	0.0	0.0	0.021754525025351003	0.0	0.0	0.0	-0.012852940691189727	157.71673560452695	0.021676831906422892
108	249.70000000000002	nan	nan	1	1	0.001500000000000045	0.001500000000000028	0.0014999999999998368	0.9908859499999948	-9.402743340880537e-20	2.3627272555983016e-18	5.631075033346589e-20	1.0246703599999996	2.402456488956317e-19	-3.846207206892327e-20	-9.571472303973594e-21	0.985648228523095	0.9241452820546063	0.19353820941253735	-1.0980666036759228	0.20013353181712004	157.84914439598708	0.7806999137365527	-1.0922602922347635	0.7509693000290028	-0.004196374608808126	1599.565890624997	0.9150274678346558	0.19816233111759232	-1.0814858433692556	0.19815897175851743	161.6205632643408	0.7689113773237634	-1.0814838195114662	0.7689118729743382	-0.00413300952574968	-0.00915583704697743	0.0	0.0	0.0	0.024370960866001285	0.0	0.0	0.0	-0.014455754239461372	161.18383472028933	0.02431117304371096
112	276.8	nan	nan	1	1	0.001500000000000045	0.001500000000000028	0.0014999999999998368	0.9898967999999808	-4.576688420604435e-20	-9.63367840361995e-19	1.9183602189415394e-20	1.0273478399999738	-2.4972157588315502e-18	5.971243464963915e-20	2.5542109117863976e-19	0.984076912471684	0.8841003830326475	0.1917292168032521	-1.1246474677733864	0.198979522470172	160.7386063504142	0.8050147749992361	-1.1180332633243983	0.7711086856104873	-0.00378804829643887	1599.565890624997	0.8744903545555245	0.19682004872710093	-1.1058824786466157	0.1968166471745597	165.00656948220632	0.7915829273024128	-1.1058804221933234	0.7915833152935121	-0.0037248438816055805	-0.010154583711382364	0.0	0.0	0.0	0.02698056883093649	0.0	0.0	0.0	-0.016051221903477894	164.59015429966755	0.02693830362604397
116	303.9	nan	nan	1	1	0.001500000000000045	0.001500000000000028	0.0014999999999998368	0.9889076499999833	-2.965292941747855e-20	2.3770455005386883e-18	1.2163393122571752e-20	1.0300253199999923	-9.493545272826198e-19	-7.806255641895631e-21	-1.3755815063409838e-21	0.9825153539956307	0.8237669300695907	0.19014732291522682	-1.15030784224071	0.19804983903004697	163.5478384122299	0.8310753370731698	-1.1428701503139844	0.7927422381717786	-0.00340892581948179	1599.565890624997	0.8139863212195385	0.1957019409270912	-1.1293029001756376	0.19569838749969112	168.32542746853792	0.8158996695988631	-1.1293008195984664	0.8158999679120905	-0.003346677883135581	-0.011154328867994204	0.0	0.0	0.0	0.029583384463664073	0.0	0.0	0.0	-0.017639307884359107	167.93927925990891	0.029558224698347905
120	331.0	nan	nan	1	1	0.001500000000000045	0.001500000000000028	0.0014999999999998368	0.9879185000000039	1.8646583300856167e-19	4.361609814637624e-19	-5.599226594529827e-20	1.032702799999966	2.7716679862690997e-18	-1.631724269590684e-20	-1.4132914131527452e-19	0.9809635280271455	0.7478993134448872	0.188778602218404	-1.1750811541521178	0.19733256323601378	166.2825699496242	0.8583368905374685	-1.166806388637028	0.8153336727856936	-0.003077061170884817	1599.565890624997	0.7382694871299764	0.19479544043936461	-1.1517849206970763	0.1947917421975693	171.58240430900221	0.8413201793814945	-1.1517827849731226	0.8413203616773591	-0.0030160577796389592	-0.012155074515284926	0.0	0.0	0.0	0.032179443030720824	0.0	0.0	0.0	-0.0192199984696335	171.23413592512043	0.03217095026077673
124	358.1	nan	nan	1	1	0.001500000000000045	0.001500000000000028	0.0014999999999998368	0.9869293499999927	3.599551212651875e-20	7.060053496682484e-19	-5.926520125348889e-20	1.035380279999997	-1.902720602603436e-18	7.659888348610089e-20	5.44438897177174e-20	0.9794213972448018	0.6596868523702856	0.18760210828917503	-1.1989795002085621	0.19680816603755044	168.94730736474514	0.8864466155135007	-1.1898561695558998	0.8385371227159605	-0.002834941658810419	1599.565890624997	0.650531531472428	0.19408057153531963	-1.1733452083279734	0.1940768065919006	174.78156440630502	0.8674943054242286	-1.1733430087805428	0.8674943235682532	-0.0027743303456614072	-0.01315682265778494	0.0	0.0	0.0	0.0347687795248791	0.0	0.0	0.0	-0.02079329265340398	174.47723373285012	0.03477650191120339
128	385.20000000000005	nan	nan	1	1	0.001500000000000045	0.001500000000000028	0.0014999999999998368	0.9859401999999966	1.6369419925457707e-19	1.6349768761081407e-19	6.035617968955243e-20	1.0380577599999674	1.6501014964143135e-18	1.1484411512052706e-19	3.612764926629042e-20	0.977888917306782	0.5613457388708746	0.18664419386986705	-1.2220203370582525	0.19650649607845586	171.5457908987399	0.915136729884905	-1.2120389206725901	0.8620925638416892	-0.002668133887421602	1599.565890624997	0.552992685357229	0.1935861958786841	-1.1940055338638302	0.1935823992806001	177.9262263161602	0.8941572301120704	-1.19400328725821	0.8941570400297237	-0.002606966946507654	-0.014159575305956433	0.0	0.0	0.0	0.03735142866757552	0.0	0.0	0.0	-0.02235919688409318	177.6707885999807	0.037374905806369485
132	412.3	nan	nan	1	1	0.001500000000000045	0.001500000000000028	0.0014999999999998368	0.9849510499999895	-5.282097459077817e-20	-1.2246266826131115e-18	6.036295595313046e-20	1.0407352399999774	1.325382945754905e-18	-3.3393426912553536e-20	5.2427951303252174e-20	0.976366039201666	0.4544554018283346	0.1859486825313948	-1.2442244735789547	0.19647634995091726	174.08121275667054	0.9441960942321599	-1.2333772872288553	0.8857974250422003	-0.002551129096159811	1599.565890624997	0.4472376374764732	0.1933596241223306	-1.2137907729490502	0.19335586774528324	181.01917909370624	0.9211010805284585	-1.213788507823129	0.9211006758586224	-0.0024887285399664114	-0.015163334476389775	0.0	0.0	0.0	0.0399274249121286	0.0	0.0	0.0	-0.02391772271338774	180.816795558716	0.03996619115294462
136	439.40000000000003	nan	nan	1	1	0.001500000000000045	0.001500000000000028	0.0014999999999998368	0.9839618999999872	-1.232636226162348e-19	1.1408517359978721e-18	9.760530057800754e-20	1.0434127199999943	2.825891647420531e-18	-1.4536440627599402e-19	-1.722526201536345e-20	0.9748527107429499	0.340167741108195	0.18552606803681432	-1.2656027179821219	0.19673175763721626	176.55634989861414	0.9734779628387965	-1.2538839131249178	0.909512629317889	-0.002465189726774975	1599.565890624997	0.3344244300812171	0.19341388761416203	-1.2327158770107651	0.1934101855524747	184.0628132650398	0.9481820192554546	-1.232713636127635	0.9481814352667924	-0.0024011314710863864	-0.016168102191711445	0.0	0.0	0.0	0.04249680244615981	0.0	0.0	0.0	-0.025468885300559952	183.9170651693738	0.04255038924875615
140	466.5	nan	nan	1	1	0.001500000000000045	0.001500000000000028	0.0014999999999998368	0.982972749999998	-1.36108030228399e-19	-7.357666993029755e-20	6.900946827870235e-20	1.0460901999999879	2.4862111067808222e-18	2.3310346708438343e-21	-1.3309767513385722e-19	0.9733488776270797	0.21933627915922638	0.1853515305725372	-1.2861670992884722	0.19724940057255863	178.97366224592446	1.0028756072019962	-1.2735725569684315	0.9331385342843322	-0.0023954374912667302	1599.565890624997	0.215413444786789	0.19372522132827213	-1.2507968646201875	0.1937215905291185	187.05921781937695	0.9752960294088332	-1.2507946826403917	0.9752952593689348	-0.002329561769328124	-0.01717388048065841	0.0	0.0	0.0	0.045059595194442734	0.0	0.0	0.0	-0.027012702350633157	186.97325540880394	0.045127532822284024
144	493.6	nan	nan	1	1	0.001500000000000045	0.001500000000000028	0.0014999999999998368	0.9819835999999983	-2.6142824884056725e-19	-2.9463939426287165e-18	1.280713816248502e-20	1.0487676799999837	-1.3646852745075044e-18	1.315137235224917e-19	1.4590311923044775e-19	0.971854483909016	0.09258641402703141	0.18538872929833153	-1.3059358126887062	0.19799323999348883	181.3353388949605	1.0322969001017657	-1.292463014324068	0.956590691579491	-0.0023434201392177182	1599.565890624997	0.09083782474415569	0.19425752457191353	-1.268055615915271	0.19425393481386086	190.01022437808513	1.0023539202672866	-1.2680535261814505	1.0023529503551063	-0.0022754464952346827	-0.018180671378127625	0.0	0.0	0.0	0.04761583682164757	0.0	0.0	0.0	-0.028549193641581323	189.98688719096182	0.04769765568587064
148	520.7	nan	nan	1	1	0.001500000000000045	0.001500000000000028	0.0014999999999998368	0.9809944499999899	-3.704583298111408e-19	-5.0168745026335505e-19	-6.911111223237287e-20	1.0514451599999841	3.649099251934462e-18	-6.86028924640203e-20	2.998022294829761e-19	0.970369472889626	-0.03959760431476543	0.18560587283880817	-1.3249325668682725	0.19893165597686055	183.64337801359395	1.0616656110152578	-1.310580427649503	0.9798007174521092	-0.0023000767498998122	1599.565890624997	-0.03881013557657764	0.19497908947446552	-1.2845191955006676	0.19497554643870615	192.91748739115786	1.0292824636166018	-1.2845172065654453	1.029281287457709	-0.002229919325897918	-0.019188476925142715	0.0	0.0	0.0	0.0501655607349112	0.0	0.0	0.0	-0.030078380122441895	192.9593687367246	0.05026079226443058
152	547.8	nan	nan	1	1	0.001500000000000045	0.001500000000000028	0.0014999999999998368	0.9800052999999805	-2.5003734976589143e-19	8.805212418569464e-19	6.773553072603189e-20	1.054122640000012	2.5197129539106244e-18	-1.6040771141923039e-19	-1.7352316957451597e-20	0.9688937873908205	-0.17682588205081884	0.18598707662139957	-1.3431989092416103	0.20004959589143456	185.89961736162584	1.0909390213113033	-1.3279674594147404	1.0027321887668006	-0.0022610569171599743	1599.565890624997	-0.1731324683903201	0.19587462252901547	-1.300231744790643	0.19587110176108805	195.7825137126071	1.0560413185122992	-1.300229816608069	1.0560399815961823	-0.002188728683624211	-0.020197299168898064	0.0	0.0	0.0	0.05270880008650519	0.0	0.0	0.0	-0.03160028363483328	195.89201021314497	0.05281697740794406
156	574.9	nan	nan	1	1	0.001500000000000045	0.001500000000000028	0.0014999999999998368	0.9790161499999896	6.617021383950595e-20	-2.5283967356858754e-18	1.7660975763431063e-19	1.0568001200000028	-9.50574254726666e-20	-3.3393426912553536e-20	-1.4420905333593915e-19	0.9674273700107231	-0.31878003288675694	0.18654512917517418	-1.3607967103537273	0.2013628382760478	188.10576605700126	1.1201143995790894	-1.3446868802220182	1.0253857702509683	-0.002223229309025097	1599.565890624997	-0.31180271114639074	0.19695893517451954	-1.3152567543768463	0.19695549413820332	198.6066939758233	1.0826290352643544	-1.3152549458615268	1.082627514021483	-0.002148827479501864	-0.021207140162778373	0.0	0.0	0.0	0.05524558777631472	0.0	0.0	0.0	-0.03311492665243438	198.78604238459386	0.05536624623265093
160	602.0	nan	nan	1	1	0.001500000000000045	0.001500000000000028	0.0014999999999998368	0.9780269999999935	-2.963395587946005e-19	-2.5186016466838268e-19	2.05049735871321e-20	1.059477599999984	3.496552006265752e-18	1.2527956103070003e-19	-3.959362338316029e-19	0.9659701630043963	-0.4652400769790435	0.1873246897612506	-1.3777853353809837	0.2029217212778745	190.26341029142796	1.1492204089519553	-1.360798629223013	1.0477908377118816	-0.002188343254181936	1599.565890624997	-0.4545918315770993	0.1982807101046696	-1.329654888363434	0.1982773228425929	201.39130697401657	1.1090744656151046	-1.3296531659157995	1.1090727634860573	-0.00211189742742875	-0.022218001966439336	0.0	0.0	0.0	0.05777595645456979	0.0	0.0	0.0	-0.0346223324056472	201.64263537202913	0.05790863413228979
164	603.31	nan	nan	1	1	0.001500000000000045	0.001500000000000028	0.0014999999999998368	0.9780697639925315	-2.417770844642675e-20	3.59625794855295e-18	-2.1108061045577166e-20	1.0593481719999807	1.3082254463753218e-18	7.020209066843641e-20	2.516695822552505e-19	0.9659926490821648	0.0003423979090468252	0.18396998908607534	-1.3715798127364032	0.19925764204000157	178.53368508649248	1.1369914711927902	-1.3546435779785457	1.0367934525756808	0.0004140987091268885	1599.565890624997	0.0003345943173639991	0.19471675694283505	-1.3237699845271418	0.19471636057455524	188.96288648922066	1.0973588035139974	-1.3237698924828354	1.0973586491362246	0.0003996642679363793	-0.02217427816572354	0.0	0.0	0.0	0.05765378690021069	0.0	0.0	0.0	-0.034599054444365195	188.98628827389066	0.05780711562100833
168	604.62	nan	nan	1	1	0.001500000000000045	0.001500000000000028	0.0014999999999998368	0.9781089258212534	1.657135258008313e-19	4.043042417241176e-18	-8.597045601452246e-20	1.0592187439999987	-1.7294922004945646e-18	-3.8489177123235405e-20	3.0599488736035227e-19	0.9660276909092645	9.648262525397105e-05	0.1804621807099293	-1.3648614539797006	0.19542690830756826	169.1398554509848	1.1253380037381695	-1.3480031848350342	1.026329646643303	0.00013660294797846395	1599.565890624997	9.429178970710559e-05	0.19098946116228066	-1.3173940242612139	0.19098934023346012	179.00664685845845	1.086200769371832	-1.317394012594507	1.0862006954374188	0.00013185214282267427	-0.022134239053825396	0.0	0.0	0.0	0.05753160241864886	0.0	0.0	0.0	-0.03456277964292678	179.03126723062024	0.05770131931092468
172	605.93	nan	nan	1	1	0.001500000000000045	0.001500000000000028	0.0014999999999998368	0.9781487355467987	-7.812354279115863e-20	-3.845599037236199e-18	2.5560066216345766e-20	1.0590893160000125	2.3990683571673e-19	-1.0034291106353343e-19	3.511874832281582e-19	0.9660654485280755	3.31842711007384e-05	0.17775688071689283	-1.3603988652999524	0.1924659990029766	160.46727645318938	1.116933957913871	-1.3435935537058776	1.0188293412185192	4.553153059685289e-05	1599.565890624997	3.2433449868816555e-05	0.18811133822865447	-1.31319365670832	0.18811129860781645	169.8146029215749	1.0781768684959991	-1.3131936523749048	1.0781768336072104	4.395160763885618e-05	-0.022093539174318777	0.0	0.0	0.0	0.05740940300621139	0.0	0.0	0.0	-0.03452369496523159	169.84037617836717	0.057594214776937484
176	607.24	nan	nan	1	1	0.001500000000000045	0.001500000000000028	0.0014999999999998368	0.978188803745804	1.5924219408380846e-19	-2.8056018202020014e-18	3.242442122089462e-20	1.0589598879999997	2.9853506819388363e-19	1.22514845490862e-20	1.9962364281120998e-19	0.9661041107077376	1.1798455330806257e-05	0.17579406152818863	-1.3577074025261802	0.19030972951801456	152.04813849238997	1.1109808321023145	-1.3409340772833511	1.0135635407681685	1.5699970225108604e-05	1599.565890624997	1.1532453514228308e-05	0.18601911871273963	-1.3107020791332566	0.18601910567399307	160.89201465847947	1.0725174539111495	-1.310702077375494	1.0725174387237526	1.5156419990118985e-05	-0.02205257671440979	0.0	0.0	0.0	0.057287188659225885	0.0	0.0	0.0	-0.03448367551716447	160.91906225491132	0.05748665951267668
180	608.55	nan	nan	1	1	0.001500000000000045	0.001500000000000028	0.0014999999999998368	0.9782289799580058	2.8636489880773385e-19	3.177102000538265e-19	3.8197797789379925e-20	1.0588304600000193	6.740755956885502e-19	1.1931644908202977e-19	1.2160089694077462e-19	0.966143092936475	4.273863287721058e-06	0.1744095722897802	-1.356162729838446	0.18878009843110144	143.72612245117068	1.1066221401329155	-1.339407521719344	1.0097512032237288	5.5583102695163645e-06	1599.565890624997	4.177849065456825e-06	0.18453907485200413	-1.3093171420740077	0.18453907032385455	152.073566381649	1.0683963701371255	-1.3093171414627467	1.0683963639564735	5.366310957174492e-06	-0.02201150551525982	0.0	0.0	0.0	0.057164959374100176	0.0	0.0	0.0	-0.03444332640586041	152.10206327052848	0.05737893687597094
184	609.86	nan	nan	1	1	0.001500000000000045	0.001500000000000028	0.0014999999999998368	0.9782692009440568	2.309011814215223e-19	1.2409252905841787e-18	2.181279245769274e-20	1.058701031999979	3.410357933553154e-18	5.149960319306146e-21	-2.299203172686018e-19	0.966182192775175	1.6317570212923683e-06	0.17345485297873892	-1.3553082905137832	0.1877160498122049	135.44465423871978	1.1032493560068997	-1.3385627744577053	1.006837480358554	2.134701818645057e-06	1599.565890624997	1.595229325258743e-06	0.18351393406613234	-1.3085983783328419	0.18351393226750184	143.2994287604119	1.065226508442655	-1.308598378100216	1.0652265059916104	2.061130561699577e-06	-0.02197039023444922	0.0	0.0	0.0	0.057042715147093345	0.0	0.0	0.0	-0.034402857196049144	143.32957895311955	0.057271147977456874
188	611.17	nan	nan	1	1	0.001500000000000045	0.001500000000000028	0.0014999999999998368	0.9783094390665483	-1.5369921047697631e-19	-7.138573450892957e-19	-5.140473550296898e-20	1.0585716040000157	6.734521794393711e-19	-1.633892673935655e-19	2.131871813955931e-19	0.9662213373695355	6.137163425256054e-07	0.1728155473226411	-1.3548516891032363	0.18699362681856013	127.18228599923962	1.1004729872048418	-1.3381109888134464	1.0044672238748935	8.697967084683178e-07	1599.565890624997	6.000270430037583e-07	0.1828226263122971	-1.3082636460181114	0.18282262534931906	134.54691957415332	1.0626320313612914	-1.3082636459103432	1.0626320302685577	8.398878063687405e-07	-0.02192925912765456	0.0	0.0	0.0	0.05692045597468083	0.0	0.0	0.0	-0.034362343303629916	134.57895774338544	0.05716333051087659
192	612.48	nan	nan	1	1	0.001500000000000045	0.001500000000000028	0.0014999999999998368	0.9783496821405615	-4.004771774618332e-20	6.175234409651169e-18	-7.521652571618187e-20	1.0584421759999947	-8.915123413805181e-19	-5.730008481585891e-20	1.8530455083787604e-19	0.9662604992344455	1.6927651124598598e-07	0.17240650663260848	-1.3546154308137164	0.18652054632280501	118.93051654951638	1.0980529662359564	-1.3378768411266226	1.0024215122576334	3.332266083769797e-07	1599.565890624997	1.655142295646436e-07	0.1823750054700254	-1.3081416495693605	0.18237500464133752	125.80704771480254	1.0603812609041252	-1.3081416493801767	1.0603812602666562	3.217943596738533e-07	-0.021888124651462275	0.0	0.0	0.0	0.05679818185308085	0.0	0.0	0.0	-0.03432181317892297	125.84124881895373	0.05705549917279804
196	613.79	nan	nan	1	1	0.001500000000000045	0.001500000000000028	0.0014999999999998368	0.9783899249915611	-1.5383473574853702e-19	-1.497254401082275e-18	-5.617522506190519e-20	1.0583127479999923	5.245315900376246e-18	8.364619760725666e-20	2.6678319113310893e-19	0.9662996673192179	-5.275581133012963e-08	0.1721623028977021	-1.3544968464884124	0.1862259149050978	110.68584385486248	1.095842005783958	-1.3377589228810267	1.0005660114864996	7.910516874154449e-08	1599.565890624997	-5.1587496081820474e-08	0.18210180953714777	-1.3081332928385752	0.18210180857148603	117.07610851426219	1.058332040545848	-1.3081332929062146	1.0583320400943017	7.639744982420146e-08	-0.021846992095184918	0.0	0.0	0.0	0.05667589277870932	0.0	0.0	0.0	-0.03428127826005661	117.11280247438232	0.05694765995528816
200	615.1	nan	nan	1	1	0.001500000000000045	0.001500000000000028	0.0014999999999998368	0.9784301655387149	3.922982273231457e-19	-6.74314458979676e-19	-9.753076167864916e-20	1.0581833199999702	-3.882365349344719e-18	1.8669961410200386e-19	1.7918473779396372e-19	0.9663388365808333	-1.7058375411127535e-07	0.1720294134698323	-1.3544410859138394	0.18605176028086434	102.44671329378517	1.0937482282092301	-1.33770305663677	0.998816906160179	-5.4148081010563234e-08	1599.565890624997	-1.6681969484806324e-07	0.18194638906199986	-1.308185629252544	0.18194638778986563	108.35245658930839	1.0563956816167983	-1.3081856292200602	1.0563956810896873	-5.229887232926373e-08	-0.021805863585360023	0.0	0.0	0.0	0.05655358874787237	0.0	0.0	0.0	-0.03424074376636654	108.3920483733615	0.056839815528253096
204	616.41	nan	nan	1	1	0.001500000000000045	0.001500000000000028	0.0014999999999998368	0.9784704030753736	2.227357838099908e-19	-4.356893535187312e-18	5.674443120246009e-20	1.058053891999977	9.473758583178337e-19	1.0771548583643487e-19	-9.908083197212453e-20	0.9663780046046451	-2.3202443272485328e-07	0.17195993797824657	-1.354420260289348	0.1859462272928977	94.21242958852477	1.091717487369518	-1.3376816958651565	0.9971247917625622	-1.2653162752174207e-07	1599.565890624997	-2.2692319722218188e-07	0.1818580582356903	-1.3082717359804044	0.18185805656014004	99.63535523491069	1.0545199110473737	-1.3082717355857931	1.0545199107454086	-1.2222037490731273e-07	-0.021764739843755838	0.0	0.0	0.0	0.05643126975695747	0.0	0.0	0.0	-0.03420021219652382	99.67835284636473	0.05673196710300798
208	617.72	nan	nan	1	1	0.001500000000000045	0.001500000000000028	0.0014999999999998368	0.9785106375647987	4.7196675821009614e-20	1.89352013073036e-18	1.3412936126361297e-19	1.057924464000005	-1.464052403615801e-18	6.261267546103788e-20	-8.882749814561122e-20	0.9664171702229636	-2.631101102477107e-07	0.1719109794210326	-1.354425426700055	0.18586290392856533	85.9827099882179	1.089718892680391	-1.3376860069575718	0.9954614761904909	-1.7855505358721491e-07	1599.565890624997	-2.5734648399782256e-07	0.18179143837590428	-1.3083829823914426	0.18179143623988725	90.92450393138758	1.0526749030747595	-1.3083829817717725	1.0526749031035412	-1.7248523907508806e-07	-0.021723620907399002	0.0	0.0	0.0	0.05630893580229596	0.0	0.0	0.0	-0.03415968475850709	90.97155912739635	0.05662411519433346
212	619.03	nan	nan	1	1	0.001500000000000045	0.001500000000000028	0.0014999999999998368	0.9785508693911996	-1.3786308249510992e-19	2.74903357185257e-18	1.3023978596982122e-20	1.0577950360000037	1.1665202224314663e-18	1.8973538018496326e-20	-8.309562619154138e-20	0.9664563327580942	-2.7900108888467835e-07	0.17185301331630945	-1.3544619419007404	0.18576986388148262	77.75746820777407	1.0877306186763285	-1.3377212790052881	0.9938070322602004	-2.2076984245134047e-07	1599.565890624997	-2.729116891573228e-07	0.18171530538982306	-1.308524549177979	0.1817153027910985	82.21980987734104	1.050839579466628	-1.3085245485221673	1.0508395801784722	-2.1328230024720044e-07	-0.02168250638313539	0.0	0.0	0.0	0.05618658688017946	0.0	0.0	0.0	-0.03411916215309546	82.2717797215333	0.056516260002178215
216	620.34	nan	nan	1	1	0.001500000000000045	0.001500000000000028	0.0014999999999998368	0.9785910991028577	-1.3362791775883842e-20	-3.960109421375507e-18	-1.0423926262090321e-19	1.0576656079999853	1.0337596664106164e-18	-5.2909066017292615e-20	1.2176691539843646e-19	0.9664954918216664	-2.6781800536779255e-07	0.1717781855503752	-1.3545456010386594	0.18565862250735915	69.53671649634211	1.0857324906285368	-1.337803110974981	0.9921430280473644	-2.3431542889251754e-07	1599.565890624997	-2.619941269148267e-07	0.18162135741049587	-1.308711703686211	0.18162135380786332	73.52128443707903	1.0489944498497488	-1.3087117035677471	1.048994451315116	-2.2638687387895512e-07	-0.021641395710214006	0.0	0.0	0.0	0.056064222986956534	0.0	0.0	0.0	-0.03407864478160263	73.57932866761158	0.056408401563190644
220	621.65	nan	nan	1	1	0.001500000000000045	0.001500000000000028	0.0014999999999998368	0.9786313273698246	-2.29464613542979e-19	-4.987265618929329e-18	-2.919891975775024e-20	1.0575361799999967	3.3229441333965104e-18	7.394258816351141e-20	1.2795787920991814e-19	0.966534647266594	-2.414710856269986e-07	0.17169783244540757	-1.3547017306125388	0.18554143959083097	61.3205443660024	1.0837067548522066	-1.3379565144926937	0.9904532322741826	-2.259259545968062e-07	1599.565890624997	-2.3623947764666893e-07	0.18152158363658247	-1.3089689276516616	0.18152157910824387	64.82902063608313	1.0471223567023509	-1.308968928043597	1.047122358388225	-2.1829901581620123e-07	-0.02160028820354693	0.0	0.0	0.0	0.055941844119006996	0.0	0.0	0.0	-0.034038132795636285	64.89476397223211	0.05630053978187098
224	622.96	nan	nan	1	1	0.001500000000000045	0.001500000000000028	0.0014999999999998368	0.9786715549855023	1.2933854291394264e-19	-1.9097662226586973e-18	1.7299462101542928e-19	1.057406752000006	1.0018028073766061e-19	5.730008481585891e-20	3.033140280822924e-20	0.9665737992086167	-2.1525664059240944e-07	0.17163452188402833	-1.3549501783982165	0.18544270223047055	53.109121012608156	1.0816423099450336	-1.3382010905197197	0.9887274847391482	-2.0433868598335182e-07	1599.565890624997	-2.1061022899047013e-07	0.18143984248992512	-1.3093154164092933	0.18143983792726737	56.14319570171912	1.0452125650301	-1.3093154168786418	1.0452125663725502	-1.974565530100642e-07	-0.02155918305212046	0.0	0.0	0.0	0.055819450272635185	0.0	0.0	0.0	-0.03399762607486798	56.21901401004677	0.056192674421039646
228	624.27	nan	nan	1	1	0.001500000000000045	0.001500000000000028	0.0014999999999998368	0.9787117828930201	-3.5094269070640173e-20	-1.0085113083188601e-19	9.107975875236041e-20	1.0572773239999897	2.8114717585264735e-18	4.7000164177246617e-20	1.144671854589989e-19	0.9666129480616377	-1.6583945266335222e-07	0.1716085861351834	-1.3552852573217309	0.18538436549487755	44.90270674184425	1.079541877544976	-1.338531221257032	0.986968256606354	-1.582720581725372e-07	1599.565890624997	-1.622730240799519e-07	0.18139762138206245	-1.3097456944991686	0.18139761753247097	47.46408312093714	1.0432676947583956	-1.309745694469383	1.0432676951662616	-1.52953886003738e-07	-0.021518079292070013	0.0	0.0	0.0	0.05569704144415186	0.0	0.0	0.0	-0.0339571241905246	47.55364802583433	0.05608480508013455
232	625.58	nan	nan	1	1	0.001500000000000045	0.001500000000000028	0.0014999999999998368	0.9787520123988505	1.2647895968401212e-19	-7.675338229568007e-19	-8.176578446435212e-20	1.0571478959999803	8.250778532614689e-19	-6.54316011095002e-20	5.921776740844265e-20	0.9666520945453075	-9.545082478301659e-08	0.17162985064980998	-1.3556799164436097	0.18537702113052834	36.701696352117565	1.0774271245321583	-1.3389201892484068	0.9851953445494892	-6.864848963394898e-08	1599.565890624997	-9.340577740311887e-08	0.18140529533670116	-1.3102336365106237	0.18140529231601937	38.79209846600881	1.0413086764272899	-1.3102336354159267	1.041308675418002	-6.634719532454942e-08	-0.021476975588458423	0.0	0.0	0.0	0.055574617629919346	0.0	0.0	0.0	-0.03391662639760649	38.90152620468309	0.0559769311360355
236	626.89	nan	nan	1	1	0.001500000000000045	0.001500000000000028	0.0014999999999998368	0.9787922454567304	1.2798329019833577e-19	-1.903144119077063e-18	-3.055756060514614e-20	1.057018468000025	2.3078598494069568e-18	-4.315124646492308e-20	1.7409068164917635e-19	0.9666912398700666	1.1484887709745095e-08	0.17170587978462395	-1.3560961036791845	0.18542881249798515	28.506711990285527	1.0753453002921647	-1.3393304107837771	0.9834519560957315	6.533072439829368e-08	1599.565890624997	1.1239743363985718e-08	0.18147084609534533	-1.3107424744488525	0.18147084385639747	30.12789748820639	1.0393811736261325	-1.310742470780308	1.039381171982419	6.314578673542457e-08	-0.021435869945279084	0.0	0.0	0.0	0.055452178826312294	0.0	0.0	0.0	-0.033876131443536926	30.268532785340117	0.055869051591325984
240	628.2	nan	nan	1	1	0.001500000000000045	0.001500000000000028	0.0014999999999998368	0.9788324851420718	4.8585809854506667e-20	4.994394248213421e-19	8.861319880995588e-20	1.0568890399999904	3.2650748424400964e-18	7.5243630770494e-20	1.4222530217346957e-20	0.9667303858565297	2.0056959588887758e-07	0.17184652237036427	-1.3564904763812542	0.18555034393565387	20.318720517759843	1.073374022745619	-1.3397190790038818	0.98180910561774	2.2876795447801523e-07	1599.565890624997	1.9630453641035021e-07	0.18160466666504774	-1.311230312812566	0.1816046648833758	21.472500087813216	1.037560218899794	-1.311230306664036	1.0375602188221367	2.2113496683869995e-07	-0.02139475922092207	0.0	0.0	0.0	0.05532972502953407	0.0	0.0	0.0	-0.03383563744476541	21.669212265801896	0.05576116490025853
244	631.21	nan	nan	1	1	0.001500000000000045	0.001500000000000028	0.0014999999999998368	0.979133485144381	1.473159701864679e-20	3.572895085801782e-18	1.8395522735289992e-19	1.0564943379154315	8.264060009227636e-19	8.131516293641283e-21	-2.625819077147276e-19	0.9667619991412535	14.709902457827166	0.17007731584794578	-1.361400793841242	0.18351495041083726	2.1897900779848323e-05	1.0698906331220697	-1.344199393940454	0.9790206776713154	-8.517027557394497e-05	1599.565890624997	14.4020080034236	0.1796738686678318	-1.3160637364030983	0.17967378044430382	2.313348214136551e-05	1.0342613802923233	-1.316063820628975	1.0342615756017193	-8.233395456312558e-05	-0.021087297284148553	0.0	0.0	0.0	0.05495619877464588	0.0	0.0	0.0	-0.03380293673699731	14.694240273553675	0.05542258848823479
248	634.22	nan	nan	1	1	0.001500000000000045	0.001500000000000028	0.0014999999999998368	0.9794344851443767	1.9461428996114804e-20	7.819638762462249e-19	-2.185345003916095e-21	1.0563846594636492	4.593249608789152e-18	-6.16911036144252e-20	2.4037270383771984e-19	0.9666623415397141	36.41984021773616	0.15834226181865205	-1.351414987950458	0.17078244095251413	-4.181972555841801e-05	1.0646561938737824	-1.3337919353748393	0.9742316087141284	-0.00012613627858610842	1599.565890624997	35.66491146138336	0.16724250084711476	-1.3061445847427666	0.1672423766638084	-4.417036492215364e-05	1.0289917861204485	-1.306144425638771	1.028992062979776	-0.0001219108998226456	-0.020779929853524195	0.0	0.0	0.0	0.054852379812919246	0.0	0.0	0.0	-0.03390602595495198	35.782261757482516	0.05531846237679663
252	637.23	nan	nan	1	1	0.001500000000000045	0.001500000000000028	0.0014999999999998368	0.9797354851443716	8.563841909919878e-20	2.0738873265186907e-18	-1.0652286344670081e-19	1.0562744731022564	-1.578679678301831e-18	5.984795992119985e-20	-2.0221556362980814e-19	0.9665607053769352	57.60761981463543	0.13714040917011633	-1.3242068013388228	0.1478540944401322	-7.415788273927388e-05	1.0658130976363003	-1.3063999254576246	0.9752891010353487	-0.00018463789470061332	1599.565890624997	56.42531757697731	0.14481964130521768	-1.2795880975181637	0.14481963081768146	-7.831038308289131e-05	1.029900882955381	-1.2795882022842857	1.0299008048431917	-0.00017841658279571515	-0.020472656868609253	0.0	0.0	0.0	0.05474806922178326	0.0	0.0	0.0	-0.03401117281116761	56.49768130209576	0.05521604455582074
256	640.24	nan	nan	1	1	0.001500000000000045	0.001500000000000028	0.0014999999999998368	0.9800364851443816	5.1133684959847605e-20	2.585422381826824e-18	-2.5180595455975842e-20	1.0561628025896543	4.6057992489356716e-18	1.192080288647812e-19	3.2228078983721073e-19	0.9664568817307785	78.0189918911242	0.10847897179743954	-1.278865644850195	0.116905342359191	-0.00011594360553047983	1.0771684339075853	-1.2611454995430829	0.9856783939512931	-0.00024440613857407145	1599.565890624997	76.434069638005	0.11453041469868834	-1.2355257720015453	0.114530460626905	-0.0001224114591338695	1.0406639401399056	-1.235525871319274	1.0406639494110994	-0.00023612338345285565	-0.020165478271364116	0.0	0.0	0.0	0.05464234252022346	0.0	0.0	0.0	-0.0341185941268851	76.48569980013028	0.05511483641379231
260	643.25	nan	nan	1	1	0.001500000000000045	0.001500000000000028	0.0014999999999998368	0.980337485144369	-6.166399856011306e-20	-5.3656877525105545e-18	1.8024183491213708e-19	1.056047915463814	-2.4942884129658393e-18	-1.6821396706112602e-19	-8.88910256166553e-20	0.9663509302932818	97.30242529404974	0.0731526893232862	-1.216904110388797	0.07880238880180974	-0.00015747681577078654	1.0908893578108168	-1.1995421671125124	0.9982330537643848	-0.00029821955345303553	1599.565890624997	95.34659157419807	0.07721822576138697	-1.175430959467426	0.07721841626713062	-0.00016622875283003842	1.053710899303884	-1.1754306918668271	1.053710889115871	-0.00028805597158781346	-0.019858394003857246	0.0	0.0	0.0	0.05453355874692717	0.0	0.0	0.0	-0.034228228863399775	95.38610779463934	0.05501375530567333
264	646.26	nan	nan	1	1	0.001500000000000045	0.001500000000000028	0.0014999999999998368	0.9806384851443707	-3.559706782813032e-19	1.925233044275561e-18	1.1519648082658485e-22	1.055927338399533	3.736919627905788e-18	-7.817097663620487e-20	3.560621578396067e-19	0.9662431150097651	114.99695099568348	0.03155238196655632	-1.144170953867541	0.03397557394442653	-0.00014546502099423053	1.0939107135665962	-1.1273740569129589	1.001000568809769	-0.0003206947308960476	1599.565890624997	112.7108900377295	0.033299430437928365	-1.1049635482509623	0.03330016270572902	-0.00015351938731228895	1.0564255799769424	-1.1049626295298483	1.0564257508272559	-0.000309705456652684	-0.019551404008134588	0.0	0.0	0.0	0.05441937458289207	0.0	0.0	0.0	-0.03433980458090858	112.74223346255779	0.054911170210916654
268	649.2700000000001	nan	nan	1	1	0.001500000000000045	0.001500000000000028	0.0014999999999998368	0.9809394851443817	2.1260526976082939e-19	2.07325205180825e-18	-1.0916221811034521e-19	1.0557989140189343	-2.0410919048668984e-18	1.5563722186029416e-19	7.508947077409373e-20	0.966133363831266	130.62908010302846	-0.015175440750927848	-1.0684086174468286	-0.01633222718697893	-2.577269801756621e-05	1.070564599258734	-1.052281452486248	0.9796454638752908	-0.00025102411469361005	1599.565890624997	128.06238258622463	-0.016012605980232287	-1.0316062271185928	-0.01601131941566467	-2.719446935191006e-05	1.0336879440070539	-1.0316054422981265	1.0336883831461567	-0.00024237734107170628	-0.019244508226337904	0.0	0.0	0.0	0.054297744820881615	0.0	0.0	0.0	-0.03445339650237749	128.08749857157724	0.054805795216757935
272	652.2800000000001	nan	nan	1	1	0.001500000000000045	0.001500000000000028	0.0014999999999998368	0.9812404851443773	9.278060091044704e-20	-2.6442132446298504e-18	1.9444488337169718e-20	1.0556622867063727	2.0940551809928155e-18	1.866454039933796e-19	-9.286191607338346e-20	0.9660206689127668	143.88669097614812	-0.0669916731553563	-0.9956152926394555	-0.07207054827826019	0.00013797199499613098	1.0117459453619195	-0.9801728776557186	0.9258343051940592	-0.00010716491887707952	1599.565890624997	141.09421240563825	-0.07067388207406568	-0.9611498299930249	-0.07067184030696282	0.0001455556495994255	0.9767220838911852	-0.961150188776854	0.9767229481441583	-0.00010345516417978701	-0.018937706600682336	0.0	0.0	0.0	0.054168329880454356	0.0	0.0	0.0	-0.03457004860849123	141.1142062546536	0.054697882354860575
276	655.2900000000001	nan	nan	1	1	0.001500000000000045	0.001500000000000028	0.0014999999999998368	0.9815414851443852	1.8547988665795767e-19	1.22878561438413e-18	1.1518292829942878e-19	1.0555190488828123	-4.607290026922839e-18	-1.2793585635328952e-20	1.2912000841355103e-19	0.9659033460413405	154.7093296054275	-0.12262896198225799	-0.9307770220956076	-0.1318701475653312	0.0002854732416276205	0.9214533435381305	-0.915947479771957	0.843220216336775	0.0001189684326908949	1599.565890624997	151.7458275057448	-0.12934532061316678	-0.8984024303375866	-0.12934413662473684	0.0003011085421251985	0.8894030510266697	-0.8984022400218648	0.8894031839343455	0.00011483043363308877	-0.018630999073383038	0.0	0.0	0.0	0.05403263540327757	0.0	0.0	0.0	-0.034691505633365614	151.76158187310995	0.05458920701020005
280	658.3000000000001	nan	nan	1	1	0.001500000000000045	0.001500000000000028	0.0014999999999998368	0.9818424851443788	1.8518173106052415e-19	2.2641936069101033e-18	-1.2610626518722023e-20	1.0553714664506406	-5.43835809718729e-19	-1.1340754724198377e-19	-2.2924099684490383e-19	0.9657803413281495	163.32173993146338	-0.18086626615175608	-0.8736368872023471	-0.19441064193837274	0.00030694813512022163	0.8122910444705299	-0.8593446356812963	0.7433351715971935	0.00029015101137993827	1599.565890624997	160.23607148386444	-0.19073807336893533	-0.8431091335734043	-0.19073760499939307	0.0003237015788665364	0.7839069168726192	-0.8431088753407076	0.7839069247930014	0.00028001217827851055	-0.018324385586763386	0.0	0.0	0.0	0.053892805856135644	0.0	0.0	0.0	-0.03481886055608053	160.24851649636446	0.05448169968397356
284	661.3100000000001	nan	nan	1	1	0.001500000000000045	0.001500000000000028	0.0014999999999998368	0.9821434851443721	5.154093840088748e-19	-2.6719281626640113e-18	1.277325684459485e-21	1.0552214279778755	1.2909595267784901e-18	-1.4972832002024816e-19	-4.477754972365133e-20	0.965651701152467	170.1221778096504	-0.2358885066984989	-0.8203824459130162	-0.25343995773404643	0.00025129821095270626	0.7006192675677338	-0.8066065925148883	0.6411493691826141	0.0003625883913812668	1599.565890624997	166.95399747815384	-0.2487203561882283	-0.7915854759307319	-0.2487201528288521	0.00026496831665270615	0.6760262108565992	-0.7915851815820912	0.6760265758805301	0.0003498608554929159	-0.018017866083158415	0.0	0.0	0.0	0.05375062924461205	0.0	0.0	0.0	-0.034952067599396924	166.9639813498527	0.05437657283549996
288	664.32	nan	nan	1	1	0.001500000000000045	0.001500000000000028	0.0014999999999998368	0.9824444851443757	4.550938619007905e-20	7.698716338912226e-19	9.242484707260024e-20	1.055070241476129	1.2587858273099829e-18	1.0988389018140588e-19	-1.581774736691098e-19	0.9655181168170296	175.536552560991	-0.28553020556773845	-0.7671937090236612	-0.3066377844916594	0.00015571294681293674	0.5997556057358218	-0.753975494155315	0.5488498603327957	0.0003468186375061322	1599.565890624997	172.31606310343125	-0.3010118630050828	-0.7401430066918002	-0.3010120402359053	0.00016415581714367524	0.5786086513593692	-0.7401426479773549	0.5786089028316841	0.00033459006000872364	-0.0177114405049599	0.0	0.0	0.0	0.05360734430993375	0.0	0.0	0.0	-0.03509041310832862	172.32428524376374	0.05427438505153577
292	667.33	nan	nan	1	1	0.001500000000000045	0.001500000000000028	0.0014999999999998368	0.9827454851443697	-3.3884706021961032e-19	-2.648441633102544e-18	9.348194419077361e-20	1.054918708985421	6.691858438906406e-18	1.9892399359677794e-19	1.0733601507606494e-20	0.9653804674225042	179.929338259274	-0.3315536018898628	-0.7106037464927318	-0.3559033634058024	7.745812450083156e-05	0.5179816954904722	-0.6980471583789482	0.474017342486679	0.0003031183193756084	1599.565890624997	176.67881617440074	-0.34947344853398765	-0.6854368373722678	-0.34947377413468417	8.164458999083294e-05	0.49963673415187354	-0.685436553979769	0.4996370855255092	0.00029238300981085385	-0.01740510879464329	0.0	0.0	0.0	0.05346371086490023	0.0	0.0	0.0	-0.03523298858679482	176.68577412749968	0.05417528627098569
296	670.34	nan	nan	1	1	0.001500000000000045	0.001500000000000028	0.0014999999999998368	0.9830464851443783	2.295662574966495e-19	4.018597046383417e-18	3.174340673130216e-20	1.0547672772943422	-3.6910307709553395e-18	3.7052609244692114e-20	2.8602608562883214e-20	0.9652395397721024	183.57078739757355	-0.37428875979154064	-0.648720257366806	-0.4015961583184898	2.4536221391742162e-05	0.45346909661198276	-0.6369689014315576	0.41497937093002674	0.0002493849358795439	1599.565890624997	180.3066808940079	-0.39445514625365724	-0.6256432408880139	-0.39445530191776335	2.5858213864027133e-05	0.43733777699262233	-0.6256428382642799	0.4373381357848459	0.00024051353066365793	-0.01709887089469216	0.0	0.0	0.0	0.05332015235209425	0.0	0.0	0.0	-0.03537898070344841	180.3126895488373	0.05407923703944157
300	673.35	nan	nan	1	1	0.001500000000000045	0.001500000000000028	0.0014999999999998368	0.9833474851443816	5.929908257137905e-20	1.5939482942090368e-18	-2.039655336988355e-20	1.0546161834939516	-4.406170523926778e-18	-1.790830938402932e-19	-1.9835817558801205e-20	0.9650959525362173	186.64961313716418	-0.413265293391695	-0.5826746812265077	-0.4432170744794028	-8.042152114151047e-06	0.39966084897823884	-0.5718594028182534	0.3657362987873332	0.00019795259485013106	1599.565890624997	183.38430697908333	-0.43546316870089596	-0.5618555877342042	-0.43546329766551445	-8.474123278202016e-06	0.38538087964341755	-0.561855117257765	0.3853812311984251	0.0001908797054454397	-0.016792726747687843	0.0	0.0	0.0	0.0531768936194286	0.0	0.0	0.0	-0.03552774990623449	183.38956371773966	0.05398613536020077
304	676.36	nan	nan	1	1	0.001500000000000045	0.001500000000000028	0.0014999999999998368	0.983648485144378	-2.509928029303943e-20	5.407654846915216e-18	-1.3838146665882957e-19	1.0544655465847022	-1.7845967759111402e-19	-1.496198998029996e-19	4.163505748933788e-20	0.9649501732383104	189.295811493877	-0.4480990652678548	-0.5140667017666395	-0.48035977304967653	-2.410792370669379e-05	0.3509843215611849	-0.5042944003365285	0.3211888844693375	0.00016155447882691766	1599.565890624997	186.03888238689632	-0.47209480573417856	-0.49561809265354406	-0.47209494291782367	-2.5398904932244793e-05	0.33838834416942865	-0.49561776297206916	0.3383885746936125	0.00015575667978623872	-0.016486676296245766	0.0	0.0	0.0	0.053034047652525514	0.0	0.0	0.0	-0.035678812926166766	186.04351792129225	0.05389586831997279
308	679.37	nan	nan	1	1	0.001500000000000045	0.001500000000000028	0.0014999999999998368	0.9839494851443691	-6.593304461427474e-20	6.856630064069891e-19	-1.6247108367874187e-19	1.05431540862985	-4.47428552541318e-18	1.0592655225183378e-19	2.3167028733762916e-19	0.9648025553066241	191.59760203266825	-0.47917081518770155	-0.44384791065943124	-0.5134383307346879	-2.9879175593460372e-05	0.30399726565985624	-0.4352107707118394	0.2781877234398382	0.00013997835772711144	1599.565890624997	188.35669893443674	-0.504753234709167	-0.42784929759170476	-0.5047534418886097	-3.1474392958041775e-05	0.2930396053664619	-0.42784911315339447	0.2930398697333715	0.00013493280151438838	-0.016180719483030532	0.0	0.0	0.0	0.05289165452749757	0.0	0.0	0.0	-0.03583180447766554	188.3608177299772	0.053808322715929995
312	682.3800000000001	nan	nan	1	1	0.001500000000000045	0.001500000000000028	0.0014999999999998368	0.9842504851443689	-1.0040389743573575e-19	3.241764495731658e-20	1.3730065261813307e-19	1.054165776005736	1.5345255448273586e-18	7.361732751176576e-20	-4.4076206443324774e-20	0.9646533678333647	193.61677727045964	-0.5073063533571186	-0.3727909179915407	-0.5433426247467533	-3.170724607225978e-05	0.2569183578574726	-0.3653683810141143	0.23510294369011334	0.00012391880374743036	1599.565890624997	190.39817867775537	-0.534310094164294	-0.35929466894227713	-0.5343103402927916	-3.3395011756601085e-05	0.2476170740127547	-0.3592946606809431	0.24761739164133506	0.00011943253823894472	-0.015874856250747055	0.0	0.0	0.0	0.05274972048942762	0.0	0.0	0.0	-0.035986446490231846	190.40188482657584	0.05372339843012968
316	685.3900000000001	nan	nan	1	1	0.001500000000000045	0.001500000000000028	0.0014999999999998368	0.9845514851443766	-4.033774182732319e-19	-3.4041576523792527e-19	9.001249723881999e-20	1.0540166401105553	1.8086660641403183e-18	3.78386558197441e-20	-9.760657112742842e-20	0.9645028232308779	195.3992806148648	-0.5331475737559835	-0.30122791333851645	-0.570764076120307	-3.243099180948306e-05	0.2090461341958656	-0.29509412802175916	0.1912929459222687	0.00011367479700811689	1599.565890624997	192.20823467472508	-0.5614427813162897	-0.2902747866049413	-0.5614429855709964	-3.415216937795818e-05	0.20144488378173775	-0.29027497558568166	0.20144524497815885	0.0001095414003243769	-0.015569086542167586	0.0	0.0	0.0	0.052608237575720036	0.0	0.0	0.0	-0.03614251949612945	192.2116311765651	0.05364100949462931
320	688.4000000000001	nan	nan	1	1	0.001500000000000045	0.001500000000000028	0.0014999999999998368	0.9848524851443677	5.593127957309596e-20	-1.901934556028384e-18	-6.664455228996836e-20	1.0538679819598686	9.019938658830217e-18	1.0145421829033107e-19	1.1882199359907006e-19	0.9643510995759793	196.98123973287	-0.5568173085360361	-0.22944028167165625	-0.5958375261764217	-3.148051104271987e-05	0.16022778769039184	-0.2246643841131086	0.1466181960370672	0.0001055508649862078	1599.565890624997	193.8221810008681	-0.5862817312363336	-0.22106107203519074	-0.586281866244163	-3.314632686770195e-05	0.15437623358287814	-0.22106136087411987	0.15437661237464348	0.00010169612414215941	-0.015263410300141205	0.0	0.0	0.0	0.05246718796667034	0.0	0.0	0.0	-0.03629983950198066	193.82536944616837	0.053561077204262716
324	763.4100000000001	nan	nan	1	1	0.001500000000000045	0.001500000000000028	0.0014999999999998368	0.9923534851443747	-4.550260992650102e-19	-9.13548750536286e-19	-2.6786569923969995e-19	1.0502498753910656	3.928227101240855e-18	-3.01164258462161e-19	-3.328161856351597e-19	0.9604352099876924	212.99756232297608	-0.7185363674931268	0.8025866444960692	-0.7604597937168316	-0.004829504354324582	-0.5255404428888585	0.776767652874102	-0.48059661046293933	-0.005548499241333198	1599.565890624997	211.16110274107223	-0.7539009346318075	0.770074762518125	-0.7539031286564762	-0.005067200508217164	-0.5042513908332175	0.7700703818655702	-0.5042503764603876	-0.005323735779685761	-0.007675899338775686	0.0	0.0	0.0	0.04902811242042102	0.0	0.0	0.0	-0.04036875351230122	211.17635389979918	0.05223018986965646
328	838.4200000000001	nan	nan	1	1	0.001500000000000045	0.001500000000000028	0.0014999999999998368	0.9998544851443879	2.279814588523367e-19	-6.549123222898689e-19	3.834416508266547e-19	1.046674214018922	4.048681962603995e-19	-8.841668716619289e-20	2.8425070457138713e-19	0.9565259298132354	220.61237747117553	-0.7357649860157174	1.1451861293582128	-0.770216578477209	0.005609521216281526	-0.7138881417441963	1.0955631163728705	-0.6523947457293989	0.005246030080331655	1599.565890624997	220.35433686285864	-0.769317426111888	1.094278219396476	-0.7693156899743779	0.0058653272523864625	-0.6821530793722548	1.0942816843143481	-0.6821453264734989	0.005012823948909371	-0.00014552544392588008	0.0	0.0	0.0	0.04561772207215791	0.0	0.0	0.0	-0.0444473814120487	220.36424535061994	0.052001393423765294
332	913.4300000000001	nan	nan	1	1	0.001500000000000045	0.001500000000000028	0.0014999999999998368	1.0073554851443733	4.955346029344998e-19	-3.851302957103009e-18	-3.005950523216061e-19	1.0431196870825576	3.8465866776526966e-18	3.048234407942996e-19	-4.423002762654616e-19	0.9526729128665474	226.9406284250306	-0.754420760554719	1.2782006530753873	-0.7812065237189606	-0.008649107067000492	-0.7891301542300444	1.2088177284504962	-0.7207117705643209	-0.007451098345604079	1599.565890624997	228.36749806685225	-0.786116765007499	1.2164160379845206	-0.78611829240676	-0.009012488021557796	-0.750985827892555	1.2164180657333885	-0.750991535760842	-0.0070909332634006735	0.007328565487678067	0.0	0.0	0.0	0.04221592215082572	0.0	0.0	0.0	-0.04848365263901567	228.3930310770929	0.052827905534483376
336	988.44	nan	nan	1	1	0.001500000000000045	0.001500000000000028	0.0014999999999998368	1.0148564851443813	5.067289903654126e-20	3.515173178578191e-18	3.5941302017894474e-20	1.0395872382819051	-7.356664106020206e-18	-7.808627334147944e-20	4.8409627001477774e-20	0.9488772776208074	232.6980458589274	-0.7780058796604793	1.340129524276612	-0.796957886533999	0.02256660788228381	-0.8283899306628248	1.2530048275220167	-0.7560957977763186	0.016283650539603747	1599.565890624997	235.89663712312745	-0.8079197055903533	1.2702266035465477	-0.8079126090990024	0.023434279448355983	-0.7851800210177369	1.2702282222459336	-0.7851671951426988	0.015434273884402884	0.014747208550261902	0.0	0.0	0.0	0.03882374810568213	0.0	0.0	0.0	-0.05247580630999365	235.89553404430615	0.05463865566990867
340	1063.45	nan	nan	1	1	0.001500000000000045	0.001500000000000028	0.0014999999999998368	1.0223574851443824	1.5890338090490674e-19	3.3889991507551897e-18	7.359022245745361e-20	1.0360768519832493	-4.1900890309504166e-18	4.658003583540848e-20	5.242117503967414e-20	0.9451372687240592	237.98524159450986	-0.8045249639917713	1.3773632868948207	-0.8153148770071874	0.02013016417177559	-0.8519930970307654	1.273333309059487	-0.7772002541849019	0.014719997934724404	1599.565890624997	243.0318350589945	-0.8326104453431264	1.300330505207783	-0.8326040278059252	0.0208328960641969	-0.8043430697163333	1.300334964761142	-0.8043318463941423	0.013896742081945267	0.02211122038878788	0.0	0.0	0.0	0.035441322536996146	0.0	0.0	0.0	-0.05642510412824569	243.03317871930125	0.057319933007960254
344	1138.46	nan	nan	1	1	0.001500000000000045	0.001500000000000028	0.0014999999999998368	1.0298584851443806	-1.1553529400548657e-19	-4.603414004156204e-18	-1.8496489062602705e-19	1.0325896374281838	-2.0421354494579157e-17	1.9087379246607305e-19	3.3363611352810183e-19	0.9414510797006896	242.89557070106142	-0.8324863454474483	1.4040456853743895	-0.8346881935750445	0.018457179616078588	-0.8680070708584684	1.2835218110990567	-0.7913851573119314	0.013329737741769545	1599.565890624997	249.85846935289004	-0.8586215996578959	1.320310038645139	-0.8586155516613464	0.019036628256782533	-0.8162401417613464	1.3203155338594166	-0.8162300720397586	0.012534767733196965	0.029421399738544674	0.0	0.0	0.0	0.03206985799584196	0.0	0.0	0.0	-0.06033289219167738	249.86157504100314	0.06073826451487156
348	1213.4700000000003	nan	nan	1	1	0.001500000000000045	0.001500000000000028	0.0014999999999998368	1.0373594851443875	-5.931941136211316e-20	3.688618421121559e-18	-1.3248950547772864e-19	1.0291260064352918	1.3325251275661532e-17	1.8678092926494028e-19	2.244298497044994e-20	0.9378171065891077	247.4743017880903	-0.860831777745514	1.424346495153315	-0.8539947351586672	0.01721113568128335	-0.8802635730296454	1.287674509289525	-0.802153650407812	0.012272226231003868	1599.565890624997	256.414986280949	-0.8848524505880772	1.3341904135571558	-0.8848476254606029	0.01769139566951451	-0.8245460107747918	1.3341952649149413	-0.8245369672230632	0.011495437834912216	0.03667852794502268	0.0	0.0	0.0	0.02870990458840267	0.0	0.0	0.0	-0.06420033130181883	256.4193639062275	0.06475999302436367
352	1288.48	nan	nan	1	1	0.001500000000000045	0.001500000000000028	0.0014999999999998368	1.0448604851443488	1.6757699828479078e-19	-1.6827901919147515e-18	2.8856040820701703e-19	1.0256860953272673	-9.835367112756565e-18	-2.620245600354343e-19	2.9620403352303983e-19	0.9342339915434417	251.75558030466905	-0.889360496226584	1.438729816745272	-0.8730353613924433	0.016216642507916997	-0.8896017562519355	1.2864045101412187	-0.8102751881326496	0.011422497723466029	1599.565890624997	262.72958079394226	-0.9110954231476143	1.3424758161546804	-0.9110908852123291	0.01661295822163435	-0.8300855587177979	1.342478753685727	-0.830077362925334	0.0106583089996181	0.043883369465015656	0.0	0.0	0.0	0.025361749962912815	0.0	0.0	0.0	-0.06802834585198725	262.73490819029536	0.06926437662318165
356	1363.4900000000002	nan	nan	1	1	0.001500000000000045	0.001500000000000028	0.0014999999999998368	1.0523614851443872	1.1023625588746367e-19	-1.2516029879172664e-18	1.570466846845253e-19	1.022269871220578	1.1257650627677363e-17	-7.139471305817046e-20	8.326672684688674e-20	0.9307005420068662	255.76698806834935	-0.9182149560143138	1.4482662326673816	-0.8919547766355804	0.015377892927364996	-0.8964358784991204	1.280837420397553	-0.8161306438343143	0.010707732727801464	1599.565890624997	268.82457082169464	-0.937496058120429	1.3462257660766725	-0.9374914324648631	0.01570080503173373	-0.8332757127454591	1.3462275660795004	-0.8332681323631482	0.00995329820531653	0.05103667235009979	0.0	0.0	0.0	0.02202551878298153	0.0	0.0	0.0	-0.07181770542589913	268.8306349768418	0.07414909289913581
360	1438.5	nan	nan	1	1	0.001500000000000045	0.001500000000000028	0.0014999999999998368	1.05986248514436	-8.905365594252812e-20	-3.974251483462865e-18	-3.4472208074176613e-19	1.018877060694914	-1.5527943514337394e-18	4.874572967494828e-19	-5.0052193292793315e-19	0.9272158099460943	259.5317705218531	-0.9472196240124936	1.455631719997883	-0.9105849058777684	0.015912521002175876	-0.9013078172398509	1.2734528231243336	-0.8202157651056525	0.010553888880252198	1599.565890624997	274.71850651404833	-0.9638741621915857	1.3479699359792736	-0.9638686041943074	0.016192303728206948	-0.8346450712850552	1.3479700654042208	-0.8346372513468044	0.0097732996078614	0.05813916871229556	0.0	0.0	0.0	0.01870109995029141	0.0	0.0	0.0	-0.07556893582274461	274.72432160276355	0.07933061358178231
364	1513.5100000000002	nan	nan	1	1	0.001500000000000045	0.001500000000000028	0.0014999999999998368	1.0673634851443712	-1.140038584368508e-19	4.846383711010205e-19	-1.7032816129747274e-19	1.0155075350139804	3.1275980069689348e-18	1.1633489310769462e-19	4.0001639153852684e-19	0.9237787104228417	263.0696564295653	-0.9759202118808558	1.4635062344245076	-0.9285023233675735	0.015149929573996381	-0.9045694502745025	1.2666306883305807	-0.8228552809897673	0.00992040701667755	1599.565890624997	280.42689170184013	-0.989769397999646	1.3502030518170076	-0.9897645513883859	0.015364920709339782	-0.8345385920554939	1.350202496492818	-0.8345323379832831	0.009152379070289379	0.06519157517420517	0.0	0.0	0.0	0.015388522014694084	0.0	0.0	0.0	-0.07928272690734456	280.4333501306869	0.08474250335695852
368	1588.5200000000002	nan	nan	1	1	0.001500000000000045	0.001500000000000028	0.0014999999999998368	1.0748644851443694	4.585090987441198e-19	5.37330596683816e-19	4.0148006447138228e-19	1.01216058556003	-8.364348710182545e-18	-2.600458910706482e-19	-3.0129978373372167e-19	0.9203884060328001	266.3773903027257	-1.0034969864460215	1.4726894068560343	-0.9449744219611201	-0.022105417609652196	-0.9064225677726634	1.2610581862887638	-0.8242247057678241	-0.008112429819199777	1599.565890624997	285.94124187700504	-1.0143579091210593	1.353655112787404	-1.0143772316805477	-0.022344666191960478	-0.8331583954492987	1.3536754882115944	-0.8331453511879005	-0.007456719693076658	0.07219459330253562	0.0	0.0	0.0	0.012087239660143816	0.0	0.0	0.0	-0.08295951756171623	285.9747928048824	0.09033219942505957
372	1663.5300000000002	nan	nan	1	1	0.001500000000000045	0.001500000000000028	0.0014999999999998368	1.0823654851443891	3.689811043511293e-19	1.577514160966409e-19	-1.243037790754631e-19	1.0088368412838715	-8.076330403061771e-18	3.5941302017894474e-20	1.0790522121661983e-18	0.9170438378163833	269.51134706533793	-1.0296941023452626	1.483697949473948	-0.9597617233124744	-0.02274300512083098	-0.9075441181207158	1.2570940839230607	-0.8249534450869876	-0.009401328444021282	1599.565890624997	291.31713095520007	-1.0373951027937434	1.3587846370814116	-1.037414693965468	-0.022913098250660898	-0.8311375004685072	1.3588037975278275	-0.8311232064133086	-0.008609825647074479	0.07914891002714262	0.0	0.0	0.0	0.008798024910412521	0.0	0.0	0.0	-0.08660000217979628	291.35149610482097	0.0960587002331793
376	1738.5400000000002	nan	nan	1	1	0.001500000000000045	0.001500000000000028	0.0014999999999998368	1.0898664851443962	-1.8908485888147197e-19	-5.344032508181051e-18	-3.310611333684488e-19	1.0055356786754286	1.3574441592480168e-17	3.5274517681815885e-19	1.0744985630417593e-18	0.9137441422821995	272.4654430325554	-1.0538457433943225	1.4970701277465865	-0.972320302120828	-0.022420032865694627	-0.9085262600144954	1.2551587509982343	-0.8255767911909642	-0.009574412016804168	1599.565890624997	296.5441339058316	-1.0582277410059937	1.3660649924812955	-1.058247529162903	-0.022513257638947154	-0.829023233817305	1.3660813664528584	-0.829009623320264	-0.008736577423687915	0.08605519804524021	0.0	0.0	0.0	0.005520413117134494	0.0	0.0	0.0	-0.09020467857377307	296.57833799673784	0.10188957952214597
380	1813.5500000000002	nan	nan	1	1	0.001500000000000045	0.001500000000000028	0.0014999999999998368	1.0973674851443753	-1.2248435230476086e-19	-2.4841240175987877e-18	3.729655473350135e-20	1.0022568551817277	1.8901641861933382e-17	3.984442983884229e-20	2.25730892311482e-19	0.9104884333062475	275.25108337089904	-1.0755023237862726	1.513475717760489	-0.9823054291885928	-0.02219619493048875	-0.9097849852024386	1.2557482563156623	-0.8264703586733533	-0.009844958844611486	1599.565890624997	301.6307185205276	-1.0764276184802268	1.3760820637195954	-1.0764480516631316	-0.02221529114343125	-0.8271945068474468	1.3760972134776297	-0.8271814018953696	-0.008951231344612412	0.09291411621196943	0.0	0.0	0.0	0.0022543123092834856	0.0	0.0	0.0	-0.09377408356760245	301.6648823672145	0.10779933703702421
384	1888.5600000000002	nan	nan	1	1	0.001500000000000045	0.001500000000000028	0.0014999999999998368	1.1048684851443697	-1.1121542597448964e-19	-6.517139258810367e-19	9.730714498057402e-20	0.9990001593398046	-1.1672750981940594e-17	-3.2114068349020643e-19	-1.79435459546351e-20	0.9072758319016191	277.87916501548307	-1.09513203267819	1.53363262724761	-0.9902157996211858	-0.022119950409024456	-0.9112442568179492	1.2593753844621	-0.8275647672423019	-0.010300885452386242	1599.565890624997	306.5851290107888	-1.0924876946166957	1.3894572710017168	-1.092508820006233	-0.022066538925258512	-0.8255790440286673	1.3894736033801292	-0.8255665049807016	-0.009332508930290938	0.0997263099176195	0.0	0.0	0.0	-0.0010003408342921553	0.0	0.0	0.0	-0.09730876054520045	306.6194471832135	0.11376778383199745
388	1963.5700000000002	nan	nan	1	1	0.001500000000000045	0.001500000000000028	0.0014999999999998368	1.1123694851443848	2.630274470449834e-19	2.62832290653936e-18	-1.0733601507606494e-20	0.9957653783674326	1.0156805951844206e-17	-1.0928757898653885e-19	-9.58434720477186e-19	0.9041054838856504	280.35953333221374	-1.1137994942557723	1.5578180295013833	-0.9970655925763068	-0.022177261721184564	-0.9118683402201669	1.2661717987670735	-0.827918508954685	-0.010944069702568334	1599.565890624997	311.4147670684389	-1.1074875333815135	1.4064057617031447	-1.1075098662551117	-0.02205158200144664	-0.8232392123557634	1.4064247828321246	-0.823226650803781	-0.00988035983323382	0.10649241145196461	0.0	0.0	0.0	-0.004243613035189539	0.0	0.0	0.0	-0.1008092396829942	311.4494315322765	0.11977883501815889
392	2038.5800000000002	nan	nan	1	1	0.001500000000000045	0.001500000000000028	0.0014999999999998368	1.1198704851443744	2.1679257713558102e-19	-3.1799649718999843e-18	-1.498367402374967e-19	0.9925522543751069	-1.5236835231025036e-18	3.9454117056747504e-19	-1.0831179703130189e-19	0.9009765977003938	282.70098948017426	-1.1327319978382826	1.586147460354893	-1.003972673974224	-0.022358694598301525	-0.9108103138355524	1.2761323822115647	-0.8267678007499285	-0.011895290154264502	1599.565890624997	316.12616137548116	-1.1226538226888385	1.4269947698632144	-1.122677455543914	-0.022159764188721287	-0.8194203796726438	1.4270159865279917	-0.8194118589033311	-0.010701726832095965	0.11321304035643219	0.0	0.0	0.0	-0.007475618562274017	0.0	0.0	0.0	-0.10427599540657749	316.1614194477786	0.1258195763128198
396	2113.59	nan	nan	1	1	0.001500000000000045	0.001500000000000028	0.0014999999999998368	1.127371485144379	1.5547543856736859e-19	-4.003958622988968e-19	-1.783512573738655e-20	0.989360550815623	9.230815981378649e-18	2.8080836267374563e-19	-5.326685273421284e-19	0.8978883443496484	284.9094335344394	-1.152949404163306	1.6189946557806547	-1.0118292021859778	-0.023646052969331286	-0.9083381663185383	1.2894556784135085	-0.8243743819982545	-0.02002293707960504	1599.565890624997	320.7228524068362	-1.1389925130819867	1.4515225250069153	-1.1390172092507882	-0.023359808503958975	-0.8143778016976146	1.451541628869871	-0.8143950165393434	-0.017951723363675214	0.11988880376465086	0.0	0.0	0.0	-0.010696452809160697	0.0	0.0	0.0	-0.10770955655126825	320.7625298642499	0.13187962958750601
400	2188.6000000000004	nan	nan	1	1	0.001500000000000045	0.001500000000000028	0.0014999999999998368	1.1348724851443983	-2.0782630987242063e-19	3.2206225533681907e-18	-1.1210650463500116e-19	0.986189975363545	8.537577112291417e-18	8.304988641238964e-20	-3.0878077872387165e-19	0.8948400885566686	286.99693774351033	-1.1745662321874946	1.6563504516497036	-1.0207012003633578	-0.02317602243045809	-0.905218193221208	1.3060401925511602	-0.8213892035498543	-0.023564614164461976	1599.565890624997	325.2155081745463	-1.156604858359197	1.4799416071813196	-1.1566250921715446	-0.02282161653037428	-0.8088083451127573	1.4799618708702138	-0.808828584881284	-0.021054875750736952	0.12652029673147108	0.0	0.0	0.0	-0.013906270156017654	0.0	0.0	0.0	-0.11111024867474738	325.2567342340058	0.1379504824507152
