6	header
postResults v2.0.3	--cr f,p,texture --time RVE_1_40_D_tensionX.spectralOut
addCauchy v2.0.3	RVE_1_40_D_tensionX.txt
addStrainTensors v2.0.3	--left --logarithmic RVE_1_40_D_tensionX.txt
addMises v2.0.3	-s Cauchy RVE_1_40_D_tensionX.txt
addMises v2.0.3	-e ln(V) RVE_1_40_D_tensionX.txt
inc	time	elem	node	ip	grain	1_pos	2_pos	3_pos	1_f	2_f	3_f	4_f	5_f	6_f	7_f	8_f	9_f	1_p	2_p	3_p	4_p	5_p	6_p	7_p	8_p	9_p	texture	1_Cauchy	2_Cauchy	3_Cauchy	4_Cauchy	5_Cauchy	6_Cauchy	7_Cauchy	8_Cauchy	9_Cauchy	1_ln(V)	2_ln(V)	3_ln(V)	4_ln(V)	5_ln(V)	6_ln(V)	7_ln(V)	8_ln(V)	9_ln(V)	Mises(Cauchy)	Mises(ln(V))
0	0.0	nan	nan	1	1	6.000000000000838e-05	6.000000000000867e-05	5.999999999999513e-05	1.0	0.0	0.0	0.0	1.0	0.0	0.0	0.0	1.0	2.7716487604837305e-06	-1.193192284640359e-09	-2.8066754232013673e-08	-1.19319228464005e-09	2.7018729684353462e-06	-1.6832583398956398e-08	-2.8066754232013544e-08	-1.6832583398956544e-08	2.6991213888906947e-06	1599.565890624997	2.7716487604837305e-06	-1.193192284640359e-09	-2.8066754232013673e-08	-1.19319228464005e-09	2.7018729684353462e-06	-1.6832583398956398e-08	-2.8066754232013544e-08	-1.6832583398956544e-08	2.6991213888906947e-06	0.0	0.0	0.0	0.0	0.0	0.0	0.0	0.0	0.0	9.102600058541354e-08	0.0
4	3.0	nan	nan	1	1	6.000000000000838e-05	6.000000000000867e-05	5.999999999999513e-05	1.0000000000000064	5.962317855282224e-24	-5.3974527585820115e-22	5.72078111641674e-24	1.000256500000016	-6.212060225824233e-22	-4.0862722260119567e-25	8.41738991333961e-24	0.9998726512123346	6824367.305453496	-250.8636997232833	700.4930890399129	-250.9280462622854	20440437.30554532	2750.5956498178316	700.4038820942598	2749.5401077588344	4.54109817292192e-06	1599.565890624997	6823486.266818612	-250.89565098026455	700.3134586377565	-250.8956509802852	20443040.70199478	2749.8903029550615	700.3134586377652	2749.890302955111	4.5399336799329376e-06	6.4392935428258874e-15	0.0	0.0	0.0	0.0002564671095147984	0.0	0.0	0.0	-0.00012735689721098763	18027342.97783595	0.00022574126077213027
8	6.0	nan	nan	1	1	6.000000000000838e-05	6.000000000000867e-05	5.999999999999513e-05	1.0000000000000007	-6.706780406579948e-23	6.297160567243689e-23	-2.5477162866633253e-24	1.0005129999999862	2.863791924887188e-21	9.323979864697728e-24	-3.425189480459577e-23	0.9997452535240163	13650487.04237024	-501.7961361882795	1401.1856727931267	-502.0535576061482	40896607.06077178	5503.338449290709	1400.8287256807869	5499.115446990364	-1.1149186897455365e-05	1599.565890624997	13646964.449162066	-501.92399955837834	1400.4672331025636	-501.9239995583897	40907027.98199313	5500.51668423177	1400.4672331025674	5500.5166842317585	-1.1143470297193226e-05	6.661338147750937e-16	0.0	0.0	0.0	0.0005128684604708176	0.0	0.0	0.0	-0.0002547789293788914	36074477.37407282	0.0004514738520160357
12	9.0	nan	nan	1	1	6.000000000000838e-05	6.000000000000867e-05	5.999999999999513e-05	0.999999999999989	1.9607158367711947e-22	-1.055508931397265e-21	1.1196716771517782e-23	1.0007695000000323	1.7695577059326403e-21	2.062988447707251e-23	7.287130324347153e-23	0.9996178069163736	20478359.20748528	-752.7973176925391	2102.077711755511	-753.3765952286076	61368513.29519417	8258.228821571734	2101.274312192831	8248.725189599769	-1.833930140492157e-06	1599.565890624997	20470436.88600339	-753.0851416250582	2100.461406703008	-753.0851416251297	61391976.88415012	8251.879000680536	2100.4614067029834	8251.879000680841	-1.8325200163389004e-06	-1.099120794378911e-14	0.0	0.0	0.0	0.0007692040867008478	0.0	0.0	0.0	-0.000382266138017293	54141418.92444078	0.000677197822023946
16	12.0	nan	nan	1	1	6.000000000000838e-05	6.000000000000867e-05	5.999999999999513e-05	0.9999999999999796	-5.920958824654572e-23	-1.0545560193316039e-22	-6.232309607219531e-23	1.00102599999999	7.38956837140572e-22	1.5637022299702435e-23	5.476597399591085e-23	0.999490311370753	27307983.797369577	-1003.8672525283631	2803.16916659498	-1004.8972203294363	81856160.03800312	11015.267189997283	2801.7404231449436	10998.368507474086	-3.64167434781848e-06	1599.565890624997	27293905.91648263	-1004.379173172402	2800.296062834597	-1004.3791731723707	81897902.46765172	11003.977109483287	2800.2960628345722	11003.977109483509	-3.6379418195111256e-06	-2.042810365310309e-14	0.0	0.0	0.0	0.0010254740217279334	0.0	0.0	0.0	-0.0005098185646493839	72228183.37659949	0.0009029132189020456
20	15.0	nan	nan	1	1	6.000000000000838e-05	6.000000000000867e-05	5.999999999999513e-05	0.9999999999999906	1.1434283043443012e-22	1.472672657920008e-21	-5.963641344262309e-23	1.0012825000000058	-7.098136097991037e-22	3.8182657075447755e-23	1.2467266192399233e-22	0.9993627668684736	34139360.80890124	-1255.0059489766736	3504.4599981294336	-1256.6154941062114	102359551.3189739	13774.453978280402	3502.2268401105794	13748.044572672261	9.683719186796225e-06	1599.565890624997	34117373.88037139	-1255.8061902879128	3499.9712849564894	-1255.806190287869	102424819.80764692	13756.810868341803	3499.971284956519	13756.810868341841	9.671315724381588e-06	-9.436895709313875e-15	0.0	0.0	0.0	0.0012816782993596374	0.0	0.0	0.0	-0.0006374362508525331	90334786.4908286	0.0011286200909664044
24	18.0	nan	nan	1	1	6.000000000000838e-05	6.000000000000867e-05	5.999999999999513e-05	0.9999999999999976	-8.791275550213578e-23	1.9538932510788574e-21	-2.3531634065908532e-23	1.0015390000000046	-3.1844733047617454e-21	3.928115292891818e-23	3.7237685943667178e-22	0.9992351733908442	40972490.23873486	-1506.213415400949	4205.9501672914985	-1508.5314778472791	122878691.16733585	16535.789609909163	4202.733344686764	16497.752556827363	1.0181169800489442e-05	1599.565890624997	40940843.11755686	-1507.3662892487146	4199.487156557547	-1507.3662892487318	122972743.99414377	16510.380134881543	4199.48715655753	16510.380134881838	1.0165525057432345e-05	-2.4424906541753475e-15	0.0	0.0	0.0	0.0015378169531553591	0.0	0.0	0.0	-0.0007651192382431139	108461244.03917618	0.0013543184864063084
28	21.0	nan	nan	1	1	6.000000000000838e-05	6.000000000000867e-05	5.999999999999513e-05	0.9999999999999992	1.4866751713293057e-22	3.4098370082905927e-22	-5.9557004103817994e-24	1.00179550000002	3.507192857665634e-21	-3.038730698274802e-23	2.3685158787598374e-22	0.9991075309191266	47807372.08360859	-1757.4896601884225	4907.639635116861	-1760.645232873253	143413583.6126089	19299.274508840146	4903.259718482487	19247.49163183281	1.0742387272330234e-05	1599.565890624997	47764315.9683458	-1759.0595664629063	4898.843761143633	-1759.059566462832	143541690.1328689	19264.684767340015	4898.843761143666	19264.684767340448	1.0723133885443126e-05	-7.771561172376099e-16	0.0	0.0	0.0	0.001793890016756901	0.0	0.0	0.0	-0.0008928675685131011	126607571.80614775	0.0015800084535026924
32	24.0	nan	nan	1	1	6.000000000000838e-05	6.000000000000867e-05	5.999999999999513e-05	1.0000000000000022	1.542526406288886e-22	9.443358570701381e-22	-6.829203137237797e-24	1.0020519999999773	2.003868194966861e-21	-1.125097981970126e-22	-2.1731689052993145e-22	0.99897983943462	54644006.34023507	-2008.8346917211734	5609.528362494692	-2012.956820508536	163964232.6842269	22064.909099198114	5603.8057428688535	21997.260969546707	-6.495284418633673e-06	1599.565890624997	54587794.77336378	-2010.8861184406721	5598.041181989364	-2010.8861184406733	164131673.34490284	22019.724624269562	5598.041181989336	22019.724624268867	-6.481983388725558e-06	2.2204460492503107e-15	0.0	0.0	0.0	0.002049897523673412	0.0	0.0	0.0	-0.0010206812833434469	144773785.5884409	0.001805690040450927
36	27.0	nan	nan	1	1	6.000000000000838e-05	6.000000000000867e-05	5.999999999999513e-05	1.0000000000000098	1.1557367518590903e-22	4.71479714265425e-22	-1.1509060170817805e-22	1.0023085000000083	1.189551895300258e-21	6.965522502186535e-23	2.654389498458164e-22	0.998852098831882	61482388.44428632	-2260.3423471139604	6311.783900276841	-2265.5603474222808	184530628.3573334	24832.6660230177	6304.538596164673	24747.032053187406	3.17744671338005e-06	1599.565890624997	61411277.323136896	-2262.939978558707	6297.246706255338	-2262.9399785587184	184742694.71239322	24775.47184626016	6297.246706255268	24775.47184626016	3.1701284718098355e-06	9.76996261670133e-15	0.0	0.0	0.0	0.0023058395075945793	0.0	0.0	0.0	-0.0011485605112858456	162959888.774659	0.0020313633393083943
40	30.0	nan	nan	1	1	6.000000000000838e-05	6.000000000000867e-05	5.999999999999513e-05	1.0000000000000102	-2.4988795432981945e-22	1.7836925682399462e-21	3.917527381051139e-23	1.0025649999999906	1.6418674891340544e-21	1.5700549770746507e-22	-2.6639186191147746e-22	0.9987242948553426	68321792.83362174	-2516.2830257512114	7028.78483623394	-2522.737291711479	205110435.55922088	27598.571383393	7019.818179257624	27492.84459750186	0.00015664128063508544	1599.565890624997	68234042.3082359	-2519.4971612417316	7010.80212877363	-2519.4971612409977	205372430.22502765	27527.962160451418	7010.802128773659	27527.9621604516	0.00015624052369180957	1.0214051826551388e-14	0.0	0.0	0.0	0.002561716001929274	0.0	0.0	0.0	-0.0012765195491653287	181163823.57732797	0.002257035576916569
44	33.0	nan	nan	1	1	6.000000000000838e-05	6.000000000000867e-05	5.999999999999513e-05	1.0000000000000009	5.118858328274152e-22	-3.259118083238531e-21	5.35218943546311e-23	1.002821499999994	5.671520856577982e-21	1.0120720230708805e-22	1.8804131429045468e-22	0.9985963204014752	75156921.54298535	-2880.7296680057366	7713.165909646052	-2888.857646761655	225685835.69454142	30339.485798227008	7702.339096018934	30211.656691627082	0.0005593706505605951	1599.565890624997	75050810.21050407	-2884.778973396945	7691.464442720954	-2884.7789733946083	226003071.59534356	30254.123787959434	7691.46444272125	30254.12378795946	0.0005577968268137495	8.881784197001248e-16	0.0	0.0	0.0	0.0028175270402516256	0.0	0.0	0.0	-0.001404665679601991	199369761.49531758	0.002482760813538168
48	36.0	nan	nan	1	1	6.000000000000838e-05	6.000000000000867e-05	5.999999999999513e-05	1.0000000000000013	3.8971456507578327e-22	-4.2097537478538727e-22	5.913348763019084e-23	1.0030779999999964	-6.950222969576755e-21	-4.648093298057973e-23	-2.15781643313033e-22	0.9984678489181265	81972037.00815268	-3594.6295884735464	8170.861275939336	-3605.693858340222	246201809.58923003	33089.481836651146	8158.34228199691	32937.40242658924	0.001505560614335991	1599.565890624997	81845901.59180656	-3600.145555381121	8145.788538816877	-3600.145555374503	246579606.8005571	32987.94494211938	8145.788538818228	32987.94494212105	0.0015009407188035096	1.332267629550187e-15	0.0	0.0	0.0	0.0030732726560223247	0.0	0.0	0.0	-0.0015333260256230807	217528681.71028304	0.0027087038693335177
52	39.0	nan	nan	1	1	6.000000000000838e-05	6.000000000000867e-05	5.999999999999513e-05	1.0000000000000018	-4.0085834228809764e-22	4.3390321514285604e-21	1.6517142471458857e-22	1.0033344999999996	8.288323268001736e-21	-1.1233774462960158e-22	3.085317510373789e-22	0.9983381778829177	88734093.0121598	-5062.64267095421	7960.436323633013	-5079.524052926064	266538590.7875316	35947.65758678703	7947.207494491996	35768.64841621293	0.0034007219225823063	1599.565890624997	88586407.37573615	-5071.069887049771	7933.980465769893	-5071.0698870353635	266982267.8250717	35828.18849225954	7933.980465773125	35828.18849226431	0.003389419901919362	1.7763568394002489e-15	0.0	0.0	0.0	0.0033289528826958782	0.0	0.0	0.0	-0.0016632044751578277	235533621.97544533	0.0029352195264091573
56	42.0	nan	nan	1	1	6.000000000000838e-05	6.000000000000867e-05	5.999999999999513e-05	1.0000000000000113	5.219178792964584e-22	-2.956144985917508e-22	2.7719153198896977e-22	1.0035909999999941	-4.679962912698416e-21	-1.5531143181295647e-22	-1.9164120431628545e-23	0.9982060645887003	95385679.25862695	-7881.766262226843	6244.6441327302555	-7910.069684848035	286482239.3584256	39019.34695982584	6233.441644496991	38809.98212578343	0.007146856431856577	1599.565890624997	95215184.80003792	-7895.931052547099	6222.299853954671	-7895.9310525208175	286997093.60758513	38879.72984993451	6222.299853962133	38879.72984994257	0.007121283901366728	1.1324274851176532e-14	0.0	0.0	0.0	0.00358456775369273	0.0	0.0	0.0	-0.0017955464404396573	253193180.56802583	0.0031629361093225296
60	45.0	nan	nan	1	1	6.000000000000838e-05	6.000000000000867e-05	5.999999999999513e-05	1.0000000000000007	2.0887303083699012e-22	1.4255564502289875e-21	1.8539433633028498e-22	1.0038475000000142	-6.448250069210175e-21	-1.5977820712074282e-22	1.0090279984166852e-22	0.9980696531722425	101842514.85777107	-12793.643279341684	1694.881619327913	-12842.866821818241	305710178.6053043	42442.48104513717	1691.6099099879143	42198.194782067185	0.01369655567637892	1599.565890624997	101648394.2598427	-12818.387212434165	1688.3855559015565	-12818.38721239336	306301446.631146	42279.80947816928	1688.38555591882	42279.80947817153	0.013644060154932617	6.661338147750937e-16	0.0	0.0	0.0	0.0038401173024497307	0.0	0.0	0.0	-0.0019322123483160425	270218296.777032	0.003392794163212052
64	48.0	nan	nan	1	1	6.000000000000838e-05	6.000000000000867e-05	5.999999999999513e-05	1.0000000000000058	-2.2075796187815202e-23	2.299747391354629e-21	-1.571246117156727e-22	1.0041039999999941	2.1089320441619162e-20	4.5938302498744946e-23	8.057400910756532e-23	0.9979266331111654	108001341.31011131	-20549.515096442017	-7575.958786953151	-20633.850306344695	323816839.37276113	46460.212039964696	-7560.251044816613	46174.38330560898	0.016420480005192986	1599.565890624997	107783389.92908491	-20592.210303452997	-7544.994131039365	-20592.210303400225	324489625.417871	46270.318652216	-7544.99413100299	46270.31865223809	0.016353365791982696	5.7731597280507974e-15	0.0	0.0	0.0	0.004095601562279247	0.0	0.0	0.0	-0.002075519289620793	286244986.3014801	0.003625970063223369
68	51.0	nan	nan	1	1	6.000000000000838e-05	6.000000000000867e-05	5.999999999999513e-05	0.9999999999999863	-4.361160887175579e-22	-4.653334314419109e-21	-3.1742559698354908e-22	1.004360500000013	6.874731158152716e-21	9.764701695065981e-23	-1.0603264312847738e-21	0.9977746990871937	113761320.60810803	-31636.259380985066	-23768.325920925607	-31774.209289973198	340392299.79045767	51459.80666676616	-23715.43424348612	51122.37400057693	-0.010372203940594772	1599.565890624997	113520034.26765658	-31706.816588882917	-23665.134103666584	-31706.81658883951	341151464.45572084	51236.39038648592	-23665.13410359464	51236.39038687443	-0.010327172305755588	-1.3655743202889519e-14	0.0	0.0	0.0	0.004351020566610293	0.0	0.0	0.0	-0.002227780574227845	300904646.89203316	0.003863648555121725
72	54.0	nan	nan	1	1	6.000000000000838e-05	6.000000000000867e-05	5.999999999999513e-05	0.9999999999999927	-4.870439446712227e-24	-5.29072660722797e-21	-1.717359300558094e-22	1.004616999999987	2.3321993411463093e-21	-3.341544976918215e-22	-3.7454738136401094e-22	0.9976121590554767	119051278.89916281	-46007.83441095045	-48971.67716795506	-46220.25258240673	355128704.4748811	58081.07436116568	-48854.740591814385	57676.09546051137	0.10309356139635202	1599.565890624997	118787791.6130197	-46117.9567563714	-48746.61405088312	-46117.95675635262	355978725.0499372	57814.14644702096	-48746.61405060633	57814.14644656958	0.10261976593702288	-7.32747196252606e-15	0.0	0.0	0.0	0.00460637434868866	0.0	0.0	0.0	-0.0023906963831728674	313919558.1714808	0.0041067184158936005
76	57.0	nan	nan	1	1	6.000000000000838e-05	6.000000000000867e-05	5.999999999999513e-05	1.0000000000000009	-5.662415252394998e-22	1.8221108063538493e-20	6.115577879176048e-22	1.0048735000000006	-5.340966248911991e-21	-6.252161941920805e-22	-1.5173536458876722e-21	0.9974383584857897	123847551.96778214	-62967.58807064225	-84734.3665906172	-63274.4606111789	367896876.8716944	67053.7212733016	-84517.30751927866	66557.58528925844	-0.15372269849295844	1599.565890624997	123563433.38144839	-63129.30271323557	-84323.41642069083	-63129.30271330979	368841717.1264578	66728.51983190073	-84323.41642049167	66728.51983585171	-0.15297716428282593	8.881784197001248e-16	0.0	0.0	0.0	0.00486166294189866	0.0	0.0	0.0	-0.002564928131791383	325172003.9302377	0.004355555274147517
80	60.0	nan	nan	1	1	6.000000000000838e-05	6.000000000000867e-05	5.999999999999513e-05	1.0000000000000058	1.1388357975834068e-21	1.7726811399256404e-22	4.861969117239684e-22	1.0051299999999856	1.6000452373633734e-21	-3.4728350837426315e-23	-1.367534693342068e-21	0.9972536996967616	128172837.16834249	-81326.02231312163	-131823.37192093805	-81743.22480787008	378753417.9803296	78865.91778041577	-131461.34535427522	78247.91648243484	-0.22961956541438122	1599.565890624997	127869835.37733456	-81549.98305631783	-131150.56949940723	-81549.98305660092	379796453.09463	78463.40053566846	-131150.56949902643	78463.40054313913	-0.22844762907721716	5.7731597280507974e-15	0.0	0.0	0.0	0.0051168863794474745	0.0	0.0	0.0	-0.0027500783045191347	334711249.8657431	0.004610003380088239
84	104.0	nan	nan	1	1	6.000000000000838e-05	6.000000000000867e-05	5.999999999999513e-05	0.999999999999991	-1.2902005852577502e-20	-2.0430434687773725e-20	-6.284984468626908e-22	1.0088919999999895	-1.0259601870322987e-19	2.952756854128491e-21	1.7604732775733377e-20	0.9939762567084528	165444199.11823896	-215330.74325119102	-1299255.1228999775	-217245.9709654827	436911266.4100567	88111.04999187107	-1291429.1499161625	86809.10419970578	5693.506709053368	1599.565890624997	164979831.44532987	-216635.70110241827	-1287803.9699987737	-216636.20642539137	439559057.3329086	87334.47186802235	-1287804.3752049927	87335.18895831019	5643.326252020512	-8.992806499463809e-15	0.0	0.0	0.0	0.008852698972658253	0.0	0.0	0.0	-0.006041959222066922	384595707.0665599	0.008650322962235037
88	148.0	nan	nan	1	1	6.000000000000838e-05	6.000000000000867e-05	5.999999999999513e-05	0.9999999999999902	1.9183602189415394e-20	5.499988214429513e-19	-8.233160247311799e-22	1.0126540000000006	-2.837695898573467e-19	5.022905377218001e-21	-1.9292022406663944e-20	0.9904534036870882	185539131.97453782	-174774.9175012507	-1877915.8556442908	-176986.88922817048	452935054.04005986	-187207.02805406856	-1859988.2283483276	-183102.38295812882	4734.004554993939	1599.565890624997	184986650.64811742	-176459.5051626161	-1854449.6497760422	-176459.87398195697	457300719.4017974	-184867.71202609214	-1854449.7268333735	-184867.2358300843	4674.849015551198	-9.769962616701425e-15	0.0	0.0	0.0	0.012574607198145602	0.0	0.0	0.0	-0.009592457173633932	398443208.97792435	0.012836707120842792
92	192.0	nan	nan	1	1	6.000000000000838e-05	6.000000000000867e-05	5.999999999999513e-05	1.0000000000000016	-1.5002647561768167e-20	-5.954912669740853e-19	-1.7318435639561426e-20	1.0164159999999798	3.2203515028250696e-19	-1.8116340675874977e-20	5.295649986233886e-20	0.9868726526081408	197322277.35070395	-76171.65382942138	-2035543.0698583038	-77422.24178487607	458575242.6146316	-365755.4515889492	-2008821.8484267923	-355124.39322989265	2716.982237576902	1599.565890624997	196717733.44686425	-77184.88664987544	-2002667.2837286515	-77185.04026398816	464675195.3280826	-359848.18380363536	-2002667.343123734	-359848.2461656599	2673.100617834579	1.554312234475218e-15	0.0	0.0	0.0	0.016282714173874575	0.0	0.0	0.0	-0.013214272586189442	404007082.8623143	0.01706078029200043
96	236.0	nan	nan	1	1	6.000000000000838e-05	6.000000000000867e-05	5.999999999999513e-05	1.0000000000000044	-3.426078865054194e-20	-6.237482860944888e-19	-2.0996252696539597e-20	1.0201779999999945	1.7365666196700324e-18	-2.616315367479083e-20	-5.44608303766625e-20	0.9832836718216238	204865395.9052361	-634.3371081112097	-2066519.9912687002	-647.0522225111158	460673815.39052725	-441167.6910676496	-2031975.2961158373	-425212.86139066616	-2526.625283281005	1599.565890624997	204227314.26209792	-645.121165223914	-2025646.496267026	-645.0368887671783	468505507.2022953	-432441.87883648736	-2025646.427689656	-432441.69874489843	-2476.6514111076767	4.440892098500617e-15	0.0	0.0	0.0	0.01997712187503129	0.0	0.0	0.0	-0.016857622823959396	406864991.85504466	0.021291956033125777
100	280.0	nan	nan	1	1	6.000000000000838e-05	6.000000000000867e-05	5.999999999999513e-05	1.000000000000006	-9.950265437985716e-20	-2.459377103011806e-19	-8.714274961352242e-21	1.0239399999999936	2.3557544803765042e-18	3.942091336521514e-20	3.195685903401024e-19	0.979704414139379	210059514.4171085	50315.367471414516	-2066792.3209608186	51520.10500829421	461348895.4077915	-457753.17397278675	-2024845.648931923	-437977.27644480276	-1354.9780311295092	1599.565890624997	209398122.5289475	51357.702124485906	-2018470.1456733977	51357.88917329977	470906212.8836691	-447050.7783393428	-2018470.2343704936	-447050.42676524125	-1323.2982705329507	5.995204332975827e-15	0.0	0.0	0.0	0.023657931150628995	0.0	0.0	0.0	-0.020504371038568246	408665007.7687705	0.025518776845753384
104	324.0	nan	nan	1	1	6.000000000000838e-05	6.000000000000867e-05	5.999999999999513e-05	1.0000000000000049	1.87512765731368e-19	-8.153200337090993e-19	4.3842425349882584e-20	1.027701999999993	-1.0785643211885799e-18	3.987153489315443e-20	-3.552117367605634e-20	0.9761420581087921	213822994.39441735	85590.26338035591	-2063428.257836573	87961.51544903683	461342810.0187857	-441028.4988402521	-2014199.341611878	-418901.7175864666	-738.851874699444	1599.565890624997	213144524.38156092	87682.17972922992	-2007807.9616820605	87682.40959006886	472618515.0884732	-429140.4500918097	-2007808.196183066	-429140.11757474905	-718.9359120634634	4.884981308350677e-15	0.0	0.0	0.0	0.02732524174020821	0.0	0.0	0.0	-0.024147151819637558	409970685.4331973	0.029736476201389295
108	368.0	nan	nan	1	1	6.000000000000838e-05	6.000000000000867e-05	5.999999999999513e-05	1.000000000000002	-9.269928574751063e-20	3.6759874658121026e-19	7.317009411561548e-20	1.0314639999999984	2.3857868805543524e-19	-2.3557680329036602e-20	-1.7550522667109102e-20	0.9725999481965378	216654198.27973285	111741.07028040107	-2064832.6791086285	115257.11802813355	460962894.6668179	-404155.45752423385	-2008256.46843406	-381090.6740430852	-474.89820793345524	1599.565890624997	215962721.7177819	114889.03581333609	-2001846.578366892	114889.26180218783	473949125.25089717	-391827.01240589464	-2001846.889070564	-391826.7472147507	-460.4118107209316	1.9984014443252798e-15	0.0	0.0	0.0	0.030979152289976893	0.0	0.0	0.0	-0.027782434275317024	411005069.86066294	0.033942747831339
112	412.0	nan	nan	1	1	6.000000000000838e-05	6.000000000000867e-05	5.999999999999513e-05	1.000000000000017	-1.2498140543326652e-19	1.1022270336030758e-19	5.252959525692269e-20	1.0352260000000082	1.2775967350026062e-18	-1.34922184102243e-19	3.747273758653025e-20	0.9690797682975589	218845283.83487687	132634.7838440578	-2073331.9385044905	137307.15606717617	460354040.93607295	-354798.8281081128	-2009224.382028222	-332128.55763596983	-349.1596480812151	1599.565890624997	218143609.16263002	136866.73500269547	-2002781.9418218231	136866.9137551541	475042463.9911705	-342725.9633240509	-2002782.2881661775	-342725.7161909741	-337.2786696636349	1.7097434579227266e-14	0.0	0.0	0.0	0.034619760368736825	0.0	0.0	0.0	-0.03140835025497577	411870337.6050957	0.03813637419771056
116	456.0	nan	nan	1	1	6.000000000000838e-05	6.000000000000867e-05	5.999999999999513e-05	0.9999999999999927	4.3639137442541555e-21	1.375432428542267e-18	-5.210946691508456e-20	1.0389879999999685	-2.7050302102427093e-18	-2.570236775148449e-20	-4.812366867848472e-19	0.9655824045380955	220579060.77015018	150372.33383890652	-2088644.9970020833	156235.17486926488	459592761.35161763	-297742.1849896929	-2016759.2447835933	-276706.1617248921	-278.44070826287845	1599.565890624997	219869206.1504276	155732.26389811965	-2010268.6431432914	155732.38797618044	475974664.8153513	-286569.41657623026	-2010269.0282518002	-286569.1839706438	-267.99222730473184	-7.32747196252606e-15	0.0	0.0	0.0	0.03824716248347222	0.0	0.0	0.0	-0.035023831674189584	412619445.5008121	0.04231667075759793
120	500.0	nan	nan	1	1	6.000000000000838e-05	6.000000000000867e-05	5.999999999999513e-05	1.0000000000000018	-2.3174821436877657e-20	4.1630652918012156e-19	-7.140826558532654e-20	1.0427499999999852	7.449986808016895e-18	3.075746038069815e-20	4.580754178751256e-20	0.9621083224254219	221976124.85373718	166196.14744787593	-2109484.2241564677	173301.12579326425	458723604.2519163	-236016.254158322	-2029552.7266737598	-217763.58497591727	-232.47784503290802	1599.565890624997	221259586.03729182	172741.6171070055	-2023000.934218647	172741.70984866042	476789976.3048496	-226340.2101734116	-2023001.3315196976	-226339.98677710939	-222.9468664904445	1.7763568394002489e-15	0.0	0.0	0.0	0.04186145409490358	0.0	0.0	0.0	-0.03862823338165059	413282965.4988965	0.04648323842036523
124	544.0	nan	nan	1	1	6.000000000000838e-05	6.000000000000867e-05	5.999999999999513e-05	0.999999999999998	-4.7786210752298605e-20	-2.4208608208342584e-18	1.0625181290357944e-20	1.0465120000000083	3.8039233221653924e-18	7.768986192216443e-20	1.340751511549887e-19	0.9586577470431036	223119309.47273278	180875.4647909214	-2134392.4027884225	189288.38788715814	457774667.5529656	-171591.43421636167	-2046152.2275852785	-157186.20045756368	-199.8518752388796	1599.565890624997	222397222.12702695	188675.74517476794	-2039529.7930538873	188675.78851193874	477516265.8049055	-163965.08995249032	-2039530.2071316533	-163964.87791643175	-190.9695017724389	-1.9984014443252837e-15	0.0	0.0	0.0	0.04546272963225806	0.0	0.0	0.0	-0.04222115304963428	413880197.2090602	0.0506358433273601
128	588.0	nan	nan	1	1	6.000000000000838e-05	6.000000000000867e-05	5.999999999999513e-05	1.0000000000000129	-1.371515748194163e-20	-1.7757605282053833e-18	9.16692936836494e-20	1.0502740000000061	8.443874939534357e-18	1.1533200609814553e-19	-3.0005295123536336e-19	0.9552307568818144	224067217.14158288	194833.24031797846	-2162069.7152131386	204628.29616073315	456764870.75844526	-105819.62806578021	-2065275.9102555534	-96243.4085780365	-171.66687627523112	1599.565890624997	223340461.03826222	203964.58019628192	-2058576.8239650778	203964.58968441738	478172281.89916044	-100754.3060818209	-2058577.2423648778	-100754.09306564333	-163.44961055422502	1.2878587085651732e-14	0.0	0.0	0.0	0.049051082508240015	0.0	0.0	0.0	-0.04580233744655467	414424248.75657916	0.05477435346323393
132	632.0	nan	nan	1	1	6.000000000000838e-05	6.000000000000867e-05	5.999999999999513e-05	0.9999999999999888	-1.0196921432226169e-19	2.755581136534846e-18	-9.24959978401696e-20	1.0540360000000037	-2.4086093362851722e-18	1.2957571213917385e-19	-4.1031631217713915e-19	0.9518273361079718	224862180.14618817	208279.12118575134	-2191433.9030720103	219533.69284189356	455707592.9269886	-39692.942100135166	-2085867.1152570157	-35843.78092071192	-143.63984939494077	1599.565890624997	224131449.3035234	218820.2768344607	-2079088.2883241435	218820.27789474954	478771280.92410654	-37658.05162265393	-2079088.7079951651	-37657.860371270464	-136.27603743604786	-1.1213252548714144e-14	0.0	0.0	0.0	0.05262660513360838	0.0	0.0	0.0	-0.04937163027471608	414924518.9709286	0.05889870300455416
136	676.0	nan	nan	1	1	6.000000000000838e-05	6.000000000000867e-05	5.999999999999513e-05	1.0000000000000069	3.7350764842125625e-20	4.594306705907325e-19	-1.3575566452234122e-19	1.0577979999999938	1.7998298164345617e-18	9.738846014351044e-20	-6.112189747387031e-20	0.9484474066085106	225535416.86031836	221333.0792968768	-2221647.526287842	234125.6555552465	454612630.01725566	26067.892653279516	-2107116.2699624477	23373.296277603113	-116.08117763023265	1599.565890624997	224801267.6658524	233363.57688859667	-2100256.8791847215	233363.54393737964	479322972.3120562	24643.54503721832	-2100257.3130244464	24643.745256452286	-109.73851116208648	6.883382752675947e-15	0.0	0.0	0.0	0.05618938893136785	0.0	0.0	0.0	-0.052928940160224494	415387994.0969318	0.06300887041380435
140	720.0	nan	nan	1	1	6.000000000000838e-05	6.000000000000867e-05	5.999999999999513e-05	0.9999999999999982	-1.367178939504221e-19	3.7529658200585736e-19	-2.508572776588336e-20	1.061560000000006	1.0349902358763874e-17	2.0518526114288172e-20	-2.460867880998974e-19	0.9450908480126982	226110338.81766078	234067.67698189622	-2252080.892797032	248476.84681680042	453487340.3610117	90979.76885198893	-2128421.4686929598	80998.10574231425	-86.0644768835823	1599.565890624997	225373223.99741358	247666.85390519374	-2121482.4341507056	247666.8176636237	479834654.3240671	85703.84043482087	-2121482.86068189	85704.04201102379	-81.07358687552473	-1.776356839400252e-15	0.0	0.0	0.0	0.05973952435086412	0.0	0.0	0.0	-0.05647422064593938	415819994.52440447	0.06710486469104542
144	764.0	nan	nan	1	1	6.000000000000838e-05	6.000000000000867e-05	5.999999999999513e-05	0.9999999999999976	2.0057740190981832e-20	2.245111648674358e-19	1.8469384008290568e-19	1.0653219999999988	8.087172424786625e-18	-1.4602848010664138e-19	-1.1194387430912833e-19	0.9417575111724084	226604832.16827556	246535.90067406226	-2282276.989544136	262640.09410266945	452337365.7233815	154751.32777215846	-2149351.9256363995	136802.245980853	-52.73093089873018	1599.565890624997	225865124.9417699	261782.78139469953	-2142335.359209839	261782.7568000227	480311927.8127773	145262.4913145124	-2142335.7859694553	145262.70760564055	-49.49764568715379	-2.4424906541753475e-15	0.0	0.0	0.0	0.06327710088145755	0.0	0.0	0.0	-0.06000745668133796	416224652.95952415	0.0711867161246926
148	808.0	nan	nan	1	1	6.000000000000838e-05	6.000000000000867e-05	5.999999999999513e-05	1.000000000000008	2.863377937534217e-19	-4.0652160457343987e-19	-4.3395191953732314e-20	1.0690839999999986	6.851236158261775e-18	-1.5169343645787813e-19	1.8190201948875551e-19	0.9384472271931068	227032792.5192667	258745.6798090789	-2311892.7609541602	276620.87203841907	451167119.2493275	217201.94226446154	-2169589.755259591	190661.18941098402	-15.396138850500806	1599.565890624997	226290804.10853407	275716.8142347061	-2162498.7007140177	275716.8199015375	480759179.8195873	203166.39503019425	-2162499.103567456	203166.66072023	-14.401243354591703	7.993605777301096e-15	0.0	0.0	0.0	0.06680220706619219	0.0	0.0	0.0	-0.06352865555086738	416605241.0820868	0.07525447007103
152	852.0	nan	nan	1	1	6.000000000000838e-05	6.000000000000867e-05	5.999999999999513e-05	0.9999999999999918	-2.0903417885520525e-19	-7.507557943375876e-19	-2.1608149297636105e-19	1.0728460000000244	1.1915869766593312e-17	4.6159907493570353e-20	-4.949382917396328e-19	0.9351598133693063	227405157.67527843	270679.5992351366	-2340684.811113148	290397.5680916999	449980091.7050168	278223.7560912128	-2188914.78706705	242517.56086831386	23.707511166696904	1599.565890624997	226661150.3520089	289447.4242428166	-2181752.8434771756	289447.46687355416	481179885.2687843	259332.426174128	-2181753.2580663916	259332.74441567843	22.097776537076452	-8.215650382226192e-15	0.0	0.0	0.0	0.07031493051501876	0.0	0.0	0.0	-0.06703784090955614	416964375.38710403	0.07930818282730064
156	896.0	nan	nan	1	1	6.000000000000838e-05	6.000000000000867e-05	5.999999999999513e-05	0.9999999999999903	-4.645264208014144e-19	1.0332446703786857e-18	-1.0551997643715171e-19	1.0766079999999891	1.2999638258209822e-17	1.818207043258191e-19	-1.596216648441784e-19	0.9318950777111482	227730671.79456466	282315.52189903794	-2368515.4693986024	303943.2200687294	448779103.40615636	337748.8048218439	-2207208.2746560373	292350.4323171446	69.26147488186648	1599.565890624997	226984868.55972832	302947.7552263106	-2199979.4441418317	302947.8256629273	481576857.8887859	313715.67443475296	-2199979.8101798906	313716.03875749285	64.33304868797869	-9.65894031423891e-15	0.0	0.0	0.0	0.07381535791777027	0.0	0.0	0.0	-0.07053504819702129	417304188.27514195	0.08334791850255699
160	940.0	nan	nan	1	1	6.000000000000838e-05	6.000000000000867e-05	5.999999999999513e-05	0.9999999999999902	1.5720931501039813e-20	-4.0221190093781e-19	-4.6485168145316005e-20	1.080369999999999	-2.435660180488686e-19	6.841315708383533e-20	-7.399679827213568e-21	0.9286528218180555	228016381.23956913	293622.6159410696	-2395342.402690213	317221.1790641618	447566474.60621023	395691.52589725284	-2224441.833526288	340124.6228117471	119.75276098877191	1599.565890624997	227268973.33323804	316181.2563776389	-2217150.0529357893	316181.3694855723	481952419.7751301	366255.5660535345	-2217150.4038293823	366255.9514392868	110.84421169485734	-9.769962616701425e-15	0.0	0.0	0.0	0.07730357505727717	0.0	0.0	0.0	-0.07402032172953499	417626460.5162438	0.08737374699063506
164	941.85	nan	nan	1	1	6.000000000000838e-05	6.000000000000867e-05	5.999999999999513e-05	0.9999999999999934	-1.8577804225539119e-19	-2.1581044243323967e-18	7.323785675139582e-20	1.0802118249999986	3.1024445165672708e-18	9.760530057800754e-20	3.929148673087468e-19	0.9286708721348076	221072964.81885657	293739.78460217034	-2389932.4473157576	317301.22093005775	428195284.84538025	393725.1635985249	-2219460.643007631	338490.20126520697	-38.9030900579649	1599.565890624997	220376298.56726822	316301.2789740352	-2212466.4737083176	316301.31100262323	461084004.7788486	364488.84791510977	-2212466.466546575	364488.8748228914	-36.01431604210156	-6.550315845288445e-15	0.0	0.0	0.0	0.07715715616357667	0.0	0.0	0.0	-0.07400088481952152	399459127.3125023	0.08727747711901479
168	943.7	nan	nan	1	1	6.000000000000838e-05	6.000000000000867e-05	5.999999999999513e-05	1.0000000000000007	9.698188432882837e-20	2.7094754391499e-18	2.0044187663825762e-19	1.0800536499999913	-1.4716960289318237e-18	1.4853569763051412e-20	-4.513804694600276e-19	0.928706990069847	215097321.5083295	293161.39211039315	-2378568.9509666883	316630.0496740954	411811204.614368	390040.2327611734	-2208993.6043811133	335384.37038578995	-19.806390834342224	1599.565890624997	214442548.1204603	315666.1845393719	-2202269.2585379495	315666.20257050305	443424254.3855472	361130.42417955445	-2202269.251813729	361130.4469244555	-18.33833979852998	6.661338147750937e-16	0.0	0.0	0.0	0.07701071582823847	0.0	0.0	0.0	-0.07396199350313423	384105325.4352722	0.08717005831284363
172	945.55	nan	nan	1	1	6.000000000000838e-05	6.000000000000867e-05	5.999999999999513e-05	0.9999999999999979	-1.104802013762729e-19	-1.9591533256813065e-18	5.99563801384484e-20	1.0798954749999805	6.710777766816278e-18	-6.245004513516505e-20	-8.064295758947182e-19	0.9287538137581388	209736580.40914777	292190.46775243967	-2365385.096144792	315535.17513266497	397233064.4027382	385954.24021056015	-2196860.423840598	331936.2826694345	-10.53298600255698	1599.565890624997	209118209.31828755	314604.8645228293	-2190383.3758955607	314604.87565857737	427705446.28545064	357399.6272283367	-2190383.370700379	357399.6442892414	-9.753708804601978	-2.1094237467877998e-15	0.0	0.0	0.0	0.07686425404498348	0.0	0.0	0.0	-0.07391157662412955	370454392.45521384	0.08705603026265758
176	947.4	nan	nan	1	1	6.000000000000838e-05	6.000000000000867e-05	5.999999999999513e-05	0.9999999999999959	2.82055195172104e-19	6.1352832536609726e-18	-1.6414820891430537e-19	1.0797373000000108	5.078565606247976e-18	-1.7927282922047815e-19	2.4383706859198996e-19	0.9288075502263969	204783207.73682472	290989.56010748993	-2352128.7541655116	314192.28924115066	383813246.6841783	381963.6235599173	-2184674.9421228464	328571.3198427825	-5.84024403973855	1599.565890624997	204197537.2428782	313293.7065773877	-2178426.876764837	313293.7138390576	413232263.87492794	353756.06970317237	-2178426.872925151	353756.0819382816	-5.408949046900582	-4.107825191113088e-15	0.0	0.0	0.0	0.07671777080757072	0.0	0.0	0.0	-0.07385371961944051	357898641.224326	0.08693773249186447
180	949.25	nan	nan	1	1	6.000000000000838e-05	6.000000000000867e-05	5.999999999999513e-05	1.0000000000000087	-4.24465150528075e-20	2.6218719036130712e-18	-1.1806961658367143e-19	1.0795791249999984	6.638244641476998e-18	-6.207057437479513e-20	3.7716683075339483e-19	0.9288659188605147	200110149.59594607	289656.3035523214	-2339586.259634076	312706.90365491615	371164901.4752297	378262.3928835311	-2173161.9380171285	325455.58314615797	-3.349189939357806	1599.565890624997	199554538.68908986	311838.66010247683	-2167128.101549814	311838.66500399954	399589320.63149935	350379.4989399489	-2167128.09876627	350379.5074593838	-3.102310763333354	8.659739592076183e-15	0.0	0.0	0.0	0.0765712661096358	0.0	0.0	0.0	-0.07379087904480913	346075898.82745963	0.0868165720474107
184	951.1	nan	nan	1	1	6.000000000000838e-05	6.000000000000867e-05	5.999999999999513e-05	1.000000000000016	-3.496552006265752e-20	-1.0308052154905933e-19	-3.333921680392926e-20	1.0794209499999978	-6.151004185162012e-18	1.640939988056811e-19	-4.105873627202605e-19	0.9289274534525298	195634382.44610572	288254.8823482002	-2328110.029775285	311148.36234322365	359040865.71002316	374916.83556725155	-2162645.3193170116	322645.7177338636	-1.9746357582206837	1599.565890624997	195106861.4331202	310309.35868763836	-2156813.8266866626	310309.3620752758	386511201.0368259	347331.44244351215	-2156813.824692651	347331.4482575429	-1.829347260882032	1.5987211554602128e-14	0.0	0.0	0.0	0.07642473994494003	0.0	0.0	0.0	-0.07372463422667791	334755456.9486287	0.08669345372138365
188	952.95	nan	nan	1	1	6.000000000000838e-05	6.000000000000867e-05	5.999999999999513e-05	1.000000000000018	2.3641028371046423e-19	-1.5454488817151502e-18	9.562663161322149e-20	1.0792627749999757	-1.9122073716126842e-18	-4.553649124439119e-21	-6.498165720791871e-19	0.9289911689483177	191299240.05861852	286830.93504022335	-2317840.483151448	309565.9532732793	347276120.2124924	371935.80682211573	-2153253.3384765615	320149.17198281514	-1.1922784067895262	1599.565890624997	190798282.57786974	308755.28705502197	-2147614.5910354955	308755.289414762	373820690.46536446	344620.2495236781	-2147614.5896371696	344620.2533283932	-1.1047155840149727	1.7985612998927375e-14	0.0	0.0	0.0	0.07627819230716117	0.0	0.0	0.0	-0.07365604618945751	323783920.4927692	0.08656898551055824
192	954.8	nan	nan	1	1	6.000000000000838e-05	6.000000000000867e-05	5.999999999999513e-05	0.9999999999999983	4.298861613905025e-20	-1.1443211829498258e-18	3.7188134516252805e-20	1.0791046000000049	1.1676423716799888e-17	-1.2931821412320854e-19	-4.681042879706165e-19	0.9290563852645463	187064941.77384955	285416.57008608134	-2308805.0565004773	307994.33535881864	335757492.4269182	369298.9472933082	-2145010.0790886586	317948.36891579867	-0.7355195959722624	1599.565890624997	186589322.0470626	307211.2463925536	-2139556.3103896235	307211.24805103015	361396248.6585921	342227.2014161621	-2139556.3094079406	342227.2038152606	-0.6816017612862756	-1.6653345369377362e-15	0.0	0.0	0.0	0.07613162319007231	0.0	0.0	0.0	-0.0735858474304342	313056721.04375994	0.08644358725732
196	956.65	nan	nan	1	1	6.000000000000838e-05	6.000000000000867e-05	5.999999999999513e-05	0.999999999999995	-1.9174115420406145e-19	3.1959027438355215e-18	1.1896408337597198e-19	1.0789464250000402	-1.751637029867581e-18	-9.107298248878237e-20	6.628269981490132e-19	0.9291226262748824	182903099.22633275	284035.23927279183	-2300969.5453372775	306458.8071565004	324406345.87678474	366971.4060924799	-2137882.8662568894	316013.31646296824	-0.4615891843978316	1599.565890624997	182451798.13430035	305702.63950149564	-2132607.7848000685	305702.64066770003	349153423.5662992	340120.13719074905	-2132607.784116345	340120.13864085666	-0.4278147401038765	-4.996003610813217e-15	0.0	0.0	0.0	0.07598503258733376	0.0	0.0	0.0	-0.07351455073624828	302501857.11635125	0.08631755294798293
200	958.5	nan	nan	1	1	6.000000000000838e-05	6.000000000000867e-05	5.999999999999513e-05	1.0000000000000024	-5.496905014501508e-20	4.941061665722502e-18	1.8697066464512523e-19	1.0787882499999903	-4.617183371746769e-18	1.4821043697876846e-19	2.067573542929857e-19	0.9291895576128246	178793298.55226472	282702.9178657616	-2294265.316518346	304976.58687553386	313167958.1920658	364913.5262833686	-2131807.3740044725	314309.9110481069	-0.29029711729614066	1599.565890624997	178365439.67803028	304246.765958123	-2126705.8818246867	304246.7667973485	337033445.57231456	338262.42201226327	-2126705.8813282265	338262.4228533065	-0.2690955498416048	2.4424906541753412e-15	0.0	0.0	0.0	0.07583842049255998	0.0	0.0	0.0	-0.07344251618946887	292069930.89887154	0.0861910890775847
204	960.35	nan	nan	1	1	6.000000000000838e-05	6.000000000000867e-05	5.999999999999513e-05	0.9999999999999925	-3.7676025493871276e-20	-2.30853747576476e-19	9.532847601578797e-20	1.0786300750000188	2.8399591706085302e-18	1.0083080204115192e-19	-6.564031002770365e-19	0.9292569464263766	174720876.47812724	281429.3386148486	-2288603.676169513	303558.1492095953	302004661.2552756	363085.91488478775	-2126700.8633430153	312804.28468494315	-0.18021443154243752	1599.565890624997	174315681.4514458	302854.1671893199	-2121768.833647152	302854.16778019955	324995860.8506406	336617.6442695462	-2121768.833293512	336617.6447621836	-0.16707714323920314	-7.549516567451093e-15	0.0	0.0	0.0	0.0756917868996006	0.0	0.0	0.0	-0.07336999452857114	281727727.2571514	0.08606433947759624
208	962.2	nan	nan	1	1	6.000000000000838e-05	6.000000000000867e-05	5.999999999999513e-05	1.0000000000000002	-2.6834003769016236e-19	-1.799314820402631e-18	4.128099771738558e-20	1.0784719000000218	7.798666226688233e-19	-1.4842727741326556e-19	-3.7686867515596134e-19	0.929324634348016	170675425.17330638	280221.6013179638	-2283883.8156416947	302211.12324404565	290891235.59745157	361449.37783620163	-2122469.4916088823	311462.7383801785	-0.10881734754657373	1599.565890624997	170292181.91593796	301532.5226093443	-2117703.591203116	301532.5230579473	313013585.18439716	335149.55543690483	-2117703.5909480033	335149.5557832604	-0.10089956682817496	2.2204460492503128e-16	0.0	0.0	0.0	0.07554513180205506	0.0	0.0	0.0	-0.07329715627130008	271453917.15137327	0.08593740199232991
212	964.05	nan	nan	1	1	6.000000000000838e-05	6.000000000000867e-05	5.999999999999513e-05	0.9999999999999892	-2.291461291548114e-19	-4.714924197596337e-19	1.122149248522497e-20	1.0783137250000019	6.898398952764895e-18	-1.0584523708889737e-19	-6.361556247058697e-19	0.929392517849461	166649703.07262	279084.5058211752	-2280001.343704827	300940.6533678958	279811573.4122036	359966.82206103345	-2119016.1893375227	310253.3739903123	-0.06455713718850166	1599.565890624997	166287743.22670498	300287.01593913964	-2114413.728439604	300287.0162445512	301069320.05399394	333823.83411751204	-2114413.72825153	333823.83442059206	-0.05986860381330422	-1.0769163338864077e-14	0.0	0.0	0.0	0.07539845519361514	0.0	0.0	0.0	-0.07322411288070689	261235962.94305372	0.08581034060163227
216	965.9	nan	nan	1	1	6.000000000000838e-05	6.000000000000867e-05	5.999999999999513e-05	0.9999999999999957	-9.004299042492114e-20	-7.114805706393001e-19	-1.9041300654276673e-19	1.078155549999997	1.139496483282265e-19	-8.97177297731755e-21	2.777997016450984e-19	0.9294605312442459	162638700.36304083	278014.7903626776	-2276854.195926021	299743.18943905045	268755806.18922627	358607.15254676767	-2116246.1103645517	309149.4495141955	-0.04081165538821369	1599.565890624997	162297384.0521357	299114.1431153695	-2111804.920844712	299114.14334233484	289152467.6464214	332611.70203758654	-2111804.920698472	332611.70229611156	-0.0378532164381115	-4.32986979603812e-15	0.0	0.0	0.0	0.07525175706800585	0.0	0.0	0.0	-0.07315093507372655	251067482.56504965	0.08568319591365048
220	967.75	nan	nan	1	1	6.000000000000838e-05	6.000000000000867e-05	5.999999999999513e-05	1.0000000000000062	1.599198204416119e-20	2.499899159208452e-18	-2.1412992906588713e-21	1.0779973749999945	6.620084255087866e-18	1.260385025514399e-20	3.229838271834318e-19	0.9295286324385668	158638857.54717967	277003.7571238076	-2274335.5459624375	298609.323209541	257717908.64544964	357353.397777753	-2114060.009635471	308136.38608802325	-0.028145437722560018	1599.565890624997	158317563.80554813	298004.54494564835	-2109778.371178719	298004.54511025647	277256557.4116199	331497.46563877544	-2109778.371069539	331497.46584959154	-0.026109003950479544	6.217248937900858e-15	0.0	0.0	0.0	0.07510503741890026	0.0	0.0	0.0	-0.07307766816536462	240946086.3265475	0.0855559939642577
224	969.6	nan	nan	1	1	6.000000000000838e-05	6.000000000000867e-05	5.999999999999513e-05	1.0000000000000093	2.49366499671666e-21	-4.868338805003036e-19	2.398526256081057e-19	1.0778391999999828	-8.326618474580049e-18	-1.450120405699362e-19	9.275349585613491e-20	0.9295967935557227	154647554.8697546	276042.14215177874	-2272344.6039247904	297529.04179441294	246694118.01561886	356197.50736839045	-2112364.2575809504	307207.2911341175	-0.021492317576892673	1599.565890624997	154345675.6745952	296948.25118308613	-2108240.8247211697	296948.25131409086	265377548.33685216	330473.6990159505	-2108240.824640164	330473.6992035459	-0.019940189201258077	9.32587340685127e-15	0.0	0.0	0.0	0.07495829623997292	0.0	0.0	0.0	-0.07300434216354262	230871999.11139014	0.08542875200781916
228	971.45	nan	nan	1	1	6.000000000000838e-05	6.000000000000867e-05	5.999999999999513e-05	0.9999999999999858	3.3068166260807885e-21	4.993618366033736e-18	1.5016200088924237e-19	1.0776810249999995	-6.1788139708862655e-18	1.2484588016170583e-19	4.409992336584789e-20	0.929664995581628	150662815.0205524	275113.7977040921	-2270786.657951521	296484.9196090225	235682033.144041	355137.1742890469	-2111070.8682615985	306360.2235563747	-0.016620434483513236	1599.565890624997	150379751.4031072	295927.88693950564	-2107104.6119157146	295927.88704693323	253512861.36851284	329538.3012696657	-2107104.6118460936	329538.30144450086	-0.015422406164924771	-1.4210854715202105e-14	0.0	0.0	0.0	0.07481153352493809	0.0	0.0	0.0	-0.0729309775342744	220847340.08678505	0.08530148182448642
232	973.3	nan	nan	1	1	6.000000000000838e-05	6.000000000000867e-05	5.999999999999513e-05	0.9999999999999892	2.1803305688683495e-19	2.737610485525899e-20	-1.5907956375793563e-19	1.0775228499999976	-8.863894861155241e-18	2.1182599944935544e-19	6.93130448869983e-19	0.9297332252533766	146683122.8972698	274201.36373122205	-2269584.1229765373	295458.23501332075	224680095.8476257	354167.8501793263	-2110107.7665778445	305591.30862409837	-0.012331158505752683	1599.565890624997	146418282.2967566	294924.77657394455	-2106297.906328916	294924.77666554414	241660822.42182633	328687.09018962434	-2106297.9062680155	328687.0903648947	-0.011443987945133391	-1.0769163338864077e-14	0.0	0.0	0.0	0.07466474926742914	0.0	0.0	0.0	-0.07285758855173739	210875789.249107	0.08517419164195826
236	975.15	nan	nan	1	1	6.000000000000838e-05	6.000000000000867e-05	5.999999999999513e-05	0.9999999999999707	2.405844620745334e-19	-2.212531373391169e-18	9.64939933512099e-20	1.0773646749999721	-7.133725034302873e-18	-1.398891853049422e-19	-2.189546287334476e-19	0.9298014730474807	142707293.17742547	273289.2042590351	-2268677.7634415654	294432.13480649405	213687269.9380893	353285.0388749163	-2109419.9262600485	304896.7145095593	-0.008361588632222266	1599.565890624997	142460087.62588266	293922.10292302637	-2105765.871190914	293922.1030018387	229820317.70472744	327915.92955740436	-2105765.8711329694	327915.92974170146	-0.007761149800068545	-2.930988785010456e-14	0.0	0.0	0.0	0.07451794346111702	0.0	0.0	0.0	-0.07278418546418344	200962476.3671883	0.08504688737825718
240	977.0	nan	nan	1	1	6.000000000000838e-05	6.000000000000867e-05	5.999999999999513e-05	0.9999999999999807	5.670377362099189e-19	-5.4719412594800285e-18	3.1477099572685406e-19	1.0772064999999968	-8.670906874452821e-19	-1.568840543586525e-19	1.2378607253810125e-18	0.9298697319913256	138734382.25965008	272366.8255510609	-2268021.211289736	293395.31493736885	202702860.04348508	352484.10708879976	-2108964.2758405446	304272.4884870453	-0.00456044277921319	1599.565890624997	138504227.0909887	292908.58297730575	-2105465.5827733926	292908.58304658585	217990599.18790856	327220.5534303849	-2105465.5827213544	327220.55360964214	-0.004233582677464741	-1.931788062847791e-14	0.0	0.0	0.0	0.07437111609974206	0.0	0.0	0.0	-0.07271077577359951	191114050.67762125	0.08491957337591242
244	980.55	nan	nan	1	1	6.000000000000838e-05	6.000000000000867e-05	5.999999999999513e-05	1.0003550000000079	-5.216096651827762e-19	4.0576266305270005e-19	9.522005579853942e-20	1.0741420079035202	1.427064846501458e-17	-1.5585406229479125e-20	-3.3672608971968554e-19	0.9310274468649152	90597670.16975671	264652.2647783738	-2293136.4151664283	284173.2726956236	29.734186322060413	339674.3569765434	-2134215.3743547024	294418.0801403406	13.783881542272866	1599.565890624997	90592624.95877914	284157.4085234528	-2134096.445127472	284157.4476295678	31.92562639472226	316116.3169056344	-2134096.5239823363	316116.99505080475	12.827903479648688	0.0003549370024168629	0.0	0.0	0.0	0.0715222107197885	0.0	0.0	0.0	-0.07146652108171649	90670969.83903703	0.08255487079229579
248	984.1	nan	nan	1	1	6.000000000000838e-05	6.000000000000867e-05	5.999999999999513e-05	1.000709999999987	-1.748276003132876e-19	-1.6392594746894585e-18	-1.4417178388625995e-19	1.0740073023402321	3.1515588749808644e-18	1.1446464436015713e-19	7.95750184495736e-19	0.9309208672194214	115144977.77563046	255540.93826246425	-2303445.3729864885	274258.10913472786	1.6592920462414622	348858.8622486447	-2142803.9733872986	302381.5466301911	1.4929290233128705	1599.565890624997	115166190.31746787	274308.6355834185	-2143198.7306781663	274308.63423557597	1.7811554592152865	324589.36492500454	-2143198.7306733993	324589.3595199156	1.3890685775666087	0.0007097480692272925	0.0	0.0	0.0	0.07139679526302933	0.0	0.0	0.0	-0.07158100293366107	115228350.4176723	0.08255000114235672
252	987.65	nan	nan	1	1	6.000000000000838e-05	6.000000000000867e-05	5.999999999999513e-05	1.001064999999993	-8.809142651444724e-20	-3.3591293809032143e-18	-6.524186572931523e-20	1.0738717095348898	5.150719260826886e-18	-5.990217002982412e-21	3.8380756905986855e-20	0.9308142012538512	139537410.62956497	245804.3853527886	-2308386.808718839	263681.5525216225	1.6937034724515396	358823.3756832382	-2146393.314378994	311022.1521290258	1.409269592332188	1599.565890624997	139596733.9982852	263793.65705046954	-2147305.8389915903	263793.6549169184	1.8176576968562694	333784.41033412504	-2147305.838708011	333784.4067186509	1.3109296989995252	0.001064433289821528	0.0	0.0	0.0	0.07127053786699171	0.0	0.0	0.0	-0.07169559062929243	139648213.2743453	0.08254592270410804
256	991.2	nan	nan	1	1	6.000000000000838e-05	6.000000000000867e-05	5.999999999999513e-05	1.0014199999999878	-5.659535340374333e-20	1.6094981250547314e-18	-1.0514050567678179e-19	1.0737346402288876	-6.343666911212686e-19	-1.463672932855431e-20	1.253879812479486e-19	0.9307074859332252	163658818.3664267	234037.37861976103	-2306603.6058462868	250937.70503909324	2.1293544269632547	370231.0488713004	-2143729.147126822	320914.3051020059	1.9321630524471403	1599.565890624997	163768073.3596804	251105.22942833122	-2145160.2536315843	251105.22547914533	2.284643739688652	344317.90910499974	-2145160.253105986	344317.9063306625	1.7969274708232899	0.0014189927534018012	0.0	0.0	0.0	0.07114288942135945	0.0	0.0	0.0	-0.07181024448637946	163811877.3075353	0.08254230086894589
260	994.75	nan	nan	1	1	6.000000000000838e-05	6.000000000000867e-05	5.999999999999513e-05	1.0017749999999999	-1.240327285323417e-19	8.228552388078736e-19	-1.9052142676001526e-19	1.0735956752335978	-1.6863626380730912e-17	2.846030702774449e-20	4.994648358097597e-19	0.9306004552784733	187356042.22181714	219131.39521148228	-2296105.7318990985	234841.66752490477	2.8021357012754304	383919.9260162675	-2132971.0149294017	332784.552374679	2.8264270104188474	1599.565890624997	187526949.7536617	235055.89850274354	-2134916.7274509473	235055.8917863429	3.005769777319299	356968.3489165552	-2134916.7264598897	356968.3471908305	2.628008902042923	0.0017734265491415613	0.0	0.0	0.0	0.0710134589425149	0.0	0.0	0.0	-0.07192525034059578	187564862.03110164	0.08253908390393666
264	998.3	nan	nan	1	1	6.000000000000838e-05	6.000000000000867e-05	5.999999999999513e-05	1.0021300000000137	-2.1673201427985235e-19	-3.469446951953614e-21	-7.575862680242463e-21	1.0734545689969872	-7.406889771660597e-18	2.0074003223569114e-19	2.6945134491696e-19	0.9304924857479272	210425917.73880994	200332.0383712932	-2274256.3065450694	214590.25540435585	3.6010946367105934	400653.0322410487	-2111680.5228491738	347294.28427864704	3.971755501482636	1599.565890624997	210669997.8403146	214839.17511003555	-2114129.9336731597	214839.16586122272	3.861869561820146	372443.7593247728	-2114129.9321325026	372443.7596774655	3.6921112060894883	0.0021277347660755906	0.0	0.0	0.0	0.07088201699122174	0.0	0.0	0.0	-0.0720412784317106	210703131.55107626	0.08253654034908044
268	1001.85	nan	nan	1	1	6.000000000000838e-05	6.000000000000867e-05	5.999999999999513e-05	1.0024849999999994	1.4186785426972825e-19	8.353777739000811e-20	1.81603863891322e-20	1.0733112854905615	-1.86650825004242e-18	8.595012722378836e-20	-6.736419148195561e-19	0.9303825847600609	232619514.95631158	177349.04654826786	-2238237.3731968487	189878.8739249099	4.480706851901254	420707.7788984054	-2077255.0915551814	364683.75923565746	5.257447734429501	1599.565890624997	232947941.7258944	190146.96697996903	-2080187.8922402218	190146.95678625922	4.804045098620641	391000.18537612516	-2080187.8901187372	391000.1890347958	4.886201638937267	0.0024819174931296766	0.0	0.0	0.0	0.07074852920880748	0.0	0.0	0.0	-0.07215939596655846	232977015.93298003	0.0825352867674784
272	1005.4	nan	nan	1	1	6.000000000000838e-05	6.000000000000867e-05	5.999999999999513e-05	1.0028399999999893	5.854691731421724e-20	1.2304068354451747e-18	7.529784087911828e-20	1.0731659874305963	5.400248390824425e-18	-7.006656539687572e-20	-3.944327503502265e-19	0.9302695088169072	253667950.3421321	150349.2806297412	-2186007.2488049315	160892.78929788945	5.3872476242566485	443512.30776646815	-2027816.8872986925	384456.8213912049	6.610843257936649	1599.565890624997	254091369.21461397	161161.35858992932	-2031201.6922618381	161161.3492138863	5.774661126075163	412104.2830789771	-2031201.6899072272	412104.2907225982	6.142685949527201	0.0028359748191973803	0.0	0.0	0.0	0.0706131464008732	0.0	0.0	0.0	-0.07228094039034827	254116873.95953792	0.08253620885958292
276	1008.95	nan	nan	1	1	6.000000000000838e-05	6.000000000000867e-05	5.999999999999513e-05	1.003194999999982	-2.5131806358213993e-19	2.6394359788073363e-18	1.6788870640938036e-19	1.0730189590445862	3.1114433945989007e-18	3.0710026535651913e-20	3.2114068349020643e-19	0.9301520096794008	273325416.58970493	119802.94024905437	-2117316.0231884476	128141.40717932198	6.194706396539928	467490.56123561034	-1963153.4766274788	405246.6101248727	7.885141227719839	1599.565890624997	273853751.35505545	128389.11024085816	-1966948.230954815	128389.10298872927	6.6386754849413485	434290.26292718726	-1966948.2288476063	434290.2736267945	7.325153363425029	0.003189906833044221	0.0	0.0	0.0	0.07047613268592687	0.0	0.0	0.0	-0.07240725492336514	273876058.16976124	0.082540265607974
280	1012.5	nan	nan	1	1	6.000000000000838e-05	6.000000000000867e-05	5.999999999999513e-05	1.0035500000000062	-4.701100619897148e-19	1.3883479869220005e-18	9.47999274567013e-20	1.072870495542352	-6.1505162941843935e-18	1.3406159862783262e-19	-8.542428917013289e-19	0.930029107904095	291412175.7550677	86318.82085135569	-2034021.8018872896	92281.31329754014	6.806386732599698	490175.1192014834	-1885007.7030058738	424913.4843583182	8.926140676742886	1599.565890624997	292054464.89397806	92484.71073767338	-1889162.369543776	92484.70660154955	7.292577701182477	455265.7148624754	-1889162.3680306487	455265.72654518305	8.290436737752255	0.003543713623371151	0.0	0.0	0.0	0.07033776255492694	0.0	0.0	0.0	-0.07253939450302557	292073895.06369656	0.082548257029593
284	1016.05	nan	nan	1	1	6.000000000000838e-05	6.000000000000867e-05	5.999999999999513e-05	1.0039049999999856	-8.082727195879436e-20	-9.491376868481228e-19	-1.6226440763961182e-19	1.0727208187335215	-1.5650458359828257e-19	4.149783815188268e-20	-1.0367683274392637e-19	0.9299002633493186	307838402.9300502	50544.132223478075	-1939445.7511316421	54008.83850342581	7.176927341799485	508626.353651409	-1796475.875502238	440908.55995082454	9.652073903071228	1599.565890624997	308602697.0596554	54142.930292839854	-1800936.1255534207	54142.93040951052	7.6879324995775455	472301.72546195524	-1800936.1246217596	472301.73665629147	8.962750604604187	0.00389739527868104	0.0	0.0	0.0	0.07019824222029672	0.0	0.0	0.0	-0.07267794229626362	308619551.5646634	0.08256066958694676
288	1019.6	nan	nan	1	1	6.000000000000838e-05	6.000000000000867e-05	5.999999999999513e-05	1.004260000000015	3.3068166260807883e-19	-4.941739292080305e-18	1.5802246663976226e-20	1.072570055641201	-4.919567357652976e-18	-2.1169047417779475e-20	1.5124620306172788e-20	0.9297653847767045	322602435.2170585	13125.074338072081	-1837317.077414512	14017.8497875031	7.289075491762022	519975.0240229276	-1701027.4421603791	450744.2517649694	9.987710654006806	1599.565890624997	323495765.3818857	14056.663018004638	-1705737.819641221	14056.667126413662	7.806437911231802	482737.0706165051	-1705737.8192666718	482737.0795138283	9.272441868415456	0.004250951887552721	0.0	0.0	0.0	0.07005768963195623	0.0	0.0	0.0	-0.07282299909503429	323510329.0740705	0.08257765619736515
292	1023.15	nan	nan	1	1	6.000000000000838e-05	6.000000000000867e-05	5.999999999999513e-05	1.0046150000000262	-1.805196617188365e-20	-5.0415401020575956e-21	7.197747172588142e-20	1.0724182713810555	-2.6483264366217175e-18	-7.377995783763858e-20	2.0789576657409547e-19	0.9296247180042578	335770978.87580985	-25307.52578822106	-1730971.2723989412	-27015.569138872874	7.162999879999785	521884.2811857526	-1601761.5517181614	452394.8782228493	9.938980323628057	1599.565890624997	336799384.643631	-27098.319997433726	-1606667.4572931898	-27098.31294006858	7.669863285494373	484406.93639700534	-1606667.4575947688	484406.94194565015	9.225246252943343	0.00460438353830906	0.0	0.0	0.0	0.06991616507586693	0.0	0.0	0.0	-0.07297430330226287	336811920.9592008	0.08259912215411724
296	1026.7	nan	nan	1	1	6.000000000000838e-05	6.000000000000867e-05	5.999999999999513e-05	1.004970000000001	-4.542807102714264e-19	-1.2700073197952077e-18	4.9968167624425683e-20	1.0722655199643207	7.746570312300305e-18	-5.88721779659629e-20	-1.6696713456276769e-19	0.9294786960339139	347453772.2978221	-64177.411734292364	-1623035.2178852935	-68474.89673384585	6.849259883094346	512831.20701373334	-1501116.1119322137	444540.71707387065	9.606113491493277	1599.565890624997	348622369.36661494	-68705.20827493345	-1506164.8397242937	-68705.19949636838	7.3324837209966445	475903.6182368564	-1506164.8407939572	475903.6197922686	8.914403229117674	0.004957690319229048	0.0	0.0	0.0	0.06977371851324614	0.0	0.0	0.0	-0.07313139189619652	348633116.5714487	0.08262484540678777
300	1030.25	nan	nan	1	1	6.000000000000838e-05	6.000000000000867e-05	5.999999999999513e-05	1.0053249999999894	-1.104802013762729e-19	1.199344443203465e-18	-1.2096985739507016e-19	1.0721118816285686	-5.29773707541592e-18	1.6694002950845554e-19	-7.684282897491013e-19	0.9293278166508194	357781972.40648144	-103032.01804286252	-1515424.798140922	-109876.74793345103	6.3578404700821265	492229.16158732964	-1400866.8046841011	426673.98584903206	9.008361498233397	1599.565890624997	359095041.4323568	-110280.00752050758	-1406008.0203670133	-110279.99841978746	6.805095233239961	456689.2068147076	-1406008.0218288202	456689.2045991115	8.357939326595929	0.005310872318565952	0.0	0.0	0.0	0.06963042439356305	0.0	0.0	0.0	-0.07329373195945343	359104213.4146169	0.0826545731235373
304	1033.8	nan	nan	1	1	6.000000000000838e-05	6.000000000000867e-05	5.999999999999513e-05	1.0056799999999948	9.75781955236954e-20	2.732487630260905e-18	-3.3312111749617126e-20	1.0719574738724957	1.3361815993928605e-17	9.191323917245864e-20	-1.9187667947562214e-19	0.9291725703899766	366893147.9966608	-141604.95334347256	-1409400.1426198166	-150937.15679170075	5.7526783898717255	460409.16948532127	-1302179.5744061407	399082.59085536766	8.216486883540638	1599.565890624997	368354231.92857105	-151538.2442493139	-1307365.2619479944	-151538.23603158502	6.1562167307700735	427077.40425552323	-1307365.2631087378	427077.39878279774	7.621646402578598	0.0056639296244334	0.0	0.0	0.0	0.06948639196667941	0.0	0.0	0.0	-0.0734607981191233	368362021.37730986	0.08268807302594222
308	1037.35	nan	nan	1	1	6.000000000000838e-05	6.000000000000867e-05	5.999999999999513e-05	1.006034999999988	3.7133924407628525e-19	-3.976799358568206e-18	1.201296007113939e-19	1.0718024404477382	-4.460841418474359e-18	-1.3525422101756668e-20	7.48099499014998e-20	0.9290134118780974	374922100.38338	-179855.4426496227	-1305591.2716841171	-191613.1105935247	5.1239686107703015	418413.6490061114	-1205635.7903241261	362671.2061185894	7.364138915769756	1599.565890624997	376534102.3454583	-192436.97026064296	-1210819.499347887	-192436.96362838408	5.482408431130133	388041.35413405084	-1210819.4998402284	388041.34630607424	6.829582265526995	0.00601686232481906	0.0	0.0	0.0	0.06934175503789569	0.0	0.0	0.0	-0.07363210337466569	376540683.949324	0.08272514593317845
312	1040.9	nan	nan	1	1	6.000000000000838e-05	6.000000000000867e-05	5.999999999999513e-05	1.006390000000006	4.342229700804445e-19	1.7008963681952594e-18	1.020505294851981e-20	1.0716469314863009	5.063495196050427e-18	-5.075421419947768e-20	-2.233456475320139e-19	0.9288507564871987	381995918.17703176	-217915.05237573842	-1204033.8523489104	-232045.22331543846	4.524429728471907	367688.13917786884	-1111266.7596301772	318693.9527200275	6.534310473338002	1599.565890624997	383761195.50005376	-233117.55425856417	-1116402.139504468	-233117.54935648397	4.840069473025273	340927.1462324602	-1116402.1391388508	340927.13653845194	6.0587318025897385	0.0063696705076832305	0.0	0.0	0.0	0.06919665344254573	0.0	0.0	0.0	-0.07380720271086434	383766728.3332801	0.08276561773874967
316	1044.45	nan	nan	1	1	6.000000000000838e-05	6.000000000000867e-05	5.999999999999513e-05	1.006745000000004	-1.170396245198102e-19	-1.5635279529413459e-18	-1.6540859393981977e-19	1.0714910859978268	-2.4049772590073458e-18	9.691412169304802e-20	-3.518507100258583e-19	0.928684986163856	388231728.7291269	-255989.4001124598	-1104312.6641567338	-272452.66387380124	3.9674255453534424	309806.1355840712	-1018687.5429561251	268515.8088013782	5.746330465457635	1599.565890624997	390152180.90548694	-273800.3990735065	-1023726.6494330228	-273800.39584049117	4.243467491758635	287198.37003540905	-1023726.6486348521	287198.3588971435	5.326998254094742	0.006722354260812407	0.0	0.0	0.0	0.06905121671614092	0.0	0.0	0.0	-0.07398568683903062	390156810.6912914	0.08280932686573235
320	1048.0	nan	nan	1	1	6.000000000000838e-05	6.000000000000867e-05	5.999999999999513e-05	1.0071000000000032	-1.8252543573793467e-19	-8.885849955148073e-19	-1.5886272332343853e-19	1.0713350212215997	2.312169553042587e-18	1.5064989186686084e-19	1.5780562620526517e-19	0.9285164551331191	393735842.06139845	-294243.8125998387	-1005764.9924555722	-313011.31919038255	3.4561985455469695	246299.3573721587	-927285.6166762658	213465.43306053712	5.004485037837876	1599.565890624997	395812990.9936182	-314662.6084816546	-932177.5022785137	-314662.60682532337	3.696038466071344	228278.69481460785	-932177.5013430456	228278.68288548492	4.638328434331411	0.007074913671965072	0.0	0.0	0.0	0.06890555414839669	0.0	0.0	0.0	-0.07416717607057223	395816852.56731725	0.08285611541806152
324	1123.55	nan	nan	1	1	6.000000000000838e-05	6.000000000000867e-05	5.999999999999513e-05	1.0146549999999956	3.989863994746656e-20	4.0570574243864455e-18	1.8604909279851256e-19	1.0680159248116812	-1.079073896209648e-17	-8.416119363918728e-20	9.190510765616499e-19	0.9246520619811488	435648635.94650126	-854950.7109638584	842143.9408150255	-899909.0394671948	7948.213400722865	-1010492.2243380717	767439.0767933475	-874829.5347477597	5988.381690322846	1599.565890624997	441143909.5558784	-911264.2558536971	777123.782707357	-911260.4956348008	8471.743080733337	-932474.250202386	777119.5563301299	-932452.4498985459	5526.031365820088	0.014548653236313247	0.0	0.0	0.0	0.065802651299198	0.0	0.0	0.0	-0.07833776144113964	441144744.246274	0.0843686578640523
328	1199.1	nan	nan	1	1	6.000000000000838e-05	6.000000000000867e-05	5.999999999999513e-05	1.0222099999999972	1.5146304349622497e-19	-1.827043290963948e-18	-2.50342281626903e-19	1.064726937761372	1.985391018255456e-18	2.425055327989062e-19	-7.132423991695891e-19	0.9206896843874834	442021785.82310927	-952515.5343305756	1876545.6180107149	-992134.4055431404	11253.199247673101	-1606556.9675427033	1690175.8376037485	-1389222.8731417593	8414.788691479838	1599.565890624997	450912376.3193335	-1012088.9068420703	1724172.679780879	-1012089.6679302047	11957.010373650006	-1476106.7385535461	1724171.1331314696	-1476109.3214360925	7731.519355953002	0.021966950125553573	0.0	0.0	0.0	0.06271836981799912	0.0	0.0	0.0	-0.0826322328485471	450923077.0228298	0.08657490652778657
332	1274.65	nan	nan	1	1	6.000000000000838e-05	6.000000000000867e-05	5.999999999999513e-05	1.0297649999999996	-5.672545766444159e-19	-6.462115998556728e-19	5.423721367858736e-20	1.0614671414529733	9.783840404509191e-19	7.939070408025106e-20	2.1673201427985235e-19	0.916752257653993	441792551.952891	-958212.6996121376	2368286.9054504326	-987712.7368669506	10871.875490928824	-1883701.0364759236	2108374.160050832	-1626884.3102287843	6761.295806811585	1599.565890624997	454004175.40933317	-1015013.4742047645	2166654.3451245306	-1015014.1840562125	11516.336735712277	-1723325.4240452338	2166651.8997592614	-1723322.49042718	6185.648750911946	0.0293306208703491	0.0	0.0	0.0	0.05965204685679078	0.0	0.0	0.0	-0.08691800936234786	454024050.0967989	0.08933820171424867
336	1350.2	nan	nan	1	1	6.000000000000838e-05	6.000000000000867e-05	5.999999999999513e-05	1.0373200000000122	2.0621525320674293e-19	1.5322758253194512e-18	1.7040947646040916e-19	1.05823488350376	3.63207727782644e-20	-1.5910666881224778e-19	5.2638015474171245e-19	0.9128597442132477	439949933.4317036	-949684.0022496919	2600816.082932909	-968831.3228170816	8530.149579681683	-2023605.1173357507	2288761.7522628237	-1745607.5844017242	5118.884762395662	1599.565890624997	455425272.7820611	-1002910.8161796357	2369271.4287249697	-1002910.1857842867	9008.237747321396	-1843448.2234201538	2369269.4694298827	-1843443.422290484	4663.162264362428	0.03664046409500369	0.0	0.0	0.0	0.05660231588858025	0.0	0.0	0.0	-0.09117303098405641	455451430.4969616	0.09258307764102913
340	1425.75	nan	nan	1	1	6.000000000000838e-05	6.000000000000867e-05	5.999999999999513e-05	1.044875000000004	8.456776945386935e-21	5.577678076351677e-19	-2.683942477987866e-19	1.0550302908750813	1.4982047720490943e-17	-1.441988889405721e-19	9.4466535288662e-19	0.9090148759338388	437604185.7697874	-944337.5343548977	2703312.364679552	-953513.8038581145	7301.069593500088	-2091608.7604956387	2351812.426283753	-1802126.6088137568	4412.690054252861	1599.565890624997	456294830.1252604	-994241.5831786498	2452262.5386115103	-994239.6195049554	7686.898727898	-1897366.3109786857	2452261.3961059395	-1897361.0043567235	4002.894617703788	0.04389726103718696	0.0	0.0	0.0	0.053569478245790635	0.0	0.0	0.0	-0.09539381977482701	456323837.12343055	0.09624692911313387
344	1501.3	nan	nan	1	1	6.000000000000838e-05	6.000000000000867e-05	5.999999999999513e-05	1.0524300000000053	3.1344284806555933e-19	6.530420735423315e-19	-1.1454595952309354e-19	1.0518535833859155	-9.661108718583833e-18	1.6555767173853652e-19	2.32615576106765e-19	0.9052172642479089	435076285.52252966	-949172.8894653063	2739596.7182312934	-948650.5129750796	6787.302922247742	-2119594.8300946965	2356384.4206927074	-1824101.9348983483	4284.315222259875	1599.565890624997	456938017.4552166	-996320.9849886155	2474788.7158736987	-996318.3448072819	7124.447408858669	-1914715.8896909303	2474788.126547818	-1914710.2247319191	3870.195527953433	0.05110177604908933	0.0	0.0	0.0	0.05055392533822657	0.0	0.0	0.0	-0.09958029310247624	456967917.9480857	0.10027259473942823
348	1576.85	nan	nan	1	1	6.000000000000838e-05	6.000000000000867e-05	5.999999999999513e-05	1.0599849999999915	-4.446313109363054e-19	-2.9875190862838075e-19	4.4398078963281404e-20	1.0487047350094745	-3.486902606930631e-18	-6.27753057869107e-20	1.375852556884105e-19	0.9014660119251925	432482172.18010557	-965037.5803776699	2741998.0161110135	-954764.8878774402	6560.964771079701	-2124478.920275542	2331936.4570545913	-1826195.1635887623	4416.875193577332	1599.565890624997	457473164.8361622	-1009939.0138017567	2466687.8110916107	-1009935.9997429929	6866.234460941033	-1911170.6962491763	2466687.4609604185	-1911164.6841800534	3973.39901017237	0.05825475708044601	0.0	0.0	0.0	0.04755581697101477	0.0	0.0	0.0	-0.10373293874090278	457503015.27994305	0.1046080180927673
352	1652.4	nan	nan	1	1	6.000000000000838e-05	6.000000000000867e-05	5.999999999999513e-05	1.0675400000000002	-3.369700352084948e-19	2.1941541465675397e-18	1.109138822452671e-19	1.0455835298525527	-2.4183996819027164e-17	-3.209780531643336e-19	-4.664779847118883e-19	0.8977601893887833	429871640.5712211	-990310.9731700973	2727113.3498072843	-969939.9942480053	6411.449265876827	-2115594.995249831	2293397.722847329	-1816488.868291593	4649.077833620008	1599.565890624997	457951745.09380275	-1033301.5755520593	2443207.1971501755	-1033298.4804764165	6689.778067181686	-1895350.9647901298	2443207.204775072	-1895344.8567474238	4165.085556130049	0.06535693614462793	0.0	0.0	0.0	0.04457513134129708	0.0	0.0	0.0	-0.10785229602246711	457981132.58865875	0.10920667677139524
356	1727.9499999999998	nan	nan	1	1	6.000000000000838e-05	6.000000000000867e-05	5.999999999999513e-05	1.0750949999999817	-4.0646739446481562e-19	3.3404539984821513e-18	-9.053088140253963e-21	1.0424896382121873	1.2610355468178902e-18	1.6609977282477928e-19	-5.357042934250877e-19	0.8940989133344426	427268882.56615114	-1022552.7876225756	2704254.4255954036	-991538.004380997	6228.743958428584	-2098419.8531112988	2248983.8650156804	-1799719.03415909	4871.43778326678	1599.565890624997	458399305.31730384	-1063783.6911775172	2412842.4226668403	-1063780.5628955078	6479.896509697342	-1872292.9300701767	2412842.78696191	-1872286.4779347107	4346.4888627335	0.07240902976804899	0.0	0.0	0.0	0.041611735276614895	0.0	0.0	0.0	-0.11193886861522796	458428115.4906672	0.11402768566534158
360	1803.5	nan	nan	1	1	6.000000000000838e-05	6.000000000000867e-05	5.999999999999513e-05	1.0826500000000028	3.7925391993542947e-19	1.817868230079289e-18	1.0213184464813451e-19	1.0394226748752557	3.9627589404345185e-19	3.167496646916401e-19	-7.745540320236444e-19	0.890481343311766	424686539.9009659	-1059119.05816299	2679585.9934384455	-1016828.2885697067	5961.586085060949	-2076493.6961385098	2203964.561283844	-1778941.354834293	5018.918784815301	1599.565890624997	458829660.9734193	-1098580.4794855535	2381153.7149300952	-1098577.2683575451	6183.707156757421	-1845229.3341944276	2381154.6103794873	-1845222.4341616796	4459.949088650111	0.07941173942416424	0.0	0.0	0.0	0.038665438704700794	0.0	0.0	0.0	-0.11599312727282887	458857950.87597996	0.11903556422945996
364	1879.05	nan	nan	1	1	6.000000000000838e-05	6.000000000000867e-05	5.999999999999513e-05	1.0902050000000043	-6.787105599759258e-20	1.5495146398619708e-18	1.5509512077405142e-19	1.0363822274403083	6.440052484346648e-18	1.2902005852577502e-20	-1.7076184216646694e-19	0.8869066742049243	422131342.2858529	-1097448.4591595186	2657695.841362372	-1043265.1847334176	5574.977034421633	-2052472.0829246566	2162098.043852497	-1756440.3244684855	5048.495163604735	1599.565890624997	459250585.6684983	-1135005.6945899357	2352215.7333680266	-1135002.5432888425	5765.765698120046	-1816557.4294156984	2352217.6475576297	-1816549.792238901	4468.212490250984	0.08636575195196802	0.0	0.0	0.0	0.035736021199374045	0.0	0.0	0.0	-0.12001551730960534	459278525.0564389	0.12419978501145491
368	1954.6	nan	nan	1	1	6.000000000000838e-05	6.000000000000867e-05	5.999999999999513e-05	1.0977599999999983	4.8648151479424585e-19	1.314188558323992e-19	6.472686969738461e-20	1.0333678644407924	1.2803777135750315e-17	-2.2345406774926246e-19	-7.636035900815408e-19	0.8833741362189577	419606663.23486257	-1135588.0758909488	2641682.3732836084	-1068973.7172030555	5056.561437702201	-2028280.5501023154	2125780.270391259	-1733867.3229868666	4899.623707201228	1599.565890624997	459666384.23143923	-1171031.9435640844	2328725.209285367	-1171028.3140812253	5214.386355279249	-1787992.4158540631	2328727.8686857987	-1787984.6259626881	4319.170752079957	0.0932717399604421	0.0	0.0	0.0	0.032823239465415946	0.0	0.0	0.0	-0.12400645779080413	459694220.2219043	0.12949422155413773
372	2030.15	nan	nan	1	1	6.000000000000838e-05	6.000000000000867e-05	5.999999999999513e-05	1.1053150000000098	-2.478486166301863e-19	-1.4964937654956407e-18	-2.6530427160720294e-19	1.030379133566913	8.286557204306711e-18	6.754579534584693e-20	3.3458479042902665e-19	0.8798829992063816	417113784.4414664	-1172522.01120627	2633267.3222025563	-1093026.4773099716	4431.914598944069	-2005005.4660509187	2096208.4724573058	-1712148.462660964	4592.678465029869	1599.565890624997	460079158.9665973	-1205618.8066547937	2312127.7752609854	-1205615.1610582012	4557.014315217757	-1760485.4579400835	2312131.2864743033	-1760477.3016120526	4032.579355808267	0.10013036221890223	0.0	0.0	0.0	0.02992682535439361	0.0	0.0	0.0	-0.1279663357965373	460107136.3181998	0.134896578139672
376	2105.7	nan	nan	1	1	6.000000000000838e-05	6.000000000000867e-05	5.999999999999513e-05	1.112870000000016	5.657366936029362e-19	-4.3802987495858426e-18	-2.3917499925030227e-19	1.0274155555779485	-1.3487475025719675e-18	-2.0816681711721684e-19	1.7097868260096404e-19	0.8764325787275947	414652685.8167169	-1207780.3595470882	2632809.4015429453	-1115034.9511558437	3674.891398246008	-1982980.0780625974	2073453.8749300942	-1691564.19481104	4098.83247232999	1599.565890624997	460489607.2908686	-1238297.5540363516	2302654.8638287713	-1238294.1780830661	3767.745512523253	-1734314.1964437093	2302659.5347421127	-1734305.2388395092	3584.8385085903856	0.10694226403404691	0.0	0.0	0.0	0.027046479658572348	0.0	0.0	0.0	-0.13189549859756744	460517994.17502487	0.14038784821725758
380	2181.25	nan	nan	1	1	6.000000000000838e-05	6.000000000000867e-05	5.999999999999513e-05	1.1204250000000007	6.2753621743461e-19	1.4622499175040438e-19	8.207410445715269e-20	1.0244766363804785	-1.5244966747318678e-18	-2.410181429435276e-19	-7.29776482299993e-19	0.8730222276807443	412222807.2061311	-1241107.753970235	2639247.6353341513	-1134822.1381922918	2751.9065347561095	-1962069.6146057306	2056476.5958794327	-1671996.2384963227	3392.2504175645577	1599.565890624997	460897822.8539863	-1268824.0357231235	2299298.160534295	-1268821.238602136	2813.3618085878356	-1709344.3583333965	2299304.0880366657	-1709335.074457737	2955.3100818409416	0.11370807761435424	0.0	0.0	0.0	0.024181883537297555	0.0	0.0	0.0	-0.13579426220579172	460926892.2161044	0.1459518369634042
384	2256.8	nan	nan	1	1	6.000000000000838e-05	6.000000000000867e-05	5.999999999999513e-05	1.127979999999984	7.756382341961299e-19	2.6796056692979242e-18	2.791820594150174e-19	1.0215618880974164	-1.5274999147496526e-17	-2.0144476364780673e-19	5.153212925823603e-19	0.8696513173820337	409823258.1879126	-1272349.7965992445	2650751.569470948	-1152309.5269504276	1535.4776434445694	-1941921.8007140572	2043685.7392711982	-1653140.6218804603	2351.554026333393	1599.565890624997	461303511.40205264	-1297059.7009487245	2300397.8115850934	-1297057.744732821	1565.2976707686028	-1685255.1223891526	2300404.842557346	-1685245.7448207778	2040.7456505179432	0.12042842242221195	0.0	0.0	0.0	0.021332718949285595	0.0	0.0	0.0	-0.13966293228748017	461333620.0459467	0.1515747494059668
388	2332.35	nan	nan	1	1	6.000000000000838e-05	6.000000000000867e-05	5.999999999999513e-05	1.1355349999999964	-4.5753331678888286e-20	2.390225333197965e-18	1.7217130499069811e-19	1.01867084160161	-1.860458401919951e-17	4.109126233720062e-20	3.84674930797857e-19	0.8663192299262705	407453199.23266274	-1301397.6054388238	2665530.9841517136	-1167463.038494271	121.3388378997019	-1921942.0488609748	2033586.6118257062	-1634488.8925582902	1029.0620374272978	1599.565890624997	461706408.2417054	-1322913.7299907508	2304354.732595726	-1322913.0787861238	123.34494390325636	-1661521.2062436254	2304362.739481956	-1661512.0455470856	889.6253655197519	0.12710390551424453	0.0	0.0	0.0	0.018498681058665832	0.0	0.0	0.0	-0.14350181256457967	461737806.7008852	0.1572448263555755
392	2407.8999999999996	nan	nan	1	1	6.000000000000838e-05	6.000000000000867e-05	5.999999999999513e-05	1.1430899999999897	5.772292366312825e-19	2.6472083531313417e-18	2.8124204354273984e-19	1.015803043632042	2.2681401028179506e-17	2.424276057677588e-19	-1.468009741545373e-19	0.8630253594035096	405111920.9910046	-1328137.1522357163	2682348.645997342	-1180245.1404776566	-1286.514441430606	-1901420.0871685834	2025163.2894142417	-1615436.6950810412	-388.5643591488786	1599.565890624997	462106370.8624306	-1346291.0004083016	2310070.800540053	-1346291.655056628	-1304.0993631401693	-1637525.7666384727	2310079.7818680275	-1637517.5415098593	-334.6362828485459	0.13373512187030145	0.0	0.0	0.0	0.015679475671168435	0.0	0.0	0.0	-0.1473112031583596	462139098.69137645	0.16295202688516164
396	2483.45	nan	nan	1	1	6.000000000000838e-05	6.000000000000867e-05	5.999999999999513e-05	1.1506450000000015	1.3791051634015617e-18	3.4828639538381225e-19	7.101524229780054e-20	1.0129580475937745	2.192777209808483e-17	8.825405684032006e-20	-9.127898090155462e-19	0.8597691157278766	402798696.6398068	-1352473.0081666561	2700817.7069045734	-1190636.8439653437	-2711.4282961094214	-1879949.2275776353	2018076.3736582568	-1595638.9678881087	-1903.956007401633	1599.565890624997	462503216.05784434	-1367116.1424586787	2317194.337305476	-1367118.051981583	-2740.784747900645	-1612921.780477136	2317204.1539695864	-1612914.8436706816	-1633.5186442058096	0.14032265471182984	0.0	0.0	0.0	0.012874810385047135	0.0	0.0	0.0	-0.1510913958629924	462537315.01348925	0.16868775802736416
400	2559.0	nan	nan	1	1	6.000000000000838e-05	6.000000000000867e-05	5.999999999999513e-05	1.1582000000000139	-6.505213034913026e-20	-2.2119892723049263e-18	-7.54604712049911e-20	1.0101354134013485	5.9363321550098824e-18	-2.669305748659312e-19	4.349819116011843e-19	0.8565499272341944	400512913.5912783	-1374439.7693122886	2720900.716467908	-1198733.8813867085	-4066.367482642026	-1857380.6841175137	2012258.3541630248	-1574970.3086164088	-3416.5804030433765	1599.565890624997	462896869.8076525	-1385445.5747764155	2325677.7475926597	-1385448.8646839191	-4098.928858163062	-1587587.8526975575	2325688.040952712	-1587581.8593117737	-2920.306855787791	0.14686707580956437	0.0	0.0	0.0	0.010084394540832773	0.0	0.0	0.0	-0.1548426707578716	462932292.3982703	0.17444464893349915
