6	header
postResults v2.0.3	--cr f,p,texture --time RVE_1_40_D_tensionX.spectralOut
addCauchy v2.0.3	RVE_1_40_D_tensionX.txt
addStrainTensors v2.0.3	--left --logarithmic RVE_1_40_D_tensionX.txt
addMises v2.0.3	-s Cauchy RVE_1_40_D_tensionX.txt
addMises v2.0.3	-e ln(V) RVE_1_40_D_tensionX.txt
inc	time	elem	node	ip	grain	1_pos	2_pos	3_pos	1_f	2_f	3_f	4_f	5_f	6_f	7_f	8_f	9_f	1_p	2_p	3_p	4_p	5_p	6_p	7_p	8_p	9_p	texture	1_Cauchy	2_Cauchy	3_Cauchy	4_Cauchy	5_Cauchy	6_Cauchy	7_Cauchy	8_Cauchy	9_Cauchy	1_ln(V)	2_ln(V)	3_ln(V)	4_ln(V)	5_ln(V)	6_ln(V)	7_ln(V)	8_ln(V)	9_ln(V)	Mises(Cauchy)	Mises(ln(V))
0	0.0	nan	nan	1	1	0.001500000000000045	0.001500000000000028	0.0014999999999998368	1.0	0.0	0.0	0.0	1.0	0.0	0.0	0.0	1.0	2.7716487604837245e-12	-1.1931922846408178e-15	-2.8066754232013122e-14	-1.1931922846409345e-15	2.7018729684354e-12	-1.6832583398957215e-14	-2.806675423201312e-14	-1.6832583398957266e-14	2.699121388890668e-12	1599.565890624997	2.7716487604837245e-12	-1.1931922846408178e-15	-2.8066754232013122e-14	-1.1931922846409345e-15	2.7018729684354e-12	-1.6832583398957215e-14	-2.806675423201312e-14	-1.6832583398957266e-14	2.699121388890668e-12	0.0	0.0	0.0	0.0	0.0	0.0	0.0	0.0	0.0	9.102600058540028e-14	0.0
2	2.0	nan	nan	1	1	0.001500000000000045	0.001500000000000028	0.0014999999999998368	0.999933185913899	-7.710977670219323e-24	-6.228339140279278e-23	1.2738581433316626e-24	1.000200000000001	4.598760246325311e-22	-4.896909226313924e-25	-1.4895868470854922e-23	0.9999338800589289	-3.522443303835207e-12	-0.000494162603358986	0.00274120091448574	-0.0004942944617124121	14.158906776144331	0.0007274803460041825	0.00274120281740385	0.0007272867876890061	1.6649253429916467e-11	1599.565890624997	-3.5219718286139234e-12	-0.0004942283009339976	0.0027408359103754556	-0.0004942283009340274	14.160789164317144	0.0007273834784907364	0.0027408359103754335	0.0007273834784907066	1.6647036501597564e-11	-6.681631826146364e-05	0.0	0.0	0.0	0.0001999800026669107	0.0	0.0	0.0	-6.612212709097142e-05	14.160790041966072	0.0001776332690460746
4	4.0	nan	nan	1	1	0.001500000000000045	0.001500000000000028	0.0014999999999998368	0.999866353989382	1.6262370842792524e-24	-9.327222412698937e-22	4.566036981292713e-25	1.0003999999999935	-3.0720164461239364e-22	9.01295995437779e-24	1.3221654911047594e-23	0.9998677425139983	-1.1056833632699935e-11	-0.0009883614006114061	0.0054825942598289365	-0.0009888889062289322	28.32631037552919	0.0014554063112506108	0.005482601873563361	0.0014546319700827004	-8.274970512631152e-12	1599.565890624997	-1.105387462530659e-11	-0.0009886242617848466	0.005481134630766439	-0.0009886242617848727	28.333843942886173	0.0014550188389612225	0.005481134630766227	0.0014550188389611729	-8.272767470261153e-12	-0.0001336549420419013	0.0	0.0	0.0	0.00039992002132045463	0.0	0.0	0.0	-0.00013226623279418177	28.333845697191524	0.0003552546439165019
6	6.0	nan	nan	1	1	0.001500000000000045	0.001500000000000028	0.0014999999999998368	0.9997995042228782	1.0611734642320282e-22	9.484122031287994e-22	-1.2056984608572932e-23	1.000599999999987	-1.1162306058035576e-22	1.9997918489081996e-23	1.3790755172484078e-23	0.9998015873617155	-2.281391477641781e-13	-0.0014825963387043708	0.00822417977103528	-0.0014837833888112452	42.5022124960478	0.0021837779609298644	0.00822419690657927	0.0021820354505129253	2.5411065543434752e-12	1599.565890624997	-2.2804759387348255e-13	-0.0014831879358510657	0.008220896477129945	-0.0014831879358511164	42.51917206014792	0.0021829061433055732	0.008220896477130044	0.0021829061433055693	2.5400920823969272e-12	-0.0002005158790870514	0.0	0.0	0.0	0.0005998200719549005	0.0	0.0	0.0	-0.0001984323246760398	42.51917469006847	0.0005328641403785666
8	8.0	nan	nan	1	1	0.001500000000000045	0.001500000000000028	0.0014999999999998368	0.9997326366108238	-2.856089219023094e-23	1.3946529825440063e-21	7.702705864093793e-24	1.0008000000000166	-1.1277714297098976e-21	8.787966827763366e-24	2.03817302933066e-24	0.9997354145986067	8.906366804652121e-12	-0.0019768673654640286	0.010965957183085141	-0.0019789779656124167	56.68661483614479	0.002912595360132586	0.010965987654526986	0.002909497132214432	1.1703491585579596e-11	1599.565890624997	8.901602640849708e-12	-0.001977919377365756	0.010960121765241944	-0.001977919377365749	56.7167812471636	0.0029110454533938708	0.01096012176524176	0.0029110454533939935	1.1697263696624274e-11	-0.0002673991371390873	0.0	0.0	0.0	0.0007996801705804404	0.0	0.0	0.0	-0.0002646204102861928	56.716784751687925	0.0007104617742034107
10	10.0	nan	nan	1	1	0.001500000000000045	0.001500000000000028	0.0014999999999998368	0.9996657491670876	1.7049846785943005e-23	2.3917563452501273e-21	1.207021949837378e-23	1.0009999999999997	9.975665838491505e-22	-1.929646932963703e-23	-5.304543832180056e-23	0.9996692167745356	9.066768053619251e-11	-0.002474762093276949	0.013691857915274558	-0.002478065150710725	70.87750844539696	0.0036596202770175007	0.01369190540913786	0.003654754981037281	7.77086580847075e-11	1599.565890624997	9.060707473322262e-11	-0.0024764087156122308	0.013682753207195062	-0.0024764087156120946	70.92466792338976	0.003657186730415554	0.013682753207195017	0.0036571867304155776	7.76569839692226e-11	-0.0003343067071730631	0.0	0.0	0.0	0.0009995003330834232	0.0	0.0	0.0	-0.0003308379463030401	70.92467229538131	0.0008880506980698639
12	12.0	nan	nan	1	1	0.001500000000000045	0.001500000000000028	0.0014999999999998368	0.9995987677306151	1.080761101137284e-22	-2.5628040610362926e-22	4.6851509895003485e-24	1.0011999999999828	-8.474829335075293e-22	-4.952495763477487e-23	1.1223186551119479e-23	0.9996027007349443	2.2333625871954338e-09	-0.003071608835112919	0.01570845280487537	-0.0030765291684920295	84.99639430948814	0.0051329189095556515	0.015708514611087746	0.00512472992873256	2.307165105006059e-09	1599.565890624997	2.231572366339399e-09	-0.003074063081388067	0.01569592296536164	-0.0030740630813849935	85.06430728126712	0.0051288246393577765	0.015695922965362482	0.005128824639359432	2.3053247959153734e-09	-0.00040131278458951605	0.0	0.0	0.0	0.0011992805754644446	0.0	0.0	0.0	-0.0003973782093193039	85.0643122537649	0.0010657531359099485
14	14.0	nan	nan	1	1	0.001500000000000045	0.001500000000000028	0.0014999999999998368	0.9995307540114918	7.655060260810739e-23	2.465130574306031e-21	4.870439446712227e-24	1.001400000000019	2.117582368135751e-24	-4.1584023754265806e-23	-1.630538423464528e-23	0.9995318111248456	8.057326253264397e-06	-0.004647117464302661	0.005901488062825849	-0.00465580814490556	97.97362848974433	0.016709704952992017	0.00590149429419296	0.016678531713780736	8.937656399858048e-06	1599.565890624997	8.049830607928247e-06	-0.004651476899005596	0.005896004206605518	-0.004651476895864573	98.06553699846864	0.016694177747231226	0.005896004196511405	0.0166941777503842	8.929351236461669e-06	-0.000469356118860535	0.0	0.0	0.0	0.001399020913726478	0.0	0.0	0.0	-0.0004682985097872064	98.06553363445043	0.0012452323017428499
16	16.0	nan	nan	1	1	0.001500000000000045	0.001500000000000028	0.0014999999999998368	0.9994600112005209	-1.1604351377383916e-22	-2.9155932835677085e-21	7.496241583200558e-23	1.0016000000000063	-1.3950632641278327e-21	-3.176373552203626e-24	-4.872557029080363e-22	0.9994455541383351	0.0001683400058273473	-0.005191244773370591	-0.051185694693041364	-0.005202359628754476	107.08191287031366	0.061494024004539904	-0.05118495430708262	0.061361749044901596	0.0005215120759168887	1599.565890624997	0.00016816433009692007	-0.005196930918766838	-0.051131538865876604	-0.005196930566760359	107.19920329919351	0.06142896169063312	-0.051131538874484836	0.061428960637124566	0.0005209603022618261	-0.0005401346459369213	0.0	0.0	0.0	0.0015987213637032808	0.0	0.0	0.0	-0.0005545996236091443	107.1989484997927	0.0014307500395055596
18	18.0	nan	nan	1	1	0.001500000000000045	0.001500000000000028	0.0014999999999998368	0.9993880403064697	-1.0134749213897703e-21	3.8600350197562535e-21	4.120815288392171e-22	1.0018000000000264	-6.674619624363887e-22	-1.420103675631038e-22	-5.539595475043124e-22	0.9993431512636394	-0.0003069875659747928	-0.000626276361840382	-0.14802290917753472	-0.0006277850646157873	112.4649609319059	0.13961029891107166	-0.14801626182712085	0.13926790987860002	0.00017084915068835455	1599.565890624997	-0.00030663739559442626	-0.0006270717436940644	-0.14784742333739326	-0.0006270689713298366	112.60779338503805	0.13944478648645484	-0.1478474246608993	0.1394447825422787	0.00017064660361700872	-0.0006121470172905515	0.0	0.0	0.0	0.0017983819414055513	0.0	0.0	0.0	-0.0006570645560044933	112.60841157369946	0.001622199121058947
20	20.0	nan	nan	1	1	0.001500000000000045	0.001500000000000028	0.0014999999999998368	0.9993166156788613	-1.1104601938503877e-21	8.274241345253632e-21	1.1096131609031335e-21	1.0019999999999936	3.434295084642561e-21	-2.151463686025923e-22	-1.8931186371133613e-22	0.9992313693062093	-0.00019181846993996345	0.007773969668004834	-0.24784762750218486	0.007794847280365838	115.94457493843123	0.23428187798780137	-0.24782648723420156	0.2336345283295691	0.00021961292777788533	1599.565890624997	-0.00019158285520539466	0.007785269907435701	-0.24752207436362453	0.007785272702518655	116.11311192962978	0.23397414375021597	-0.24752207665253506	0.2339741393934388	0.00021932446151888964	-0.0006836179346418029	0.0	0.0	0.0	0.0019980026626664096	0.0	0.0	0.0	-0.000768926241817241	116.11459751472694	0.0018168508834823626
22	22.0	nan	nan	1	1	0.001500000000000045	0.001500000000000028	0.0014999999999998368	0.9992459922707346	1.1155423915339135e-21	2.9575214144567964e-21	1.3459353531870832e-21	1.0022000000000284	3.8543175473622866e-20	-1.0311037946045005e-21	3.0899761915836877e-21	0.9991146096326463	-9.136413616536967e-05	0.02051545602216272	-0.33585400007814004	0.0205761059096772	118.51774287052858	0.3300641068370005	-0.33580984359819716	0.3290479627124321	0.00028532989158846627	1599.565890624997	-9.124436317774544e-05	0.020549130509188367	-0.33536961452450814	0.02054913184981181	118.7122803056356	0.3295880717589992	-0.3353696167222096	0.32958806873489654	0.0002849183744486595	-0.0007542921360655376	0.0	0.0	0.0	0.002197583543515782	0.0	0.0	0.0	-0.0008857825569157634	118.71498251704188	0.002013179147946489
24	24.0	nan	nan	1	1	0.001500000000000045	0.001500000000000028	0.0014999999999998368	0.9991759046940893	-2.0133973156234717e-21	1.8863423735353267e-21	1.0952136007998103e-21	1.0024000000000093	-3.969196390833651e-21	-8.859964628279982e-22	-1.5945395232062204e-21	0.9989950398454841	-3.421420485509487e-05	0.0372290492981155	-0.4120674401194536	0.03734917922336565	120.59146407299306	0.41793208919278396	-0.4119928522128758	0.4165124525021937	0.000291308709124377	1599.565890624997	-3.416662346060982e-05	0.03729723712440099	-0.41141989529330614	0.03729723804753396	120.81233648200565	0.41727532834325076	-0.41141989736826706	0.41727532663657035	0.00029085093103021234	-0.0008244350591194409	0.0	0.0	0.0	0.0023971245997307547	0.0	0.0	0.0	-0.0010054654655453155	120.81648879208498	0.0022105222005418196
26	26.0	nan	nan	1	1	0.001500000000000045	0.001500000000000028	0.0014999999999998368	0.9991060772188892	3.867552437163135e-21	5.642509978134521e-20	1.2087160157318866e-21	1.0025999999999915	-8.261324092808005e-20	-2.6514248831427738e-21	-1.5102597449544174e-21	0.9988737492236069	1.4486636337764494e-05	0.05585205743920766	-0.47862583323348123	0.05604737592281227	122.3395377142446	0.49443719266580854	-0.47851453742027	0.4925995723532859	0.0002664658231563858	1599.565890624997	1.4465360382352644e-05	0.05596506022945535	-0.47781176000454934	0.05596506133692217	122.58706143589747	0.4935962266042438	-0.47781176186045815	0.49359622545261583	0.00026601260338011203	-0.0008943225683504439	0.0	0.0	0.0	0.0025966258472570553	0.0	0.0	0.0	-0.0011268854733954671	122.59273415985973	0.002408565405208991
28	28.0	nan	nan	1	1	0.001500000000000045	0.001500000000000028	0.0014999999999998368	0.9990362953415733	3.2644649787180736e-21	3.432833952808547e-20	8.20774925889417e-22	1.0027999999999986	8.750358564905275e-20	-3.1355042124986064e-21	-4.1436851779680376e-21	0.998751334710891	7.742160954001352e-05	0.07436614038575598	-0.5364361973375177	0.07464630350610867	123.84343653840776	0.5587101591544708	-0.5362831880619315	0.5564544427932351	0.00022437422227365521	1599.565890624997	7.730195859638613e-05	0.07453094071274868	-0.5354543897916106	0.07453094164905266	124.11788185359504	0.5576875848894317	-0.5354543911680884	0.5576875829515542	0.00022396356336281238	-0.0009641693203161982	0.0	0.0	0.0	0.002796087302000081	0.0	0.0	0.0	-0.0012494455211777063	124.125021847102	0.0026071375618934283
30	30.0	nan	nan	1	1	0.001500000000000045	0.001500000000000028	0.0014999999999998368	0.9989663878815636	-4.752701867043879e-21	-5.669509153328252e-21	6.098637220230962e-22	1.003000000000007	1.4032794837161994e-20	-5.69629657028517e-22	-6.810144895924574e-21	0.9986281753156615	0.00013671714493769356	0.09168949820044703	-0.5857854287498174	0.09205972135518728	125.14727010055873	0.6110161164978561	-0.5855871039004841	0.608352848355733	0.0001826589334750718	1599.565890624997	0.0001364954681293422	0.09191045266282931	-0.5846376172896471	0.0919104532789922	125.44885150656911	0.6098188670163152	-0.5846376174241278	0.6098188644119372	0.00018230102423586007	-0.0010341466638155994	0.0	0.0	0.0	0.0029955089798056763	0.0	0.0	0.0	-0.001372766497254119	125.45732634988799	0.0028061289524993803
32	32.0	nan	nan	1	1	0.001500000000000045	0.001500000000000028	0.0014999999999998368	0.9988962278847372	3.5575383784680613e-22	1.792328069137204e-19	4.0996394647108135e-22	1.0031999999999837	-7.555576241155722e-20	-5.836057006582129e-22	1.6279973246227652e-21	0.9985045437604445	0.0001714269626622531	0.1073235628737709	-0.6273540644456616	0.10778596974398508	126.28197021348112	0.6524175174481346	-0.6271080669999662	0.649363888379935	0.0001358347477507095	1599.565890624997	0.00017113607270216908	0.1076030702106845	-0.6260439449028135	0.10760307053169368	126.61085174004847	0.6510550572551644	-0.6260439436103609	0.6510550544786826	0.0001355510805718202	-0.0011043817203220134	0.0	0.0	0.0	0.0031948908965029094	0.0	0.0	0.0	-0.0014965755502970388	126.6205002944756	0.0030054549833224854
34	34.0	nan	nan	1	1	0.001500000000000045	0.001500000000000028	0.0014999999999998368	0.9988257348855767	-3.551609147837281e-21	-2.2880477487706787e-20	3.0001906991747316e-21	1.0033999999999843	-2.7401515843676615e-21	1.32560656245298e-22	-7.944322012298083e-21	0.998380646914154	0.00017551217478549872	0.12107436742122402	-0.6623448198906527	0.12162884541602718	127.27443620201565	0.6844513809701765	-0.6620496692094326	0.6810275159941642	8.647823510586728e-05	1599.565890624997	0.0001752011679890425	0.1214133190054759	-0.6608765225098883	0.12141331964058888	127.63074507815747	0.6829340773848551	-0.6608765201275106	0.6829340744208727	8.628652866794264e-05	-0.0011749551039093996	0.0	0.0	0.0	0.0033942330680003475	0.0	0.0	0.0	-0.0016206656552544064	127.64140162630146	0.003205042819974047
36	36.0	nan	nan	1	1	0.001500000000000045	0.001500000000000028	0.0014999999999998368	0.9987548715310793	-8.902316275642696e-22	-7.755094851881472e-20	5.710696130388493e-21	1.0036000000000023	4.5353955644257884e-20	4.94582537901786e-21	3.796401669593774e-21	0.9982566366593222	0.00015917260334931456	0.13310892460842083	-0.6921590254897612	0.13375465953652366	128.1491228375136	0.7088079322215786	-0.6918137349340073	0.7050340966778199	4.547734674504672e-05	1599.565890624997	0.00015887862061727978	0.13350762123449345	-0.6905359972304006	0.13350762229892413	128.5329635383515	0.7071458643121982	-0.6905359943707724	0.7071458612829244	4.537070792909583e-05	-0.0012459042854337397	0.0	0.0	0.0	0.003593535510131767	0.0	0.0	0.0	-0.001744884767070203	128.54446943277375	0.0034048295800719573
38	38.0	nan	nan	1	1	0.001500000000000045	0.001500000000000028	0.0014999999999998368	0.9986836317033011	6.2087515033740215e-21	-3.120151740329622e-20	7.3471637844838e-21	1.0038000000000025	-2.868646482466139e-20	6.5416354516449614e-21	1.1448497315089123e-20	0.998132619221894	0.0001365124144940563	0.14374136398980603	-0.7179884318356132	0.14447776785318775	128.9274830709953	0.7270109976396536	-0.7175922867723636	0.7229063440434215	1.6240773417271982e-05	1599.565890624997	0.00013625006184239184	0.14420010647833628	-0.7162132046555598	0.14420010720493584	129.33894789074006	0.7252134621558185	-0.7162132016543803	0.7252134590313125	1.620061808730139e-05	-0.0013172354705421534	0.0	0.0	0.0	0.003792798238698032	0.0	0.0	0.0	-0.0018691265072239738	129.35116076962544	0.003604762900337543
40	40.0	nan	nan	1	1	0.001500000000000045	0.001500000000000028	0.0014999999999998368	0.9986120270777888	1.187540192050529e-21	-6.703588151159983e-20	7.265848621547388e-21	1.0039999999999762	1.2435290698640383e-19	3.7404974950749906e-21	-1.5043305143236374e-21	0.9980086668774876	0.00011530048618598559	0.15313346051322677	-0.7406187867146372	0.15395968655631648	129.62756849885636	0.7403169469520368	-0.7401713025058837	0.7358991294316998	-2.8860376362332963e-06	1599.565890624997	0.00011507026492916133	0.15365227388911792	-0.7386934006956059	0.15365227421390798	130.0667443406094	0.738392345625575	-0.7386933974842749	0.7383923422826093	-2.8785348066874124e-06	-0.0013889370488519286	0.0	0.0	0.0	0.003992021269513571	0.0	0.0	0.0	-0.0019933184624013928	130.07954063419936	0.0038048005064792324
42	44.333333333333336	nan	nan	1	1	0.001500000000000045	0.001500000000000028	0.0014999999999998368	0.9984556067347912	3.737109363285973e-21	2.3813738388991574e-19	2.6647656520620288e-21	1.0044333333333433	-1.8635995389015488e-19	-8.163703545636947e-21	8.748156279242413e-21	0.9977406043740212	0.00022290125942108887	0.16889069778785143	-0.7799346738873828	0.16990183337858042	130.92571067979958	0.7559710942738872	-0.7793761241827003	0.7509338911099641	-0.0007443233531616426	1599.565890624997	0.0002224199601865396	0.1695349814925379	-0.7776932893015014	0.16953497308103893	131.42516567063305	0.7537985764787339	-0.7776932573699726	0.7537985513646496	-0.0007421843087691516	-0.0015455870697817912	0.0	0.0	0.0	0.0044235350597894305	0.0	0.0	0.0	-0.0022619519114418668	131.4391409210628	0.0042384308843566405
44	48.666666666666664	nan	nan	1	1	0.001500000000000045	0.001500000000000028	0.0014999999999998368	0.9982979088533582	-5.869938324472301e-21	2.0576886684353993e-19	7.514876308040153e-21	1.0048666666666615	1.2406491578433737e-20	-1.0879291174534233e-20	8.009543549236664e-21	0.9974732521553166	-6.270012577940798e-06	0.1798550583770159	-0.8107080278021005	0.18103848517928497	132.0423253300057	0.7620025645651146	-0.8100383101983103	0.7563960370790014	-0.0007019349669508988	1599.565890624997	-6.255452249774117e-06	0.180618086389114	-0.808157247539053	0.1806180745784652	132.60250970245835	0.7596050292806131	-0.8081572256745405	0.7596050175199153	-0.0006997264260234143	-0.0017035413495962055	0.0	0.0	0.0	0.0048548627261767105	0.0	0.0	0.0	-0.002529945459532276	132.6171460153236	0.00467216342260196
46	53.0	nan	nan	1	1	0.001500000000000045	0.001500000000000028	0.0014999999999998368	0.9981391899552083	9.589259995865934e-21	2.92400855589868e-19	9.63754087385943e-21	1.0052999999999843	-1.7357145045250946e-19	-6.340888643145692e-21	-3.689675518239732e-21	0.9972066306829939	0.0001197249310432813	0.18718234432879255	-0.8351470369821504	0.18852520664515043	133.0326569150581	0.7623230443922917	-0.8343667442826678	0.7561858076080515	-0.0004974947636837481	1599.565890624997	0.00011942733891588797	0.18805661604497176	-0.8322928321500112	0.18805660234674854	133.65401193487085	0.7597177233881988	-0.8322928155504195	0.7597177211875	-0.0004957945218154405	-0.0018625435025606044	0.0	0.0	0.0	0.005286004429221535	0.0	0.0	0.0	-0.002797278053804192	133.66884810059972	0.005105877265240862
48	57.33333333333333	nan	nan	1	1	0.001500000000000045	0.001500000000000028	0.0014999999999998368	0.9979796526917799	-2.6518907512637635e-20	1.382493295190579e-19	1.0591299972467771e-20	1.0057333333333522	1.2365495183786628e-19	3.72863903381343e-21	2.0828540172983245e-20	0.9969407027501972	9.447186835636545e-05	0.19196101743908517	-0.8548936611782124	0.19345241708429428	133.93352491016887	0.759245342747794	-0.8540036525557367	0.7526076411922302	-0.00040808056929530156	1599.565890624997	9.422156912425889e-05	0.19293989097513498	-0.851741024649393	0.19293987306153101	134.6164968222449	0.7564454335771216	-0.8517410058846191	0.7564454396828832	-0.00040657566901602157	-0.0020223909629017668	0.0	0.0	0.0	0.005716960329247865	0.0	0.0	0.0	-0.00306398646588045	134.63152661870078	0.005539504715806636
50	61.666666666666664	nan	nan	1	1	0.001500000000000045	0.001500000000000028	0.0014999999999998368	0.9978194755993104	-1.1502707423713399e-20	3.215337067777324e-20	7.403067959002585e-21	1.0061666666666633	6.325303236916213e-20	1.0083080204115191e-20	1.9293716472558452e-20	0.9966754043057523	9.603029252566161e-05	0.19497112254575724	-0.8710790584279328	0.19660212120186024	134.76965040316838	0.7541958823005701	-0.8700802839525809	0.7470814907121455	-0.00032776157425670825	1599.565890624997	9.57600987709035e-05	0.19604897446468242	-0.8676322196407942	0.19604895548796072	135.51469266585443	0.7512115474172297	-0.867632199575463	0.7512115547331318	-0.0003264646296267679	-0.0021829052055856776	0.0	0.0	0.0	0.006147730586231223	0.0	0.0	0.0	-0.0033301344419842905	135.5298115222199	0.005973005071148008
52	66.0	nan	nan	1	1	0.001500000000000045	0.001500000000000028	0.0014999999999998368	0.997658805512216	-2.930733997499879e-20	4.3695041617060336e-20	2.456395547037471e-21	1.0066000000000004	1.6067706789645724e-19	1.3762591326987873e-20	1.5561689306956006e-20	0.996410663749066	0.0001156254558443768	0.19676824272244475	-0.8845478743258561	0.19853169551106775	135.55755786738428	0.7481810757488209	-0.8834412237752823	0.7406075950706643	-0.00025801732385518993	1599.565890624997	0.00011528111413878852	0.19794047141265186	-0.8808102848077118	0.19794045250020673	136.36512953803594	0.7450196937280638	-0.8808102662965833	0.7450196966329663	-0.0002569270913498258	-0.0023439393686356786	0.0	0.0	0.0	0.006578315360122727	0.0	0.0	0.0	-0.0035957933741167787	136.3802700325413	0.00640635546299349
54	70.33333333333333	nan	nan	1	1	0.001500000000000045	0.001500000000000028	0.0014999999999998368	0.9974977608569962	-1.7779221562867763e-20	-1.104446259924882e-19	3.992913313356772e-21	1.0070333333333314	3.1397817288822403e-20	1.5758200950719003e-20	4.111497925972374e-20	0.996146413683753	0.00012682091547072094	0.1977580998034573	-0.8959276805345249	0.19964854759891865	136.30853918491061	0.7418484384285925	-0.8947139197330982	0.7338284007708434	-0.00020773575585938237	1599.565890624997	0.00012642235087304414	0.1990211242519039	-0.8919020848374791	0.19902110501379622	137.17910285685977	0.7385151538940455	-0.8919020705035704	0.7385151529800283	-0.00020680235444420211	-0.0025053749755290723	0.0	0.0	0.0	0.0070087148105566896	0.0	0.0	0.0	-0.0038610305107132747	137.19423747814926	0.006839543027897035
56	74.66666666666666	nan	nan	1	1	0.001500000000000045	0.001500000000000028	0.0014999999999998368	0.997336435819336	-2.194408256451716e-20	-3.6515759762722336e-19	-9.181837148236616e-22	1.0074666666666634	-3.700822471825599e-19	1.6412110385999324e-20	-7.985826626713544e-21	0.9958825956079317	0.0001309215694182877	0.19821472040641272	-0.9056943744346546	0.20022802499190764	137.030499840999	0.7355365800736808	-0.9043741122140612	0.7270792161960915	-0.00017178055788747882	1599.565890624997	0.00013048854071813748	0.19956578106389503	-0.9013828667999646	0.1995657622205308	137.9645198614632	0.7320350991435812	-0.9013828560902466	0.7320350949616113	-0.0001709628061074863	-0.0026671177792976122	0.0	0.0	0.0	0.007438929096995563	0.0	0.0	0.0	-0.004125904241098676	137.97963220532057	0.007272560477497516
58	79.0	nan	nan	1	1	0.001500000000000045	0.001500000000000028	0.0014999999999998368	0.9971749045493242	1.4383466477325275e-20	5.236001926088238e-19	-7.209944447028605e-21	1.0078999999999771	1.230298415227926e-19	9.012430558785756e-21	1.3721933745519666e-21	0.9956191607147086	0.0001302078728314858	0.19829302666671952	-0.9142397093398665	0.2004257460021749	137.72908908587488	0.7294052307696388	-0.9128133481159707	0.7205177283379048	-0.00014668815284209091	1599.565890624997	0.00012975573222430905	0.199729794617877	-0.9096436562686504	0.19972977719076163	138.72703008494636	0.7257383750021722	-0.9096436474482554	0.7257383697175768	-0.00014595072421315103	-0.002829093564639634	0.0	0.0	0.0	0.007868958378672505	0.0	0.0	0.0	-0.004390463279446436	138.7421105582851	0.007705403733883792
60	83.33333333333333	nan	nan	1	1	0.001500000000000045	0.001500000000000028	0.0014999999999998368	0.9970132255323099	-8.181914754002914e-21	1.4383974697093627e-19	-4.959377906173929e-21	1.0083333333333313	-4.2524442083954896e-19	-2.2768245622195595e-21	-5.0578031346448785e-20	0.9953560689038555	0.00012453900869862462	0.1980786223367177	-0.9218870557848934	0.20032759604158118	138.40843731051532	0.7235378467990166	-0.9203547587289705	0.7142258992176808	-0.00013007694111804457	1599.565890624997	0.0001240860075619644	0.1995989345248952	-0.9170070477342814	0.19959891970426727	139.47076312693824	0.7197078000539784	-0.9170070385552563	0.719707794875491	-0.00012938837898250773	-0.002991243779987661	0.0	0.0	0.0	0.008298802814693303	0.0	0.0	0.0	-0.004654747644686437	139.48580812997548	0.008138070570154029
62	87.66666666666666	nan	nan	1	1	0.001500000000000045	0.001500000000000028	0.0014999999999998368	0.9968514454468353	2.3922751529303203e-20	-2.855890166280489e-19	3.94717353420504e-21	1.0087666666666635	-2.7037291676357266e-19	-1.4501204056993623e-20	7.623296525288703e-21	0.9950932870823	0.00011430352793389581	0.19763552388368286	-0.928896053526417	0.19999781912139108	139.0716225359315	0.7179897660985908	-0.9272577398548962	0.7082577317491788	-0.00012097022197871621	1599.565890624997	0.00011386889738598399	0.1992373560483073	-0.9237319211821012	0.19923734249151642	140.1987953932548	0.7139981524407208	-0.9237319122027354	0.7139981472031712	-0.00012029769652912713	-0.003153521679971814	0.0	0.0	0.0	0.008728462563836465	0.0	0.0	0.0	-0.004918790356742073	140.2138061664057	0.008570559885114907
64	92.0	nan	nan	1	1	0.001500000000000045	0.001500000000000028	0.0014999999999998368	0.9966896019041583	7.3175176313299e-21	1.649003741714672e-20	1.2006692027329708e-20	1.0092000000000123	-4.287341965822367e-19	-2.6325784000663653e-20	-8.612631007681725e-21	0.9948307878022326	9.994780577944829e-05	0.19702710918319286	-0.9354631940249305	0.19950016931672154	139.72096829187316	0.7128013114638663	-0.9337185587541225	0.702652283699765	-0.00011680883458229757	1599.565890624997	9.955127006943823e-05	0.19870868102746378	-0.9300141053747066	0.19870866678527332	140.91344808466874	0.7086492319796371	-0.9300140977231104	0.708649226463025	-0.00011612842117978873	-0.0033158895863137747	0.0	0.0	0.0	0.009157937784777385	0.0	0.0	0.0	-0.005182618796131716	140.92842854576162	0.009002871273800818
66	96.33333333333333	nan	nan	1	1	0.001500000000000045	0.001500000000000028	0.0014999999999998368	0.996527725642641	6.252776040807564e-20	-9.044956623960321e-20	4.445228907190568e-21	1.0096333333333365	-6.215764936177287e-19	-2.5292403805013408e-20	9.175060884658582e-21	0.9945685480391474	8.322952728345034e-05	0.19630702438897557	-0.9417223741476631	0.1988886976240524	140.3582573965059	0.7080000217216731	-0.9398709378466494	0.6974359151655808	-0.00011599435629744976	1599.565890624997	8.288558869386849e-05	0.19806682172279902	-0.9359870113390147	0.198066807840735	141.61650114970473	0.703688095930614	-0.935987005121054	0.7036880901340585	-0.00011528791697373331	-0.0034783166931184693	0.0	0.0	0.0	0.009587228635908574	0.0	0.0	0.0	-0.005446255925067564	141.6314563359542	0.009435004770776781
68	100.66666666666666	nan	nan	1	1	0.001500000000000045	0.001500000000000028	0.0014999999999998368	0.996365842019033	1.0696120299690492e-20	-4.132809274925292e-19	1.0489656018797256e-20	1.0100666666666782	-1.7405510626539167e-19	-1.8024861117571512e-20	-4.014597356806482e-20	0.994306548359627	6.461469103609235e-05	0.1955147896583387	-0.9477563909073319	0.19820325872507616	140.98487920831417	0.703602820389509	-0.945797557023834	0.6926244658384301	-0.00011793883002471677	1599.565890624997	6.433701883560781e-05	0.19735152425356278	-0.9417331365572135	0.19735150915990787	142.30934067487593	0.6991312295995916	-0.9417331301162538	0.6991312233074027	-0.00011718929609615717	-0.003640777575717461	0.0	0.0	0.0	0.010016335275499553	0.0	0.0	0.0	-0.005709721118543624	142.32427672353776	0.009866960677183732
70	105.0	nan	nan	1	1	0.001500000000000045	0.001500000000000028	0.0014999999999998368	0.9962039720768608	2.945790008137324e-20	-6.517071496174587e-20	1.876940307820804e-20	1.0105000000000006	3.5243346869356927e-19	-1.0625181290357944e-20	-1.7587792116788292e-20	0.9940447723796608	4.6230509839299274e-05	0.19467680489404596	-0.9536174277979548	0.19747050226710602	141.60193890455292	0.6996141212855135	-0.9515505234682938	0.6882214299926709	-0.00011997013908899723	1599.565890624997	4.602421813322976e-05	0.19658935377959685	-0.9473044829358908	0.19658934116910598	142.99306832334085	0.6949826776440152	-0.9473044750993699	0.694982672708058	-0.00011917593708399419	-0.003803251122574522	0.0	0.0	0.0	0.010445257861539263	0.0	0.0	0.0	-0.005973030704478396	143.00798981502075	0.010298739417374712
72	109.33333333333333	nan	nan	1	1	0.001500000000000045	0.001500000000000028	0.0014999999999998368	0.996042133314158	-2.5523114404021798e-20	1.985038652549398e-19	1.447918120036501e-20	1.0109333333333343	-7.38643223191851e-19	1.0516761073109393e-20	2.9815559743351374e-20	0.9937832062485487	2.998002474529249e-05	0.19381265801385128	-0.9593385758778445	0.19671021496403043	142.21031745897548	0.6960266901772056	-0.9571628830398061	0.6842188372931348	-0.0001195827409302867	1599.565890624997	2.984130536917577e-05	0.19580003921938766	-0.9527340387179846	0.19580002497828525	143.66856128601762	0.6912349156618076	-0.9527340328602202	0.6912349097810997	-0.00011875947719836671	-0.003965719768010315	0.0	0.0	0.0	0.010873996551879565	0.0	0.0	0.0	-0.006236198478987802	143.68347091178865	0.010730341488053876
74	113.66666666666666	nan	nan	1	1	0.001500000000000045	0.001500000000000028	0.0014999999999998368	0.9958803403270798	-4.472333961502706e-22	-1.0622911242059302e-18	1.3231078152585798e-20	1.011366666666662	3.358722805088532e-19	5.299038118022903e-21	9.984824382233693e-21	0.9935218382575536	1.5999891939413814e-05	0.1929375863187267	-0.9649435828690418	0.19593782662264242	142.81073300425066	0.692824102693583	-0.9626583411912548	0.6805997195838946	-0.0001186695849643033	1599.565890624997	1.5923223690246274e-05	0.19499894622995068	-0.9580454827577399	0.19499893214948374	144.33653378534447	0.6878713053438215	-0.9580454769390384	0.6878712989806787	-0.00011782125072820578	-0.004128168848810372	0.0	0.0	0.0	0.011302551504121721	0.0	0.0	0.0	-0.006499236096916491	144.35143511846414	0.011161767405825935
76	118.0	nan	nan	1	1	0.001500000000000045	0.001500000000000028	0.0014999999999998368	0.9957186052116319	-2.333787527922411e-21	-6.0194226990037405e-19	8.239936510889833e-21	1.0117999999999816	-2.4817048915014295e-19	-1.1966881478808755e-20	-5.597193715456416e-20	0.9932606586439807	4.812905838472214e-06	0.19206384938180054	-0.9704491342367348	0.1951657703866373	143.40377527742677	0.6899825688632363	-0.9680535610575836	0.6773399247995623	-0.00011501660491163935	1599.565890624997	4.789050932055348e-06	0.1941984559649265	-0.9632554608164607	0.19419844184443988	144.99757152663034	0.6848679172128045	-0.9632554561535744	0.6848679123263404	-0.00011416401834686926	-0.0042905862031334	0.0	0.0	0.0	0.011730922875681143	0.0	0.0	0.0	-0.006762153266243752	145.012466575354	0.01159301765049425
78	122.33333333333333	nan	nan	1	1	0.001500000000000045	0.001500000000000028	0.0014999999999998368	0.9955569380885768	-6.47641391470638e-21	-1.1632134058053856e-19	-1.9776101736019778e-21	1.0122333333333358	-1.9823620284360744e-19	-5.296327612591689e-20	3.0211971162666384e-20	0.9929996591400069	-2.5524525327520474e-06	0.19120066889340634	-0.9758679749739171	0.194403424660489	143.98993022394728	0.6874756013838501	-0.9733612644730115	0.6744127181033117	-0.00011033562532071744	1599.565890624997	-2.539381435100848e-06	0.19340789781147816	-0.9683766923233414	0.1934078856191799	145.6521563016114	0.6821981722874823	-0.9683766859257292	0.6821981681371865	-0.00010948863025898517	-0.004452961645300854	0.0	0.0	0.0	0.012159110823811834	0.0	0.0	0.0	-0.007024958199856778	145.66704711617655	0.012024092687420728
80	126.66666666666666	nan	nan	1	1	0.001500000000000045	0.001500000000000028	0.0014999999999998368	0.9953953473473035	3.59620543251022e-20	1.6759055081194684e-19	-2.2304495083573863e-20	1.0126666666666646	-2.0530723388728632e-19	-4.24465150528075e-20	-1.1329912702473521e-20	0.9927388328731719	-7.746670448687987e-06	0.19035345947962728	-0.981210191141699	0.1936563097211694	144.56960945529917	0.6852744747054559	-0.9785915296529253	0.6717892473455401	-0.0001048424080052307	1599.565890624997	-7.705725883441755e-06	0.1926327644402568	-0.9734192467944571	0.19263275083076942	146.30069555632693	0.6798333007926539	-0.9734192424101881	0.679833296390712	-0.00010400994481500516	-0.004615286722411129	0.0	0.0	0.0	0.012587115505469607	0.0	0.0	0.0	-0.007287657713799206	146.31558475265822	0.0124549929269151
82	131.0	nan	nan	1	1	0.001500000000000045	0.001500000000000028	0.0014999999999998368	0.9952338400249283	4.6329102324784395e-20	7.779828213941298e-19	-3.242452710001302e-20	1.0131000000000303	-2.300270434199558e-19	-5.990217002982412e-21	-1.6412110385999324e-20	0.9924781740064567	-1.2005196353932435e-05	0.18952480599061372	-0.9864847540095634	0.1929270880997001	145.14315504316377	0.683351849494098	-0.9837533101443217	0.6694421014543136	-0.00010053085110109338	1599.565890624997	-1.1939770731495129e-05	0.1918756930272944	-0.9783920785139965	0.19187567882225404	146.9435270834908	0.6777459394739239	-0.9783920756635033	0.6777459366693996	-9.970614139123971e-05	-0.004777554334836497	0.0	0.0	0.0	0.013014937077524352	0.0	0.0	0.0	-0.0075502575880802185	146.95841853417377	0.012885718758236823
84	135.33333333333331	nan	nan	1	1	0.001500000000000045	0.001500000000000028	0.0014999999999998368	0.9950724219991257	-1.6193152369134086e-20	-3.491944147032688e-19	-2.624865106290431e-20	1.0135333333333596	-3.603345920255574e-19	1.628336137801667e-20	5.21772295508649e-21	0.9922176776987189	-1.4103932221786519e-05	0.18871492913896948	-0.991700178842882	0.19221601448368741	145.7108644544784	0.6816808290227668	-0.9888551066254486	0.6673443720150716	-9.493945381801566e-05	1599.565890624997	-1.4024752811296528e-05	0.1911369307538584	-0.9833036810815736	0.19113691466427832	147.58094410650065	0.675909193928887	-0.983303678614377	0.6759091906761182	-9.41356232566731e-05	-0.004939758543541908	0.0	0.0	0.0	0.013442575696514334	0.0	0.0	0.0	-0.007812762605168869	147.5958395207772	0.013316270505331856
86	139.66666666666666	nan	nan	1	1	0.001500000000000045	0.001500000000000028	0.0014999999999998368	0.9949110982127708	-2.5089115897672377e-20	3.2442039506197505e-19	-1.3061142167542904e-20	1.0139666666666822	-1.3639060041960304e-18	4.845706084652401e-20	-8.725794609434901e-20	0.9919573398006659	-1.5649713256650488e-05	0.18792146502922188	-0.9968640273833524	0.1915207166708394	146.2729888196326	0.6802365584993201	-0.9939044673212921	0.6654712263297339	-9.050091577395387e-05	1599.565890624997	-1.5559287697330214e-05	0.19041410634261022	-0.9881615946633877	0.19041409141563972	148.21319344132337	0.6742982231583015	-0.9881615910209499	0.6742982172823786	-8.971086005022069e-05	-0.005101894345240553	0.0	0.0	0.0	0.013870031518878282	0.0	0.0	0.0	-0.008075176855172488	148.22809622120917	0.013746648484129556
88	144.0	nan	nan	1	1	0.001500000000000045	0.001500000000000028	0.0014999999999998368	0.9947498728205637	1.6141059842877948e-20	-1.1999136493440199e-18	-1.4222530217346957e-20	1.014399999999998	6.190116778534427e-20	6.171820866873734e-20	-6.511311672133258e-20	0.9916971568840484	-1.457320810277879e-05	0.1871422377055658	-1.001983342587055	0.19083900002556875	146.82975309800165	0.6789969955806266	-0.9989084252004262	0.6638006593167683	-8.351527952460803e-05	1599.565890624997	-1.4486612983775389e-05	0.1897050349807211	-0.9929728379704184	0.1897050200672147	148.84049581308727	0.6728910002977458	-0.9929728348113731	0.6728909990594182	-8.27642542532965e-05	-0.005263957525759423	0.0	0.0	0.0	0.014297304700821549	0.0	0.0	0.0	-0.008337503705483707	148.85540623304544	0.0141768529465472
90	148.33333333333331	nan	nan	1	1	0.001500000000000045	0.001500000000000028	0.0014999999999998368	0.9945887493263023	-6.557644374348068e-20	7.373252399259234e-19	-7.30332982946339e-21	1.0148333333333432	-7.437626903250561e-19	3.732365978781349e-20	-6.030874584450619e-20	0.9914371259642911	-1.4054320334904557e-05	0.18637395245046126	-1.0070638097329598	0.1901675269178634	147.38134971916008	0.6779415324219464	-1.0038726555113622	0.6623121069573797	-7.826642149375256e-05	1599.565890624997	-1.3968505612233063e-05	0.1890063935919964	-0.9977430777105533	0.18900637695152928	149.4630393726476	0.6716669435731623	-0.9977430774543565	0.6716669423083917	-7.754203805941055e-05	-0.0054259445226638395	0.0	0.0	0.0	0.014724395398392012	0.0	0.0	0.0	-0.008599746079583201	149.47796114943853	0.014606884152811148
92	152.66666666666666	nan	nan	1	1	0.001500000000000045	0.001500000000000028	0.0014999999999998368	0.9944277307365351	4.348667151203578e-21	-5.900838086388138e-19	-3.949291116573175e-21	1.015266666666675	4.500116642172647e-19	6.288372600415926e-21	6.75220784233238e-20	0.9911772445291178	-1.1927359383236857e-05	0.18561388748733285	-1.012110418299451	0.18950354095012265	147.92795193453009	0.6770519561792734	-1.0088021319279188	0.6609874145755318	-7.209066752964499e-05	1599.565890624997	-1.1852578889484638e-05	0.1883154347197422	-1.002477285823062	0.1883154180886746	150.08099314580252	0.6706078656241818	-1.002477285069587	0.6706078624023454	-7.140451813520317e-05	-0.00558785227127515	0.0	0.0	0.0	0.015151303767351947	0.0	0.0	0.0	-0.008861906427586675	150.09592737275528	0.015036742316216174
94	157.0	nan	nan	1	1	0.001500000000000045	0.001500000000000028	0.0014999999999998368	0.9942668195819879	2.4272152620045603e-20	1.6742588760700061e-18	-2.558463017181614e-20	1.0157000000000034	1.583206222371958e-19	-2.0789576657409548e-20	5.937023333894842e-20	0.9909175103786011	-1.1814867743331514e-05	0.18485956018364874	-1.017127502092205	0.18884451865953925	148.4697098845434	0.6763114242814894	-1.013701182018286	0.6598098144443789	-6.94523786280551e-05	1599.565890624997	-1.173885962166357e-05	0.18762964898567383	-1.0071797801283042	0.18762963268174063	150.69450302146586	0.6696969555979436	-1.0071797782706229	0.6696969513424808	-6.877311968470495e-05	-0.005749678183527565	0.0	0.0	0.0	0.015578029963321523	0.0	0.0	0.0	-0.009123986887019878	150.70945459260696	0.01546642765977822
96	161.33333333333331	nan	nan	1	1	0.001500000000000045	0.001500000000000028	0.0014999999999998368	0.9941060180419838	-9.174213851711327e-20	3.623064847267654e-19	-1.6267267752018837e-20	1.0161333333333165	9.161508357502512e-20	-3.9410748969848085e-20	1.0005153172967796e-19	0.9906579216991467	-1.0500826368593674e-05	0.18410892011824467	-1.0221177403861794	0.1881883707646833	149.00676365539752	0.6757055101007793	-1.0185724811238637	0.658764938623158	-6.52969225711636e-05	1599.565890624997	-1.0431555248664203e-05	0.18694696160927957	-1.0118532362547266	0.18694694282910354	151.30370493030833	0.6689198124007724	-1.0118532331313237	0.6689198090523085	-6.464118546278531e-05	-0.00591142002319863	0.0	0.0	0.0	0.016004574141699257	0.0	0.0	0.0	-0.009385989207735717	151.31867443894453	0.01589594035144853
98	165.66666666666666	nan	nan	1	1	0.001500000000000045	0.001500000000000028	0.0014999999999998368	0.9939453279837117	-1.08457063181756e-19	-1.8224489842580407e-18	-2.713681804765965e-20	1.0165666666666697	2.612452897239603e-19	-1.5964876989849052e-20	8.891474253917841e-20	0.9903984768659513	-8.810830366177524e-06	0.1833604781662172	-1.0270834426947704	0.1875335878259649	149.5392369181118	0.6752211911864516	-1.0234183336710427	0.6578398223197421	-6.135625790649107e-05	1599.565890624997	-8.751268547224464e-06	0.18626586449718657	-1.0164999613131191	0.1862658478807903	151.90871838560463	0.6682634401329748	-1.0164999553834007	0.6682634362132581	-6.0724018317955324e-05	-0.006073075866689092	0.0	0.0	0.0	0.016430936457749342	0.0	0.0	0.0	-0.00964791495085599	151.92370751444247	0.016325280572496416
100	170.0	nan	nan	1	1	0.001500000000000045	0.001500000000000028	0.0014999999999998368	0.9937847509898179	-6.459049739287667e-20	-9.448957458482732e-19	-4.4243918966881125e-20	1.0170000000000057	5.626467174113525e-19	-3.510104533421821e-21	1.2104100816263952e-19	0.9901391745009736	-7.360566639199373e-06	0.1826133963540989	-1.032026008287813	0.18687930842449466	150.067242856164	0.6748468076952321	-1.028240143621559	0.6570228676840296	-5.793490087550407e-05	1599.565890624997	-7.309607415301125e-06	0.18558550875136015	-1.0211213595940325	0.18558549165921237	152.509652459295	0.6677162050738461	-1.0211213547745241	0.6677162004258475	-5.732274601110819e-05	-0.00623464407551356	0.0	0.0	0.0	0.016857117066428264	0.0	0.0	0.0	-0.009909765429972926	152.52466317782782	0.016754448485121434
102	208.75	nan	nan	1	1	0.001500000000000045	0.001500000000000028	0.0014999999999998368	0.9923553610290063	3.68230633159862e-20	1.6712231099870466e-18	-1.265738273741046e-19	1.020874999999984	-5.574018894019539e-19	4.743384504624082e-20	-6.156913087002059e-20	0.9878273539557562	0.0036219293466169806	0.17577604307744654	-1.074946122824262	0.18082864034969484	154.5550446112284	0.6740660104355691	-1.0700405462804667	0.6522445206632382	0.0026821724053754186	1599.565890624997	0.0035915867241836973	0.1793128509065691	-1.0610770193996066	0.17931375294186086	157.66486254910595	0.6653691176190124	-1.0610763083903996	0.6653683997015646	0.0026475666463489354	-0.007674009001424445	0.0	0.0	0.0	0.02066010269628702	0.0	0.0	0.0	-0.012247339463360258	157.6769718613525	0.02058390410384338
104	247.5	nan	nan	1	1	0.001500000000000045	0.001500000000000028	0.0014999999999998368	0.9909342639588257	4.346126052361815e-20	-8.891813067096743e-20	-1.0303308770401309e-19	1.0247499999999967	-1.9239574126569957e-18	7.193681414441322e-20	-2.0942042587915322e-19	0.9855252634347466	-0.009320941333004757	0.16959591516727693	-1.1160742254189129	0.1753792676962497	158.74251989271852	0.6777214360899594	-1.1099826457127628	0.65178154700635	-0.007329586053001736	1599.565890624997	-0.009229413116640205	0.1736611931874095	-1.0990825336539576	0.17365710777848264	162.54763793665148	0.667403454111457	-1.0990830242981364	0.6674049963940284	-0.007217996640630373	-0.009107079890803378	0.0	0.0	0.0	0.02444868040230669	0.0	0.0	0.0	-0.014580517573597376	162.571396203702	0.024400482069729713
106	286.25	nan	nan	1	1	0.001500000000000045	0.001500000000000028	0.0014999999999998368	0.9895226573812879	1.2152551100846899e-19	2.3755005124428964e-18	-4.400505567575541e-20	1.0286250000000268	-1.2058089986569098e-18	1.2636376320318554e-19	3.558216004825865e-20	0.9832342993651685	-0.007623756957891036	0.16410531598027536	-1.1556143902236886	0.17058569234469026	162.68379537018106	0.6832005798335354	-1.1482707167895465	0.6530540617945061	-0.006018076341148086	1599.565890624997	-0.00753797941674679	0.16867079297924517	-1.1353509379585882	0.1686663733888871	167.20972508446857	0.6712208031415318	-1.1353511235760978	0.6712222928502568	-0.005912550653948068	-0.010532616393392697	0.0	0.0	0.0	0.028222958943765968	0.0	0.0	0.0	-0.01690783589822453	167.23230937151817	0.028203335840991123
108	325.0	nan	nan	1	1	0.001500000000000045	0.001500000000000028	0.0014999999999998368	0.988120202103323	1.1509991907059785e-19	-1.4258613820899991e-19	1.1135095124605033e-19	1.0324999999999978	-1.79949100325566e-18	5.968532959532702e-20	2.0680478813803193e-19	0.9809545184721705	-0.007099969702456827	0.15907068491521892	-1.1938540774821362	0.1662109929194103	166.39049753769612	0.6897099011702199	-1.1851964710574512	0.655278885897668	-0.005553303853368285	1599.565890624997	-0.007009992659021431	0.1641086604491517	-1.1701765970523241	0.16410462143388482	171.66030106007736	0.6760310161245308	-1.1701766218433183	0.6760324206977143	-0.005443166236226465	-0.011950926586598238	0.0	0.0	0.0	0.03198304585304838	0.0	0.0	0.0	-0.019229182905233694	171.68272045598124	0.03199256623293049
110	363.75	nan	nan	1	1	0.001500000000000045	0.001500000000000028	0.0014999999999998368	0.9867266791962167	-5.346302556479693e-20	2.2497262841709996e-18	1.1576568696713973e-19	1.0363749999999976	-7.931819805996609e-19	-1.1817803680091998e-20	-3.01950305037213e-20	0.9786860410113626	-0.006600149148312692	0.154137719599428	-1.2310705512423619	0.16188954976087724	169.8830182554777	0.6966569874397761	-1.2210385457582316	0.6578792220877714	-0.005230644381600909	1599.565890624997	-0.0065071890992728235	0.15961314854733288	-1.2038410367785748	0.15960941030544373	175.91776690967373	0.6812479343220272	-1.2038407824134023	0.6812490432204948	-0.005114950031914781	-0.013362198672136257	0.0	0.0	0.0	0.03572904745424363	0.0	0.0	0.0	-0.021544381438056266	175.94010831834228	0.035768217481560845
112	402.5	nan	nan	1	1	0.001500000000000045	0.001500000000000028	0.0014999999999998368	0.9853418690860698	-6.751191402795675e-20	2.2701092850137273e-18	3.65376132127615e-20	1.0402499999999968	1.0640766696587423e-18	-8.017675065530306e-20	2.55268625248134e-19	0.9764289427918698	-0.007976956589456108	0.14908895613451217	-1.2674418905470541	0.15739342977686932	173.1765549991822	0.7035857056959401	-1.2559770753889805	0.6604205660560082	-0.006478219642773586	1599.565890624997	-0.007853420651149889	0.15495938807986323	-1.2365264065582713	0.15495594064017015	179.99544492242924	0.6864238201835473	-1.2365262604372773	0.6864248663667846	-0.0063202026976688745	-0.014766622812433556	0.0	0.0	0.0	0.03946106888091052	0.0	0.0	0.0	-0.02385329855129642	180.01939894172716	0.03953035218021189
114	441.25	nan	nan	1	1	0.001500000000000045	0.001500000000000028	0.0014999999999998368	0.9839657919764737	-8.546562437795891e-20	6.3169684327152305e-19	-7.256023039359239e-20	1.044124999999996	-1.931289329848429e-18	-8.191147413127985e-20	-1.103650048954463e-19	0.9741834191378771	0.019195049135488612	0.14390762731395929	-1.3029936348989108	0.15271151149865209	176.30672629598592	0.7101651339099835	-1.2900364518205365	0.6625918247655666	0.013526266379502879	1599.565890624997	0.01887104717279072	0.15012847706630572	-1.2682643926890595	0.15013382445534845	183.92812673935913	0.6912368012735276	-1.2682613399470843	0.6912343940715495	0.013165745062508748	-0.01616414678572533	0.0	0.0	0.0	0.043179214093929226	0.0	0.0	0.0	-0.026155677732079757	183.92930742490458	0.04327892069836523
116	480.0	nan	nan	1	1	0.001500000000000045	0.001500000000000028	0.0014999999999998368	0.9825977160099777	1.2730905197232135e-19	5.325614623775954e-18	-8.03258284540198e-20	1.0480000000000136	2.2101054710302326e-18	-7.849623728795052e-20	1.743939194442934e-19	0.9719494204235595	0.018075823177978366	0.13859177632190742	-1.337645346185509	0.14782242369618231	179.24646374543966	0.7162496461733913	-1.3231459014722378	0.664270743449667	0.012569163095671767	1599.565890624997	0.017745700051175258	0.1451169178137109	-1.2989844433045679	0.14512270705026775	187.68569851740597	0.6955484505327214	-1.298980968129513	0.6955457635475903	0.012205886540251313	-0.01755548368548538	0.0	0.0	0.0	0.046883585898863385	0.0	0.0	0.0	-0.028451512476925372	187.68824362658012	0.04701416850177591
118	518.75	nan	nan	1	1	0.001500000000000045	0.001500000000000028	0.0014999999999998368	0.9812376616089424	2.566645355452091e-19	1.4682299701116592e-18	-2.6237692574149207e-20	1.0518749999999932	-6.873089608300936e-18	5.453536927602087e-20	-5.907546587330392e-20	0.969727115461751	0.017497131141351537	0.13319699988306086	-1.3713217229645962	0.1427920470200234	182.027321971431	0.7217503616617936	-1.3552315920111215	0.6653818088193787	0.012417209453182912	1599.565890624997	0.017153516873136314	0.13998151664138936	-1.3286206970310643	0.13998785104370248	191.29905795251963	0.699276072518157	-1.3286171197305487	0.6992736685203127	0.012030555049622391	-0.018940584121066018	0.0	0.0	0.0	0.050574285962926964	0.0	0.0	0.0	-0.030740571330038942	191.30229572184012	0.05073605528725604
120	557.5	nan	nan	1	1	0.001500000000000045	0.001500000000000028	0.0014999999999998368	0.9798854360356524	6.61634375759279e-20	2.39810273960743e-18	3.226856715859982e-20	1.0557500000000055	-7.115788264611816e-19	2.185751579730777e-19	-2.0517848487930368e-19	0.9675165428169601	0.016873747496513374	0.12781058228764625	-1.403982387168475	0.13771293079918567	184.65869077066378	0.7265802293892434	-1.3862563977135858	0.6658548992983803	0.012022099809296635	1599.565890624997	0.01651931582772792	0.13481341534356042	-1.3571419241692944	0.13482028209227717	194.77627227796305	0.7023396444205952	-1.3571381968807446	0.7023375646285092	0.011621011642923333	-0.020319616155527704	0.0	0.0	0.0	0.05425141483192113	0.0	0.0	0.0	-0.03302275570555662	194.78032560580723	0.0544446492829865
122	596.25	nan	nan	1	1	0.001500000000000045	0.001500000000000028	0.0014999999999998368	0.9785408520223481	4.539418970925246e-20	3.40354778865723e-20	5.149960319306146e-22	1.0596250000000087	-2.2224789283237235e-18	-1.9315061702829262e-19	-1.0161684861620391e-19	0.9653177476902993	0.016382892424959487	0.12248608378667195	-1.4356108582404576	0.13264323796900163	187.1499914241431	0.7307718069994035	-1.4162075577606512	0.665731054440879	0.011742562064912792	1599.565890624997	0.01601651749589897	0.1296693987515177	-1.3845402225534216	0.12967690237692925	198.12558385478366	0.704775221287196	-1.3845365359379702	0.7047734966358353	0.011324830403294833	-0.021692743377898605	0.0	0.0	0.0	0.057915071946440785	0.0	0.0	0.0	-0.035297959623423907	198.13031460712713	0.05814001380622513
124	635.0	nan	nan	1	1	0.001500000000000045	0.001500000000000028	0.0014999999999998368	0.9772037310455293	9.856753000608842e-20	5.4420325261124796e-18	1.5598958756635195e-20	1.0635000000000066	2.5824848715657462e-18	-4.368250552944097e-19	1.49694438702358e-19	0.9631307604242066	0.01594991723568826	0.11722372841750012	-1.4662079903276766	0.1275841653943618	189.50955029254592	0.7344654096288269	-1.445089090474049	0.6651476929417371	0.011490539656370287	1599.565890624997	0.015571687734374041	0.12455040968338711	-1.4108244295494403	0.12455868917780029	201.35421766987002	0.7067222040795244	-1.4108208671367117	0.7067205485974412	0.01105650369037402	-0.02306012150767308	0.0	0.0	0.0	0.06156535565816078	0.0	0.0	0.0	-0.03756609195307286	201.35956802645939	0.061822215477765376
126	673.75	nan	nan	1	1	0.001500000000000045	0.001500000000000028	0.0014999999999998368	0.9758739018452263	3.003375543056408e-19	-2.0604588896893945e-18	-2.25920627691667e-20	1.0673749999999844	2.170978054581241e-18	-2.297424403496784e-19	1.612818494207968e-19	0.9609556038951519	0.015564361312706672	0.1119338313169268	-1.4958083983235453	0.12243826455945028	191.74505269293445	0.7378592617658148	-1.4729383822104594	0.6642916114473115	0.011260334202284727	1599.565890624997	0.01517437993490946	0.1193615203199735	-1.436035701322697	0.11937044557551219	204.46884319058486	0.7083743102625154	-1.4360323680050529	0.7083725782034027	0.010810369791631733	-0.0244218998450166	0.0	0.0	0.0	0.06520236324561877	0.0	0.0	0.0	-0.03982706889881761	204.47476531795635	0.0654913215365184
128	712.5	nan	nan	1	1	0.001500000000000045	0.001500000000000028	0.0014999999999998368	0.9745512029824007	-7.452534683122236e-20	2.8918416326937506e-18	-1.8106176280507925e-20	1.0712500000000087	1.8815837424376522e-18	-6.548581121812447e-20	-2.8094388794530634e-19	0.9587922903703121	0.01520922999319743	0.1064611045941593	-1.5244405225811668	0.11703429082546073	193.86357170846293	0.7411370137917533	-1.4997865858009838	0.6633323144325755	0.011038200506034318	1599.565890624997	0.014807844977665486	0.11393621101925948	-1.4602088887435276	0.11394565250111702	207.47559307528147	0.7099095302735443	-1.4602058928727044	0.7099078188338659	0.010573110761549197	-0.02577821859042388	0.0	0.0	0.0	0.06882619092986061	0.0	0.0	0.0	-0.042080817369639034	207.48205571338414	0.06914740055784703
130	751.25	nan	nan	1	1	0.001500000000000045	0.001500000000000028	0.0014999999999998368	0.9732354885458687	2.207300097908926e-19	4.612314626365952e-18	5.421010862427522e-22	1.0751249999999961	-6.4629020451317796e-18	-6.602791230436722e-20	1.0636023312082798e-19	0.9566408165594704	0.014880447714092322	0.10069561109069926	-1.5520858243030968	0.11124747184228427	195.8716639017124	0.7444137211587504	-1.5256185451335218	0.6623739711781884	0.010822558984969333	1599.565890624997	0.01446798769591501	0.10815427693664366	-1.4833336016749215	0.10816388624460146	210.3801541318982	0.7114386774574425	-1.4833310639402324	0.7114369448525756	0.0103431557373588	-0.0271292029075159	0.0	0.0	0.0	0.07243693388950313	0.0	0.0	0.0	-0.04432728027962917	210.38712887890105	0.0727905231507431
132	790.0	nan	nan	1	1	0.001500000000000045	0.001500000000000028	0.0014999999999998368	0.9719266270257436	-2.1318125216496232e-19	2.8893276389063e-18	-3.6347877832576535e-20	1.0790000000000117	4.422155729707361e-18	-6.505213034913026e-20	-4.499439015814843e-20	0.9545011647528708	0.014568150513693081	0.09463687383797441	-1.578700358743386	0.10507261444329857	197.7754012855301	0.7477556081372518	-1.5503939715819015	0.661475050128139	0.010607840466791535	1599.565890624997	0.0141451159708914	0.10201180751066517	-1.5053752888675387	0.1020214827728632	213.18779190472776	0.7130249944947974	-1.5053731431442663	0.713022976670883	0.010115143648708552	-0.02847496396998388	0.0	0.0	0.0	0.07603468627600828	0.0	0.0	0.0	-0.04656641554167791	213.19525715115023	0.07642076184071854
134	828.75	nan	nan	1	1	0.001500000000000045	0.001500000000000028	0.0014999999999998368	0.9706244979741628	-3.606869577316152e-19	-1.0041582365963308e-17	8.104411239329145e-21	1.0828749999999938	6.315287919347878e-18	-1.6696713456276768e-20	2.768578010077516e-19	0.9523733064900956	0.01426943030484668	0.08837948925112818	-1.6042435380082902	0.09861049873497196	199.5804343921432	0.7512082671738202	-1.5740762776483033	0.6606747934933693	0.010393150555917267	1599.565890624997	0.013836335778892702	0.09560773390391736	-1.5263028766606455	0.0956175504328099	215.90340955210587	0.714711521033869	-1.5263011524527326	0.7147090392642578	0.009888209124880224	-0.02981560229846898	0.0	0.0	0.0	0.0796195412281614	0.0	0.0	0.0	-0.048798192387058195	215.91134488418723	0.08003819042881286
136	867.5	nan	nan	1	1	0.001500000000000045	0.001500000000000028	0.0014999999999998368	0.969328989400273	-5.992927508413625e-20	2.236776844473376e-18	-4.797594613248357e-21	1.0867500000000263	5.999554694192944e-18	-4.163336342344337e-20	3.5584870553689864e-19	0.9502572051971233	0.013974367579283907	0.08206971546975687	-1.6286917254186393	0.09202172937234972	201.29202860779804	0.7548190278413505	-1.5966456247310434	0.6600131338010642	0.010176968270917302	1599.565890624997	0.013531979853739879	0.08909853336589567	-1.5461016364818956	0.08910858977396026	218.53157921340426	0.7165425574279336	-1.5461004803860725	0.7165396137576947	0.009660899636513556	-0.0311512103683571	0.0	0.0	0.0	0.0831915908867888	0.0	0.0	0.0	-0.05102258871887496	218.53996952457913	0.0836428835833823
138	906.25	nan	nan	1	1	0.001500000000000045	0.001500000000000028	0.0014999999999998368	0.9680399957206312	-1.1629423552622641e-19	-1.6112870586393324e-18	1.559624825120398e-19	1.0906249999999988	4.020899281934054e-19	-3.153944119760332e-19	1.1024032164561049e-18	0.9481528183913887	0.013676751750005184	0.07584828797092376	-1.6520304498847473	0.08546396145100445	202.91509585234533	0.7586065071672873	-1.618090965102811	0.6595039520343439	0.009956520694859824	1599.565890624997	0.01322601999835439	0.08263692362056256	-1.564765629578926	0.08264740663214454	221.07656910908085	0.7185348120387877	-1.5647650739583114	0.7185314154040421	0.009430589717395852	-0.03248187466590667	0.0	0.0	0.0	0.08675092640865367	0.0	0.0	0.0	-0.053239588883775994	221.08540325661542	0.08723491645930212
140	945.0	nan	nan	1	1	0.001500000000000045	0.001500000000000028	0.0014999999999998368	0.9667574154854115	-4.432760582206985e-19	1.602179760390454e-19	4.538876869839004e-19	1.0944999999999974	4.079486856829739e-18	-2.233456475320139e-19	2.4462989143061997e-19	0.9460601000595661	0.013378027438837311	0.0698039523422065	-1.6742460885079251	0.0790389410175459	204.4542237766683	0.7625467847621537	-1.6384021042544608	0.6591239845359511	0.00973274559624626	1599.565890624997	0.012919853522017423	0.07632095126318314	-1.582289751175571	0.07633199626407829	223.54236866006363	0.7206646445841933	-1.582289713032048	0.7206607622094032	0.00919818401455189	-0.033807677993596595	0.0	0.0	0.0	0.09029763798077817	0.0	0.0	0.0	-0.055449181229891537	223.55163355278287	0.09081436428898189
142	983.75	nan	nan	1	1	0.001500000000000045	0.001500000000000028	0.0014999999999998368	0.9654811505144113	-3.8386177916849287e-19	-5.521218248219495e-18	3.479475822049105e-19	1.0983749999999974	1.3654171109739321e-18	-9.595189226496714e-20	-2.2016080365033776e-19	0.9439790015942224	0.013083685944094824	0.06398197661473268	-1.6953347497197433	0.0728009608139929	205.91370571157316	0.7665747512880362	-1.657578316593757	0.6588152988561449	0.009508222990755232	1599.565890624997	0.012618773288974705	0.07020232890708217	-1.5986780984477322	0.07021406839453621	225.93271511263984	0.7228697848078617	-1.5986783139851672	0.722865574751046	0.00896612769424469	-0.03512870033427287	0.0	0.0	0.0	0.09383181483386785	0.0	0.0	0.0	-0.05765135715795659	225.94239280402874	0.0943813022202248
144	1022.5	nan	nan	1	1	0.001500000000000045	0.001500000000000028	0.0014999999999998368	0.9642111074380959	2.756855074087516e-19	5.006073138490163e-18	2.661445282908792e-19	1.102249999999987	3.0350342464929847e-18	8.066464163292153e-20	7.918741617291003e-20	0.9419094702189058	0.0127846266264961	0.05841347302795077	-1.7153159777489233	0.06678909028143706	207.297556844171	0.770581565914973	-1.6756418874134904	0.658483887707185	0.00927536313710288	1599.565890624997	0.01231398947607775	0.06431788203792858	-1.613956760481651	0.06433040079073715	228.25110572477675	0.7250473638350554	-1.6139569163890346	0.7250431590184996	0.00872727546133818	-0.036445017228289495	0.0	0.0	0.0	0.09735354525589843	0.0	0.0	0.0	-0.059846112825626414	228.26118537244864	0.09793580561769265
146	1061.25	nan	nan	1	1	0.001500000000000045	0.001500000000000028	0.0014999999999998368	0.9629471993814349	4.512042866069987e-19	-4.1161735478412176e-19	2.5451645999097215e-20	1.1061249999999891	1.645100613893724e-18	3.9811903773667724e-19	-3.053790944076984e-19	0.9398514476884083	0.012482795035626017	0.05315175498232522	-1.7342380248294997	0.06106845665335902	208.60954972215188	0.7744733707166838	-1.6926432758964285	0.658050194666476	0.009033152701465421	1599.565890624997	0.012007384470062648	0.05872944809928708	-1.6281785231836223	0.05874264825605737	230.50083158113628	0.7271094803162931	-1.6281785070049797	0.7271053376740239	0.008480718917814111	-0.03775669798996015	0.0	0.0	0.0	0.1008629166053678	0.0	0.0	0.0	-0.06203345058086839	230.51130178398913	0.10147795021513076
148	1100.0	nan	nan	1	1	0.001500000000000045	0.001500000000000028	0.0014999999999998368	0.9616893457613522	2.3779264148038325e-19	-4.109695439860617e-18	-1.951563910473908e-19	1.1100000000000094	-8.731080095025768e-19	3.86843335142828e-19	-4.168215252120522e-19	0.9378048704702014	0.012180223447925707	0.048273661748445926	-1.7521790117515432	0.055732671325247486	209.85322712503546	0.7782632477320794	-1.7086619419372384	0.657526988075942	0.008782873152865304	1599.565890624997	0.011700914148493037	0.053525773802624445	-1.6414236647042195	0.05353951060347397	232.6849872168032	0.7290691782228356	-1.6414236386451353	0.7290650752013199	0.008227707180898877	-0.03906380587206629	0.0	0.0	0.0	0.10436001532425106	0.0	0.0	0.0	-0.0642133788338447	232.69583649496047	0.10500781211646826
150	1138.75	nan	nan	1	1	0.001500000000000045	0.001500000000000028	0.0014999999999998368	0.9604374709322334	2.9970058552930557e-19	2.6071132015401123e-18	-3.3930106987933863e-19	1.1138749999999922	4.634747446941034e-18	1.450662506785605e-19	-3.9635043294281025e-19	0.9357696711247804	0.01187759114510873	0.043821318881128925	-1.76924051784121	0.050836665546101216	211.03192165426594	0.7820768818881287	-1.7237994208175964	0.6570215604859228	0.008525846542656763	1599.565890624997	0.011395226179411464	0.04875816845646875	-1.65379366713504	0.048772120123319454	234.80648799326912	0.7310446383273415	-1.6537936058056817	0.731040706752898	0.007969516228587983	-0.04036639943171721	0.0	0.0	0.0	0.10784492695074022	0.0	0.0	0.0	-0.06638591064480923	234.81770683572537	0.10852546757027666
152	1177.5	nan	nan	1	1	0.001500000000000045	0.001500000000000028	0.0014999999999998368	0.9591915026048707	-4.519225705462703e-19	-1.5118928244767239e-18	-3.965740496408854e-19	1.1177499999999996	5.124535778361361e-18	1.196959198423997e-19	-1.8659119388475532e-19	0.9337457799526513	0.011580878179361837	0.039757198163886086	-1.78552472006595	0.04634358767049957	212.14877217615327	0.7860314061610254	-1.7381575102218587	0.6566314648960618	0.008268190949596584	1599.565890624997	0.011096043807104222	0.04438965766097723	-1.6653896679687348	0.044403409741986734	236.86808439761558	0.7331450345146477	-1.6653894098842625	0.7331413500521468	0.007711884145598473	-0.04166453414369495	0.0	0.0	0.0	0.11131773613195278	0.0	0.0	0.0	-0.06855106200700792	236.87966033891794	0.11203099267929809
154	1216.25	nan	nan	1	1	0.001500000000000045	0.001500000000000028	0.0014999999999998368	0.9579513709617506	-6.32266049412078e-19	-3.310231862924118e-18	-2.409910378892155e-19	1.121625000000015	-9.166034901572639e-18	3.1225022567582525e-20	-1.4757346820243321e-19	0.931733125789164	0.011290282211716657	0.03602335494555319	-1.801120739223446	0.042192093044624526	213.20673112815868	0.7901551413795344	-1.751825117674332	0.6563783592155136	0.00801176054942289	1599.565890624997	0.010803527474844237	0.04035981416010256	-1.6762997603851968	0.04037307729613227	238.87236652503003	0.7353959372722115	-1.6762991779139278	0.7353925984043114	0.007456530812615906	-0.04295826329991997	0.0	0.0	0.0	0.11477852663609828	0.0	0.0	0.0	-0.07070885102109048	238.88428788842447	0.11552446329513502
156	1255.0	nan	nan	1	1	0.001500000000000045	0.001500000000000028	0.0014999999999998368	0.9567170084799272	-4.821447061043038e-19	-3.480831074764712e-18	-7.288549104533804e-20	1.125500000000009	-2.8917569293990252e-18	1.216474837528736e-19	4.790072960676738e-19	0.9297316362616912	0.011004703608608004	0.032578209801595766	-1.816119058296107	0.03833883712323241	214.2085810625902	0.7943980521153259	-1.7648921249738732	0.6562185733247003	0.007756863537699988	1599.565890624997	0.010516597237320669	0.03662571501372576	-1.6866125271320669	0.036638343285946263	240.82177907481906	0.7377499289523828	-1.6866114986641596	0.737746935748658	0.007203725523486955	-0.04424763817662075	0.0	0.0	0.0	0.11822738136465792	0.0	0.0	0.0	-0.07285929763666693	240.83403569274188	0.11900595496188125
158	1293.75	nan	nan	1	1	0.001500000000000045	0.001500000000000028	0.0014999999999998368	0.9554883505725792	3.5155255442842483e-19	-2.6220074288846318e-18	2.410723530521519e-19	1.1293749999999965	-7.041676269858853e-18	1.7553233172540317e-19	3.6856097600929117e-19	0.9277412372094259	0.010720830451569373	0.029389990958296794	-1.8306003053723687	0.034751104193925964	215.15694749231338	0.7986936379365014	-1.7774383999181464	0.6560956535038412	0.007503331013943392	1599.565890624997	0.010232067508822799	0.033154859741497476	-1.6964066416693084	0.03316680043814471	242.7186325657102	0.7401447427262917	-1.6964049364360718	0.7401417509720318	0.0069532931516187455	-0.0455327073462218	0.0	0.0	0.0	0.12166438236435237	0.0	0.0	0.0	-0.07500242429279949	242.73121674401182	0.12247554301466682
160	1332.5	nan	nan	1	1	0.001500000000000045	0.001500000000000028	0.0014999999999998368	0.9542653365544445	-3.260738033750155e-20	4.707551622823436e-18	4.730916179640499e-19	1.133249999999997	-2.687222189559635e-18	1.6544925152128798e-19	1.1813466871402057e-18	0.9257618518082021	0.010440919818610468	0.02643480857706649	-1.8446089019433511	0.03140486903612102	216.05430758368618	0.8030304358326402	-1.789508541525872	0.6559995304619605	0.007253020877803509	1599.565890624997	0.009952077564734806	0.02992317970200817	-1.7057266072459958	0.02993449791662225	244.56511014149442	0.7425695383910431	-1.7057240279038088	0.7425660669045234	0.0067069342889683695	-0.04681351564477022	0.0	0.0	0.0	0.12508961083881892	0.0	0.0	0.0	-0.0771382568850533	244.57801284526607	0.12593330272654202
162	1371.25	nan	nan	1	1	0.001500000000000045	0.001500000000000028	0.0014999999999998368	0.9530479094998479	7.682927644775405e-20	3.2372650567158433e-18	7.635493799729165e-20	1.137124999999982	-5.1311223065592106e-18	2.3353714795337765e-19	-2.6834003769016236e-21	0.9237934006986778	0.01016339885422523	0.023696446233523363	-1.858147824763178	0.028284625776843726	216.90300302843886	0.8074841647092467	-1.8011068803965011	0.6559915376275893	0.0070040888851426305	1599.565890624997	0.009675109886229669	0.02691495332631733	-1.7145782904325078	0.026925723019133534	246.36327934226568	0.7450940125578848	-1.714574743609123	0.7450898520271694	0.006462918927484007	-0.04809010429369791	0.0	0.0	0.0	0.1285031471600734	0.0	0.0	0.0	-0.0792668246583896	246.37649368678998	0.12937930930335378
164	1410.0	nan	nan	1	1	0.001500000000000045	0.001500000000000028	0.0014999999999998368	0.9518360162787483	-2.6481638062958445e-19	2.225568904515307e-18	-2.5478751053409353e-20	1.1410000000000056	6.279211092058423e-18	4.5970172113385387e-20	2.57443805856683e-19	0.9218358019743689	0.009886224081479308	0.02114007504921174	-1.8712135214434076	0.02535219327044797	217.7052403177966	0.8121581052709833	-1.8122312173676491	0.6561539988221375	0.006756551401883832	1599.565890624997	0.009399207437340223	0.024092996621004996	-1.7229614823402775	0.024103289747082556	248.11508980652061	0.7478126450652014	-1.7229568130437678	0.7478079448478661	0.006221245029224808	-0.049362510835855807	0.0	0.0	0.0	0.1319050708799425	0.0	0.0	0.0	-0.08138816025015916	248.12861051449212	0.132813637893621
166	1448.75	nan	nan	1	1	0.001500000000000045	0.001500000000000028	0.0014999999999998368	0.950629607587106	8.136395203417468e-19	-3.8173945341585244e-18	2.743031496388326e-20	1.14487500000001	-3.2761065995451367e-18	-4.454986726742938e-19	-6.964033841781736e-19	0.9198889712691938	0.009615524428720245	0.01871460694065631	-1.883822118411802	0.0225489231056752	218.4631133137448	0.8171079701878029	-1.8228984318677597	0.656528927237571	0.006515887032390543	1599.565890624997	0.009130183191626569	0.021400994811557866	-1.7308940432977091	0.02141077174259935	249.8223964505165	0.7507754073519053	-1.7308880806303093	0.7507703586830535	0.005986929413841901	-0.05063076907738733	0.0	0.0	0.0	0.13529546074102336	0.0	0.0	0.0	-0.08350229962492937	249.83621343898213	0.13623636355506338
168	1487.5	nan	nan	1	1	0.001500000000000045	0.001500000000000028	0.0014999999999998368	0.9494286359204858	4.828494375164194e-19	9.530408146690706e-18	3.5344990823027446e-20	1.1487499999999804	-1.0780764302109614e-18	-5.702903427273753e-19	-9.67718201579093e-19	0.9179528235793508	0.009346704231657087	0.016377524280842645	-1.8959933276674719	0.019825575506608982	219.1786060573898	0.8223316868946893	-1.833129037396398	0.6571110677879749	0.006282211114070443	1599.565890624997	0.0088636503043259	0.018791678061104558	-1.738396959909452	0.018800955290465785	251.48696056155174	0.7539788688463455	-1.7383897411833045	0.7539735203265376	0.0057600290796618265	-0.05189491119582906	0.0	0.0	0.0	0.13867439468774365	0.0	0.0	0.0	-0.0856092801186166	251.50106612702177	0.1396475609855465
170	1526.25	nan	nan	1	1	0.001500000000000045	0.001500000000000028	0.0014999999999998368	0.948233053064987	3.7478158597392674e-19	4.587909913089661e-18	2.6129272356900656e-20	1.1526249999999922	7.518427070155042e-18	-1.3400738851920835e-19	-7.67791320972766e-19	0.9160272757512965	0.009070799168361432	0.014096309192369075	-1.9077135890834518	0.017144188444376988	219.85360234682437	0.8278153583648028	-1.84291101138743	0.6578860556869789	0.006055080177826633	1599.565890624997	0.008591106663237499	0.01622863236023278	-1.7454605942960704	0.016237549619003828	253.1104586930382	0.7574088142198769	-1.7454520572903796	0.7574032881207876	0.005540089406595561	-0.0531549703735305	0.0	0.0	0.0	0.14204194987716134	0.0	0.0	0.0	-0.08770913773026767	253.12484911375222	0.1430473040748478
172	1565.0	nan	nan	1	1	0.001500000000000045	0.001500000000000028	0.0014999999999998368	0.9470428098293806	-3.741581697247476e-19	-3.4034732497578713e-18	5.990217002982412e-20	1.1564999999999712	8.219878770698852e-19	1.8561541192951836e-19	8.906720846968419e-20	0.9141122467725575	0.008782397628312776	0.011847211715151199	-1.9189537547227948	0.014476275305172266	220.48989212337307	0.8335544588601798	-1.852217301878436	0.6588472082876312	0.005831795384226155	1599.565890624997	0.00830745374073493	0.013685069615359197	-1.7520611528453962	0.013693411813667221	254.69448809904137	0.7610597089980194	-1.7520511145542448	0.7610541727527679	0.005324600511554143	-0.05441098108456472	0.0	0.0	0.0	0.14539820268933154	0.0	0.0	0.0	-0.0898019067832335	254.70916277071598	0.14643566584234252
174	1603.75	nan	nan	1	1	0.001500000000000045	0.001500000000000028	0.0014999999999998368	0.9458578562717344	1.485763552119823e-19	9.653736143810931e-19	-7.987859505786954e-20	1.1603750000000228	-1.2474233885423347e-17	4.96347754563864e-19	1.3387186324764766e-19	0.9122076575064408	0.00846976258462948	0.009591896971689561	-1.9297089957800624	0.011775362103331397	221.08917300850354	0.8395639857272112	-1.8610446315464657	0.6600032859621935	0.005609369431301241	1599.565890624997	0.008001642791812383	0.011116931157106453	-1.7581971936476033	0.011124543380483022	256.2405667170331	0.764943857763629	-1.7581855704289913	0.7649384803820848	0.00511081080816527	-0.055662978860941806	0.0	0.0	0.0	0.1487432287379796	0.0	0.0	0.0	-0.09188762019203885	256.25553189145603	0.14981271849384434
176	1642.5	nan	nan	1	1	0.001500000000000045	0.001500000000000028	0.0014999999999998368	0.9446781413840927	-5.777442326632132e-20	-4.888776015954388e-18	-5.160802341031001e-19	1.1642500000000156	-2.1092611164619245e-17	2.662800535624399e-19	2.2687608085616985e-19	0.9103134310304843	0.008125015513147581	0.007270853703125273	-1.9400015048795258	0.008968162242021729	221.6530550001788	0.8458759249497887	-1.8694157396795028	0.6613760728016558	0.005383627458424177	1599.565890624997	0.007666321033929018	0.008454941155234588	-1.7638918506262773	0.008461868253721595	257.75013683729304	0.7690889140586272	-1.763878626825043	0.7690837974933428	0.004894911976530645	-0.05691100063066993	0.0	0.0	0.0	0.15207710288036289	0.0	0.0	0.0	-0.09396630906970647	257.7654049612372	0.15317853335001816
178	1681.25	nan	nan	1	1	0.001500000000000045	0.001500000000000028	0.0014999999999998368	0.9435036136924511	-3.3293138211598626e-19	-1.0646106392286913e-17	-7.081195439045951e-19	1.168125000000012	-7.078051252745743e-18	-1.938553484404082e-19	5.562228195393759e-19	0.9084294919897417	0.007735034724671729	0.004843943005032137	-1.949856846239409	0.006004216666817542	222.18306263688643	0.8525209630201392	-1.8773563921495573	0.6629859276998366	0.005148491007380616	1599.565890624997	0.007289231174985295	0.005651506501378366	-1.769171119008841	0.0056581676575458905	259.2245659546497	0.7735211274785281	-1.7691562129083003	0.7735163846530696	0.004671400166787499	-0.058155084088179	0.0	0.0	0.0	0.15539989922770076	0.0	0.0	0.0	-0.0960380034149666	259.24015903361254	0.15653318097743088
180	1720.0	nan	nan	1	1	0.001500000000000045	0.001500000000000028	0.0014999999999998368	0.9423342232558415	7.612590028835409e-19	-7.768525406293136e-18	-3.885780586188048e-19	1.1719999999999973	1.5113425918741874e-17	-3.5540147214074836e-19	-9.80118763926896e-20	0.9065557646198895	0.007277061366728722	0.002331687290488478	-1.9592767571251317	0.0029071748005798674	222.68063730542775	0.8595339911006294	-1.8848693671757228	0.6648559769534836	0.004891254967725406	1599.565890624997	0.006849106223370785	0.0027294228166182023	-1.7740391955631258	0.002736207380374247	260.6651478351517	0.7782703411276864	-1.7740224882516675	0.7782660568011577	0.004428816907403112	-0.05939526557524012	0.0	0.0	0.0	0.15871169115481892	0.0	0.0	0.0	-0.09810273427565862	260.68110451943016	0.15987673155446844
182	1750.0	nan	nan	1	1	0.001500000000000045	0.001500000000000028	0.0014999999999998368	0.941432062419871	-1.1805606405651537e-19	-3.7820224382811854e-18	6.776263578034403e-20	1.1750000000000032	-5.2983062815564756e-18	-4.623038063478191e-19	3.8799529995109385e-19	0.9051116163586042	0.003639872291377523	0.00044643118407019703	-1.9662363559728162	0.0005621829723026996	223.04264863628367	0.8653817557489352	-1.8903662214831438	0.6666085760934194	0.0023150492875884813	1599.565890624997	0.003422521152362338	0.0005239180964776534	-1.7774969752780698	0.0005286128084113718	261.7560871116902	0.7823136057025608	-1.7774849942025817	0.7823116053371854	0.002092827290985697	-0.060353092362780816	0.0	0.0	0.0	0.1612681475961246	0.0	0.0	0.0	-0.09969700989416694	261.7749413817098	0.162458015958703
184	1780.0	nan	nan	1	1	0.001500000000000045	0.001500000000000028	0.0014999999999998368	0.9405333222436203	1.6955566724957681e-19	3.2711734796603276e-18	1.1454595952309354e-19	1.1779999999999986	-9.296599948194206e-18	-3.699297812520541e-19	5.564803175553412e-19	0.9036739372070912	0.0031507114578907757	-0.0014753342864829394	-1.9729564604002878	-0.0018436653529231583	223.38939785761013	0.8713261481015925	-1.8956227211717274	0.6684158072498912	0.0023634444838966056	1599.565890624997	0.0029597265263987646	-0.0017358192152266102	-1.7807297894864207	-0.0017319089112977297	262.8310158801627	0.7864321688924466	-1.7807168085306404	0.7864312600986899	0.0021331722634255006	-0.06130820051928178	0.0	0.0	0.0	0.16381808522939398	0.0	0.0	0.0	-0.10128667258406726	262.8500954988962	0.16503242467868293
186	1810.0	nan	nan	1	1	0.001500000000000045	0.001500000000000028	0.0014999999999998368	0.9396375971175726	-6.882176577759081e-19	3.6895399929681716e-19	4.702184822069632e-19	1.1809999999999912	2.5216916228754107e-18	-7.676151381197371e-20	4.881891332159105e-19	0.9022422557245149	0.0027807918979405166	-0.0033828871763665323	-1.9794338821350792	-0.004247521871733375	223.7189737186309	0.8774408402504348	-1.9006428133077427	0.6703332230385072	0.002166639690368264	1599.565890624997	0.0026097291032416287	-0.0039902854547854425	-1.7837365714872602	-0.003986231926786019	263.88777403679364	0.7906923945259644	-1.783723143191625	0.7906917287803108	0.0019524342226460755	-0.06226101303711131	0.0	0.0	0.0	0.16636153721521796	0.0	0.0	0.0	-0.10287221878838376	263.9071315797206	0.1676002889736689
188	1840.0	nan	nan	1	1	0.001500000000000045	0.001500000000000028	0.0014999999999998368	0.9387448620456698	-2.192866656487713e-19	2.0696877371662038e-18	6.661880248837182e-19	1.1840000000000195	-5.109411158055188e-18	3.1355126828280787e-19	4.278532823170922e-19	0.9008165389309971	0.002337287230692628	-0.005257273843743271	-1.9857059295811434	-0.006626134539951836	224.0316206793037	0.8836899749841068	-1.905462309943501	0.6723328414334228	0.0019303272631818781	1599.565890624997	0.0021914119865078774	-0.006216939987916334	-1.7865519827442202	-0.006212582888565836	264.926496613153	0.7950613700751065	-1.7865382102018232	0.7950609101466809	0.001736727451939597	-0.0632115491058067	0.0	0.0	0.0	0.16889853646182945	0.0	0.0	0.0	-0.1044536614955023	264.94618256577405	0.17016164066014405
190	1870.0	nan	nan	1	1	0.001500000000000045	0.001500000000000028	0.0014999999999998368	0.937855098035297	-4.856920800874048e-19	8.03448019920383e-19	3.237969788127959e-19	1.1869999999999945	3.8288599721325588e-19	4.1026210206851486e-19	-6.772333345159142e-19	0.8993967501967823	0.0018540074684136702	-0.0070839334488715915	-1.9918092514614159	-0.008960770467264055	224.32787695952976	0.8900326196474481	-1.9101166840974761	0.6743825447859215	0.0016576472009975697	1599.565890624997	0.0017366385860961859	-0.00839822324376171	-1.7892098597545254	-0.008393504351909106	265.94766934256523	0.7995018285048925	-1.7891957794474436	0.7995014639374489	0.001489037523971353	-0.06415982161563763	0.0	0.0	0.0	0.17142911562752672	0.0	0.0	0.0	-0.10603101795338903	265.9677170835845	0.17271651157049087
192	1900.0	nan	nan	1	1	0.001500000000000045	0.001500000000000028	0.0014999999999998368	0.9369682869842563	-2.737441078936448e-19	5.6478259569114896e-18	-5.3722217646656744e-20	1.1900000000000108	-5.232169949034859e-18	-1.0018028073766061e-19	-1.1349563866849822e-18	0.8979828524507274	0.0013462845901444052	-0.008847377083801898	-1.9977736602865421	-0.011231277568694124	224.60827127795676	0.8964291430757577	-1.9146350292778693	0.67645175291503	0.0013546267750153887	1599.565890624997	0.001259858788248631	-0.010515298419289403	-1.7917376911466036	-0.01051027684024926	266.95177311392536	0.8039779055154388	-1.791723522339126	0.8039774930782455	0.0012149203378141022	-0.06510584258408156	0.0	0.0	0.0	0.17395330712344712	0.0	0.0	0.0	-0.10760430612870518	266.9722062148155	0.1752649334533224
194	1930.0	nan	nan	1	1	0.001500000000000045	0.001500000000000028	0.0014999999999998368	0.9360844107846102	2.3191762095822742e-20	1.3114509478384662e-18	-6.25964124284506e-19	1.19299999999999	3.6835768810195013e-19	-1.938553484404082e-19	-1.3552527156068806e-23	0.89657480896105	0.000816224776682068	-0.010531682011191054	-2.003619668969709	-0.013416477648983807	224.87331003338352	0.9028467238077102	-1.9190370992015164	0.6785156469025261	0.0010200388904276739	1599.565890624997	0.0007631023618594033	-0.012548626489163248	-1.7941544639925981	-0.012543292086024707	267.9392685795311	0.8084600610123003	-1.7941402720575768	0.8084595994244093	0.0009134005605205188	-0.06604962410854835	0.0	0.0	0.0	0.17647114311577092	0.0	0.0	0.0	-0.10917354383992176	267.9601101565604	0.1778069378561953
196	1960.0	nan	nan	1	1	0.001500000000000045	0.001500000000000028	0.0014999999999998368	0.935203450909016	-8.524370174577828e-20	8.340767312930985e-19	-9.82504008706364e-19	1.1960000000000093	1.5721121236419998e-17	2.3440450969136605e-19	2.469812548921979e-19	0.8951725838760745	0.00026876387454129646	-0.012126722562867141	-2.0093530379404303	-0.015502380986080649	225.12348465476896	0.9092570934063668	-1.9233285650064271	0.6805531820275524	0.0006572665547685352	1599.565890624997	0.00025103422814128014	-0.014485402536663404	-1.7964658565780915	-0.014479729657993462	268.9106045574183	0.8129230116924829	-1.7964516347388815	0.8129225962060332	0.0005876303974550202	-0.06699117880861429	0.0	0.0	0.0	0.1789826555284474	0.0	0.0	0.0	-0.11073874815036581	268.93187365883165	0.18034255598807844
198	1990.0	nan	nan	1	1	0.001500000000000045	0.001500000000000028	0.0014999999999998368	0.9343253885058931	6.89400115770275e-20	1.2689176966118599e-17	-4.748263414400267e-19	1.1989999999999783	-5.539731000314685e-18	7.396427220696111e-19	-2.0461605500232683e-19	0.8937761421283673	-0.0002834807955645826	-0.013631443168930448	-2.0149607211085985	-0.017486435243129237	225.35927126596056	0.9156384707645282	-1.9274972620599344	0.6825483697551358	0.0002730660000821465	1599.565890624997	-0.00026453046910899223	-0.016323561862431932	-1.7986607238201016	-0.016317489545265202	269.86621740588043	0.817347423862807	-1.7986465500193012	0.8173470996229246	0.00024375318298422508	-0.06793051972614918	0.0	0.0	0.0	0.1814878760453591	0.0	0.0	0.0	-0.11229993546785332	269.8879236603108	0.18287181873664388
200	2020.0	nan	nan	1	1	0.001500000000000045	0.001500000000000028	0.0014999999999998368	0.9334502049294815	1.6441883594095313e-19	-9.355255285725673e-18	4.172009959724221e-19	1.201999999999999	1.561993806867279e-17	8.409072049797573e-19	6.64968297439672e-19	0.8923854488361271	-0.0008331099815195644	-0.015054824754317266	-2.0204214326618892	-0.019379120771386895	225.58112971752672	0.9219845837462137	-1.931523050410898	0.6844970855695196	-0.00012777737915285845	1599.565890624997	-0.0007766858445830548	-0.01807307575523406	-1.800720645389036	-0.018066628797495123	270.80652965867245	0.8217279067837224	-1.8007065633804715	0.8217277772155548	-0.00011388285678157435	-0.06886765975896544	0.0	0.0	0.0	0.18398683611301525	0.0	0.0	0.0	-0.11385712220872939	270.8286766132296	0.18539475680165846
