6	header
postResults v2.0.3	--cr f,p,texture --time RVE_1_40_D_tensionX.spectralOut
addCauchy v2.0.3	RVE_1_40_D_tensionX.txt
addStrainTensors v2.0.3	--left --logarithmic RVE_1_40_D_tensionX.txt
addMises v2.0.3	-s Cauchy RVE_1_40_D_tensionX.txt
addMises v2.0.3	-e ln(V) RVE_1_40_D_tensionX.txt
inc	time	elem	node	ip	grain	1_pos	2_pos	3_pos	1_f	2_f	3_f	4_f	5_f	6_f	7_f	8_f	9_f	1_p	2_p	3_p	4_p	5_p	6_p	7_p	8_p	9_p	texture	1_Cauchy	2_Cauchy	3_Cauchy	4_Cauchy	5_Cauchy	6_Cauchy	7_Cauchy	8_Cauchy	9_Cauchy	1_ln(V)	2_ln(V)	3_ln(V)	4_ln(V)	5_ln(V)	6_ln(V)	7_ln(V)	8_ln(V)	9_ln(V)	Mises(Cauchy)	Mises(ln(V))
0	0.0	nan	nan	1	1	0.001500000000000045	0.001500000000000028	0.0014999999999998368	1.0	0.0	0.0	0.0	1.0	0.0	0.0	0.0	1.0	2.7716487604837245e-12	-1.1931922846408178e-15	-2.8066754232013122e-14	-1.1931922846409345e-15	2.7018729684354e-12	-1.6832583398957215e-14	-2.806675423201312e-14	-1.6832583398957266e-14	2.699121388890668e-12	1599.565890624997	2.7716487604837245e-12	-1.1931922846408178e-15	-2.8066754232013122e-14	-1.1931922846409345e-15	2.7018729684354e-12	-1.6832583398957215e-14	-2.806675423201312e-14	-1.6832583398957266e-14	2.699121388890668e-12	0.0	0.0	0.0	0.0	0.0	0.0	0.0	0.0	0.0	9.102600058540028e-14	0.0
2	2.0	nan	nan	1	1	0.001500000000000045	0.001500000000000028	0.0014999999999998368	0.9999331859138989	1.9892039370675208e-23	1.7752288562123037e-22	-1.2738581433316626e-24	1.000200000000001	7.515101301166767e-23	9.694556779121484e-25	8.033578109115005e-24	0.9999338800589291	-8.52142239366957e-13	-0.0004941626033685679	0.00274120091447683	-0.000494294461721978	14.158906776138302	0.0007274803459941866	0.0027412028173948734	0.0007272867876790383	1.9338235919715007e-11	1599.565890624997	-8.520281810506015e-13	-0.0004942283009435809	0.002740835910366547	-0.0004942283009435919	14.160789164311113	0.0007273834784807419	0.002740835910366457	0.0007273834784807375	1.933566094042071e-11	-6.681631826157467e-05	0.0	0.0	0.0	0.0001999800026677987	0.0	0.0	0.0	-6.612212709030524e-05	14.16079004195736	0.00017763326904648253
4	4.0	nan	nan	1	1	0.001500000000000045	0.001500000000000028	0.0014999999999998368	0.9998663539893821	-9.489415987208333e-24	1.6536994806160128e-22	3.639594695233322e-25	1.0003999999999935	-5.321153618880121e-22	1.8661194619196303e-24	-4.215312401570229e-23	0.9998677425139983	3.201034710735573e-12	-0.000988361400600477	0.005482594259821683	-0.0009888889062180022	28.326310375499745	0.0014554063112527417	0.005482601873556233	0.001454631970084857	5.896107048777855e-12	1599.565890624997	3.2001780563174706e-12	-0.0009886242617739142	0.0054811346307591866	-0.0009886242617739454	28.333843942856713	0.0014550188389633525	0.0054811346307591	0.0014550188389633296	5.894537330356899e-12	-0.00013365494204179026	0.0	0.0	0.0	0.00039992002132045463	0.0	0.0	0.0	-0.00013226623279395967	28.333845697147858	0.000355254643916391
6	6.0	nan	nan	1	1	0.001500000000000045	0.001500000000000028	0.0014999999999998368	0.9997995042228783	-1.041751263449283e-22	4.825440821389342e-22	1.2123159057577174e-23	1.000599999999987	1.2509088444169915e-21	9.145308852386273e-24	1.6051274350468992e-22	0.9998015873617153	5.461737712705167e-12	-0.001482596338705707	0.008224179771052763	-0.0014837833888125703	42.502212496066484	0.0021837779609269244	0.008224196906596516	0.0021820354505099394	8.305830207638864e-12	1599.565890624997	5.459545878029779e-12	-0.0014831879358524023	0.008220896477147419	-0.001483187935852441	42.519172060166625	0.0021829061433026337	0.008220896477147284	0.002182906143302582	8.30251431688073e-12	-0.00020051587908694035	0.0	0.0	0.0	0.0005998200719546787	0.0	0.0	0.0	-0.00019843232467626188	42.51917469008145	0.0005328641403784554
8	8.0	nan	nan	1	1	0.001500000000000045	0.001500000000000028	0.0014999999999998368	0.9997326366108236	4.7920227246422e-23	1.2176098616780567e-24	1.78671012311454e-23	1.0008000000000166	-2.5720684838968865e-22	2.8309429284014816e-23	-4.870439446712227e-23	0.9997354145986065	-1.0388609837826135e-11	-0.0019768673654552444	0.010965957183091722	-0.001978977965603598	56.686614836157524	0.0029125953601492776	0.010965987654533682	0.0029094971322310374	-7.552080974471132e-12	1599.565890624997	-1.0383052797543494e-11	-0.0019779193773569684	0.010960121765248526	-0.001977919377356936	56.71678124717638	0.0029110454534105545	0.010960121765248455	0.002911045453410609	-7.548062214654936e-12	-0.0002673991371393094	0.0	0.0	0.0	0.0007996801705808841	0.0	0.0	0.0	-0.0002646204102864149	56.71678475171996	0.0007104617742038547
10	10.0	nan	nan	1	1	0.001500000000000045	0.001500000000000028	0.0014999999999998368	0.9996657511496488	5.885886366682324e-23	-3.415130964210932e-22	2.440513679276453e-23	1.0010000000000248	-5.319472787875413e-21	2.4352197233561136e-23	-1.8820013296806485e-23	0.9996692242211902	-3.9241644525858654e-12	-0.0024711744280904156	0.013707926230742951	-0.002474472692171174	70.87951909388393	0.0036418585740279315	0.013707973855269645	0.003637016918503262	-1.074474734880093e-12	1599.565890624997	-3.921541359279465e-12	-0.002472818639991108	0.013698810810508458	-0.002472818639991131	70.92667924068894	0.003639436831250938	0.013698810810508225	0.003639436831251001	-1.0737602366709148e-12	-0.0003343047239489444	0.0	0.0	0.0	0.0009995003331080454	0.0	0.0	0.0	-0.0003308304971846202	70.92668361882698	0.0008880475611023924
12	12.0	nan	nan	1	1	0.001500000000000045	0.001500000000000028	0.0014999999999998368	0.9995988478357947	-7.664986428161376e-23	4.0251799746912405e-21	-3.494010907423989e-24	1.0012000000000039	-1.869745821725063e-21	1.3737815613280684e-23	1.7734752333136914e-23	0.9996030162259619	7.955830008676835e-12	-0.002965517473978507	0.016450086648900936	-0.0029702676242330207	85.08092696749097	0.004371567667890168	0.016450155246798652	0.004364594712803456	1.0786254833750065e-11	1599.565890624997	7.94945025816181e-12	-0.0029678857776397616	0.016436963928308092	-0.0029678857776397594	85.14887378372393	0.004368080339082556	0.016436963928308176	0.004368080339082487	1.0777650319291112e-11	-0.0004012326472594423	0.0	0.0	0.0	0.0011992805754864008	0.0	0.0	0.0	-0.0003970625929568541	85.14887903444013	0.0010656215168177803
14	14.0	nan	nan	1	1	0.001500000000000045	0.001500000000000028	0.0014999999999998368	0.9995319266656838	-1.061371987579041e-22	3.6594470299345942e-22	-9.312068463876964e-23	1.0014000000000138	-2.1485520102697364e-22	-1.649067269185716e-23	1.3923104070492562e-23	0.9995367906094431	5.083186536622431e-12	-0.003459896450711848	0.019192438172167633	-0.0034663628177449162	99.29084015508452	0.005101722706827512	0.019192531566822223	0.005092230418375844	7.990715422678818e-12	1599.565890624997	5.078432402173316e-12	-0.003463120844468565	0.01917458143358046	-0.0034631208444685373	99.38337262524831	0.005096976039004339	0.019174581433579627	0.005096976039004287	7.983280821866145e-12	-0.00046818291483516144	0.0	0.0	0.0	0.0013990209137209346	0.0	0.0	0.0	-0.00046331670516755984	99.38337874754755	0.001243183657130026
16	16.0	nan	nan	1	1	0.001500000000000045	0.001500000000000028	0.0014999999999998368	0.9994649876357233	6.621415367364476e-23	3.495069698608057e-22	-1.6085685063951197e-22	1.0015999999999816	2.8320281893651515e-21	-4.5157444000494886e-23	1.7200062785182637e-22	0.9994705473681234	9.829855169424251e-12	-0.003954311305698737	0.021934980535100426	-0.003962758328490188	113.50926035487197	0.00583232375616104	0.021935102553002916	0.0058199239386963935	1.2739386059945623e-11	1599.565890624997	9.819351406836884e-12	-0.003958523894514741	0.021911663641062517	-0.0039585238945147655	113.63018352042923	0.005826123993421357	0.021911663641061944	0.005826123993421173	1.2725844086913451e-11	-0.0005351555344591195	0.0	0.0	0.0	0.001598721363678895	0.0	0.0	0.0	-0.000529592841412627	113.63019051329525	0.0014207339977439987
18	18.0	nan	nan	1	1	0.001500000000000045	0.001500000000000028	0.0014999999999998368	0.9993980307423612	-6.657149569826767e-23	9.280834123946961e-22	-6.162164691275035e-23	1.001800000000002	-1.453190900133159e-22	-3.7190040340384125e-23	1.1334359625446606e-22	0.9994042864985188	-8.757909725556901e-12	-0.004448761986340149	0.02467771347227795	-0.0044594542122571666	127.73618926505418	0.006563370881135068	0.02467786794302261	0.006547675177167132	-5.821551081475196e-12	1599.565890624997	-8.74738474786782e-12	-0.004454094981863542	0.02464821086535436	-0.004454094981863512	127.8893142305204	0.006555524264736941	0.024648210865354375	0.00655552426473704	-5.814591322685915e-12	-0.0006021505138764556	0.0	0.0	0.0	0.0017983819413816137	0.0	0.0	0.0	-0.00059589100926808	127.88932209296883	0.0015982725544480179
20	20.0	nan	nan	1	1	0.001500000000000045	0.001500000000000028	0.0014999999999998368	0.9993310559820118	-1.3368562187837013e-22	-2.530881506836646e-21	5.156313066410553e-23	1.0019999999999922	1.9650634980707734e-21	-5.6645328347631334e-24	1.1694348628029684e-22	0.9993380079971261	-1.1052132339525733e-11	-0.0049432484401747976	0.027420636718147977	-0.004956450524984348	141.97162858385923	0.007294864147121841	0.027420827474434178	0.0072754840373196765	-8.071128015929574e-12	1599.565890624997	-1.1037378851736734e-11	-0.00494983416079396	0.02738422342077611	-0.004949834160794056	142.16077252291396	0.007285176915559463	0.027384223420776125	0.007285176915559328	-8.060409942982894e-12	-0.0006691678608689652	0.0	0.0	0.0	0.0019980026626653016	0.0	0.0	0.0	-0.0006622112163301781	142.160781253922	0.0017757993429259756
22	22.0	nan	nan	1	1	0.001500000000000045	0.001500000000000028	0.0014999999999998368	0.9992640633510814	2.096274195556385e-22	-1.9025948182107687e-21	1.079967007749233e-22	1.0021999999999829	4.348720090762781e-21	5.537477892674989e-23	-8.470329472543004e-24	0.9992717118604569	-6.224186895054107e-13	-0.005437770614611142	0.030163750007009667	-0.005453747322491995	156.21558000942198	0.008026803619293324	0.030163980884645576	0.00800335042248958	2.3790468345330496e-12	1599.565890624997	-6.21505009067215e-13	-0.005445741485510298	0.03011970162134387	-0.005445741485510537	156.44456617102028	0.008015082008372795	0.03011970162134374	0.008015082008372764	2.375572691814991e-12	-0.0007362075832293367	0.0	0.0	0.0	0.0021975835434696984	0.0	0.0	0.0	-0.0007285534701829804	156.44457576956978	0.0019533143789303765
24	24.0	nan	nan	1	1	0.001500000000000045	0.001500000000000028	0.0014999999999998368	0.9991970527777084	-4.0534496993058524e-22	-2.150934290433889e-22	5.738648217647885e-23	1.0024000000000175	1.2321153008997867e-21	1.1784345878675453e-22	-2.0117032497289633e-24	0.999205397883407	-1.1953193466279766e-11	-0.005932555788980835	0.03290724633348313	-0.005951572721659438	170.46798683012418	0.008759963811041447	0.03290752116860903	0.008732046214341345	-7.898196298372628e-12	1599.565890624997	-1.1934057314716017e-11	-0.005942044707410249	0.03285483873570215	-0.005942044707410072	170.74064449730733	0.008746012821179438	0.032854838735701046	0.00874601282117944	-7.885617746805821e-12	-0.0008032697570762958	0.0	0.0	0.0	0.0023971245997382864	0.0	0.0	0.0	-0.0007949179801898438	170.74065496267272	0.0021308177680767443
26	26.0	nan	nan	1	1	0.001500000000000045	0.001500000000000028	0.0014999999999998368	0.9991300234710988	3.3917052092634303e-22	2.8399955930252623e-21	1.1540823906339842e-23	1.0026000000000228	-3.51587494537499e-21	7.692117952253115e-23	-1.4399560103323107e-23	0.999139063016037	1.846106306019335e-12	-0.006429076502852352	0.03564399119985461	-0.0064514046724032815	184.72801895953398	0.009501291915169355	0.03564431368586992	0.009468493817638297	3.013490283698683e-12	1599.565890624997	1.842905502543217e-12	-0.006440219141498443	0.03558251310249902	-0.006440219141498374	185.04818275944535	0.009484904262448605	0.03558251310249883	0.009484904262448818	3.0082926713463007e-12	-0.0008703551781081585	0.0	0.0	0.0	0.002596625847288947	0.0	0.0	0.0	-0.0008613078030577598	185.0481940880197	0.0023083108020878224
28	28.0	nan	nan	1	1	0.001500000000000045	0.001500000000000028	0.0014999999999998368	0.9990629726516019	5.1013882737370325e-22	2.4940885131902874e-21	3.4887169515036497e-23	1.0028000000000088	2.558039500707987e-22	4.293398251395235e-23	-1.4505439221729894e-22	0.9990726962385076	3.591044368464469e-11	-0.0069300148846707975	0.0383469625183251	-0.0069559368293907985	198.99267485025803	0.01027732904751259	0.038347335738064335	0.01023912927964566	2.5929466650198574e-11	1599.565890624997	3.5843412925823666e-11	-0.006942952814803856	0.038275756254408516	-0.006942952814803849	199.36418246850255	0.010258245131696177	0.03827575625440803	0.0102582451316962	2.5881318366103797e-11	-0.0009374666329597609	0.0	0.0	0.0	0.0027960873020100446	0.0	0.0	0.0	-0.0009277339736040004	199.36419464570656	0.0024857980879254616
30	30.0	nan	nan	1	1	0.001500000000000045	0.001500000000000028	0.0014999999999998368	0.9989958902935869	2.1856097017121118e-22	-2.2317200577782678e-21	-9.915579438795653e-23	1.003000000000007	-4.358672727893019e-21	-5.998052057744514e-23	1.0937312931421152e-22	0.9990062571688468	2.0895896769845823e-10	-0.007449903511610977	0.04092286584726157	-0.007479763725503979	213.25095437152694	0.011187749161526078	0.040923290515921466	0.01114320181056829	1.613500564476289e-10	1599.565890624997	2.0854120212557322e-10	-0.007464809651929237	0.04084147377414042	-0.007464809651928901	213.6776375686866	0.011165497687222819	0.04084147377414088	0.01116549768722282	1.6102914501289327e-10	-0.0010046141622786185	0.0	0.0	0.0	0.002995508979805898	0.0	0.0	0.0	-0.0009942369209194081	213.67765054424646	0.002663296419908261
32	32.0	nan	nan	1	1	0.001500000000000045	0.001500000000000028	0.0014999999999998368	0.9989287421259291	5.471303443670747e-23	1.1040545071867771e-21	-1.554834853803675e-22	1.0031999999999852	-4.7708071962914396e-21	-3.049318610115481e-23	-1.785121936338438e-22	0.9989396079387258	8.89887023427377e-10	-0.008035328849987979	0.04304596304874086	-0.008069686617635822	227.4651958710325	0.01257148955369292	0.043046431279713124	0.01251810092301819	6.849799533276135e-10	1599.565890624997	8.879900859664341e-10	-0.008052484781404601	0.04295467088102574	-0.008052484781402178	227.95084834063093	0.012544827854163394	0.042954670881025746	0.012544827854163266	6.83527243239329e-10	-0.0010718320809063237	0.0	0.0	0.0	0.0031948908965042377	0.0	0.0	0.0	-0.001060954674698796	227.95086194356008	0.0028408631243126534
34	34.0	nan	nan	1	1	0.001500000000000045	0.001500000000000028	0.0014999999999998368	0.9988614264553588	1.325871260248997e-22	-4.342684981013595e-21	-1.2398444765434822e-22	1.003399999999998	-1.5738930951168968e-21	2.2075796187815202e-23	8.353862442295537e-23	0.9988723328771383	4.441494737272844e-09	-0.008820521976914561	0.04370859424462617	-0.008860600196596494	241.52192093269767	0.015442468021537582	0.04370907149237572	0.015372786583667331	3.530395838474698e-09	1599.565890624997	4.431442016336802e-09	-0.008840545429831793	0.04361014193733045	-0.00884054542981876	242.07019946144374	0.015407684322053864	0.04361014193733411	0.015407684322051788	3.522443726951283e-09	-0.0011392222119164864	0.0	0.0	0.0	0.003394233068013404	0.0	0.0	0.0	-0.0011283034178295227	242.07021319767355	0.0030186705043029564
36	36.0	nan	nan	1	1	0.001500000000000045	0.001500000000000028	0.0014999999999998368	0.9987936965144721	2.708387848845625e-22	-1.6292678740436467e-21	1.0132631631529567e-22	1.0035999999999936	2.5711685113904286e-21	4.58985978293424e-23	-1.4568966692773965e-22	0.9988033819990902	-5.622947945605611e-08	-0.010099167691603494	0.04016528679097515	-0.010147765980674585	255.13595257216176	0.02231315611862697	0.04016567628102231	0.022206512350026752	-5.543214748945924e-08	1599.565890624997	-5.609490362146915e-08	-0.01012347900373439	0.04006954646698175	-0.010123479003643073	255.75013088548477	0.022259969176200045	0.04006954646691839	0.022259969176328286	-5.5300016184436836e-08	-0.0012070316552321315	0.0	0.0	0.0	0.003593535510124244	0.0	0.0	0.0	-0.0011973345198860665	255.75014386527857	0.003197150633784285
38	38.0	nan	nan	1	1	0.001500000000000045	0.001500000000000028	0.0014999999999998368	0.998725130206448	3.8095306802762156e-22	2.29492989146712e-21	2.939204326972422e-22	1.003799999999977	4.671386704107466e-22	1.0799670077492329e-23	2.5538043359717154e-22	0.9987307713917384	-8.047320243421696e-07	-0.012180577395003963	0.026460098658795863	-0.012242471144739128	267.7765573850882	0.03773074134259403	0.026460248114274137	0.037540199648737935	-9.407347818060629e-07	1599.565890624997	-8.027044344221729e-07	-0.012211625211542617	0.02639357929828665	-0.012211625210517468	268.459109382209	0.03763588815183264	0.02639357929691103	0.03763588815296242	-9.3836982176183e-07	-0.001275683131387262	0.0	0.0	0.0	0.003792798238673257	0.0	0.0	0.0	-0.0012700347610917649	268.45912289268693	0.0033771063644700075
40	40.0	nan	nan	1	1	0.001500000000000045	0.001500000000000028	0.0014999999999998368	0.9986553334682953	2.0455845676191353e-22	-3.0540831704437865e-21	4.548566926755593e-22	1.0040000000000058	-4.406688908090497e-21	-2.752857078576476e-24	-1.0570971181733668e-21	0.9986520881997233	-1.873026450239304e-07	-0.014710096172606673	-0.006009272743498807	-0.014788822596820302	278.8217563843597	0.06681700383285792	-0.006009253220173255	0.06646109602869758	1.6628119573654372e-06	1599.565890624997	-1.8680822035114314e-07	-0.014749784388588268	-0.005993390529483897	-0.014749784393315982	279.57402461958424	0.06664040975899821	-0.005993390534108676	0.06664040976686827	1.6584172266716104e-06	-0.001345571407006791	0.0	0.0	0.0	0.003992021269543428	0.0	0.0	0.0	-0.0013488210505384348	279.57404907078103	0.0035594788266737096
42	44.333333333333336	nan	nan	1	1	0.001500000000000045	0.001500000000000028	0.0014999999999998368	0.9985001393228188	1.4039571100740028e-21	3.136774761919488e-21	4.2012834183813297e-22	1.0044333333333535	-1.838019143894469e-20	1.6517142471458857e-23	-2.981555974335137e-22	0.998453422137175	0.00011083376765379486	-0.01398889531728607	-0.16534992941440876	-0.01407201641498302	295.6825000383283	0.1899613263484008	-0.1653421931572621	0.18883038260443075	0.0007046234425819059	1599.565890624997	0.00011051549419530299	-0.014031609203902324	-0.1648673916952982	-0.014031606804923194	296.58534107720874	0.18940696563315887	-0.1648673917247675	0.18940695990873743	0.0007025671526879855	-0.0015009865941599243	0.0	0.0	0.0	0.004423535059799821	0.0	0.0	0.0	-0.0015477750488876098	296.5852544435403	0.003965369266869422
44	48.666666666666664	nan	nan	1	1	0.001500000000000045	0.001500000000000028	0.0014999999999998368	0.9983437422611849	-4.607859233063394e-22	2.9596601726486133e-20	2.117582368135751e-22	1.0048666666666495	1.757169849079046e-20	-9.027253635362706e-22	3.9979955110402974e-22	0.9982285897735691	-0.0002681260541568246	-0.003299493885361334	-0.38457141747158563	-0.0033210429706186585	306.49395916296925	0.36736992988070866	-0.3845270635866567	0.36494309663070207	0.000420270827854766	1599.565890624997	-0.00026730099340079505	-0.003310832606533871	-0.3833438169844377	-0.003310823664506234	307.54722662299827	0.3661972387123163	-0.3833438209107657	0.3661972247364993	0.00041892927034536866	-0.0016576308500239085	0.0	0.0	0.0	0.004854862726164778	0.0	0.0	0.0	-0.0017729810288237627	307.5485216393888	0.004380618705266508
46	53.0	nan	nan	1	1	0.001500000000000045	0.001500000000000028	0.0014999999999998368	0.9981884821110899	2.8578891640360094e-21	2.8272689229927666e-20	-6.945670167485262e-22	1.0052999999999948	1.78452901327536e-20	-1.6292678740436467e-21	-2.558039500707987e-22	0.9979875708454381	-0.00018491668651686273	0.013767802658514612	-0.6084382480519456	0.01386590047551367	313.94538694439103	0.5743801797693201	-0.6083157919898868	0.5702021928476428	0.00046122397890923836	1599.565890624997	-0.00018431271127707633	0.013820601523134586	-0.6063289019151387	0.013820611644514693	315.14935248591416	0.5723889068387737	-0.606328909771448	0.5723888909818986	0.0004596249982053956	-0.0018131606716944055	0.0	0.0	0.0	0.0052860044292323575	0.0	0.0	0.0	-0.002014456810912613	315.1525249344203	0.004801282226533975
48	57.33333333333333	nan	nan	1	1	0.001500000000000045	0.001500000000000028	0.0014999999999998368	0.9980347935519878	-3.616830684775862e-21	-1.261994388114182e-20	-7.589415207398531e-22	1.0057333333333482	-1.52355816222631e-20	-1.0270274485458392e-23	-3.855693975901575e-21	0.9977368896080453	-0.00011159297282693553	0.037797038366260145	-0.8119466009028911	0.03808860228788938	319.56202178358154	0.7883074325358927	-0.8117042502246857	0.7820396980367535	0.0004695926717726831	1599.565890624997	-0.00011120849749638878	0.0379573653186475	-0.8089076483563836	0.03795737424024689	320.91753552925735	0.785356956634064	-0.8089076560305754	0.7853569431663106	0.00046783508100979555	-0.001967139999838194	0.0	0.0	0.0	0.005716960329243671	0.0	0.0	0.0	-0.0022656750964816265	320.92330522478807	0.0052250888224532905
50	61.666666666666664	nan	nan	1	1	0.001500000000000045	0.001500000000000028	0.0014999999999998368	0.9978823350528655	6.971081155902892e-21	-1.0089941170987951e-19	-6.623797647528629e-22	1.0061666666666704	4.4557321157365214e-20	5.98005260761536e-22	-1.954952042262925e-21	0.9974802270650316	-6.64828981579292e-05	0.06954185949066283	-0.9921893595979111	0.07011919562799449	324.0755884494221	0.993336797663177	-0.9917895522452862	0.9847611107101121	0.00043779597294190943	1599.565890624997	-6.62423486651524e-05	0.06986548352596482	-0.9882010367528121	0.0698654892251515	325.5837254254107	0.9893438624389945	-0.9882010433152585	0.9893438521954657	0.0004360361559639445	-0.0021199103701444507	0.0	0.0	0.0	0.006147730586237402	0.0	0.0	0.0	-0.0025229529057835534	325.59257137489544	0.005650901255315764
52	66.0	nan	nan	1	1	0.001500000000000045	0.001500000000000028	0.0014999999999998368	0.9977306512371712	8.372073650661505e-21	5.79268891968271e-20	-1.717782817031721e-21	1.0066000000000435	4.676130088612091e-20	1.8300146825429158e-21	1.0316861297557378e-21	0.9972196897273342	-3.658846914034586e-05	0.10730430267575085	-1.1526678553494785	0.10825819131879783	327.8474824998351	1.1810578475041624	-1.152077552256984	1.1700517907812742	0.0003610621500425373	1599.565890624997	-3.644991064868003e-05	0.10784821894133442	-1.1477146934209153	0.10784822358710418	329.5093131433008	1.1759826901303023	-1.147714698831481	1.1759826825042667	0.0003595106195759454	-0.0022719276370478905	0.0	0.0	0.0	0.006578315360165301	0.0	0.0	0.0	-0.002784182514293237	329.52149617805577	0.006078113241938441
54	70.33333333333333	nan	nan	1	1	0.001500000000000045	0.001500000000000028	0.0014999999999998368	0.9975793644977988	5.1804535054073006e-21	-2.0143290518654515e-20	1.8973538018496328e-22	1.0070333333333226	1.1052763522131914e-19	-4.0488174878755555e-22	-5.097444276576379e-21	0.9969565226492068	4.053920025504254e-06	0.14781635769523882	-1.296217562548723	0.14921720447753634	331.06685297350083	1.3481844989734169	-1.2954082695356413	1.3346939755423106	0.00027165143909101385	1599.565890624997	4.037895836995373e-06	0.14862737950982663	-1.2902878220366132	0.14862738410656762	332.88331255913096	1.342017027962114	-1.2902878265628037	1.3420170211567581	0.00027040872907836477	-0.002423569976803852	0.0	0.0	0.0	0.007008714810547649	0.0	0.0	0.0	-0.0030481181464815997	332.8988919313154	0.006506372019481962
56	74.66666666666666	nan	nan	1	1	0.001500000000000045	0.001500000000000028	0.0014999999999998368	0.9974281675703767	-5.434563389583591e-21	-1.4185218416020406e-19	3.757438154020076e-21	1.0074666666666967	2.585339372597993e-19	1.9142944607947188e-22	2.148753180594709e-20	0.996691514460564	5.907090536289267e-05	0.18819075665467322	-1.423927243316793	0.19008478492781744	333.8378550462996	1.4936150230512026	-1.4228756011409731	1.4776403621948178	0.00019190946863111537	1599.565890624997	5.882774219834109e-05	0.18930230364360429	-1.4170183842410082	0.18930230804597115	335.80966529439183	1.4863680406255422	-1.41701838714008	1.4863680315262853	0.00019097832872891596	-0.002575145271915542	0.0	0.0	0.0	0.007438929097028182	0.0	0.0	0.0	-0.003313970679397066	335.8285375263518	0.006935454836503708
58	79.0	nan	nan	1	1	0.001500000000000045	0.001500000000000028	0.0014999999999998368	0.9972767959078448	1.434534999469883e-20	1.2188804110989382e-21	6.691560283308973e-21	1.0079000000000131	7.466595430046657e-21	-1.1917753567868006e-21	7.840136959785804e-21	0.996425222019053	0.0001158726749045893	0.2268732052485511	-1.536018153355047	0.22928991031343537	336.22305161221243	1.6173239252852616	-1.5347065476568313	1.5989109434725817	0.0001325964509830816	1599.565890624997	0.00011537690251514308	0.22830886785283025	-1.5281401589898764	0.2283088713687005	338.3506843635876	1.6090289264649529	-1.528140158015295	1.6090289150796804	0.00013191638474076235	-0.0027269187578134227	0.0	0.0	0.0	0.007868958378708416	0.0	0.0	0.0	-0.0035811827681039754	338.3726213385566	0.00736520515778934
60	83.33333333333333	nan	nan	1	1	0.001500000000000045	0.001500000000000028	0.0014999999999998368	0.9971250314774427	-1.9325903724554116e-20	1.0839480626013282e-20	3.5236570605778892e-22	1.008333333333318	1.0648220586523261e-19	-1.7084654546119237e-21	-3.757438154020076e-21	0.9961580751285732	0.0001601433115026672	0.2631647739311395	-1.6330382623257091	0.2661229109936658	338.26754592598155	1.7203541292060214	-1.6314546268529635	1.6995814668500722	8.334535051781734e-05	1599.565890624997	0.00015943234013336693	0.26494143089053696	-1.624211635666082	0.2649414331744802	340.55123070882763	1.7110555573530732	-1.6242116298203615	1.7110555452232366	8.28948660988002e-05	-0.0028791091826427043	0.0	0.0	0.0	0.00829880281468009	0.0	0.0	0.0	-0.0038493240221864175	340.57593296937137	0.007795497548077351
62	87.66666666666666	nan	nan	1	1	0.001500000000000045	0.001500000000000028	0.0014999999999998368	0.9969727102606026	-2.719314573865206e-20	1.8716124705825747e-19	-8.409343100340694e-21	1.0087666666666748	-2.955467359559705e-20	3.713392440762853e-21	-1.954952042262925e-20	0.9958904230150437	0.0001815052872913158	0.29662724678467867	-1.7163608507775905	0.30013627974513996	340.01104605673135	1.8045586761276105	-1.7144976040424829	1.7815246580069908	3.6178106266444136e-05	1599.565890624997	0.00018067039810959771	0.2987557096838267	-1.7066112576673396	0.2987557109653553	342.45081146829375	1.7943080852755489	-1.7066112469943893	1.7943080728132434	3.597260063781277e-05	-0.003031881249877032	0.0	0.0	0.0	0.008728462563847472	0.0	0.0	0.0	-0.004118044503027908	342.47795263494004	0.008226220693594929
64	92.0	nan	nan	1	1	0.001500000000000045	0.001500000000000028	0.0014999999999998368	0.996819725617304	-7.420008617947671e-21	4.639953311434859e-19	-9.78153647489266e-21	1.0091999999999957	-2.6799360121473536e-19	6.667843360785852e-21	-4.770489558936219e-21	0.9956225480621791	0.00018168464643810123	0.3270695844870401	-1.7880155791624868	0.331131717156402	341.4916531227808	1.8722886785939525	-1.7858681643304126	1.8470994972594985	-4.221781548094938e-06	1599.565890624997	0.00018081991578414777	0.32955568827747	-1.7773683127727182	0.3295556910477861	344.08738116811475	1.8611395831655586	-1.7773682994497515	1.8611395709295713	-4.196641704065731e-06	-0.0031853422028287138	0.0	0.0	0.0	0.009157937784761764	0.0	0.0	0.0	-0.004387061033042618	344.1166365667974	0.008657272883064074
66	96.33333333333333	nan	nan	1	1	0.001500000000000045	0.001500000000000028	0.0014999999999998368	0.9966660230588335	-1.1323136438895487e-20	2.4046079526423433e-19	-8.273817828780006e-21	1.0096333333333276	-1.6954211472242074e-20	6.783039841612436e-21	2.1738253558334365e-20	0.9953546705128902	0.00016671315467747428	0.3547526394976083	-1.850218571245457	0.35936821911890493	342.7456926951834	1.9260327338337104	-1.8477841520255645	1.8987939500519522	-3.5389890543637615e-05	1599.565890624997	0.000165893102959435	0.35760050519777303	-1.838695029896123	0.35760050902987717	345.4971696214386	1.9140370063053875	-1.8386950158301332	1.9140369942466091	-3.5169475035239844e-05	-0.0033395470260909116	0.0	0.0	0.0	0.009587228635899777	0.0	0.0	0.0	-0.004656152560968515	345.52824153354084	0.009088562862425945
68	100.66666666666666	nan	nan	1	1	0.001500000000000045	0.001500000000000028	0.0014999999999998368	0.9965115870179253	1.765216662077962e-21	1.3406837489141066e-19	-2.507217523872729e-22	1.0100666666666678	4.920109458739219e-19	1.3132398814230672e-20	-3.449118161219511e-21	0.9950869569952017	0.00014607082147347238	0.3801436641751863	-1.9048161837466275	0.3853145829647072	343.80655941979086	1.968042862841642	-1.9020930121785038	1.9388559545665172	-5.7048415891967186e-05	1599.565890624997	0.00014532903798322058	0.3833578580829528	-1.8924337305954515	0.3833578609218433	346.7135155336984	1.9552493981721477	-1.8924337169193672	1.955249385746611	-5.667756680786207e-05	-0.0034945116819614453	0.0	0.0	0.0	0.01001633527548944	0.0	0.0	0.0	-0.004925151677147562	346.74613901758374	0.009520011072114332
70	105.0	nan	nan	1	1	0.001500000000000045	0.001500000000000028	0.0014999999999998368	0.9963564279361936	-8.182338270476541e-21	3.466262108071938e-19	5.705613932704967e-21	1.0105000000000008	-5.279048140467701e-20	1.0462550964485118e-20	1.41623908780919e-20	0.9948195301281499	0.00012547439986073893	0.403515895875389	-1.9530666766569764	0.4092439236960349	344.70388791687344	2.000241310255059	-1.9500540221475813	1.9692024815414113	-7.059876040670176e-05	1599.565890624997	0.00012481722032114617	0.40710048342244015	-1.939840513430312	0.4071004846068349	347.7660256831351	1.9866956805137161	-1.939840499661106	1.9866956677209602	-7.012066575693921e-05	-0.0036502260402439994	0.0	0.0	0.0	0.010445257861539263	0.0	0.0	0.0	-0.005193935029925441	347.7999663786043	0.009951549942559977
72	109.33333333333333	nan	nan	1	1	0.001500000000000045	0.001500000000000028	0.0014999999999998368	0.9962005736237841	1.0564194918155633e-20	-3.8695175536007653e-19	1.897353801849633e-21	1.0109333333333257	-1.6215598742236324e-20	-4.360525612465138e-21	1.3105293759918534e-20	0.994552476301835	0.00010681573147940981	0.4248865107361301	-1.995798554487782	0.43117013557911066	345.4632743927146	2.024308419289788	-1.9924967257427346	1.9915071270588445	-7.818349907746869e-05	1599.565890624997	0.00010623925074054039	0.42884312574394423	-1.9817433045400694	0.4288431255507674	348.6802867985514	2.010052390924401	-1.981743291124595	2.01005237805643	-7.763289810681978e-05	-0.0038066625312506036	0.0	0.0	0.0	0.010873996551870999	0.0	0.0	0.0	-0.005462415562531446	348.71533805959024	0.010383123379225983
74	113.66666666666666	nan	nan	1	1	0.001500000000000045	0.001500000000000028	0.0014999999999998368	0.9960440628060524	2.240910365255977e-20	-2.3717769556067663e-19	-7.142181811248261e-21	1.0113666666666652	-1.424506129374392e-19	-1.798081540431429e-20	1.3210325845378068e-20	0.9942858528762307	9.084311413865398e-05	0.44417360014717266	-2.033644671426226	0.45100652607813857	346.106368161621	2.04170421783548	-2.0300548831085066	2.0072221816287827	-8.13988140741011e-05	1599.565890624997	9.033834244065756e-05	0.44850049952684196	-2.0187748529899174	0.44850049871288683	349.4779495190045	2.02677546875437	-2.018774839925381	2.0267754563161353	-8.080363360662839e-05	-0.003963782610975516	0.0	0.0	0.0	0.011302551504124356	0.0	0.0	0.0	-0.005730535321981304	349.5139298195727	0.010814685686924494
76	118.0	nan	nan	1	1	0.001500000000000045	0.001500000000000028	0.0014999999999998368	0.9958869394360516	4.407959457511379e-21	4.370181788063838e-19	-1.0747154034762563e-20	1.01180000000003	1.8677076486957323e-20	-2.5478751053409353e-20	2.0162772276441364e-20	0.9940196956578626	7.769877075480914e-05	0.4613292526870121	-2.0671530003635996	0.4687007318643068	346.65122492375605	2.0536806297469083	-2.063277167766965	2.01759140422944	-8.199831986209883e-05	1599.565890624997	7.725462402753264e-05	0.46602151499579886	-2.051482942141529	0.46602151449565454	350.17707650921375	2.038112698862251	-2.051482929677691	2.0381126871211213	-8.137673140390283e-05	-0.004121542463249379	0.0	0.0	0.0	0.011730922875728326	0.0	0.0	0.0	-0.005998257976735088	350.21382802644973	0.011246200070753802
78	122.33333333333333	nan	nan	1	1	0.001500000000000045	0.001500000000000028	0.0014999999999998368	0.9957292488698394	2.9100663935868744e-20	-1.1653648694914114e-19	-1.8780414506522348e-20	1.0122333333333355	1.703179969021057e-19	-9.73410262984642e-21	1.0260279496680791e-19	0.9937540251189096	6.713422352129384e-05	0.47640009365423364	-2.096795049755835	0.4842963636905084	347.112813517744	2.0613056468092483	-2.092635635036282	2.023674488172129	-8.100627115112235e-05	1599.565890624997	6.673972836664983e-05	0.48145053431654644	-2.080338868892293	0.48145053396512033	350.7926462699856	2.045127995806646	-2.080338857399524	2.0451279850510935	-8.03705133314443e-05	-0.004279896836413851	0.0	0.0	0.0	0.012159110823811176	0.0	0.0	0.0	-0.0062655625876759154	350.8300328041962	0.011677637048351402
80	126.66666666666666	nan	nan	1	1	0.001500000000000045	0.001500000000000028	0.0014999999999998368	0.9955710360530707	-2.751840639039771e-20	-9.529967689558134e-20	-1.7997756063259375e-20	1.0126666666666833	-6.575957226667706e-19	7.938392781667303e-21	1.3515257706389616e-20	0.993488850616382	5.84967960459537e-05	0.489528619472282	-2.122976939728698	0.4979346499163765	347.50353777395225	2.065481171705072	-2.1185368320831994	2.0263652125858616	-7.878762051015597e-05	1599.565890624997	5.814368695095787e-05	0.49492892542187966	-2.105748542171148	0.49492892540693484	351.3370734405083	2.048719364213034	-2.105748531286264	2.048719354260728	-7.814824265194155e-05	-0.004438800863395077	0.0	0.0	0.0	0.012587115505488024	0.0	0.0	0.0	-0.006532439381991187	351.37497826361994	0.012108973069056232
82	131.0	nan	nan	1	1	0.001500000000000045	0.001500000000000028	0.0014999999999998368	0.9954123444786896	3.0344108302438054e-20	-5.900770323752358e-20	-1.2370069161701801e-20	1.0130999999999848	1.654932972345452e-19	2.1806016194114708e-20	-1.6296913905172737e-20	0.993224173550688	5.125536334617209e-05	0.5009121149325712	-2.1460769445366044	0.5098129101795955	347.83370032789117	2.0669438942549845	-2.1413593087065164	2.026392885477269	-7.588855910368264e-05	1599.565890624997	5.0937745606420914e-05	0.506653715887793	-2.1280898055825284	0.5066537164161321	351.82067178760474	2.0496200014044086	-2.128089795835575	2.0496199925486898	-7.525250639313217e-05	-0.004598211108873624	0.0	0.0	0.0	0.01301493707747964	0.0	0.0	0.0	-0.006798886588045077	351.85899572199224	0.01254018934685662
84	135.33333333333331	nan	nan	1	1	0.001500000000000045	0.001500000000000028	0.0014999999999998368	0.9952532152706537	-1.4155614614513867e-20	-1.3525591508346118e-19	-2.5343225781848666e-21	1.0135333333333605	-6.182256312783907e-19	3.58870919092702e-20	-8.016319812814699e-21	0.9929599900479054	4.524577866705315e-05	0.5107537742548461	-2.1664657556910374	0.5201349440759038	348.111891396307	2.0662697037586684	-2.1614738576666803	2.0243272411925632	-7.271161948013582e-05	1599.565890624997	4.495813433948709e-05	0.5168282516804894	-2.1477325690384084	0.51682825181333	352.2520425463791	2.048402901140855	-2.1477325604085236	2.0484028931966605	-7.20828902533027e-05	-0.0047580864908488285	0.0	0.0	0.0	0.013442575696515649	0.0	0.0	0.0	-0.007064907744776294	352.29070168822045	0.012971270865955987
86	139.66666666666666	nan	nan	1	1	0.001500000000000045	0.001500000000000028	0.0014999999999998368	0.9950936867136281	6.866049070443358e-21	2.413264629363282e-19	7.724940478959218e-21	1.013966666666676	2.9916526070664085e-19	4.221951022294335e-20	-9.475926987523309e-20	0.9926962928493298	4.026317919566769e-05	0.5192379968833001	-2.1844907315539506	0.5290858822073868	348.34530254915825	2.0638919760007415	-2.1792278176332815	2.0205969037840728	-6.924928996092062e-05	1599.565890624997	4.000073632178391e-05	0.5256372020343334	-2.1650232140324275	0.5256372022414365	352.63838793156685	2.0454991979381196	-2.1650232063052335	2.0454991917377083	-6.863216133400828e-05	-0.004918388754949809	0.0	0.0	0.0	0.013870031518872152	0.0	0.0	0.0	-0.007330509805310485	352.67731115043057	0.013402205596142523
88	144.0	nan	nan	1	1	0.001500000000000045	0.001500000000000028	0.0014999999999998368	0.9949337943049315	-1.9037912522487654e-20	-1.8705197980806165e-19	2.778268066994105e-22	1.0144000000000017	-8.6229986909561185e-19	7.362410377534379e-21	-7.630072788866737e-21	0.992433072388481	3.6076740381007165e-05	0.5265272419900214	-2.2004574633972895	0.5368289198117749	348.5399771168505	2.0601359345813504	-2.194926704351572	2.0155234919872305	-6.573566435930479e-05	1599.565890624997	3.58357767254339e-05	0.5332433339026408	-2.1802663633927017	0.5332433337092232	352.98576137046626	2.0412324059423756	-2.1802663565260443	2.0412324011275595	-6.51324827959141e-05	-0.005079082424324522	0.0	0.0	0.0	0.014297304700826583	0.0	0.0	0.0	-0.007595702056254474	353.02488820244906	0.013832983909330895
90	148.33333333333331	nan	nan	1	1	0.001500000000000045	0.001500000000000028	0.0014999999999998368	0.9947735709761472	-3.859251514280043e-20	9.70652323708382e-19	-1.3078188705606398e-21	1.0148333333333213	-1.2926197113551086e-18	-2.0782800393831514e-20	-2.3120611328253382e-20	0.9921703174982975	3.2520114879952434e-05	0.5327640645855919	-2.214625923871496	0.543507333710574	348.70101571448737	2.055257758272539	-2.2088303950777415	2.009360229176001	-6.218447411361383e-05	1599.565890624997	3.229766437610444e-05	0.5397895279849423	-2.1937211239800902	0.5397895276488754	353.299272965798	2.035857302557274	-2.193721117754803	2.03585729923865	-6.15974883054531e-05	-0.005240134578954284	0.0	0.0	0.0	0.014724395398370569	0.0	0.0	0.0	-0.007860495407971457	353.33855171760564	0.014263598118786646
92	152.66666666666666	nan	nan	1	1	0.001500000000000045	0.001500000000000028	0.0014999999999998368	0.9946130472045225	-7.887570804832044e-21	-4.0911691352382704e-20	1.3227266504323154e-20	1.0152666666666639	-8.600501495877045e-19	-3.415236843329339e-20	3.2099160569148966e-20	0.9919080160177082	2.9490426627328704e-05	0.5380746040221208	-2.227216412883581	0.5492479821292795	348.8327361531264	2.049475028614428	-2.22115908637394	2.0023219258527454	-5.8658317213280965e-05	1599.565890624997	2.928394130916369e-05	0.5454022720612145	-2.2056070373574146	0.5454022715949868	353.58324932098776	2.0295901735690713	-2.2056070312463207	2.029590171316054	-5.808918993985451e-05	-0.005401514745590635	0.0	0.0	0.0	0.01515130376734123	0.0	0.0	0.0	-0.0081249017851666	353.6226358596618	0.014694042108702435
94	157.0	nan	nan	1	1	0.001500000000000045	0.001500000000000028	0.0014999999999998368	0.9944522510234625	1.5128008437961804e-21	2.837560373301906e-19	1.1194387430912833e-20	1.0156999999999985	-8.090655424265736e-19	-2.1643385868241882e-20	7.613809756279455e-20	0.9916461553845559	2.6968550620450337e-05	0.5425716927305122	-2.2384161788500263	0.5541644327094986	348.9388081967971	2.042982759413869	-2.2320999218490982	1.99460076575318	-5.5320230622046165e-05	1599.565890624997	2.677536635157799e-05	0.5501947781375076	-2.2161106893214546	0.5501947773774648	353.84136830514495	2.022624735299439	-2.2161106832163022	2.0226247341870565	-5.476897262252053e-05	-0.005563194889076665	0.0	0.0	0.0	0.015578029963316932	0.0	0.0	0.0	-0.008388933530251904	353.8808252002543	0.015124311012625093
96	161.33333333333331	nan	nan	1	1	0.001500000000000045	0.001500000000000028	0.0014999999999998368	0.9942912080873705	-3.3972797448475475e-20	-8.130533735422468e-19	4.0318768289304694e-21	1.016133333333324	-5.596719377005954e-19	-9.540979117872438e-21	6.31683290744367e-20	0.9913847230473325	2.4889876364761364e-05	0.5463558724854839	-2.2483826131660645	0.5583579619563753	349.022360070121	2.03595482182008	-2.241810195804714	1.986367773159888	-5.218993984871534e-05	1599.565890624997	2.470755773359722e-05	0.5542679848052551	-2.225388916647614	0.5542679834513546	354.0767655484108	2.0151335759057623	-2.2253889102891438	2.015133575306606	-5.1656205229362437e-05	-0.005725149349020923	0.0	0.0	0.0	0.016004574141706685	0.0	0.0	0.0	-0.00865260298853608	354.11626119050874	0.01555440096226543
98	165.66666666666666	nan	nan	1	1	0.001500000000000045	0.001500000000000028	0.0014999999999998368	0.9941299418539494	3.94717353420504e-22	-2.137267413829941e-19	-4.3164798992079146e-21	1.0165666666666702	-2.8395254897395363e-19	-3.6388535414044745e-21	-3.8556939759015754e-20	0.9911237066729763	2.312770705492806e-05	0.5495165373952728	-2.257245839182791	0.5619186883295229	349.0860661500935	2.0285415127039252	-2.250419952666225	1.9777705181826672	-4.920708839091914e-05	1599.565890624997	2.2954553449747007e-05	0.5577116907988645	-2.2335714089992096	0.5577116890592514	354.29212214381613	2.007265777653997	-2.233571402697516	2.007265777543623	-4.869099494711874e-05	-0.005887354658272836	0.0	0.0	0.0	0.016430936457750213	0.0	0.0	0.0	-0.008915922298508159	354.3316298748381	0.0159843088968925
100	170.0	nan	nan	1	1	0.001500000000000045	0.001500000000000028	0.0014999999999998368	0.9939684738412333	2.1128389836311267e-20	4.213379048868121e-19	-2.588532686809142e-21	1.016999999999969	3.952797832974808e-19	6.776263578034403e-23	1.4955213716721926e-20	0.9908630942136795	2.1598453894744685e-05	0.5521333167778173	-2.2651133698624077	0.5649269527825233	349.13222029515475	2.0208681743741583	-2.2580366430174044	1.9689318510216471	-4.6506182360617985e-05	1599.565890624997	2.1433251390929147e-05	0.5606059350465074	-2.24076535269934	0.5606059329758819	354.48973801410705	1.9991455826272613	-2.240765346240817	1.9991455828575122	-4.6006280968762294e-05	-0.0060497892860522364	0.0	0.0	0.0	0.016857117066392674	0.0	0.0	0.0	-0.009178903324095475	354.5292353847247	0.01641403241861247
102	208.75	nan	nan	1	1	0.001500000000000045	0.001500000000000028	0.0014999999999998368	0.9925168234586965	9.427815516119265e-20	-8.689202786113515e-20	7.848946102437249e-20	1.0208749999999875	-3.538293789906444e-19	5.719166459861036e-20	1.3417001884508118e-21	0.9885521172735453	-0.023583159806258087	0.5585255072894068	-2.300998510490008	0.5744805793845632	348.944398255749	1.9515532320683422	-2.291806443739009	1.8897663624069918	-0.020504508614711724	1599.565890624997	-0.02336844717840035	0.5692533094751775	-2.270941213377956	0.5692502270540768	355.6466999939233	1.9260606404569847	-2.27094071632508	1.9260637909910745	-0.02023666397910708	-0.007511315976343846	0.0	0.0	0.0	0.020660102696291153	0.0	0.0	0.0	-0.011513914166418603	355.7072623962888	0.020247452423464204
104	247.5	nan	nan	1	1	0.001500000000000045	0.001500000000000028	0.0014999999999998368	0.9910610760117392	6.821706895654596e-20	-2.8047632575842195e-19	2.841626131448727e-20	1.0247500000000047	1.1289255121005315e-19	5.685285141970864e-20	8.756965421893859e-20	0.9862639750505542	0.04533207197215208	0.5549011162178825	-2.312756815366411	0.5737645050613923	348.36682429025274	1.8955229757462522	-2.3015625576826806	1.8243310748086559	0.03555437764980278	1599.565890624997	0.04485330739081192	0.5677040713422801	-2.277254783027194	0.5677048190355184	356.40451729151476	1.8664257020780686	-2.277255117355796	1.8664229506405439	0.03500859927105695	-0.0089791158633113	0.0	0.0	0.0	0.02444868040231384	0.0	0.0	0.0	-0.0138312370359517	356.4024321231653	0.024066171380547854
106	286.25	nan	nan	1	1	0.001500000000000045	0.001500000000000028	0.0014999999999998368	0.9896043269838845	1.0348370923195238e-19	-2.633296684005637e-18	1.3084964969184432e-20	1.0286249999999921	-3.5376161635486405e-19	-4.445228907190568e-21	2.947674656444965e-21	0.9839964714627231	0.033827096846119786	0.5480891354374753	-2.315391560475685	0.569702821930129	347.5030763769059	1.8524739439854996	-2.3022701191610304	1.772097976917832	0.023616011523180543	1599.565890624997	0.033420589831068416	0.5628544015785754	-2.2746039295428164	0.562856588726533	356.8646474714699	1.8198410084467207	-2.2746032768588513	1.8198374714006265	0.02319999499338203	-0.010450085455976225	0.0	0.0	0.0	0.028222958943732723	0.0	0.0	0.0	-0.016132967848179604	356.8733373871876	0.0278701264080176
108	325.0	nan	nan	1	1	0.001500000000000045	0.001500000000000028	0.0014999999999998368	0.9881493046020097	7.409844222580619e-21	2.9853642344659926e-18	-2.3784685158900752e-20	1.0325000000000077	-4.702320347341194e-19	-8.59772322781005e-20	-1.3050406024936456e-19	0.981748204599057	0.029044507778857462	0.5405918235114863	-2.3142409782993068	0.5648577784398925	346.532342846139	1.8205671094087854	-2.2992487680381335	1.7310754718313752	0.020732246459730208	1599.565890624997	0.028653247081125197	0.5572457791576152	-2.268276271804496	0.55724853781531	357.2079284112731	1.7844075937737383	-2.26827541899424	1.784404532453708	0.020320469279896548	-0.01192147463321833	0.0	0.0	0.0	0.031983045853058056	0.0	0.0	0.0	-0.018420414301797458	357.2197224201115	0.031659128687132256
110	363.75	nan	nan	1	1	0.001500000000000045	0.001500000000000028	0.0014999999999998368	0.98669724670331	8.517085691231441e-20	3.622861559360313e-19	1.62698088508606e-20	1.0363749999999916	3.7070227529995006e-19	-7.531139340627436e-20	-1.184152060261512e-19	0.9795178498277416	0.025969769111708566	0.5330223871098184	-2.311301628257597	0.5598619202007664	345.5031954651969	1.7979513588759957	-2.294483057372632	1.6993100658561995	0.018227850552189492	1599.565890624997	0.025582253948208452	0.5515046505767044	-2.260246371668074	0.5515077841816567	357.48333221304256	1.7582356995952568	-2.260245287552602	1.7582327248450327	0.017825208345893344	-0.013392027532040671	0.0	0.0	0.0	0.03572904745423763	0.0	0.0	0.0	-0.02069481835598877	357.497312795001	0.035433391014679766
112	402.5	nan	nan	1	1	0.001500000000000045	0.001500000000000028	0.0014999999999998368	0.9852488861363028	4.664779847118883e-20	-7.857755245088693e-20	3.995285005609084e-20	1.0402500000000046	1.5903755092375183e-18	-2.5912431922403555e-20	-3.835365185167472e-20	0.9773045765673142	0.02406146996431556	0.5255135082530397	-2.3074062133957938	0.5548541799515341	344.4440468680048	1.7831585296592647	-2.2887996770521037	1.6752568121353915	0.016634433128841865	1599.565890624997	0.023667615150526015	0.5457679130683486	-2.251336335692431	0.545771942247468	357.7196507334121	1.739827849476792	-2.2513350179126648	1.7398247615976075	0.016230217076295878	-0.014860993446812708	0.0	0.0	0.0	0.03946106888091799	0.0	0.0	0.0	-0.022956928779884325	357.7348974307953	0.03919307494511147
114	441.25	nan	nan	1	1	0.001500000000000045	0.001500000000000028	0.0014999999999998368	0.9838046843315886	6.724086348483538e-20	6.707416740081573e-19	3.5948078281472504e-20	1.0441249999999807	3.1062392241709704e-19	-1.2278589603398338e-20	3.445730029430494e-20	0.9751077742417756	0.022879976094443817	0.5181834743534538	-2.303035471275213	0.5499602817800167	343.3702474917196	1.7750275669846474	-2.2826748904767484	1.6576939046390067	0.015720713351526788	1599.565890624997	0.02247245156142604	0.540159543428039	-2.2420187820854127	0.5401647161690388	357.9325186765555	1.7279999346668267	-2.242017242281091	1.7279964085895996	0.015304208311818944	-0.016327893164873507	0.0	0.0	0.0	0.043179214093915404	0.0	0.0	0.0	-0.02520727640925681	357.9484320669077	0.04293833134585798
116	480.0	nan	nan	1	1	0.001500000000000045	0.001500000000000028	0.0014999999999998368	0.982364942993858	-5.286840843582441e-20	2.4901413396560824e-18	4.024422938994632e-20	1.0480000000000187	5.021346836595053e-18	-1.114288782771977e-19	2.1955093992831465e-21	0.9729269686502638	0.02206915964379032	0.5111480657542361	-2.2984822135609355	0.5453059902473135	342.2903535124843	1.7724657739415288	-2.2763979239995935	1.6454922314876632	0.015075215677077557	1599.565890624997	0.021644336232086343	0.5348027406847462	-2.2325798927256377	0.534809045418485	358.13070895282004	1.7216454511151402	-2.232578080014666	1.7216415636368239	0.014642977526897182	-0.017792407289241332	0.0	0.0	0.0	0.046883585898868894	0.0	0.0	0.0	-0.027446257526515343	358.1470548636745	0.04666930121828679
118	518.75	nan	nan	1	1	0.001500000000000045	0.001500000000000028	0.0014999999999998368	0.9809298612472558	-1.8461591305175828e-19	7.835800151095862e-19	1.1411227865409934e-19	1.0518749999999912	3.0040802744685236e-18	-1.6978606021123e-19	-2.866901594594795e-19	0.9707617808948342	0.021465355965311718	0.5044406097402333	-2.293884911096641	0.5409316161201885	341.2094870439129	1.7742656824133005	-2.270104821683508	1.6374431179935105	0.014593940556157481	1599.565890624997	0.021021383334403107	0.5297359133045081	-2.2231539395109023	0.5297434097313158	358.319524156569	1.7195569500958057	-2.223151749405095	1.7195531224997058	0.01414394256811193	-0.019254319172355962	0.0	0.0	0.0	0.05057428596292528	0.0	0.0	0.0	-0.02967417457499664	358.3361843578949	0.05038611559294964
120	557.5	nan	nan	1	1	0.001500000000000045	0.001500000000000028	0.0014999999999998368	0.9794995710284571	2.5413698923060222e-19	-4.095112920640687e-18	1.0393433075989166e-19	1.0557499999999924	-1.843225008388294e-18	-5.654114329511905e-20	9.767306321378788e-20	0.9686118952688069	0.02097284548579084	0.4980676927836236	-2.2892770090580403	0.5368492321721697	340.13074143893647	1.7792484074635855	-2.2638278277572925	1.6323920047379135	0.014208502194720328	1599.565890624997	0.02050909368646022	0.5249698040374368	-2.2137725930920698	0.5249784158083253	358.502210176234	1.7205656393527933	-2.2137700409296315	1.7205623316986152	0.013739880592477011	-0.020713479547145336	0.0	0.0	0.0	0.05425141483190872	0.0	0.0	0.0	-0.03189126819970535	358.5191303974578	0.054088898405637444
122	596.25	nan	nan	1	1	0.001500000000000045	0.001500000000000028	0.0014999999999998368	0.9780741625613087	2.8528069663524834e-21	9.982791503160282e-20	-2.1602728286773677e-20	1.059624999999983	-1.2966786932383511e-18	-9.286191607338346e-20	3.0669368954183705e-20	0.9664770365875941	0.020539110928115098	0.492040824337761	-2.2846311137543744	0.5330762896703385	339.05600316840884	1.786480594680158	-2.2575391539103298	1.629434680188139	0.013869854487275205	1599.565890624997	0.02005570369135418	0.5205204676285498	-2.204408639371169	0.5205298392872522	358.68078539828406	1.723750163986115	-2.2044058528589425	1.7237474204365855	0.013382828796516862	-0.02216978098254851	0.0	0.0	0.0	0.05791507194641627	0.0	0.0	0.0	-0.03409773996666231	358.6979472629948	0.057777768562603915
124	635.0	nan	nan	1	1	0.001500000000000045	0.001500000000000028	0.0014999999999998368	0.9766537035437777	1.094773143667238e-19	1.2990910430721313e-18	-1.2805782909769414e-19	1.0635000000000063	-6.4006417353767996e-18	-7.643625316022806e-20	1.8767539605724083e-19	0.9643569526618176	0.02014022779900608	0.48639639153778935	-2.2799074121236407	0.5296581216712193	337.9864119469094	1.7952863576353586	-2.2511986646999813	1.6279211841463441	0.013556712659720261	1599.565890624997	0.019637629781260924	0.5164305519296944	-2.1950232008074604	0.5164405391944356	358.8565053178824	1.7284452807810013	-2.1950201548181525	1.728442583565963	0.01305197687262593	-0.023623138549289078	0.0	0.0	0.0	0.06156535565816078	0.0	0.0	0.0	-0.03629377006515647	358.87390245521675	0.06145284178525409
126	673.75	nan	nan	1	1	0.001500000000000045	0.001500000000000028	0.0014999999999998368	0.9752382484786938	-1.9705374484924043e-20	-4.876199270753556e-18	-2.6411164921746887e-19	1.0673750000000153	1.654546725321504e-18	6.288372600415926e-21	3.7610973363522147e-19	0.9622514056722089	0.019759233076029982	0.48118694056983224	-2.275071189075756	0.5266586993159079	336.9226294572501	1.8051393613418967	-2.244771490033047	1.627352188225146	0.013252153553541063	1599.565890624997	0.019238203012949977	0.512760487846396	-2.185582669562098	0.5127712668295181	359.03013419774675	1.7341353199132234	-2.185579241702773	1.7341324786247552	0.01273088828168123	-0.02507348042065519	0.0	0.0	0.0	0.0652023632456479	0.0	0.0	0.0	-0.03847952600125644	359.04776899765915	0.06511423153125981
128	712.5	nan	nan	1	1	0.001500000000000045	0.001500000000000028	0.0014999999999998368	0.9738278402494752	-3.745579692758516e-20	-8.945968965612394e-18	-3.519049201344826e-19	1.0712499999999796	6.622306869541461e-19	1.800859808498423e-19	-3.487539575706966e-19	0.9601601713075629	0.01939013688094472	0.47641050351638525	-2.2700976546266927	0.5240827086208765	335.8650452788487	1.8155906104520525	-2.23823281280239	1.6273092233860003	0.012954603637100208	1599.565890624997	0.018851519127833036	0.5095132175885572	-2.176063271725837	0.5095247788499176	359.20215577209035	1.7403832984201293	-2.1760593513165536	1.7403805170102016	0.012417984361600262	-0.026520746353359548	0.0	0.0	0.0	0.06882619092983366	0.0	0.0	0.0	-0.040655163325307914	359.220027641304	0.06876204883826524
130	751.25	nan	nan	1	1	0.001500000000000045	0.001500000000000028	0.0014999999999998368	0.9724225109374659	1.2912170247944554e-19	4.622658592717821e-18	-2.529443668408682e-19	1.0751249999999883	-4.6013540200284806e-18	2.0583578244637303e-19	5.932008898847096e-19	0.9580830378818964	0.019020004631581156	0.47199824381425665	-2.264978837761885	0.5218611479634615	334.8138415670826	1.826331427588093	-2.2315745931668607	1.6275077715496942	0.012657173731696465	1599.565890624997	0.018464965744287	0.5066198796814116	-2.1664575512858932	0.5066322751793435	359.3728374064412	1.7468902783916125	-2.166453122215765	1.7468874136903383	0.012106616252568283	-0.027964886934134986	0.0	0.0	0.0	0.07243693388949611	0.0	0.0	0.0	-0.04282082639404213	359.39095062537916	0.0723964024083372
132	790.0	nan	nan	1	1	0.001500000000000045	0.001500000000000028	0.0014999999999998368	0.9710222811298803	-6.50196042839557e-19	-7.057071940708149e-19	-1.948853405042694e-20	1.0789999999999884	-3.0314021692151582e-18	3.067207945961492e-19	1.2006183807561355e-19	0.9560198072008429	0.018660451241436053	0.4679035342158479	-2.2597159033412146	0.5199482834417085	333.76901193603396	1.8372527041297626	-2.2247978929265484	1.627846545339254	0.012372974528918392	1599.565890624997	0.0180898017174025	0.5040344721675707	-2.1567668615786175	0.5040479047944212	359.54224632862895	1.753550409922676	-2.1567620323654575	1.753546862228604	0.011809281602023576	-0.029405864373359666	0.0	0.0	0.0	0.07603468627598728	0.0	0.0	0.0	-0.04497664731603394	359.56059160339674	0.07601739838923545
134	828.75	nan	nan	1	1	0.001500000000000045	0.001500000000000028	0.0014999999999998368	0.9696271595723973	-1.1442398677868892e-19	-2.1030811640787573e-18	3.0783210182294683e-19	1.082875000000018	1.2465614478152088e-19	3.00974523081976e-19	9.844894539347282e-20	0.9539702946445662	0.018307518535256664	0.4641309091509663	-2.2543012300324556	0.518354059946759	332.7304266471882	1.8483601399277927	-2.217895020092742	1.628328487249504	0.012095030019855584	1599.565890624997	0.01772214573299448	0.5017655821915691	-2.146984202304447	0.5017799749307765	359.71031652445157	1.760368121050564	-2.1469790507583517	1.7603636717461297	0.011519240655630623	-0.030843652949245123	0.0	0.0	0.0	0.07961954122818375	0.0	0.0	0.0	-0.047122745707772654	359.72888987504865	0.07962514039991446
136	867.5	nan	nan	1	1	0.001500000000000045	0.001500000000000028	0.0014999999999998368	0.9682371473564684	-2.9705784273387215e-19	-9.338775412703893e-19	2.1028101135356359e-19	1.0867499999999886	2.502338614096544e-18	3.2070700262121223e-19	-5.603969979034451e-20	0.9519343255901795	0.01794691219056416	0.4607159902174533	-2.2487238227610087	0.5171235890999903	331.69795840733696	1.8596213325444335	-2.210855121164086	1.6289231775395907	0.011814991501821772	1599.565890624997	0.017348147333060723	0.49985559511117705	-2.137099443264149	0.4998707364169578	359.87698260398	1.7673116076936835	-2.137094112165526	1.767306500291286	0.011228507256045323	-0.03227823477145931	0.0	0.0	0.0	0.08319159088675407	0.0	0.0	0.0	-0.04925923229499737	359.8957905304049	0.08321972986678924
138	906.25	nan	nan	1	1	0.001500000000000045	0.001500000000000028	0.0014999999999998368	0.9668522410207385	6.1020253520199794e-21	-8.689636466982509e-18	1.9477692028702087e-19	1.090625000000014	6.333366990574074e-18	2.228035464457712e-19	-5.681151621188263e-19	0.9499117324392815	0.017579899837046983	0.4577187816212799	-2.243009064935988	0.5163301795732189	330.6714780553549	1.8709485352924893	-2.2037030325323026	1.6295522581337438	0.011531966741154259	1599.565890624997	0.016969056510531752	0.49837399550533745	-2.12713704908277	0.4983894149844428	360.0421750979359	1.7742968624432964	-2.1271316468292367	1.7742913386560981	0.010936234760424192	-0.0337095966305004	0.0	0.0	0.0	0.08675092640866772	0.0	0.0	0.0	-0.05138621192606002	360.0612234088811	0.086801266409713
140	945.0	nan	nan	1	1	0.001500000000000045	0.001500000000000028	0.0014999999999998368	0.9654724328907415	2.1410960027515303e-19	9.244178773154531e-19	2.4340338772299575e-20	1.0945000000000038	9.548243272428091e-18	1.8388068845354155e-19	5.47583083477382e-19	0.9479023540533925	0.017211719701367947	0.455201956384319	-2.2372072215437937	0.5160518452823	329.6508319225763	1.8822217246133461	-2.1964878149280644	1.6301110668069854	0.011251859311234723	1599.565890624997	0.016589943124198488	0.497394112338735	-2.117144831982879	0.49740937633853094	360.2057957488685	1.7812100544540648	-2.1171392838657184	1.7812042231282903	0.010648014882832665	-0.03513772967992344	0.0	0.0	0.0	0.09029763798078405	0.0	0.0	0.0	-0.05350378408557446	360.22508439345745	0.09036984797414478
142	983.75	nan	nan	1	1	0.001500000000000045	0.001500000000000028	0.0014999999999998368	0.9640977112859545	-4.573977915173222e-20	-1.1023896639289488e-18	-1.7959808987222382e-19	1.098374999999995	4.937483798553299e-18	1.8501910073465132e-19	-5.531125145570581e-20	0.9459060354131024	0.01684524928619146	0.453196728701688	-2.2313688389545363	0.5163322796583539	328.63584829957836	1.8933464996981881	-2.189259012722941	1.630519388580184	0.010972745873452072	1599.565890624997	0.01621357580439557	0.49695574771927925	-2.107170475586823	0.49697053538765557	360.36772416020375	1.7879625163578634	-2.107164836517823	1.7879563787761061	0.010362001000017747	-0.036562629253055534	0.0	0.0	0.0	0.09383181483386523	0.0	0.0	0.0	-0.055612043179602555	360.38725229836064	0.09392557090901704
144	1022.5	nan	nan	1	1	0.001500000000000045	0.001500000000000028	0.0014999999999998368	0.9627280593794444	2.5058961524750122e-19	-1.0893521328048106e-19	-5.59990422088763e-20	1.1022500000000266	3.3050005874418755e-18	1.5785983631388944e-19	1.1761221879215411e-19	0.9439226289275796	0.016488834524403265	0.4516583147230798	-2.2255327877313325	0.5171289395778897	327.62637562178264	1.9043205973606065	-2.182054392662466	1.6307779171952763	0.010701426187946738	1599.565890624997	0.015847963213337323	0.4970155564154569	-2.0972502730424933	0.4970296959953956	360.52785937501716	1.7945531581434129	-2.097244513748759	1.7945468233033557	0.010084582495634204	-0.03798429607737339	0.0	0.0	0.0	0.09735354525593429	0.0	0.0	0.0	-0.05771107707741447	360.5476193746729	0.09746852971859085
146	1061.25	nan	nan	1	1	0.001500000000000045	0.001500000000000028	0.0014999999999998368	0.961363453273638	3.2271955290388843e-19	-1.5916087892087205e-19	5.589062199162775e-20	1.1061249999999891	2.3518513525555562e-18	9.589768215634286e-20	-1.4326291753385608e-19	0.9419519961369969	0.01614108365743256	0.4504539127466662	-2.219728501761935	0.5182967440263692	326.6222913853991	1.9152255367739628	-2.1749025209043444	1.6309585556500494	0.01043672621017068	1599.565890624997	0.015491722519913624	0.49743230296596036	-2.0874113580060136	0.4974454944810299	360.6861301596286	1.8010596951076603	-2.08740547269241	1.8010532208104233	0.009814597061855381	-0.039402738314272226	0.0	0.0	0.0	0.10086291660536759	0.0	0.0	0.0	-0.0598009652191195	360.70611667460025	0.10099881686194796
148	1100.0	nan	nan	1	1	0.001500000000000045	0.001500000000000028	0.0014999999999998368	0.9600038620654441	3.817814662500363e-19	2.5075427845244747e-18	2.021494950599223e-19	1.1099999999999937	7.957257899468551e-18	-3.1225022567582525e-20	2.592653502097534e-19	0.9399940076521183	0.015796891026509982	0.44939135907037564	-2.2139965304772646	0.5196195811812474	325.62350553810853	1.9261778096207933	-2.1678425984371774	1.631161170360914	0.010175259313749551	1599.565890624997	0.015139919234977909	0.49799691487915865	-2.0776910882494715	0.4980092904860153	360.8424992985238	1.807592023900015	-2.077684893780943	1.8075853353985003	0.00954881604635919	-0.040817971543509725	0.0	0.0	0.0	0.10436001532423705	0.0	0.0	0.0	-0.061881778576578894	360.86271246116536	0.10451652275231615
150	1138.75	nan	nan	1	1	0.001500000000000045	0.001500000000000028	0.0014999999999998368	0.958649250496976	-4.09393046264632e-19	3.166412444743916e-19	4.808436634973212e-19	1.113875000000001	-6.119860477757366e-18	1.2869479787402938e-19	-8.487947757845893e-20	0.9380485404454367	0.01544758754813105	0.44826919968908363	-2.2083775695518213	0.5208658611599599	324.62994520040667	1.937280475389235	-2.1609143539691527	1.6314723401739408	0.009912857849013974	1599.565890624997	0.014784236338746475	0.49848701584016375	-2.0681266625747012	0.49849880883861525	360.99694725300435	1.8142465578705258	-2.068120243198416	1.8142396998124186	0.009283306397655218	-0.042230016049809777	0.0	0.0	0.0	0.1078449269507476	0.0	0.0	0.0	-0.06395358243910713	361.01739446712435	0.10802173616851045
152	1177.5	nan	nan	1	1	0.001500000000000045	0.001500000000000028	0.0014999999999998368	0.9572995823334107	3.711774607833597e-19	5.5245250648455754e-18	1.9705374484924042e-19	1.1177500000000165	-5.277787755442187e-18	1.3541685134343952e-19	-3.155028321932818e-19	0.9361154746100929	0.015101885036902199	0.44691213131510776	-2.20290343017236	0.5218295058385303	323.6415478012107	1.948585301662587	-2.154148409647734	1.6319335828148605	0.009654816238286396	1599.565890624997	0.014433014796676703	0.49870629444640013	-2.0587466770642915	0.4987174091648982	361.1494647905144	1.821070982880212	-2.058740070839589	1.8210639023678798	0.009023010530553884	-0.0436388933263723	0.0	0.0	0.0	0.11131773613196748	0.0	0.0	0.0	-0.06601643980410773	361.1701471886123	0.11151454469597658
154	1216.25	nan	nan	1	1	0.001500000000000045	0.001500000000000028	0.0014999999999998368	0.9559548214913312	5.678746047618061e-19	1.2360717917964115e-18	-6.266688556966215e-20	1.1216249999999897	-9.823955884891156e-19	1.424641654645953e-19	-2.7025094401916803e-19	0.934194691997928	0.014762410815853493	0.44520200789987313	-2.1975950353842624	0.5223677588740978	322.6582414803059	1.9600961120301506	-2.14756455142505	1.6325455625234644	0.009408920256216778	1599.565890624997	0.01408874182614965	0.49851972992266635	-2.0495693439391256	0.4985299884201922	361.30003132479226	1.8280678822560268	-2.049562425638887	1.8280604275681587	0.008775153841452782	-0.04504462490167946	0.0	0.0	0.0	0.1147785266360759	0.0	0.0	0.0	-0.06807041279932664	361.3209449487497	0.11499503499274244
156	1255.0	nan	nan	1	1	0.001500000000000045	0.001500000000000028	0.0014999999999998368	0.9546149322414635	7.457447474216311e-20	2.160984336353061e-18	-4.2235095629172827e-19	1.1255000000000042	5.9554141132456275e-18	4.553649124439119e-21	-5.059836013718288e-20	0.9322860759124084	0.014421723545957152	0.44310504257272904	-2.192456761554842	0.5224349214133527	321.6799455126823	1.9717893543073628	-2.1411662105129152	1.63328654321387	0.009172772829700282	1599.565890624997	0.01374429502890734	0.49788526229048524	-2.040597331922024	0.49789469826039306	361.44861524315206	1.8352143431364125	-2.0405896708141262	1.8352066007691277	0.00853742527142879	-0.046447232125952996	0.0	0.0	0.0	0.11822738136465377	0.0	0.0	0.0	-0.07011556299169776	361.4697603533893	0.1184632928642369
158	1293.75	nan	nan	1	1	0.001500000000000045	0.001500000000000028	0.0014999999999998368	0.9532798794161889	3.2812362310737086e-20	-2.6089834502876495e-18	-3.11599704372334e-19	1.1293750000000098	-1.836123484158514e-18	-1.2565903179106997e-19	-5.995909064387961e-19	0.9303895110864567	0.014077878811412075	0.44067814988542703	-2.1874574020624156	0.5220916859868274	320.7065858550673	1.9836029969947442	-2.1349225208518035	1.634103302057348	0.00894947642033808	1599.565890624997	0.013397823331461573	0.49686257434600706	-2.0318002430607454	0.496871173944621	361.5951911822643	1.842451902208492	-2.031791518019326	1.8424439097300807	0.0083126411279896	-0.04784673595081934	0.0	0.0	0.0	0.12166438236436475	0.0	0.0	0.0	-0.07215195139404862	361.6165663797122	0.12191940321536539
160	1332.5	nan	nan	1	1	0.001500000000000045	0.001500000000000028	0.0014999999999998368	0.9519496281705816	-4.448345988436464e-19	-1.2626652382084075e-18	-1.0191500421363741e-19	1.1332500000000103	-8.804480582103035e-18	6.288372600415926e-21	-8.478596514108205e-19	0.9285048838735825	0.013730908969378222	0.43803767047739567	-2.182524042401639	0.5214705936616978	319.7381009475611	1.9954209274209505	-2.1287620782223455	1.6348997953078164	0.00874477801392897	1599.565890624997	0.013049364668161707	0.4955794617693514	-2.0231092708742255	0.4955869968688905	361.73974672555875	1.8496724430671214	-2.023099323754025	1.8496645727351453	0.00810604654427953	-0.049243157176162594	0.0	0.0	0.0	0.1250896108388305	0.0	0.0	0.0	-0.07417963824243193	361.76134566888845	0.1253634500350862
162	1371.25	nan	nan	1	1	0.001500000000000045	0.001500000000000028	0.0014999999999998368	0.9506241430696967	-5.486401805955554e-19	-8.357250574084554e-18	7.78999260930835e-20	1.1371249999999948	7.196337709763911e-18	4.0104638360238807e-19	-3.6162885836896195e-19	0.9266320829873649	0.013374649770480656	0.43530974202736306	-2.177559147283903	0.5207188484917037	318.7744288989201	2.007101314272722	-2.122589990250339	1.63556057153521	0.008561795919269671	1599.565890624997	0.012693075925535249	0.4941766418782043	-2.014433395497929	0.4941829500724891	361.88226814369926	1.856744934190125	-2.014422535720754	1.8567372902462187	0.007920412929645251	-0.05063651740783242	0.0	0.0	0.0	0.12850314716008454	0.0	0.0	0.0	-0.07619868217922372	361.90408304937824	0.12879551633341974
164	1410.0	nan	nan	1	1	0.001500000000000045	0.001500000000000028	0.0014999999999998368	0.9493033883473169	3.5241313990283517e-19	1.0942466279872249e-17	1.2728533504979821e-19	1.1410000000000147	7.219729371635286e-18	5.868786359664036e-19	3.1882320134651863e-19	0.9247709992613539	0.012993636107185713	0.43258249823629613	-2.1724787897522475	0.5199409572135428	317.81552302097646	2.018531496397799	-2.116324312933487	1.635996214755038	0.008394704657923429	1599.565890624997	0.012314331872965616	0.4927534930144261	-2.005694897404061	0.4927585664750281	362.02275806648174	1.8635663287815816	-2.00568337648587	1.8635586337073038	0.0077502327650026265	-0.05202683878934912	0.0	0.0	0.0	0.13190507087995162	0.0	0.0	0.0	-0.07820914048592202	362.04478871118124	0.13221568417184365
166	1448.75	nan	nan	1	1	0.001500000000000045	0.001500000000000028	0.0014999999999998368	0.9479873295415279	5.165206912356723e-19	-6.500063074593721e-19	3.5117308366805487e-19	1.1448750000000045	-7.955333440612389e-19	2.248635305734936e-19	6.997644109128786e-19	0.9229215240480175	0.01256624929261145	0.42987388957159917	-2.167223008464384	0.519158609884006	316.8613481720419	2.029654583046499	-2.1099068035966546	1.6361645388867438	0.0082276404566006	1599.565890624997	0.011892764648807301	0.4913305399138209	-1.9968387597723143	0.4913344482496218	362.16123158896835	1.8700857846874273	-1.9968269339401021	1.8700777734609901	0.007580794085815861	-0.05341414227895718	0.0	0.0	0.0	0.1352954607410183	0.0	0.0	0.0	-0.0802110707937922	362.1834936485492	0.13562403489381156
168	1487.5	nan	nan	1	1	0.001500000000000045	0.001500000000000028	0.0014999999999998368	0.9466759349691354	-1.578733888410455e-19	5.649045684355536e-18	5.188991597515624e-19	1.1487500000000017	-8.786862296800146e-18	-1.9081958235744878e-19	5.764702951105427e-19	0.9210835478580464	0.012067459493797165	0.4271535725266046	-2.161747555377354	0.5183352764894554	315.91188737758984	2.040442725277578	-2.1032946499769243	1.636047880591581	0.008047691787810547	1599.565890624997	0.011404895234622946	0.4898731998668219	-1.987824847351673	0.48987606113865	362.29772404862234	1.8762795585522067	-1.9878131882572188	1.8762713505124962	0.00740021731947573	-0.05479844608256699	0.0	0.0	0.0	0.13867439468776085	0.0	0.0	0.0	-0.08220453255442702	362.3202496898515	0.1390206492984273
170	1526.25	nan	nan	1	1	0.001500000000000045	0.001500000000000028	0.0014999999999998368	0.9453691749903625	-1.9786689647860455e-21	-2.7042712687219693e-18	3.4867941867133825e-19	1.1526250000000084	1.4164830332979995e-17	-1.0972125985553305e-19	9.546806704549548e-19	0.9192569609133993	0.011465277026228576	0.42437473397877945	-2.156013608342061	0.5174136093050913	314.96712297154625	2.0508880890915964	-2.0964500708498233	1.635644580958346	0.007834224509345908	1599.565890624997	0.010820805491822084	0.48832746923375775	-1.9786183169759701	0.48832941518149364	362.43226973127	1.8821424519045387	-1.9786070923612666	1.8821341489789054	0.007189629997471987	-0.056179766411214575	0.0	0.0	0.0	0.1420419498771752	0.0	0.0	0.0	-0.08418958644607107	362.45511463212034	0.14240560760952906
172	1565.0	nan	nan	1	1	0.001500000000000045	0.001500000000000028	0.0014999999999998368	0.9440670202040355	4.4353355623666375e-19	1.4911032478193143e-18	-8.933825901280556e-20	1.1565000000000145	6.824510574710008e-19	2.8080836267374563e-19	8.160925277569952e-19	0.9174416548520671	0.010721537717612402	0.4215086887758204	-2.1500015330121003	0.5163572673960977	314.0270279419252	2.061013000924108	-2.089354391777348	1.6349769511359453	0.0075621888836516415	1599.565890624997	0.010104922476102276	0.4866595502069423	-1.9692021719397972	0.4866606166425476	362.5648918765703	1.8876969227691576	-1.9691917997295982	1.8876886024565875	0.006926264258725063	-0.05755811937788038	0.0	0.0	0.0	0.14539820268936976	0.0	0.0	0.0	-0.08616629251732193	362.58814082578715	0.14577898924801014
174	1603.75	nan	nan	1	1	0.001500000000000045	0.001500000000000028	0.0014999999999998368	0.9427694412018186	2.334422802632852e-19	7.708948496915058e-19	-8.307157045583935e-19	1.1603750000000193	7.058210352989258e-18	4.690258598172292e-19	3.3034284942917713e-19	0.9156375227173035	0.009773636254027936	0.41856397735206585	-2.143706303544316	0.5151751827399825	313.09155064598957	2.070868737928774	-2.0820026660837367	1.634089699940822	0.007187202093781883	1599.565890624997	0.009198864604902783	0.48487832476440157	-1.9595728994567694	0.4848785682890633	362.69558487930624	1.8929917080843157	-1.9595634761277225	1.8929834364499425	0.006569858204273727	-0.058933521256436326	0.0	0.0	0.0	0.14874322873797655	0.0	0.0	0.0	-0.08813471018239	362.71937274119324	0.14914087290589242
176	1642.5	nan	nan	1	1	0.001500000000000045	0.001500000000000028	0.0014999999999998368	0.9414764099605154	3.1311758741381367e-19	9.173488791508477e-18	-5.672545766444159e-19	1.1642500000000027	6.141734256587261e-19	4.178515172759134e-19	-6.553595556860192e-19	0.9138444576005267	0.0085369898812115	0.4155753491659462	-2.1371268620724795	0.5139090533710259	312.16061681994296	2.080511340950691	-2.0743938725779607	1.6330307271636362	0.006646619748609222	1599.565890624997	0.00802391349284814	0.48302326988771543	-1.9497306274439312	0.4830229208208242	362.82431614182616	1.8980794983140465	-1.949721999822466	1.8980717774641525	0.006063803849374655	-0.060305987002851606	0.0	0.0	0.0	0.15207710288035184	0.0	0.0	0.0	-0.09009489968980011	362.84884645714146	0.15249133674208454
178	1681.25	nan	nan	1	1	0.001500000000000045	0.001500000000000028	0.0014999999999998368	0.9401879015131733	4.467997152812764e-19	-3.672789069403271e-18	-4.195862407518902e-20	1.1681249999999932	-1.0610002459943146e-17	1.6349768761081407e-19	-7.836071201638983e-20	0.9120623509547919	0.006900940954192261	0.4125576666488623	-2.1302583573491214	0.5125766296638007	311.2341409401895	2.0899908572894703	-2.06652364617375	1.6318416672231388	0.005842534324192926	1599.565890624997	0.006477306738679819	0.48111120864084966	-1.9396720184654528	0.4811106310646206	362.9510389040398	1.903007102752386	-1.9396641165102024	1.903000187114299	0.005319824380204845	-0.0616755284676961	0.0	0.0	0.0	0.1553998992276848	0.0	0.0	0.0	-0.09204692396974953	362.9766115119948	0.15583045864327252
180	1720.0	nan	nan	1	1	0.001500000000000045	0.001500000000000028	0.0014999999999998368	0.9389038958959293	1.9510218093876653e-19	3.2061484543655095e-18	6.29921462214078e-20	1.1720000000000044	3.781588757412191e-18	-6.830473686658678e-20	-2.696681853514571e-19	0.9102910920263895	0.004867872540307894	0.40949495152573023	-2.1230932438882166	0.5111577531965807	310.31210737293645	2.099346131968896	-2.05838509585521	1.6305546376285032	0.004734414280216451	1599.565890624997	0.0045627985378807875	0.47912310875601627	-1.9293912983521655	0.47912303159118286	363.0757864418018	1.9078107713404444	-1.9293842285298874	1.9078047337734267	0.0043024665738726235	-0.06304215230039552	0.0	0.0	0.0	0.15871169115482442	0.0	0.0	0.0	-0.09399084927469074	363.1027174731221	0.15915831592132107
182	1750.0	nan	nan	1	1	0.001500000000000045	0.001500000000000028	0.0014999999999998368	0.9379126588241233	6.38391791686621e-19	-1.1777850830035908e-17	2.3635607360184e-19	1.1750000000000047	1.88184971078309e-18	1.0842021724855045e-21	-6.753766382955329e-19	0.9089267141874551	0.0013167011774342528	0.40711270802065946	-2.117205256131478	0.5100256808473473	309.5989236154844	2.106975531522692	-2.0517697137943633	1.6298589128484087	0.0015786755792848229	1599.565890624997	0.0012328790971385891	0.47755499691420156	-1.9211563004042969	0.4775571038417768	363.1685037066687	1.9118738277547247	-1.9211526773358223	1.9118717071745337	0.0014324933903569984	-0.06409844857131065	0.0	0.0	0.0	0.16126814759612704	0.0	0.0	0.0	-0.09549081051086765	363.1984534142449	0.16172730520809853
184	1780.0	nan	nan	1	1	0.001500000000000045	0.001500000000000028	0.0014999999999998368	0.9369244471430674	4.747179212227781e-19	-5.355254000666277e-18	2.3006770100142403e-19	1.1779999999999984	4.560045917256783e-18	3.5475095083725703e-19	-8.575768133817219e-19	0.9075691053071174	0.0007128560175873474	0.404639026323162	-2.11120129564929	0.5087557564819477	308.89141984797254	2.114235397099202	-2.0450509500878638	1.6288732151741507	0.001480921907729166	1599.565890624997	0.0006667711893225145	0.4758647027918599	-1.912845009155533	0.47586563409008825	363.2633387752326	1.9155940439480443	-1.9128421736976051	1.9155919671609283	0.0013417830341363138	-0.065152632712885	0.0	0.0	0.0	0.1638180852293936	0.0	0.0	0.0	-0.09698556664357466	363.2935292705426	0.1642893586788022
186	1810.0	nan	nan	1	1	0.001500000000000045	0.001500000000000028	0.0014999999999998368	0.935938909298218	8.317728016765669e-19	-7.657177843178875e-19	5.004677228193088e-19	1.1810000000000032	-1.0843322767462027e-17	4.360661137736699e-19	-8.49919635538543e-19	0.9062178259583823	-0.00042842235948076777	0.4020695277592385	-2.105060013693128	0.5073471058766845	308.1867595596552	2.1212617880058846	-2.0382105254048795	1.6277082695241887	0.0006691126029679476	1599.565890624997	-0.00040030372394058876	0.4740466225184602	-1.9044390667306832	0.47404840414739163	363.3572862095776	1.919096744778272	-1.9044366976628535	1.919094968259702	0.0006053433977392411	-0.0662050724783676	0.0	0.0	0.0	0.1663615372152283	0.0	0.0	0.0	-0.09847557583422739	363.3882861905349	0.1668447780154317
188	1840.0	nan	nan	1	1	0.001500000000000045	0.001500000000000028	0.0014999999999998368	0.9349560446063685	2.6958687018852067e-19	-1.0944641460480797e-17	3.1008182133085425e-19	1.1839999999999904	2.6257208213253946e-18	1.1319070680748667e-19	8.744903672724957e-19	0.9048728248528273	-0.001423483785595998	0.3994029938894136	-2.0987914551101854	0.5057945786011614	307.48493593723504	2.1280338859187107	-2.0312584397053817	1.6263497455878166	-9.140251663670789e-05	1599.565890624997	-0.0013286582133825956	0.4720984522060846	-1.8959478666333511	0.4721010017416266	363.4503610477402	1.9223640806748201	-1.8959458735860046	1.9223621489686553	-8.25686639805694e-05	-0.06725576191469064	0.0	0.0	0.0	0.1688985364618062	0.0	0.0	0.0	-0.09996087018127704	363.4820721524081	0.1693935964215986
190	1870.0	nan	nan	1	1	0.001500000000000045	0.001500000000000028	0.0014999999999998368	0.933975850966992	-3.030345072096985e-19	2.8271655849732014e-18	-5.735429492448319e-20	1.187000000000006	-5.046961112920023e-18	-7.5243630770494e-20	2.7464196281773435e-19	0.9035340490141064	-0.002054618552018769	0.3966428197943426	-2.0924270810640997	0.5041008891155676	306.7860667880718	2.13452020130452	-2.024225039423114	1.624776438202852	-0.0006118394677480108	1599.565890624997	-0.0019157373345296328	0.4700233423406943	-1.8874000667495097	0.4700263670350866	363.5427273587109	1.9253686816037308	-1.8873982607147899	1.9253666370072675	-0.0005518882176196624	-0.06830469658327945	0.0	0.0	0.0	0.1714291156275357	0.0	0.0	0.0	-0.10144148397747742	363.57486495139216	0.17193584819457003
192	1900.0	nan	nan	1	1	0.001500000000000045	0.001500000000000028	0.0014999999999998368	0.9329983213436183	-6.02328516924322e-19	-4.901678021806965e-19	-5.791808005417564e-19	1.1899999999999924	-2.7438988581263146e-18	-3.0466081046842675e-19	1.0442357699022576e-18	0.9022014449354845	-0.0026999434659239516	0.3937928967265223	-2.0860018002251093	0.5022697680658833	306.08994607600346	2.140702821512108	-2.0171442650603892	1.6229773732183648	-0.0011622590276105507	1599.565890624997	-0.0025148042802797073	0.46782507657779715	-1.8788272702788815	0.4678283743822495	363.6341682469351	1.9280955741197643	-1.8788256479213306	1.9280934730450563	-0.0010468274552624369	-0.06935187733939328	0.0	0.0	0.0	0.17395330712343238	0.0	0.0	0.0	-0.10291745244019862	363.66674669265905	0.17447156923418744
194	1930.0	nan	nan	1	1	0.001500000000000045	0.001500000000000028	0.0014999999999998368	0.9320234514409661	-1.8518173106052415e-19	-3.900959416602845e-19	-8.829742492721948e-19	1.1930000000000056	-5.3381236063410056e-18	-2.419939248987646e-19	-1.0473799562024655e-18	0.9008749605866124	-0.003357319108754025	0.3908588025986868	-2.0795490358312696	0.5003073253498221	305.3965661922106	2.1465830415204694	-2.0100483244119993	1.6209560070044482	-0.0017444760675275144	1599.565890624997	-0.0031238319507865277	0.4655094921008612	-1.870259552787755	0.46551309467879054	363.7246992322456	1.9305471379043708	-1.8702580764666792	1.930544745369938	-0.0015689089190430014	-0.07039730212280905	0.0	0.0	0.0	0.17647114311578413	0.0	0.0	0.0	-0.10438880948765067	363.7577331603549	0.1770007939742757
196	1960.0	nan	nan	1	1	0.001500000000000045	0.001500000000000028	0.0014999999999998368	0.9310512372061759	1.0972125985553305e-19	-1.2325210296815215e-18	-6.4336556915289835e-19	1.1960000000000077	-6.787105599759258e-20	-3.5344990823027446e-20	-1.8771876414414024e-18	0.8995545448338061	-0.003966296196577219	0.38784852323849694	-2.073088459284793	0.49822239475903995	304.70595394206555	2.152184935686109	-2.002956153405043	1.6187333544337779	-0.002308938945920904	1599.565890624997	-0.0036866037604416442	0.46308536760566954	-1.861714463521083	0.4630891045504801	363.8143765887927	1.9327461908313035	-1.8617131250850614	1.9327435469763827	-0.0020735174187844693	-0.07144096862631787	0.0	0.0	0.0	0.17898265552844644	0.0	0.0	0.0	-0.10585558837076071	363.84783087183473	0.17952355634632555
198	1990.0	nan	nan	1	1	0.001500000000000045	0.001500000000000028	0.0014999999999998368	0.9300816737549296	-1.1600963245594898e-19	3.84599036645783e-18	5.616167253474913e-20	1.1989999999999823	5.876538405197307e-18	-3.146354704552934e-19	-8.392537966667169e-19	0.8982401471685912	-0.004534166115907416	0.38477936628229703	-2.0666224633115515	0.4960363142305772	304.018094240788	2.1575513455912474	-1.9958698431797663	1.61634393408929	-0.002857871846921962	1599.565890624997	-0.004210035732396419	0.46057273580015695	-1.8531939572385325	0.46057655456211916	363.90320705113083	1.9347322440667747	-1.8531926581868559	1.9347293876754412	-0.0025627277992475227	-0.07248287544903519	0.0	0.0	0.0	0.18148787604536243	0.0	0.0	0.0	-0.10731782196757558	363.9370517813198	0.18203989020622133
200	2020.0	nan	nan	1	1	0.001500000000000045	0.001500000000000028	0.0014999999999998368	0.929114755851701	5.059158387360485e-19	5.727514816589174e-18	4.211041237933699e-19	1.2020000000000006	1.2984513637903649e-17	-5.21175984313782e-19	-8.707363172502646e-19	0.8969317179056963	-0.005069336015839204	0.38168364897808227	-2.0601402627672494	0.4937903031641513	303.3329689826216	2.162735507231637	-1.9887790030343633	1.6138292909694378	-0.003393984552642497	1599.565890624997	-0.004702049850902941	0.45800984779122955	-1.8446881792580736	0.45801395175141957	363.991193559801	1.9365538828375632	-1.8446869541648514	1.9365506222153754	-0.0030390373403189263	-0.07352302158422239	0.0	0.0	0.0	0.18398683611301617	0.0	0.0	0.0	-0.10877554255694852	364.02540479882396	0.18454982911017725
