6	header
postResults v2.0.3	--cr f,p,texture --time RVE_1_40_D_tensionX.spectralOut
addCauchy v2.0.3	RVE_1_40_D_tensionX.txt
addStrainTensors v2.0.3	--left --logarithmic RVE_1_40_D_tensionX.txt
addMises v2.0.3	-s Cauchy RVE_1_40_D_tensionX.txt
addMises v2.0.3	-e ln(V) RVE_1_40_D_tensionX.txt
inc	time	elem	node	ip	grain	1_pos	2_pos	3_pos	1_f	2_f	3_f	4_f	5_f	6_f	7_f	8_f	9_f	1_p	2_p	3_p	4_p	5_p	6_p	7_p	8_p	9_p	texture	1_Cauchy	2_Cauchy	3_Cauchy	4_Cauchy	5_Cauchy	6_Cauchy	7_Cauchy	8_Cauchy	9_Cauchy	1_ln(V)	2_ln(V)	3_ln(V)	4_ln(V)	5_ln(V)	6_ln(V)	7_ln(V)	8_ln(V)	9_ln(V)	Mises(Cauchy)	Mises(ln(V))
0	0.0	nan	nan	1	1	0.001500000000000045	0.001500000000000028	0.0014999999999998368	1.0	0.0	0.0	0.0	1.0	0.0	0.0	0.0	1.0	2.7716487604837245e-12	-1.1931922846408178e-15	-2.8066754232013122e-14	-1.1931922846409345e-15	2.7018729684354e-12	-1.6832583398957215e-14	-2.806675423201312e-14	-1.6832583398957266e-14	2.699121388890668e-12	1599.565890624997	2.7716487604837245e-12	-1.1931922846408178e-15	-2.8066754232013122e-14	-1.1931922846409345e-15	2.7018729684354e-12	-1.6832583398957215e-14	-2.806675423201312e-14	-1.6832583398957266e-14	2.699121388890668e-12	0.0	0.0	0.0	0.0	0.0	0.0	0.0	0.0	0.0	9.102600058540028e-14	0.0
2	2.0	nan	nan	1	1	0.001500000000000045	0.001500000000000028	0.0014999999999998368	0.9999331859138989	2.4896482076621026e-23	-3.291186221225986e-23	-7.411538288475128e-25	1.000200000000001	5.928238014045039e-23	-1.8131799027162368e-24	3.4768055506828856e-23	0.9999338800589287	-1.2414514552862647e-11	-0.0004941626033813162	0.0027412009144873136	-0.0004942944617347267	14.158906776175298	0.0007274803459991467	0.002741202817405394	0.0007272867876839727	7.745344764858996e-12	1599.565890624997	-1.2412852883534637e-11	-0.000494228300956331	0.0027408359103770295	-0.000494228300956339	14.160789164348122	0.0007273834784857013	0.002740835910376978	0.0007273834784856729	7.744313434882508e-12	-6.681631826157467e-05	0.0	0.0	0.0	0.0001999800026669107	0.0	0.0	0.0	-6.612212709119347e-05	14.160790042005946	0.00017763326904618546
4	4.0	nan	nan	1	1	0.001500000000000045	0.001500000000000028	0.0014999999999998368	0.999866353989382	4.0048776537367385e-23	-7.470830594782929e-22	-3.1631386624027777e-24	1.0003999999999935	7.555600063957364e-22	-1.2043749718772083e-24	1.1779051922755114e-24	0.9998677425139983	9.501777880130402e-14	-0.000988361400617027	0.005482594259836833	-0.0009888889062345642	28.32631037555387	0.0014554063112565056	0.005482601873571337	0.0014546319700886282	2.9006017657207115e-12	1599.565890624997	9.499235033185987e-14	-0.0009886242617904689	0.005481134630774333	-0.000988624261790503	28.33384394291086	0.0014550188389671158	0.005481134630774201	0.0014550188389671022	2.8998295395745923e-12	-0.0001336549420419013	0.0	0.0	0.0	0.00039992002132089856	0.0	0.0	0.0	-0.0001322662327937376	28.333845697205053	0.0003552546439166503
6	6.0	nan	nan	1	1	0.001500000000000045	0.001500000000000028	0.0014999999999998368	0.9997995042228787	1.0347367718548334e-22	-5.495126245312274e-22	-5.227781471335135e-24	1.000599999999987	-1.2447678555493978e-21	-2.1572870375382963e-24	-1.3459882927462866e-22	0.9998015873617153	-8.791869328048096e-12	-0.0014825963387066023	0.008224179771037057	-0.001483783388813438	42.50221249603578	0.0021837779609328494	0.008224196906581029	0.00218203545051587	-6.01349848909638e-12	1599.565890624997	-8.788341087572435e-12	-0.0014831879358532976	0.008220896477131718	-0.0014831879358533087	42.519172060135894	0.0021829061433085565	0.008220896477131805	0.002182906143308515	-6.0110977532800264e-12	-0.00020051587908660723	0.0	0.0	0.0	0.0005998200719549005	0.0	0.0	0.0	-0.0001984323246760398	42.51917469006499	0.000532864140378418
8	8.0	nan	nan	1	1	0.001500000000000045	0.001500000000000028	0.0014999999999998368	0.9997326366108241	1.119605502702774e-22	5.95384752580968e-22	-1.547158617719183e-23	1.0008000000000166	1.6051803746061026e-21	-6.617444900424222e-25	6.299807545203858e-23	0.9997354145986064	9.008343976150968e-12	-0.0019768673654609863	0.010965957183081123	-0.0019789779656094156	56.686614836162505	0.0029125953601417402	0.010965987654522929	0.002909497132223515	1.1769171751746521e-11	1599.565890624997	9.003525263053444e-12	-0.001977919377362712	0.010960121765237927	-0.0019779193773627503	56.71678124718133	0.0029110454534030192	0.010960121765237708	0.0029110454534030813	1.176290891178725e-11	-0.0002673991371387541	0.0	0.0	0.0	0.0007996801705806623	0.0	0.0	0.0	-0.00026462041028630387	56.716784751705575	0.0007104617742034841
10	10.0	nan	nan	1	1	0.001500000000000045	0.001500000000000028	0.0014999999999998368	0.9996657511496491	-1.4707271291192833e-22	-2.91670501431098e-22	-4.465451818806265e-23	1.0010000000000248	2.229496596291725e-21	-3.494010907423989e-24	-5.280721030538529e-23	0.9996692242211905	-4.956370086052486e-12	-0.0024711744281007367	0.013707926230746544	-0.002474472692181382	70.87951909392338	0.003641858574022295	0.013707973855273345	0.003637016918497634	-2.110304452018763e-12	1599.565890624997	-4.9530570186814535e-12	-0.002472818640001435	0.013698810810512047	-0.0024728186400013318	70.92667924072839	0.003639436831245305	0.01369881081051192	0.003639436831245368	-2.1089011535492655e-12	-0.0003343047239487223	0.0	0.0	0.0	0.0009995003331078236	0.0	0.0	0.0	-0.00033083049718406486	70.92668361886747	0.0008880475611019858
12	12.0	nan	nan	1	1	0.001500000000000045	0.001500000000000028	0.0014999999999998368	0.9995988478357941	-2.0833040035515533e-22	-1.836129201630908e-21	-9.17707258790831e-23	1.0012000000000039	-2.0070710382986664e-21	2.5305109299222222e-23	5.458068553869897e-23	0.9996030162259613	-1.087456381974189e-11	-0.0029655174739704167	0.016450086648882326	-0.0029702676242248757	85.08092696745608	0.004371567667913603	0.0164501552467802	0.004364594712826809	-7.991161562331817e-12	1599.565890624997	-1.0865843547370448e-11	-0.002967885777631668	0.016436963928289503	-0.0029678857776316227	85.1488737836891	0.004368080339105973	0.01643696392828975	0.004368080339105863	-7.984786776432894e-12	-0.0004012326472599976	0.0	0.0	0.0	0.0011992805754859571	0.0	0.0	0.0	-0.00039706259295774264	85.1488790344241	0.0010656215168179655
14	14.0	nan	nan	1	1	0.001500000000000045	0.001500000000000028	0.0014999999999998368	0.9995319266656834	-1.4295666218386447e-22	1.4577701720042526e-21	-1.5460998265351151e-22	1.0014000000000138	3.571302663860944e-22	2.406102965794247e-23	4.5263323118901673e-23	0.9995367906094433	1.1521757870697203e-12	-0.003459896450716472	0.01919243817216324	-0.0034663628177494226	99.29084015507932	0.005101722706831494	0.019192531566818747	0.005092230418379696	4.030499833190815e-12	1599.565890624997	1.1510981955972989e-12	-0.003463120844473194	0.01917458143357608	-0.003463120844473039	99.38337262524311	0.00509697603900832	0.01917458143357615	0.005096976039008144	4.0267498363828016e-12	-0.00046818291483560575	0.0	0.0	0.0	0.0013990209137209346	0.0	0.0	0.0	-0.00046331670516711553	99.38337874754632	0.0012431836571300272
16	16.0	nan	nan	1	1	0.001500000000000045	0.001500000000000028	0.0014999999999998368	0.9994649876357236	-1.1117307432712693e-24	4.2182240773264157e-22	-1.6781840267475825e-22	1.0015999999999816	-1.1159923777871424e-21	5.35218943546311e-23	8.263865191649767e-23	0.9994705473681239	-1.094049028975419e-11	-0.003954311305684823	0.021934980535081878	-0.003962758328476217	113.509260354865	0.0058323237561831226	0.021935102552984993	0.005819923938718663	-8.042646805483944e-12	1599.565890624997	-1.0928799749986893e-11	-0.0039585238945008105	0.021911663641043987	-0.003958523894500807	113.63018352042216	0.005826123993443415	0.02191166364104403	0.005826123993443464	-8.034097468360804e-12	-0.0005351555344588973	0.0	0.0	0.0	0.0015987213636786731	0.0	0.0	0.0	-0.0005295928414125159	113.63019051330893	0.0014207339977437394
18	18.0	nan	nan	1	1	0.001500000000000045	0.001500000000000028	0.0014999999999998368	0.999398030742362	1.3197170364916026e-22	-3.633559585484135e-21	-1.258902717856704e-22	1.0017999999999954	3.4656882432501734e-21	2.1281702799764297e-23	-4.801618019747815e-23	0.9994042864985183	5.026758453929858e-13	-0.004448761986334506	0.024677713472265474	-0.004459454212251521	127.73618926505738	0.006563370881157734	0.024677867943010384	0.006547675177189628	3.471026424617385e-12	1599.565890624997	5.020717454420069e-13	-0.004454094981857891	0.02464821086534204	-0.004454094981857904	127.88931423052354	0.006555524264759618	0.024648210865342333	0.00655552426475956	3.466876756199514e-12	-0.000602150513875678	0.0	0.0	0.0	0.0017983819413754077	0.0	0.0	0.0	-0.0005958910092683022	127.88932209296271	0.0015982725544436943
20	20.0	nan	nan	1	1	0.001500000000000045	0.001500000000000028	0.0014999999999998368	0.9993310559820121	-3.2510183306804115e-22	1.8396496823179335e-21	-9.783230540787169e-23	1.0019999999999922	2.7517982873924084e-22	9.052664623780336e-24	-1.707830179901483e-22	0.9993380079971264	-4.2675433534200555e-12	-0.004943248440170851	0.027420636718134855	-0.004956450524980407	141.97162858385877	0.007294864147158359	0.027420827474421705	0.007275484037356163	-1.2727629783437777e-12	1599.565890624997	-4.261846611136524e-12	-0.004949834160790005	0.027384223420762993	-0.004949834160790118	142.1607725229134	0.00728517691559593	0.02738422342076366	0.007285176915595858	-1.2710728098307893e-12	-0.0006691678608686319	0.0	0.0	0.0	0.00199800266266508	0.0	0.0	0.0	-0.0006622112163299558	142.16078125391468	0.0017757993429256425
22	22.0	nan	nan	1	1	0.001500000000000045	0.001500000000000028	0.0014999999999998368	0.9992640633510808	2.503048533585462e-22	-2.402926592242043e-22	-1.5352472168984194e-24	1.0021999999999829	-6.88759547103914e-21	2.8269724614612275e-23	7.829760806181939e-23	0.9992717118604567	8.294062875738305e-12	-0.005437770614594033	0.030163750007014795	-0.0054537473224745845	156.21558000944333	0.008026803619316278	0.030163980884650252	0.008003350422512236	1.127455536570343e-11	1599.565890624997	8.281887593053282e-12	-0.00544574148549317	0.030119701621349013	-0.005445741485493152	156.44456617104183	0.008015082008395723	0.030119701621348416	0.008015082008395463	1.125809103474993e-11	-0.0007362075832300034	0.0	0.0	0.0	0.0021975835434701416	0.0	0.0	0.0	-0.0007285534701829804	156.44457576958243	0.0019533143789308956
24	24.0	nan	nan	1	1	0.001500000000000045	0.001500000000000028	0.0014999999999998368	0.9991970528460178	-8.75090913632099e-23	-2.9786442985789506e-21	9.380889890841376e-23	1.002399999999992	-6.917241624193041e-21	2.2975768694272897e-23	2.4002796142818735e-22	0.9992053980849901	3.838752262244616e-12	-0.005932328457147301	0.03290705307311857	-0.005951344660701833	170.46804523999737	0.008759189363044364	0.032907327911021265	0.00873127423623535	6.847043806934572e-12	1599.565890624997	3.832606711623626e-12	-0.005941817010362355	0.03285464578087596	-0.005941817010362105	170.74070295448675	0.008745239605959236	0.032854645780876574	0.008745239605958926	6.8361393049453825e-12	-0.0008032696887120447	0.0	0.0	0.0	0.0023971245997132552	0.0	0.0	0.0	-0.0007949177784464545	170.74071341957935	0.0021308176781986697
26	26.0	nan	nan	1	1	0.001500000000000045	0.001500000000000028	0.0014999999999998368	0.9991300244632286	-3.1551977285222687e-22	-2.1959329157567735e-21	1.6183623248477476e-22	1.0025999999999995	7.064043021864052e-21	-3.65282958503417e-23	-1.2006692027329706e-22	0.999139066667238	-3.679082552499047e-12	-0.0064269219152674325	0.035650545650607234	-0.006449242595536209	184.7290259737204	0.00949202144371299	0.03565086829080428	0.00945925538206333	-6.482380465744342e-13	1599.565890624997	-3.672703697075037e-12	-0.0064380607897417995	0.03558905621291722	-0.006438060789742064	185.04919065896507	0.009475649771121059	0.03558905621291837	0.009475649771120944	-6.471199769303693e-13	-0.0008703541851144551	0.0	0.0	0.0	0.002596625847265471	0.0	0.0	0.0	-0.0008613041487107067	185.04920198960943	0.002308309256440106
28	28.0	nan	nan	1	1	0.001500000000000045	0.001500000000000028	0.0014999999999998368	0.9990629781990921	6.03246277122672e-23	-3.427942337538153e-21	1.1985516203648349e-22	1.0028000000000006	-1.4153444092586528e-20	-7.348010817431055e-23	-1.2176098616780568e-23	0.9990727176037021	-6.724568707427992e-12	-0.006921550936489203	0.03839422747360039	-0.006947441182960527	198.99852390885323	0.010225299926769148	0.03839460176123161	0.010187293763611676	-3.683843605162274e-12	1599.565890624997	-6.7120164232650414e-12	-0.0069344728781300215	0.038322933230852986	-0.006934472878130212	199.37003707637223	0.010206312566868617	0.038322933230852486	0.010206312566868225	-3.677003075806721e-12	-0.000937461080266617	0.0	0.0	0.0	0.0027960873020020736	0.0	0.0	0.0	-0.0009277125885795347	199.37004927156167	0.002485789129383573
30	30.0	nan	nan	1	1	0.001500000000000045	0.001500000000000028	0.0014999999999998368	0.99899591405006	2.9425130494226344e-22	-1.3970749673775615e-22	2.3663982963917016e-23	1.003000000000002	3.6950753532784785e-21	-5.394541082825825e-23	1.7057125975333473e-22	0.9990063508908525	-1.1698161186263212e-11	-0.0074162154682528006	0.04113809827596415	-0.007445940478876363	213.27654074357363	0.010959024877594547	0.04113852805928531	0.010915389284433806	-8.618735204690697e-12	1599.565890624997	-1.1674772298351111e-11	-0.007431053329986461	0.04105627714765503	-0.007431053329986322	213.70325000466957	0.010937228056199514	0.041056277147654585	0.010937228056198841	-8.601593074437129e-12	-0.0010045903819276977	0.0	0.0	0.0	0.0029955089798010272	0.0	0.0	0.0	-0.0009941431056898807	213.70326306340496	0.0026632573127467335
32	32.0	nan	nan	1	1	0.001500000000000045	0.001500000000000028	0.0014999999999998368	0.9989288319432167	-3.1591681954625233e-23	1.899418444658565e-21	-8.322098706773501e-23	1.003199999999994	-5.0012001579446095e-21	5.579829540037704e-23	3.310840032580246e-22	0.9989399663200406	-6.086648452613419e-12	-0.007911149496047574	0.04388233481085159	-0.007944975578486464	227.56301827527324	0.011693993849027612	0.043882823937240564	0.011644335946664771	-1.7724157697074361e-12	1599.565890624997	-6.073671602410291e-12	-0.007928036739634735	0.04378926492303153	-0.007928036739634721	228.04877728197178	0.011669192099066297	0.04378926492303224	0.011669192099065924	-1.7686566593992783e-12	-0.0010717421673020978	0.0	0.0	0.0	0.003194890896513755	0.0	0.0	0.0	-0.0010605959130198666	228.0487912034939	0.0028407139136470533
34	34.0	nan	nan	1	1	0.001500000000000045	0.001500000000000028	0.0014999999999998368	0.9988617314194106	2.4552044069553944e-22	-1.7371586957001632e-21	-1.895765615073531e-22	1.0034000000000036	5.04831636563563e-22	2.7427985623278313e-22	2.5559219183398514e-22	0.9988735621333453	-7.963083116513391e-12	-0.008407544751446257	0.04662324084850919	-0.008445743928554456	241.85747444515172	0.012433947652772533	0.0466237930633032	0.01237785686994626	-3.1530607430552136e-12	1599.565890624997	-7.94504998047089e-12	-0.008426617762506283	0.046518209183957146	-0.008426617762505957	242.4061423882214	0.012405936768176007	0.046518209183957215	0.01240593676817568	-3.1459576070871303e-12	-0.0011389169002915126	0.0	0.0	0.0	0.0033942330680193787	0.0	0.0	0.0	-0.001127072774622535	242.40615717039486	0.0030181596836195024
36	36.0	nan	nan	1	1	0.001500000000000045	0.001500000000000028	0.0014999999999998368	0.9987946113290467	3.6807552025139604e-22	-3.219783990750409e-21	-2.199109289308977e-22	1.0036000000000083	-1.0926725019580475e-21	3.084258719189721e-22	-6.426862487292004e-23	0.9988071337301051	-1.136903596266059e-11	-0.008906123560170136	0.04934806934369278	-0.008948972595169712	256.158648646867	0.013190325189583938	0.04934868804578506	0.01312733249858104	-1.1143708303351652e-11	1599.565890624997	-1.1341783478483679e-11	-0.008927521195394044	0.049230395311684355	-0.008927521195394044	256.7740891677809	0.01315887190743524	0.04923039531168436	0.013158871907434942	-1.1117135326825319e-11	-0.0012061157362002212	0.0	0.0	0.0	0.003593535510137962	0.0	0.0	0.0	-0.0011935783011590892	256.774104803063	0.003195596550674209
38	38.0	nan	nan	1	1	0.001500000000000045	0.001500000000000028	0.0014999999999998368	0.9987274687093074	3.1092726609133245e-22	6.1370713402126264e-21	-2.916969712106997e-23	1.0038000000000018	2.3989031857425854e-21	2.6586246631944353e-22	-4.2118713302220087e-22	0.9987406691608893	9.139520421724834e-12	-0.009410822346289496	0.052029926750202925	-0.009458619860945077	270.46325705855895	0.013991831256322917	0.05203061444384298	0.013921309933976622	-1.4468019837732272e-13	1599.565890624997	9.116402286048037e-12	-0.009434694572728839	0.05189900460383024	-0.009434694572728684	271.14933526495184	0.013956623815256223	0.05189900460382975	0.013956623815255784	-1.4431614169482428e-13	-0.0012733416461769235	0.0	0.0	0.0	0.0037927982386975895	0.0	0.0	0.0	-0.0012601244625514596	271.14935173543245	0.0033730294939533813
40	40.0	nan	nan	1	1	0.001500000000000045	0.001500000000000028	0.0014999999999998368	0.9986602957848629	8.79458427266379e-23	-1.1012487105489972e-21	0.0	1.0040000000000036	-5.3896706433791134e-21	1.0037340424963459e-22	-4.533743850178643e-22	0.9986741368059626	1.0187323967042472e-10	-0.009932702677508896	0.05459468901107733	-0.009985811522006066	284.7625987226446	0.014917812291567358	0.05459544567102037	0.014838678598918005	6.860159132426879e-11	1599.565890624997	1.016020806487747e-10	-0.009959231991495503	0.05445012735504978	-0.009959231991495008	285.5231728220044	0.014878311312841395	0.054450127355049775	0.014878311312840715	6.84199406943693e-11	-0.00134060242113897	0.0	0.0	0.0	0.003992021269541658	0.0	0.0	0.0	-0.0013267429283326684	285.5231900816396	0.003550471646432309
42	44.333333333333336	nan	nan	1	1	0.001500000000000045	0.001500000000000028	0.0014999999999998368	0.9985144677359808	1.233491729439075e-22	2.547663347104122e-21	2.2149911570699955e-22	1.0044333333333144	1.102413380851472e-21	-1.6517142471458857e-22	-6.564505341220828e-23	0.9985290016647762	1.0871793757319393e-08	-0.01137299354357996	0.057955916854046975	-0.011440408911465885	315.5199625137369	0.019199799994601325	0.05795676043439522	0.019086938360692154	8.881462286183806e-09	1599.565890624997	1.0839753466903437e-08	-0.011406692853956967	0.05778595592158962	-0.011406692853915074	316.4548795262322	0.01914349485636505	0.05778595592160318	0.01914349485634996	8.855416600192043e-09	-0.001486636761052377	0.0	0.0	0.0	0.004423535059760692	0.0	0.0	0.0	-0.0014720813154463813	316.454897698136	0.003935271704756002
44	48.666666666666664	nan	nan	1	1	0.001500000000000045	0.001500000000000028	0.0014999999999998368	0.9983673691256798	9.846758011831242e-23	-5.496502673851561e-21	2.8883823501371644e-22	1.0048666666666808	1.6111413689724047e-20	-4.035053202482673e-22	8.893845946170153e-23	0.9983787159523936	-1.5745642859593123e-06	-0.01427856085295145	0.048260116442598276	-0.014371513220165846	344.9257243232587	0.03576353918320228	0.04826066493351709	0.03553263086015909	-1.9232692602085405e-06	1599.565890624997	-1.5694830964097751e-06	-0.014325135707751346	0.04810492560764984	-0.014325135702628762	346.050828295049	0.03564853379333435	0.04810492560391296	0.03564853379603713	-1.9170845722234327e-06	-0.0016339650684682025	0.0	0.0	0.0	0.0048548627261957135	0.0	0.0	0.0	-0.0016225997508662576	346.05084646703745	0.004322101738249137
46	53.0	nan	nan	1	1	0.001500000000000045	0.001500000000000028	0.0014999999999998368	0.998216961366723	-1.2415385424379908e-21	-2.1107002254393095e-21	3.8963515573697817e-22	1.0052999999999854	-7.235778951919861e-21	-3.1901378375965085e-22	9.634999775017666e-22	0.9982127475606133	1.553052148807177e-05	-0.019278937805494476	-0.00782922214881851	-0.019415735276838243	370.1613363010778	0.08845772613561602	-0.007829189156718935	0.08783410918651739	3.5424038746415085e-05	1599.565890624997	1.5476303738194866e-05	-0.019347953975947418	-0.007801857047360751	-0.01934795407066791	371.4864672880123	0.08814854412437509	-0.007801857104813017	0.08814854424058303	3.530022281733386e-05	-0.0017846301387527443	0.0	0.0	0.0	0.00528600442922308	0.0	0.0	0.0	-0.001788851480571966	371.4864750316898	0.004715164122463309
48	57.33333333333333	nan	nan	1	1	0.001500000000000045	0.001500000000000028	0.0014999999999998368	0.9980625757842069	-9.207248136654244e-22	-1.1379781767243118e-20	2.0328790734103207e-22	1.0057333333333482	5.2744741625525285e-21	-2.9084993826344537e-22	-1.342547221398066e-22	0.9980218059118708	8.655301726238859e-05	-0.020906498569512367	-0.14392794650045695	-0.021067178578203886	388.9609861685229	0.19576758550378462	-0.14392206710077673	0.19426652315300233	0.0002986437374560997	1599.565890624997	8.623018888825761e-05	-0.020988601480706203	-0.14338526178689973	-0.020988601502290854	390.48849347440097	0.19502943784972512	-0.1433852617022675	0.19502943651438295	0.0002975176921323271	-0.0019393034497302783	0.0	0.0	0.0	0.005716960329244332	0.0	0.0	0.0	-0.0019801532982788813	390.4885283793287	0.005117846811965807
50	61.666666666666664	nan	nan	1	1	0.001500000000000045	0.001500000000000028	0.0014999999999998368	0.9979061906577501	8.106105305223654e-22	7.846913223363838e-21	-5.073727354053259e-22	1.0061666666666935	1.1152035783550119e-20	-2.131346653528633e-22	-2.961227183601034e-21	0.9978072714907221	-1.3043631571677872e-05	-0.014090759996758911	-0.3459358461282136	-0.014207397596845897	402.0314212260583	0.3529203681377672	-0.34590155504859615	0.34998824255295713	0.00032763672078398476	1599.565890624997	-1.2992177141144938e-05	-0.014151355346028033	-0.344537044504736	-0.01415135234988507	403.76030131428337	0.35149332439704295	-0.34453704490909415	0.35149331820554514	0.00032631191220437993	-0.0020960044256233537	0.0	0.0	0.0	0.006147730586260132	0.0	0.0	0.0	-0.0021951360584808242	403.76104538726105	0.005529163446444032
52	66.0	nan	nan	1	1	0.001500000000000045	0.001500000000000028	0.0014999999999998368	0.9977499272527163	-2.303929616531697e-22	-2.2832831884423734e-20	-5.04831636563563e-22	1.0065999999999935	-8.396383496247703e-20	-8.98225501003982e-22	6.268043809681822e-23	0.997575913353742	-6.144488096245146e-05	-0.000992239771931822	-0.5744733852248491	-0.00100103588212166	411.3333823048037	0.5447926782710755	-0.5743731958198325	0.5399086474724336	0.0002861935011688182	1599.565890624997	-6.119033441030655e-05	-0.0009968939758434852	-0.5719937484120483	-0.0009968889096094486	413.26278434156484	0.5424411542229134	-0.5719937507895829	0.5424411451711648	0.0002849581855574522	-0.002252607964630668	0.0	0.0	0.0	0.00657831536011633	0.0	0.0	0.0	-0.0024270295010774346	413.26492799129795	0.005946275504866068
54	70.33333333333333	nan	nan	1	1	0.001500000000000045	0.001500000000000028	0.0014999999999998368	0.997594772912297	6.293454798099451e-21	-1.3032025409981037e-19	-1.2705494208814505e-22	1.0070333333333699	-8.031566405865275e-20	-2.916969712106997e-23	2.219226321806267e-22	0.9973334951936015	-5.1401979944745465e-05	0.01645725316321422	-0.8001304805213317	0.01661296633520812	418.36370889916736	0.7557350730960781	-0.7999209244249224	0.7484557532285243	0.00027127900707991063	1599.565890624997	-5.117944791232225e-05	0.016541038790436696	-0.7964578624035065	0.01654104464722792	420.4936430631255	0.7522662309643294	-0.7964578665956051	0.7522662211183112	0.00027003382992363213	-0.00240812429293135	0.0	0.0	0.0	0.007008714810594614	0.0	0.0	0.0	-0.0026700662628422137	420.49781616477463	0.006367003051581479
56	74.66666666666666	nan	nan	1	1	0.001500000000000045	0.001500000000000028	0.0014999999999998368	0.9974408944154479	6.345970840829218e-21	-2.1827657885917054e-19	8.131516293641283e-23	1.0074666666666514	-4.295896998589635e-20	-5.5819471224058395e-22	-8.251794972151395e-21	0.9970837136164694	-3.8112901219814254e-05	0.038934119963484476	-1.0095755334116339	0.03932547242925822	423.98020263549085	0.9723227889919774	-1.009214011522956	0.962302019849915	0.00025146092190913574	1599.565890624997	-3.794108103744074e-05	0.039148179424488734	-1.004664279207776	0.0391481857460498	426.311242189942	0.9675927571846429	-1.0046642834790727	0.9675927481849994	0.00025023764690992997	-0.0025623856925386813	0.0	0.0	0.0	0.007438929096983	0.0	0.0	0.0	-0.002920547032196658	426.3179870344349	0.006790079736651336
58	79.0	nan	nan	1	1	0.001500000000000045	0.001500000000000028	0.0014999999999998368	0.9972881016225116	3.0560948736935157e-21	7.429114222130654e-20	1.0198276684941776e-21	1.0078999999999967	1.3334331468856098e-19	9.719703069743097e-23	1.6301996102856263e-20	0.9968288731137271	-3.05305424981322e-05	0.06722695445016415	-1.2003568856596285	0.0679423050748346	428.6522956453768	1.184566512486046	-1.199804152118356	1.1715548109277716	0.00022032768971558335	1599.565890624997	-3.038760463887069e-05	0.06762420782031836	-1.1941869068873563	0.06762421286794737	431.1852613354364	1.1784776981311658	-1.194186910398938	1.1784776903110172	0.00021919517888923696	-0.0027155822355664837	0.0	0.0	0.0	0.007868958378692333	0.0	0.0	0.0	-0.003176165564148035	431.19497512977597	0.00721479036316937
60	83.33333333333333	nan	nan	1	1	0.001500000000000045	0.001500000000000028	0.0014999999999998368	0.9971361145849682	-3.1306337730518942e-21	-7.324336246555298e-20	5.170289110040249e-21	1.0083333333333313	-8.704449379164092e-20	2.7943616929919368e-21	4.6908684618943155e-21	0.996570454239366	-2.62189216453797e-05	0.1010765052448642	-1.3743292919187196	0.10221153541719866	432.6463347875275	1.3859232940156194	-1.373549658348839	1.3697555702763466	0.00017810472328311296	1599.565890624997	-2.6091719087108118e-05	0.10171564663304637	-1.3668858029120539	0.10171565046183038	435.38210585854085	1.3784170108680889	-1.3668858057000526	1.3784170042518864	0.0001771400923481627	-0.0028679941814328492	0.0	0.0	0.0	0.008298802814693303	0.0	0.0	0.0	-0.0034354401332351877	435.39504890049136	0.007640706884428931
62	87.66666666666666	nan	nan	1	1	0.001500000000000045	0.001500000000000028	0.0014999999999998368	0.9969846744148916	1.6015698966684312e-20	2.7184675409179516e-20	7.152346206615313e-21	1.0087666666666435	-6.605162922689034e-20	5.74373041533141e-21	-2.4111639876540914e-20	0.9963094325092353	-2.0636616090156044e-05	0.13906796541223806	-1.533845488029733	0.14071142206224319	436.12095535204105	1.572878163404358	-1.5328066409720746	1.5534547249624466	0.00013363338365536532	1599.565890624997	-2.053305260462217e-05	0.14000526775246314	-1.5251143506240366	0.14000527114779407	439.0603612091767	1.5639248395694108	-1.5251143527744804	1.5639248339111527	0.00013287269984217238	-0.003019880838653563	0.0	0.0	0.0	0.008728462563816654	0.0	0.0	0.0	-0.0036973944370132443	439.0766741353224	0.008067555317214216
64	92.0	nan	nan	1	1	0.001500000000000045	0.001500000000000028	0.0014999999999998368	0.9968335668599766	-1.2637731573034161e-20	-5.171136142987504e-21	5.9868288711933945e-21	1.0092000000000014	2.1434676950038424e-19	6.91941214612038e-21	-5.6802029442873384e-21	0.9960464670005759	-1.1094435882045395e-05	0.17922159445184813	-1.6805068061768242	0.1814449697577203	439.17417654468306	1.743889814282196	-1.6791798797288764	1.721160605953844	9.433425434948162e-05	1599.565890624997	-1.1036932421174258e-05	0.18050452086490587	-1.670476537262087	0.18050452412987075	442.3179280147295	1.733481237696472	-1.670476539105146	1.7334812328807845	9.377121114399222e-05	-0.0031714568971689854	0.0	0.0	0.0	0.009157937784767485	0.0	0.0	0.0	-0.003961368870748639	442.3376503771974	0.008495150790244167
66	96.33333333333333	nan	nan	1	1	0.001500000000000045	0.001500000000000028	0.0014999999999998368	0.9966826108777224	-4.7433845046240816e-21	1.0548651863573518e-19	4.787430217881306e-21	1.00963333333334	2.0462791346358838e-19	5.360024490225213e-21	-1.2807138162485021e-21	0.9957820237132414	2.7709669045059006e-06	0.21970252701664245	-1.8150397178895048	0.22255730721777	441.86827418922036	1.8983056036080528	-1.8133996771881522	1.8722624620559762	6.343724471524293e-05	1599.565890624997	2.7561533413388013e-06	0.2213675146066113	-1.8037052580447153	0.2213675179339766	445.21691656906097	1.8864511695561892	-1.8037052594666	1.8864511644201125	6.304109531101662e-05	-0.0033229038572975653	0.0	0.0	0.0	0.009587228635912973	0.0	0.0	0.0	-0.004226897042597353	445.2399989533143	0.008923362506900354
68	100.66666666666666	nan	nan	1	1	0.001500000000000045	0.001500000000000028	0.0014999999999998368	0.9965316437610829	-1.3891340334970526e-22	-3.4999994303610767e-19	4.519767806548947e-21	1.010066666666677	4.909572368875376e-20	3.201784540621255e-21	-4.333420558153e-21	0.9955164558533839	1.8985937153717993e-05	0.2593121968082922	-1.937590767319824	0.26283421254380873	444.24438367381185	2.035862450844616	-1.9356169031136021	2.006535441863665	4.088941332894802e-05	1599.565890624997	1.8881372336976424e-05	0.26138665273238404	-1.9249565161116657	0.26138665633177033	447.79826738927	2.02258740945659	-1.924956516685554	2.0225874031115643	4.0622789886854124e-05	-0.0034743849302196128	0.0	0.0	0.0	0.010016335275499113	0.0	0.0	0.0	-0.004493625375047065	447.8245812281192	0.009352092348581179
70	105.0	nan	nan	1	1	0.001500000000000045	0.001500000000000028	0.0014999999999998368	0.996380519297189	-5.4548921803176945e-21	1.808923562156284e-20	1.4365678785432933e-21	1.0105000000000026	-2.914047448438969e-19	-2.313246978951494e-21	-1.5439716562551388e-20	0.9952500480574213	3.5268822526164924e-05	0.2974557366195371	-2.0481869173609244	0.301670917287059	446.332059982881	2.1567551509097003	-2.045863088462335	2.1242064918544914	2.4877065367675088e-05	1599.565890624997	3.5068923575153066e-05	0.29996108366676927	-2.034267412585248	0.29996108702913876	450.09133092944677	2.1420978150149206	-2.034267411147221	2.142097807458486	2.4708000509748742e-05	-0.003626046871959927	0.0	0.0	0.0	0.01044525786154124	0.0	0.0	0.0	-0.004761268814927847	450.12068346559266	0.009781260988066408
72	109.33333333333333	nan	nan	1	1	0.001500000000000045	0.001500000000000028	0.0014999999999998368	0.9962291123025013	2.0711649626262153e-20	9.470760086545058e-20	-1.0909784360635389e-21	1.0109333333333301	1.8378920889523808e-19	-7.853689486941873e-21	-1.759118024857731e-20	0.9949830394074433	4.920948653662993e-05	0.33382440406269465	-2.1471141238675395	0.33875161479974786	448.1555668522011	2.261670120960763	-2.1444285325001866	2.225985956618752	1.0946335701348064e-05	1599.565890624997	4.892272497451002e-05	0.3367775830789478	-2.1319321716815827	0.3367775860287254	452.12017698836235	2.245678158887045	-2.1319321680974386	2.245678150890822	1.0868935649165462e-05	-0.003778015418711824	0.0	0.0	0.0	0.010873996551875391	0.0	0.0	0.0	-0.005029587790491017	452.1523330470112	0.010210799110340582
74	113.66666666666666	nan	nan	1	1	0.001500000000000045	0.001500000000000028	0.0014999999999998368	0.996077321128818	1.8905775382715985e-21	7.164458777761048e-20	-6.823697423080643e-21	1.0113666666666599	5.86766827617366e-19	-1.502297635250227e-20	-1.714394685242704e-21	0.9947156363697575	5.892381100244537e-05	0.368175724560157	-2.2350705366682706	0.37382706082496964	449.73741704179065	2.35166597047217	-2.2320150837226365	2.3129483909222803	-2.0775718369662187e-06	1599.565890624997	5.857108203949143e-05	0.3715892600481646	-2.2186538294949965	0.3715892620599954	453.90715048956497	2.3343928638863956	-2.2186538236075024	2.334392855854822	-2.062311965781203e-06	-0.003930392755280106	0.0	0.0	0.0	0.011302551504119086	0.0	0.0	0.0	-0.0052983752632388545	453.9418523291733	0.010640642592199916
76	118.0	nan	nan	1	1	0.001500000000000045	0.001500000000000028	0.0014999999999998368	0.9959250693994333	1.3098517496340501e-20	6.402637345000531e-20	-3.564314642046096e-21	1.0118000000000076	-2.78314697677029e-19	-1.7923217163900995e-20	-3.709665495794934e-20	0.994448016956076	6.389459816334697e-05	0.4003179904791321	-2.3131267588583904	0.4066990152457683	451.0997201308894	2.4280503616092055	-2.309696162081038	2.38641021889756	-1.3803737100778424e-05	1599.565890624997	6.350199684204728e-05	0.40420004480575134	-2.295504206992638	0.4042000470176793	455.4742265530836	2.4095522644918494	-2.295504199206253	2.409552256816644	-1.3698573355614876e-05	-0.004083255754245494	0.0	0.0	0.0	0.01173092287570616	0.0	0.0	0.0	-0.005567452586111203	455.511212099022	0.01107073097650582
78	122.33333333333333	nan	nan	1	1	0.001500000000000045	0.001500000000000028	0.0014999999999998368	0.9957723059914597	2.319515022761176e-20	-4.2267791100936844e-20	-1.2712270472392539e-20	1.0122333333333424	5.280606681090649e-19	-1.3684664295840475e-20	2.0067904586348884e-20	0.9941803313853337	6.500277383616692e-05	0.4302190198947569	-2.3825899087105764	0.43733093688709185	452.2643090341795	2.4922721965664163	-2.3787807733482653	2.4478229562910725	-2.3784318348196276e-05	1599.565890624997	6.45930940251989e-05	0.4345746568808539	-2.363788522640506	0.4345746598087323	456.84313763269836	2.472605290571374	-2.363788513786909	2.472605282759221	-2.3596632607547732e-05	-0.004236655974741469	0.0	0.0	0.0	0.012159110823817756	0.0	0.0	0.0	-0.005836668875401808	456.8821555475013	0.011501007658054813
80	126.66666666666666	nan	nan	1	1	0.001500000000000045	0.001500000000000028	0.0014999999999998368	0.9956190019539394	2.4130274601380508e-20	5.628703341094276e-20	-1.4928108662409788e-20	1.0126666666666886	-2.396561139643427e-19	6.505213034913026e-21	-4.302927372051846e-21	0.993912703554367	6.288350505219165e-05	0.45807377292383206	-2.444784946838694	0.46591722672706765	453.25233370734577	2.5457870179593725	-2.4405950492078174	2.498640602700295	-3.180211756849305e-05	1599.565890624997	6.247726137561106e-05	0.46290727761616174	-2.424828184164878	0.4629072811616815	458.03496351782417	2.525005776075013	-2.424828175128337	2.5250057687313254	-3.154251710193267e-05	-0.004390622738793843	0.0	0.0	0.0	0.01258711550549241	0.0	0.0	0.0	-0.006105899568211517	458.07578283793754	0.011931420545385006
82	131.0	nan	nan	1	1	0.001500000000000045	0.001500000000000028	0.0014999999999998368	0.9954651456749453	2.0037411400247728e-20	1.1710908122148506e-19	-1.599198204416119e-21	1.0131000000000179	2.3758596544125323e-19	8.714274961352242e-21	-4.567201651595188e-21	0.9936452339162237	5.8798254610059275e-05	0.4841824731464569	-2.500835291041128	0.49275986115676645	454.08376506628593	2.589919087430709	-2.4962632490791905	2.5401843355495908	-3.782337470963082e-05	1599.565890624997	5.840913375067173e-05	0.4894988231744336	-2.4797432420308256	0.4894988265917699	459.0696296338861	2.5680757055332695	-2.479743233184495	2.568075698439301	-3.7504372304327116e-05	-0.00454516796932422	0.0	0.0	0.0	0.013014937077512298	0.0	0.0	0.0	-0.0063750435611638085	459.1120413371498	0.01236192256807418
84	135.33333333333331	nan	nan	1	1	0.001500000000000045	0.001500000000000028	0.0014999999999998368	0.9953107384309722	6.471331717022854e-21	-5.366800753803247e-20	6.410345344820545e-21	1.0135333333333316	3.8235067239059115e-19	-3.842141448745506e-21	-2.0830234238877753e-20	0.9933780024793798	5.386604636970938e-05	0.5087732165429201	-2.5515741815388346	0.518088067062121	454.77701967950816	2.625832140847173	-2.5466194195561656	2.573614299224152	-4.201994120693819e-05	1599.565890624997	5.350107710297476e-05	0.5145777600972427	-2.5293648144816787	0.5145777626183552	459.9655259380959	2.602976418968305	-2.529364805845913	2.602976411470118	-4.1654191974665404e-05	-0.004700290648391692	0.0	0.0	0.0	0.013442575696487607	0.0	0.0	0.0	-0.006644020222895862	460.00934065609795	0.012792471913812338
86	139.66666666666666	nan	nan	1	1	0.001500000000000045	0.001500000000000028	0.0014999999999998368	0.9951557911944805	-1.662217455691839e-20	-4.13533343310811e-19	1.883801274693564e-21	1.0139666666666758	-1.4628767218850118e-19	1.4230153513872245e-21	7.399679827213568e-21	0.9931110713459465	4.867364545913944e-05	0.5319277424191706	-2.5975880917713687	0.5419824776804281	455.34876953885305	2.654581271748139	-2.5922508891051286	2.599980975367137	-4.48294012093573e-05	1599.565890624997	4.8336185287110314e-05	0.5382248472142654	-2.5742785136268496	0.5382248487124288	460.7393116960698	2.630760262639418	-2.5742785054315616	2.6307602548848386	-4.4427122482421436e-05	-0.004855980015179302	0.0	0.0	0.0	0.013870031518871494	0.0	0.0	0.0	-0.0069127668659628785	460.7843574029263	0.0132230320008321
88	144.0	nan	nan	1	1	0.001500000000000045	0.001500000000000028	0.0014999999999998368	0.9950003221231771	3.4115098983614203e-20	1.3739213217643654e-19	-2.8392544391964146e-21	1.0143999999999938	8.566857347212103e-19	1.2129511804681581e-20	-1.8973538018496326e-20	0.9928444871063778	4.373802631999013e-05	0.5536146697190891	-2.639313351589176	0.5644085826071595	455.81387627370924	2.677140486275734	-2.633594828702813	2.620252528508732	-4.648914853876551e-05	1599.565890624997	4.3427888325889894e-05	0.5604064685666633	-2.614920518536279	0.5604064691056971	461.4058454336937	2.652398050557915	-2.614920510582692	2.652398042486007	-4.605949056033926e-05	-0.005012218081710126	0.0	0.0	0.0	0.014297304700817828	0.0	0.0	0.0	-0.0071812363591857884	461.4519657070919	0.013653571258044547
90	148.33333333333331	nan	nan	1	1	0.001500000000000045	0.001500000000000028	0.0014999999999998368	0.9948443541472198	1.7885947714221806e-20	-2.840948505090923e-19	-8.585525953369588e-21	1.0148333333333512	4.393898710586958e-19	3.750661890442042e-21	5.0076587841674235e-21	0.9925782835357445	3.903532636870455e-05	0.5737586953039374	-2.6771149436361528	0.5852869818091627	456.18542536473063	2.6943929564565825	-2.6710169649947213	2.6353055621858688	-4.720009658517088e-05	1599.565890624997	3.875237481601806e-05	0.5810444691796289	-2.6516558336483635	0.5810444693037897	461.97821575169445	2.668769534200539	-2.6516558255396356	2.6687695263516185	-4.675122812950271e-05	-0.00516898205242269	0.0	0.0	0.0	0.014724395398399013	0.0	0.0	0.0	-0.007449394432282171	462.0252689959493	0.014084062722558258
92	152.66666666666666	nan	nan	1	1	0.001500000000000045	0.001500000000000028	0.0014999999999998368	0.9946879128228259	8.043424867126836e-21	-2.924584538302813e-19	-3.3203691532368573e-21	1.0152666666666685	-6.135059636962898e-20	1.4196272195982075e-20	-2.5343225781848666e-21	0.9923124843332085	3.485991414101663e-05	0.5922962789434715	-2.71131989770783	0.6045500911287656	456.47483869911025	2.7071257865571545	-2.70484494774936	2.6459203232963415	-4.732688942165253e-05	1599.565890624997	3.46017234074955e-05	0.6000724778209405	-2.6848114610795837	0.6000724773616211	462.4678514099391	2.6806583555401398	-2.6848114531659406	2.6806583477941337	-4.686417683281106e-05	-0.005326246478150897	0.0	0.0	0.0	0.015151303767345387	0.0	0.0	0.0	-0.0077172169325701225	462.51570994392404	0.014514483515694817
94	157.0	nan	nan	1	1	0.001500000000000045	0.001500000000000028	0.0014999999999998368	0.9945310248135161	3.5744790374131477e-20	-2.6331035604936633e-19	-2.981555974335137e-22	1.0156999999999956	-6.542990704360569e-19	3.701872792680194e-20	-7.148958074826295e-20	0.9920471054264184	3.114248863298829e-05	0.6092034226844717	-2.7422195381844943	0.6221705513623308	456.69204008829865	2.7160368092483953	-2.735370621788596	2.652787680868172	-4.69680608259897e-05	1599.565890624997	3.0906908603985275e-05	0.6174640891747506	-2.714678683426284	0.6174640888100746	462.88468525649307	2.6887589147399975	-2.714678675874729	2.688758907366882	-4.649634784915818e-05	-0.005483984781026211	0.0	0.0	0.0	0.015578029963313653	0.0	0.0	0.0	-0.007984687515766796	462.9332344531661	0.014944814293908046
96	161.33333333333331	nan	nan	1	1	0.001500000000000045	0.001500000000000028	0.0014999999999998368	0.9943737170700904	-3.0018847650692404e-21	3.1075605955686867e-19	1.551086733012075e-20	1.0161333333333569	6.072785774680761e-19	5.678847691571731e-20	6.548581121812447e-20	0.991782156637019	2.790388438003466e-05	0.6245074730517798	-2.770070845676397	0.638173403904798	456.84563877084724	2.7217418624562932	-2.762851413917723	2.6565165399083637	-4.6255469155813025e-05	1599.565890624997	2.7688388180995577e-05	0.6332449170009199	-2.7415144642005793	0.6332449164943799	463.2373367639287	2.693683699603052	-2.741514457023197	2.693683692214784	-4.57786261809779e-05	-0.005642170078130733	0.0	0.0	0.0	0.016004574141739464	0.0	0.0	0.0	-0.008251795977205665	463.2864740630392	0.015375038746118194
98	165.66666666666666	nan	nan	1	1	0.001500000000000045	0.001500000000000028	0.0014999999999998368	0.9942160163686907	3.487742863614307e-20	-9.494222899184001e-20	1.6845791254993527e-20	1.0165666666666462	1.1224202990656185e-19	2.1833121248426845e-20	1.6764476092057114e-20	0.9915176429740712	2.5045200123601896e-05	0.6382802307183247	-2.79510778995895	0.6526292029308959	456.9431128693768	2.7247767664990237	-2.787521660920414	2.657636059238476	-4.5326167340941084e-05	1599.565890624997	2.4847814421672945e-05	0.6474857156851086	-2.765552710598713	0.6474857154488919	463.5332949771018	2.6959653575572626	-2.765552704115584	2.6959653503759586	-4.484689477847704e-05	-0.005800775645763357	0.0	0.0	0.0	0.01643093645772575	0.0	0.0	0.0	-0.008518536955618402	463.58292900917814	0.015805143137549566
100	170.0	nan	nan	1	1	0.001500000000000045	0.001500000000000028	0.0014999999999998368	0.9940579489372302	2.4943426230744637e-20	-3.423707172801882e-19	1.5043305143236374e-21	1.0170000000000081	6.893763988477519e-19	-2.8999019982198224e-20	1.645276796746753e-20	0.9912535656899635	2.2536123863611034e-05	0.6506204832909829	-2.8175569736561346	0.6656362763094077	456.9909602611895	2.725597008629548	-2.8096082259805266	2.6565956213467237	-4.419657812218802e-05	1599.565890624997	2.2354939841354108e-05	0.6602847500235008	-2.787019781659021	0.6602847500827859	463.7790689170592	2.6960564953630937	-2.787019775436286	2.696056488848572	-4.371756761615317e-05	-0.005959775295260055	0.0	0.0	0.0	0.01685711706643132	0.0	0.0	0.0	-0.00878490887439003	463.8291185345469	0.016235115926319803
102	208.75	nan	nan	1	1	0.001500000000000045	0.001500000000000028	0.0014999999999998368	0.9926291381655935	3.8755145468673256e-20	4.2812433286021356e-19	-6.158945966075469e-20	1.0208750000000046	-5.8265024749371e-19	-6.3425827090402e-20	7.35698936667195e-20	0.9889151871500955	-0.01723999506201276	0.7070592521874822	-2.9275523637993532	0.7271762684850905	455.79479387482684	2.6721056762164026	-2.916598644530327	2.5884521158983023	-0.0138696590374676	1599.565890624997	-0.017076761852860563	0.7202939109417673	-2.888983647957301	0.7202911553805231	464.3263116228097	2.636902314595852	-2.888983453525739	2.6369024831762027	-0.013686934743666066	-0.007398160864137458	0.0	0.0	0.0	0.020660102696307685	0.0	0.0	0.0	-0.011146707204444602	464.39278978994463	0.020072041969728425
104	247.5	nan	nan	1	1	0.001500000000000045	0.001500000000000028	0.0014999999999998368	0.991188569635033	7.397138728371805e-21	-1.8763473847577262e-19	-3.489098116329914e-20	1.0247499999999805	7.924636966603893e-19	-4.72915435111021e-20	2.0552407432178342e-19	0.9866041309602469	0.05157679043023238	0.7249350419087602	-2.969160589175964	0.7494809002945829	453.44840400116374	2.595935485303335	-2.955426481590912	2.4993046684757236	0.04167987397836617	1599.565890624997	0.05101447908998219	0.7413100339443701	-2.923206362337609	0.7413097518764461	463.69099619884315	2.5557577298177447	-2.9232052089601095	2.555759511564966	0.041034787151342296	-0.008850480578901412	0.0	0.0	0.0	0.024448680402290437	0.0	0.0	0.0	-0.013486403124321188	463.6955245163843	0.02389512484945395
106	286.25	nan	nan	1	1	0.001500000000000045	0.001500000000000028	0.0014999999999998368	0.9897419535482944	-6.793034830390037e-20	9.849570161216127e-19	-2.4265799872941196e-20	1.0286250000000121	-4.787972318967548e-19	-2.927345865710862e-21	-2.2036409155767876e-20	0.9843175094847518	0.041345873483076556	0.7252867103057132	-2.9755811841326474	0.7537805443144738	450.4863940547267	2.522847604455858	-2.9592720200466136	2.414174955407786	0.028782155546634998	1599.565890624997	0.040835688795302416	0.7444791331443581	-2.9227572656482312	0.7444793188413028	462.4070941515344	2.4780608256857035	-2.9227562774972586	2.478058473321857	0.028271201166862492	-0.010311022810914693	0.0	0.0	0.0	0.02822295894375172	0.0	0.0	0.0	-0.015806761736773717	462.4219708514115	0.027703538480029967
108	325.0	nan	nan	1	1	0.001500000000000045	0.001500000000000028	0.0014999999999998368	0.9882936326595331	9.540979117872438e-21	-6.231451986360437e-20	-1.0217927849318076e-19	1.032500000000025	2.823397982423814e-19	5.477931476483011e-20	2.6156377411212795e-21	0.9820530932454943	0.03393188404158321	0.7180133437596485	-2.9653229464781146	0.7501315590005572	447.2906823524898	2.4596305813356465	-2.946597701438702	2.339452924500148	0.02370876188023692	1599.565890624997	0.033464392542318186	0.739795269800105	-2.906002212665382	0.7397967327134749	460.8598627114117	2.410426129197858	-2.9060013886760996	2.410423458710233	0.023234472510103597	-0.011775426341047628	0.0	0.0	0.0	0.03198304585307547	0.0	0.0	0.0	-0.018109905647768324	460.87969209569746	0.03149685454107373
110	363.75	nan	nan	1	1	0.001500000000000045	0.001500000000000028	0.0014999999999998368	0.9868460000300744	1.8482258909088834e-20	-8.482526746983466e-20	-7.924162628153431e-20	1.0363749999999916	-5.927875378064496e-19	5.2800645800044065e-20	-3.792403674082734e-19	0.9798088318502859	0.02936692221016779	0.7082862062209123	-2.94753223865831	0.7438375596228256	444.01011229051966	2.406184858993268	-2.9265121303301314	2.274850662356247	0.020217523781514143	1599.565890624997	0.028920124275284512	0.7325175751851948	-2.881988547031411	0.7325205723284259	459.20026107541406	2.3526790020168047	-2.881987220062564	2.3526761871992425	0.01976795070244301	-0.01324128006066678	0.0	0.0	0.0	0.03572904745423784	0.0	0.0	0.0	-0.020397795886581277	459.22288209658797	0.03527520765853812
112	402.5	nan	nan	1	1	0.001500000000000045	0.001500000000000028	0.0014999999999998368	0.9854004942660146	1.4561173989659225e-19	-6.052287577357207e-19	-5.590417451878382e-21	1.0402500000000308	-1.4696902549127256e-18	2.3771132631744685e-20	-8.620762523975367e-20	0.9775833555330584	0.026259750040002493	0.6982913260977441	-2.9262591655458836	0.7371636372432255	440.7201515120262	2.361418262397779	-2.903043627648109	2.2191588162394345	0.017422216855657115	1599.565890624997	0.025822546298387695	0.7248866024143623	-2.8547119087599784	0.7248904549054594	457.50551568555096	2.303681408195673	-2.8547102834942115	2.3036781847359094	0.01699624234259006	-0.014707127283182953	0.0	0.0	0.0	0.0394610688809434	0.0	0.0	0.0	-0.022671716555636816	457.5299475507494	0.03903875904238497
114	441.25	nan	nan	1	1	0.001500000000000045	0.001500000000000028	0.0014999999999998368	0.9839580128949738	1.1878790052294309e-19	-2.334883588556158e-18	9.67514913671752e-20	1.0441250000000049	-7.204658961437738e-19	5.521299563382431e-20	3.6342456821714107e-19	0.9753757126015529	0.0242698265387614	0.6886189192673575	-2.903421410637034	0.7307314723460293	437.4611433278941	2.324423809823065	-2.878095586315088	2.1713709584492835	0.015833603196246944	1599.565890624997	0.02383099857692423	0.717514110840402	-2.8260576302354283	0.7175189591808547	455.8174840971416	2.262487842648407	-2.826056120021495	2.2624840226783207	0.01541170529463581	-0.016172052662447534	0.0	0.0	0.0	0.04317921409393837	0.0	0.0	0.0	-0.024932535953087916	455.8426839890773	0.04278766548003668
116	480.0	nan	nan	1	1	0.001500000000000045	0.001500000000000028	0.0014999999999998368	0.9825191563704131	3.566889622205749e-19	-5.822978817876523e-19	1.6076685338886621e-19	1.0479999999999925	6.223049419523674e-19	1.0481524502503614e-19	-8.204699940284055e-20	0.973185170395052	0.022911433190982437	0.6791961657716464	-2.8800396107769983	0.724468208085749	434.25411495327387	2.294581782493145	-2.852677589575872	2.130771512044349	0.014729214100835586	1599.565890624997	0.022464434556348268	0.7103276438423266	-2.7970237341208013	0.7103339417065664	454.158485940721	2.2284414705612487	-2.7970222764855595	2.228437061327118	0.014304650974529208	-0.01763543785076746	0.0	0.0	0.0	0.046883585898843255	0.0	0.0	0.0	-0.027180906171758147	454.18400818935714	0.0465220840670704
118	518.75	nan	nan	1	1	0.001500000000000045	0.001500000000000028	0.0014999999999998368	0.9810843439868381	8.344290969991564e-20	-2.3707435754111162e-18	1.8469384008290568e-19	1.051874999999984	-1.5998487257196104e-18	1.0375814790686277e-19	1.2827466953219124e-19	0.971011147490021	0.02191732966946246	0.6697649476443907	-2.85668180557306	0.718100206604245	431.11033980051195	2.2713293855637584	-2.827349435045693	2.0967141770743627	0.013884167558159147	1599.565890624997	0.021458496568913868	0.7030591321656815	-2.768161282943291	0.7030669817876336	452.54094355610823	2.200947285645521	-2.768159673921469	2.2009423677932727	0.013453936313597774	-0.019096845552145244	0.0	0.0	0.0	0.05057428596291831	0.0	0.0	0.0	-0.029417330334444675	452.566580899196	0.05024216390110668
120	557.5	nan	nan	1	1	0.001500000000000045	0.001500000000000028	0.0014999999999998368	0.979653874333864	1.813463658753567e-19	-2.2063514210080017e-19	2.1482110795084665e-19	1.0557500000000084	1.6564440791233537e-18	7.903833837419327e-20	2.1972712278134356e-19	0.9688531672391466	0.021151389664042498	0.6601594918260038	-2.8336518432518605	0.7114477286676485	428.03548359719895	2.253779717632825	-2.8024088002170813	2.0682709741905523	0.013233848276930497	1599.565890624997	0.020678539067251714	0.6955338137188135	-2.7397613774956655	0.6955429352507962	450.97155460093535	2.179102785142215	-2.739759456855633	2.1790982577613764	0.012795356801195104	-0.02055595915884578	0.0	0.0	0.0	0.054251414831923445	0.0	0.0	0.0	-0.031642208770189924	450.9971876083369	0.05394804642604745
122	596.25	nan	nan	1	1	0.001500000000000045	0.001500000000000028	0.0014999999999998368	0.9782279608675332	1.900945221545991e-19	1.8049255666452435e-19	1.6916264396205082e-19	1.05962500000001	-8.71400391080912e-19	8.673617379884036e-20	4.751516020917723e-20	0.9667108292598503	0.020543120638190006	0.6503975085116437	-2.811006100468743	0.7045263386319074	425.0317842114747	2.2406888709923622	-2.777908642067866	2.0442087534870317	0.012713099498328488	1599.565890624997	0.020054767741874334	0.6877683922521715	-2.7118740777045125	0.6877782756642024	449.4534850727593	2.16166946931631	-2.7118719500313	2.161665980287841	0.01226476348487691	-0.022012547286690012	0.0	0.0	0.0	0.057915071946442256	0.0	0.0	0.0	-0.03385586727800512	449.4790425693044	0.05763986627872235
124	635.0	nan	nan	1	1	0.001500000000000045	0.001500000000000028	0.0014999999999998368	0.9768067576035547	7.274996577377735e-20	3.53558328447523e-18	3.706616177184818e-20	1.0634999999999957	5.938663189680727e-18	1.336008127045263e-19	-3.021874742624442e-19	0.9645837883015703	0.020037424568362338	0.640650104825597	-2.788711768022021	0.6975197758446604	422.0993693213206	2.2310113950270196	-2.7538137862805496	2.0235021774200033	0.012276259186457335	1599.565890624997	0.01953279750178776	0.6799426564252484	-2.684463353812875	0.6799532788549223	447.987699197975	2.147611094328656	-2.6844611123317472	2.1476082426799583	0.01181734458392157	-0.023466438106014835	0.0	0.0	0.0	0.061565355658150966	0.0	0.0	0.0	-0.036058578142479536	448.0131439221957	0.0613177523545442
126	673.75	nan	nan	1	1	0.001500000000000045	0.001500000000000028	0.0014999999999998368	0.9753903778804623	1.2122057914745743e-19	4.422867237383055e-18	-3.485709984540897e-20	1.0673750000000006	1.8922038415303267e-18	1.3140530330524313e-19	-3.3348025946580707e-19	0.9624717385250499	0.0195995081012491	0.6311649198385644	-2.7667925364843353	0.6906989402953532	419.23712310231497	2.2241753519843788	-2.7301449215026983	2.005577272213757	0.011894098341640551	1599.565890624997	0.01907832133156193	0.6723205713152125	-2.6575479052790887	0.672331992121999	446.57384030910237	2.136355534322127	-2.6575453743576807	2.136352663288768	0.01142446920620038	-0.024917500548298912	0.0	0.0	0.0	0.06520236324563376	0.0	0.0	0.0	-0.0382505758226635	446.59915935150656	0.06498182882481272
128	712.5	nan	nan	1	1	0.001500000000000045	0.001500000000000028	0.0014999999999998368	0.9739789038937573	1.704569103054554e-19	-5.213928247482791e-18	-9.703609443745264e-21	1.0712499999999943	-7.561849367163087e-18	2.688821387764051e-20	-3.6217773571878276e-19	0.9603744058588222	0.019200487763429325	0.6221483559286602	-2.7452849708541534	0.6842945736305711	416.44327092097376	2.2197538755392796	-2.706935907069156	1.9900040104464092	0.011545744602246116	1599.565890624997	0.01866297391615063	0.6651258546915807	-2.631158722295574	0.6651378827445884	445.21083092539976	2.127474864351656	-2.631155773164592	2.127471857274528	0.011065768012471595	-0.026365634820822575	0.0	0.0	0.0	0.06882619092984756	0.0	0.0	0.0	-0.04043206444992693	445.23603097112914	0.06863221546910347
130	751.25	nan	nan	1	1	0.001500000000000045	0.001500000000000028	0.0014999999999998368	0.972572390431087	-2.9064072112547355e-19	-2.1311891054004438e-18	-1.0484235007934828e-19	1.0751250000000023	8.64729837214695e-18	-1.1975012995102397e-19	3.471141017848123e-19	0.9582915453209561	0.018807558660830198	0.613685240814881	-2.724217430979037	0.6784080596757774	413.7157207894244	2.2173444547266126	-2.6842125789659983	1.9763832088987763	0.011207593895122464	1599.565890624997	0.018254746562389824	0.658454978222711	-2.6053187810641796	0.6584675565072667	443.89722581737544	2.1205683093774352	-2.6053153007387793	2.1205648697810746	0.010718437718463996	-0.027810768798594048	0.0	0.0	0.0	0.0724369338895085	0.0	0.0	0.0	-0.04260322025199709	443.92233597449246	0.07226902760464594
132	790.0	nan	nan	1	1	0.001500000000000045	0.001500000000000028	0.0014999999999998368	0.9711708688669193	6.747803271006658e-20	5.7188683042636025e-18	-3.9627589404345186e-20	1.0790000000000104	3.509562432335578e-19	-3.0129978373372167e-19	-1.0050554138940627e-19	0.9562229372217025	0.018426340233789952	0.6057834428170501	-2.703665368871361	0.6730573565459786	411.052084585465	2.2167051702675904	-2.662047272230981	1.964466935625189	0.010885810228691156	1599.565890624997	0.017859055389105847	0.6523228554368954	-2.5800958882891556	0.652336191456912	442.63122858420235	2.115391927272507	-2.5800918185592865	2.11538743102525	0.010388280493257457	-0.02925285411551883	0.0	0.0	0.0	0.07603468627600724	0.0	0.0	0.0	-0.04476419518649583	442.65627012513306	0.07589237646695524
134	828.75	nan	nan	1	1	0.001500000000000045	0.001500000000000028	0.0014999999999998368	0.9697743512367873	1.5902535364931136e-19	-1.7724266065249907e-18	7.321075169708369e-20	1.0828749999999985	-8.064837860033425e-19	-2.938187887435717e-19	9.351921364045279e-19	0.9541683831831143	0.018075386376726135	0.5983985942530391	-2.6837010854618737	0.668202070734282	408.44981692875314	2.21768645350004	-2.640509495278157	1.9540953056836567	0.010598002829092219	1599.565890624997	0.017493803346090554	0.6466880697798446	-2.5555543446596034	0.6467023928145338	441.41083593503913	2.1117919138000403	-2.5555500104472686	2.111786580942493	0.010091948138829401	-0.03069186213764445	0.0	0.0	0.0	0.07961954122816632	0.0	0.0	0.0	-0.046915120820166856	441.43581165218154	0.07950236968446012
136	867.5	nan	nan	1	1	0.001500000000000045	0.001500000000000028	0.0014999999999998368	0.9683828365629092	-3.254774921801484e-19	4.713297894337609e-19	2.3597660284147003e-19	1.0867499999999908	5.5105117517662e-18	-1.3986208025063008e-20	2.8421682325349694e-19	0.9521277001107219	0.017739793760666502	0.5914931037502471	-2.6643575247246645	0.6638078677701172	405.90639453078757	2.2200174452810115	-2.619629416019869	1.9450053453290939	0.010334333382439678	1599.565890624997	0.01714445631941011	0.6415158660096191	-2.53172056378988	0.6415308513168393	440.2340290280206	2.1095006079452614	-2.5317161350305946	2.1094950737227602	0.009819869929087885	-0.03212777757497737	0.0	0.0	0.0	0.08319159088675591	0.0	0.0	0.0	-0.04905611441480587	440.2589502960143	0.08309911202641557
138	906.25	nan	nan	1	1	0.001500000000000045	0.001500000000000028	0.0014999999999998368	0.9669963151703966	4.285309086748956e-20	-4.244082299140195e-18	1.8640145850457034e-19	1.090625000000008	3.4267293863576855e-18	-4.662069341687669e-21	1.7489536294906793e-20	0.9501007162323225	0.017409698665536363	0.5850619612078175	-2.6456622234523	0.6598766627884181	403.4193246115827	2.2233163398880036	-2.5994317893982806	1.9368422744077347	0.0100899412232958	1599.565890624997	0.01680142664277425	0.6368063684919897	-2.50861565648741	0.6368214382173921	439.098782896502	2.108147491439543	-2.508611054189378	2.1081416617158037	0.009567277448127322	-0.03356059411480348	0.0	0.0	0.0	0.08675092640866222	0.0	0.0	0.0	-0.05118728292030966	439.12366336580277	0.08668270585147206
140	945.0	nan	nan	1	1	0.001500000000000045	0.001500000000000028	0.0014999999999998368	0.9656147714226263	2.1376401083267326e-19	5.71808225768855e-19	4.832831183854136e-20	1.0944999999999914	2.2654404394084617e-19	6.7220534694101274e-21	4.684837587309864e-19	0.9480872683104725	0.01708507047272328	0.5791212422888594	-2.627575179969915	0.6564349955659378	400.9861552126758	2.2272332479462422	-2.5798752933741445	1.929287477328573	0.009858390432033789	1599.565890624997	0.016464657241189628	0.632582655409049	-2.4861966918528235	0.6325977537154555	438.00307832634854	2.1073954325797706	-2.48619181865442	2.1073891032427285	0.009327952960568216	-0.03499031165361715	0.0	0.0	0.0	0.09029763798077209	0.0	0.0	0.0	-0.05330872578411044	438.02792934748226	0.09025325150636129
142	983.75	nan	nan	1	1	0.001500000000000045	0.001500000000000028	0.0014999999999998368	0.964238185668064	4.24871726342757e-20	2.686680088473392e-18	-3.957337929572091e-20	1.0983749999999795	-4.986327106423771e-18	-1.8865117801247776e-20	3.3423242472296887e-19	0.9460871998377316	0.016774892581621095	0.5737437574495375	-2.610006318199479	0.653573838301624	398.6045233707215	2.2315815694889047	-2.560869828397085	1.9221704465893117	0.00964161116621248	1599.565890624997	0.016142765639369054	0.628930244896975	-2.464373856373992	0.6289452673625661	436.9449553839184	2.107064354544671	-2.4643687744407856	2.1070575740660167	0.009103631024053946	-0.03641693432243697	0.0	0.0	0.0	0.09383181483385189	0.0	0.0	0.0	-0.05542053676001456	436.96977942423405	0.09381084753514796
144	1022.5	nan	nan	1	1	0.001500000000000045	0.001500000000000028	0.0014999999999998368	0.9628665339640987	-9.257731300310602e-20	-6.431270446749515e-18	-3.737244888557534e-19	1.1022499999999915	8.302169715590501e-18	-2.8189256484623116e-20	7.875945277630979e-19	0.9441003613288084	0.016475335266530656	0.5690179815745169	-2.5929265036096587	0.6514034152789938	396.2722215422353	2.236338538854343	-2.5423850925726774	1.9154644711534876	0.00943831378059943	1599.565890624997	0.01583200760194395	0.6259530135244112	-2.4431155450847295	0.6259674632285022	435.92258818255243	2.107130086695899	-2.443110228806625	2.107122791971825	0.008892998349420705	-0.03784047080348479	0.0	0.0	0.0	0.09735354525590206	0.0	0.0	0.0	-0.05752280352071416	435.9473898465514	0.09735559061711584
146	1061.25	nan	nan	1	1	0.001500000000000045	0.001500000000000028	0.0014999999999998368	0.9614997888772554	-2.3597660284147003e-19	-2.008457419475085e-18	-3.522030757319161e-19	1.1061250000000373	-2.6184566667697417e-18	-8.478460988836645e-20	-2.6450382547204763e-19	0.942126609703003	0.016176978353504592	0.5649314915368077	-2.576431705001913	0.6499207327969218	393.9872284018291	2.241550920878858	-2.5245132788290414	1.9092029842782532	0.00925048221307282	1599.565890624997	0.015523295542512583	0.6236448225215622	-2.4225080758725173	0.6236585964292456	434.9343217953924	2.1076340575091934	-2.422502204793443	2.107626454048139	0.00869783112177132	-0.039260933529764175	0.0	0.0	0.0	0.10086291660541136	0.0	0.0	0.0	-0.05961560823245765	434.9591114020251	0.10088757559569425
148	1100.0	nan	nan	1	1	0.001500000000000045	0.001500000000000028	0.0014999999999998368	0.9601379212269134	1.7542391150815463e-19	4.278641243388171e-18	-1.2847795743953228e-19	1.1100000000000076	3.047692306856753e-19	-1.7976072019809663e-19	-3.8212366756072702e-19	0.9401658063621029	0.015882871802781372	0.5613788859280044	-2.5607218283887185	0.6490149385300219	391.7476353499618	2.2473226496143295	-2.507448645346901	1.9034667554461115	0.009090573001416212	1599.565890624997	0.015219542573438483	0.6218963381738347	-2.4027345979669623	0.6219096023947933	433.9785945274124	2.108671009541398	-2.4027280382559635	2.1086632125301934	0.008529717684950918	-0.04067833689480445	0.0	0.0	0.0	0.10436001532425025	0.0	0.0	0.0	-0.06169902952601132	434.0033791184145	0.10440689580216159
150	1138.75	nan	nan	1	1	0.001500000000000045	0.001500000000000028	0.0014999999999998368	0.9587808994917658	-3.4667364465224e-19	1.0531397802437947e-18	4.4289658746032853e-20	1.113874999999999	7.816040566502313e-18	-2.0670314418436143e-19	-5.752234626121844e-19	0.9382178171673647	0.015580449549679552	0.5582462749306587	-2.5460340304073568	0.6485624612966695	389.55157521065723	2.253788852857133	-2.4914216089605445	1.8983610185024435	0.008956674862702612	1599.565890624997	0.014908702603877397	0.6205871576076682	-2.384011653023138	0.6205998629679887	433.05386109669985	2.1103641288743433	-2.3840046277503237	2.1103561662493213	0.008386697502863331	-0.042092697884663126	0.0	0.0	0.0	0.1078449269507458	0.0	0.0	0.0	-0.06377314246937656	433.07865956265005	0.10791364322165159
152	1177.5	nan	nan	1	1	0.001500000000000045	0.001500000000000028	0.0014999999999998368	0.9574286897866501	-2.9793198073543858e-19	4.3509033181843296e-18	1.4777675610977425e-19	1.1177499999999905	-9.271202512303734e-18	-2.6611742323656705e-19	-3.1256193380041484e-19	0.9362825125549827	0.015259010898063682	0.5554151823174379	-2.5325202365043302	0.6484323532813621	387.39721936315294	2.2609219179320386	-2.4765781561822076	1.8938536279271883	0.00885222653657008	1599.565890624997	0.014580579753087623	0.6195899974407433	-2.366474388584469	0.6196023913123321	432.15859017801114	2.112683538024039	-2.3664669723482294	2.112676789972776	0.008271826253857091	-0.04350403611940991	0.0	0.0	0.0	0.11131773613194423	0.0	0.0	0.0	-0.06583801839319195	432.18342617769974	0.11140790844522273
154	1216.25	nan	nan	1	1	0.001500000000000045	0.001500000000000028	0.0014999999999998368	0.9560812570546895	-3.3375131000892844e-19	4.9737774662772516e-18	5.407458335271453e-19	1.1216250000000245	-7.993280516649381e-19	-1.5894403848637495e-19	-6.736419148195561e-19	0.9343597663600387	0.014913001663268725	0.5527526923624728	-2.5201740334771507	0.6484733508773117	385.28278388783013	2.268419478791635	-2.462908925577299	1.8896827075122051	0.008789844111184199	1599.565890624997	0.014229946134875795	0.6187595754863986	-2.350109225541772	0.6187715297863092	431.2912720184821	2.1153434142607646	-2.3501010820908053	2.1153388957850385	0.00819669334830296	-0.04491237262363795	0.0	0.0	0.0	0.11477852663610659	0.0	0.0	0.0	-0.06789372609715313	431.3161609054603	0.1148897808360541
156	1255.0	nan	nan	1	1	0.001500000000000045	0.001500000000000028	0.0014999999999998368	0.9547385657854892	-1.6949468087737453e-19	-6.60517647521619e-18	4.400776618118663e-19	1.1254999999999966	5.661432694176183e-19	1.6805133673525319e-21	-1.8346056011170343e-19	0.932449454899138	0.014513197576502119	0.5501297461694042	-2.5088408434415137	0.6485359096738524	383.20655766090755	2.275949922361388	-2.450260507673435	1.8855669533404147	0.008758584323197071	1599.565890624997	0.013829048790227694	0.6179528835925542	-2.3347648486432186	0.6179640764772085	430.45045094728266	2.1180330708871877	-2.3347557924964644	2.1180304176184883	0.00815086969551514	-0.046317729082827434	0.0	0.0	0.0	0.11822738136464707	0.0	0.0	0.0	-0.0699403327947628	430.4754194034511	0.11835934871800848
158	1293.75	nan	nan	1	1	0.001500000000000045	0.001500000000000028	0.0014999999999998368	0.953400581411541	5.043166405316324e-19	1.6505622823376198e-19	3.6971294081755704e-20	1.1293750000000131	1.984876022223525e-18	2.7115896333862465e-19	-1.2370746788059606e-19	0.9305514558505208	0.014013302938675072	0.5474601043187792	-2.498279820056619	0.6485185251716156	381.16695538706045	2.283395079131248	-2.438395703643387	1.8814082621969133	0.008725025985001572	1599.565890624997	0.01333404596350656	0.6170731792905776	-2.3202110864643557	0.6170833429253905	429.6347864359528	2.1206425856885827	-2.3202010640806106	2.1206414289166053	0.008103136349086564	-0.047720126381997276	0.0	0.0	0.0	0.1216643823643679	0.0	0.0	0.0	-0.07197790528796562	429.65989280480636	0.12181669946451638
160	1332.5	nan	nan	1	1	0.001500000000000045	0.001500000000000028	0.0014999999999998368	0.9520672710160368	1.5575919460469879e-19	4.164745805168568e-18	-3.00974523081976e-19	1.1332500000000258	8.874736882880097e-18	3.4401734932965056e-19	-1.0869397829710303e-18	0.9286656480379272	0.013388934544880242	0.544712383427956	-2.4882237516297834	0.6483830015566233	379.16254579492283	2.2907862407004083	-2.427052193767301	1.8772330405710649	0.008672760119616225	1599.565890624997	0.012722161655253117	0.616084427991978	-2.306195221147873	0.6160933368276009	428.8430871940013	2.1232014514427107	-2.3061842786177076	2.1232013062189363	0.008038295562816692	-0.04911958385530058	0.0	0.0	0.0	0.1250896108388448	0.0	0.0	0.0	-0.07400651018339348	428.86840494728176	0.1252619193921674
162	1371.25	nan	nan	1	1	0.001500000000000045	0.001500000000000028	0.0014999999999998368	0.9507386033681497	-1.302939960784455e-19	-1.0003384568173929e-17	-5.299580219109146e-19	1.1371249999999982	-5.0271473182178504e-18	1.199127602768968e-19	1.5567110317818433e-19	0.9267919106046068	0.012583945806229076	0.5419022643871534	-2.47843593317343	0.6481469412394548	377.19197624753394	2.298155604331647	-2.4159981609963177	1.8730684244886098	0.008565158085415385	1599.565890624997	0.011940606792249408	0.6150035223427261	-2.292494809878266	0.6150112125489721	428.07422894604645	2.1257397557487248	-2.2924831762208164	2.125740662759896	0.00792256930824107	-0.0505161192367777	0.0	0.0	0.0	0.12850314716008746	0.0	0.0	0.0	-0.07602621476950999	428.0998717805823	0.1286950941020322
164	1410.0	nan	nan	1	1	0.001500000000000045	0.001500000000000028	0.0014999999999998368	0.9494145508425942	-3.128651715955319e-19	9.528639541896839e-18	-5.397158414632841e-19	1.1410000000000073	-8.20551309191342e-18	-2.347297703431117e-19	-1.5490538539386644e-19	0.9249301210286597	0.011493347309392967	0.5390535940875667	-2.4687265230983857	0.6478377004077561	375.2539869995388	2.3055050950189	-2.405047599171933	1.8689159309614047	0.008332109884503839	1599.565890624997	0.010890603915961661	0.6138568969915065	-2.2789324639152673	0.6138632729911785	427.32717223254133	2.1282593910671226	-2.278920152374608	2.128261357870839	0.007691542797893111	-0.051909746626147925	0.0	0.0	0.0	0.13190507087994463	0.0	0.0	0.0	-0.07803708915724797	427.3533327712335	0.13211630879529154
166	1448.75	nan	nan	1	1	0.001500000000000045	0.001500000000000028	0.0014999999999998368	0.9480950900242663	-2.5809432716017434e-19	5.227638322767049e-18	-2.2594773274597913e-19	1.1448749999999914	-3.761517464694053e-18	-6.57677037829707e-19	2.565493390643825e-19	0.9230801545755705	0.00999348717772343	0.5361504905569598	-2.4589314319313633	0.6474355904925647	373.3473809586323	2.3128430887414626	-2.394040320861386	1.8647821559599425	0.007875852336013026	1599.565890624997	0.00945626367548653	0.6126259600529199	-2.2653559375164405	0.6126311614467611	426.6009296297123	2.1307681684759503	-2.2653430300361763	2.1307710777206594	0.007255838296546635	-0.0533004758246486	0.0	0.0	0.0	0.13529546074100687	0.0	0.0	0.0	-0.08003920688946284	426.6279007986044	0.1355256483405411
168	1487.5	nan	nan	1	1	0.001500000000000045	0.001500000000000028	0.0014999999999998368	0.9467802008747035	-7.527514039613187e-19	-7.002658544176532e-19	-2.0220370516854658e-19	1.148749999999973	-2.0639143605977183e-18	-6.194047011409687e-19	1.1844908734404136e-20	0.9212418856075737	0.008030923293964045	0.5331308299940984	-2.448887885957454	0.6468645226419959	371.47101961547844	2.3201813036673404	-2.3828179841070622	1.8606759584890071	0.007099838106357912	1599.565890624997	0.0075886806642511614	0.6112388567903846	-2.2516154039059177	0.6112433297741501	425.89456205906725	2.1332769022006017	-2.2516022256138046	2.1332802039168577	0.006527903926178936	-0.05468831318463531	0.0	0.0	0.0	0.13867439468773632	0.0	0.0	0.0	-0.08203264354172467	425.92270257815267	0.13892319694503827
170	1526.25	nan	nan	1	1	0.001500000000000045	0.001500000000000028	0.0014999999999998368	0.9454698670727011	3.919458616170879e-19	6.173636905512647e-18	4.9439619065339004e-20	1.1526249999999947	1.1533756263427953e-17	-1.9287956648517123e-19	8.519660671391093e-19	0.919415188893685	0.005787436800392799	0.5299280849472341	-2.4384420090660632	0.6460416802805518	369.62391614164517	2.3274929361114145	-2.371231389171372	1.856575493049597	0.006036529253406563	1599.565890624997	0.0054611807707871255	0.6096177034789234	-2.237570380930855	0.6096222772118574	425.20728625204373	2.135760963888315	-2.2375576118171456	2.135763928271212	0.005539257858430062	-0.05607326122468759	0.0	0.0	0.0	0.14204194987716384	0.0	0.0	0.0	-0.08401747530522044	425.2368496222042	0.14230903749258733
172	1565.0	nan	nan	1	1	0.001500000000000045	0.001500000000000028	0.0014999999999998368	0.9441640753144914	2.20408137270936e-19	4.737489155311192e-18	2.1076890233118206e-19	1.156500000000023	-1.5660676965303934e-17	1.6349768761081407e-19	3.9160027217460813e-19	0.9175999398519137	0.003602761511348393	0.5264897107280967	-2.4274837286407673	0.6448992246405658	367.80522904226	2.3346875899126602	-2.359174059631868	1.8524093670369413	0.0048421762524308125	1599.565890624997	0.003394974377704249	0.6076997250311176	-2.2231216012135935	0.6077050442999321	424.53847055222326	2.138137673996425	-2.2231100947886806	2.138139910534326	0.00443452884839314	-0.05745531934374081	0.0	0.0	0.0	0.14539820268937687	0.0	0.0	0.0	-0.08599377871633103	424.56947443369353	0.14568325162905157
174	1603.75	nan	nan	1	1	0.001500000000000045	0.001500000000000028	0.0014999999999998368	0.942862810246407	4.801931421938299e-19	1.1183423436443574e-17	3.3328374782204405e-19	1.1603749999999955	-1.8014994877801892e-17	1.3639263329867646e-19	-5.2475385148298413e-20	0.91579601545873	0.001505064850061486	0.5227507909936052	-2.4159870677802595	0.6433526834464851	366.0140575804544	2.341682484223231	-2.3466209720602733	1.8481138202541298	0.003552544672831534	1599.565890624997	0.0014163092777763626	0.6054070067509065	-2.2082474408844526	0.6054133643546119	423.88740265195986	2.1403319670501713	-2.208237773952291	2.14033354962197	0.0032470776797723505	-0.05883448917359733	0.0	0.0	0.0	0.1487432287379553	0.0	0.0	0.0	-0.08796162965446692	423.919833255838	0.14904592079291618
176	1642.5	nan	nan	1	1	0.001500000000000045	0.001500000000000028	0.0014999999999998368	0.9415660566687273	1.3946905696310408e-19	-1.1073525993735012e-17	-3.447762908503904e-20	1.1642500000000076	-6.150949975053388e-18	-6.505213034913027e-22	-8.117963766485214e-19	0.9140032935106219	-0.0005930038543713412	0.5186246215525351	-2.403995508156599	0.6412894111623314	364.24953053937156	2.348489112889804	-2.3336144689942793	1.8437004350216344	0.0021318120588234156	1599.565890624997	-0.0005572672347520983	0.6026353125679041	-2.192989798453726	0.6026429241562143	423.2533909250024	2.1423553616771103	-2.19298217461441	2.1423568063829275	0.001944696685729349	-0.060210772253457154	0.0	0.0	0.0	0.15207710288035564	0.0	0.0	0.0	-0.08992110413117302	423.2872923365097	0.15239712591771393
178	1681.25	nan	nan	1	1	0.001500000000000045	0.001500000000000028	0.0014999999999998368	0.9402738030744959	-9.273994332897884e-20	7.37992024262002e-18	-3.7567605276622727e-19	1.1681250000000072	2.44281591482709e-18	7.036472099430924e-20	-1.8821749714348357e-19	0.9122216516024862	-0.0026132308704943466	0.5140250112393906	-2.391589010488574	0.6385955470750705	362.5109213560903	2.355172741692097	-2.32023199424094	1.839222151520189	0.0006411428435774218	1599.565890624997	-0.0024523818044162333	0.5992796615837034	-2.1774234410151694	0.5992888411469994	422.63589809932273	2.144268230415017	-2.1774175366390156	2.1442700344146317	0.0005837288307155268	-0.06158416626534677	0.0	0.0	0.0	0.15539989922769656	0.0	0.0	0.0	-0.09187227939919435	422.6712513348516	0.1557369468744489
180	1720.0	nan	nan	1	1	0.001500000000000045	0.001500000000000028	0.0014999999999998368	0.9389860404513161	5.285485590866834e-21	-6.952446431063297e-20	-4.0787685728904677e-19	1.1719999999999915	-2.2893443868063358e-17	2.8362728832220797e-19	4.0223900599212214e-19	0.9104509667899671	-0.004467627246646128	0.5088880094976619	-2.378862927691258	0.6351831914425998	360.79753996148304	2.3617799250169287	-2.3065661964961883	1.834715741078419	-0.0008445390500061732	1599.565890624997	-0.004186901633948684	0.5952597544113056	-2.1616365290779735	0.595271135053674	422.0344182243154	2.1461134646015325	-2.1616319454964668	2.1461154931258295	-0.0007674197783635763	-0.06295466628340458	0.0	0.0	0.0	0.15871169115481457	0.0	0.0	0.0	-0.09381523432339754	422.0711308626106	0.15906546295378435
182	1750.0	nan	nan	1	1	0.001500000000000045	0.001500000000000028	0.0014999999999998368	0.9379919328750745	-3.1908069936248396e-19	8.475398117699373e-18	-2.0317948712378354e-19	1.1750000000000016	1.0654319223743491e-17	3.65376132127615e-19	-6.956512189210118e-20	0.909087076869512	-0.001461798532639207	0.5045586373984389	-2.3687058209112024	0.6320551074264192	359.4878936777443	2.367339144849228	-2.295708167942201	1.8315909295351485	-0.00020688320009393336	1599.565890624997	-0.0013684980121479297	0.5917074777810016	-2.1491867647570557	0.5917136587347184	421.5796918225963	2.1479467449630505	-2.149182663789163	2.1479486602980833	-0.00018771036553683456	-0.06401393035929798	0.0	0.0	0.0	0.16126814759612385	0.0	0.0	0.0	-0.09531439525674647	421.61456451566323	0.16163493506290594
184	1780.0	nan	nan	1	1	0.001500000000000045	0.001500000000000028	0.0014999999999998368	0.9370007977824126	-1.1521545436460334e-18	7.478907900967946e-18	-3.968179951296946e-20	1.178000000000005	-1.1840029824627952e-18	1.100465205072787e-19	5.929501681323224e-19	0.9077300208961937	-0.003890829858777676	0.49992599155216844	-2.3584675827083452	0.6285159818694005	358.19121480249015	2.3725407724657592	-2.2847899774619456	1.8282064339263713	-0.0019132252202352289	1599.565890624997	-0.0036386497293840053	0.5877722214143181	-2.136705461619247	0.5877793659322488	421.13202668636006	2.1494553767071363	-2.1367036686109167	2.1494560695604847	-0.0017333283727774824	-0.06507114532207879	0.0	0.0	0.0	0.16381808522939945	0.0	0.0	0.0	-0.09680827840807123	421.1686594026051	0.16419746032807697
186	1810.0	nan	nan	1	1	0.001500000000000045	0.001500000000000028	0.0014999999999998368	0.9360123469619046	-7.638068779888818e-19	-8.351826175090337e-18	1.5959455978986625e-19	1.1810000000000074	-1.885210737517795e-17	-1.7889335846010822e-19	1.8454476228418894e-19	0.9063793547519681	-0.00502431990521485	0.495011905470073	-2.3481670688344165	0.6245831409740954	356.90972587085076	2.3775392175749896	-2.273825849173037	1.824685782357998	-0.0029732081829735545	1599.565890624997	-0.004693722192032214	0.5834774307274129	-2.124210337198672	0.5834858856253393	420.69446724719097	2.150781113532501	-2.124209256262244	2.150782557773149	-0.002689638075901942	-0.06612661139293206	0.0	0.0	0.0	0.1663615372152315	0.0	0.0	0.0	-0.09829734672107207	420.73195346881437	0.16675332433881995
188	1840.0	nan	nan	1	1	0.001500000000000045	0.001500000000000028	0.0014999999999998368	0.9350265725159764	2.495020249432267e-20	9.57420991445912e-18	3.9670957491244605e-19	1.1840000000000181	-3.899604163887238e-19	-4.617617052615764e-19	9.986857261307102e-20	0.9050350192201847	-0.005578143619647661	0.4898576006929447	-2.337821307556122	0.6203025213516178	355.64224067883026	2.382302363779111	-2.2628330224698705	1.8210040122290856	-0.003580439068251265	1599.565890624997	-0.005205621715153202	0.5788692948048875	-2.1117167121538674	0.5788772206830005	420.26575227854715	2.151895741020079	-2.11171556753121	2.1518974226484917	-0.003234153522699599	-0.06718033029410166	0.0	0.0	0.0	0.1688985364618285	0.0	0.0	0.0	-0.09978164075993191	420.3036102653333	0.16930256571185098
190	1870.0	nan	nan	1	1	0.001500000000000045	0.001500000000000028	0.0014999999999998368	0.9340434671779294	3.0140820395097026e-20	-1.111686697558012e-18	-2.5370330836160805e-20	1.1869999999999774	-8.550072542329312e-18	-4.541722900541778e-19	8.901706411920674e-19	0.9036969572940527	-0.006124005377287751	0.48451074622646845	-2.3274531780410186	0.615733444275269	354.38812804907724	2.386786986235449	-2.251834367033127	1.8171302899708206	-0.0041809304109217136	1599.565890624997	-0.005709026046091455	0.5740021335180345	-2.0992450930372315	0.5740096643046991	419.8452628304575	2.1527611881744098	-2.0992439197644317	2.15276270226618	-0.0037709878472592224	-0.06823230310178793	0.0	0.0	0.0	0.17142911562751195	0.0	0.0	0.0	-0.1012611990224064	419.8834802277562	0.1718452218952
192	1900.0	nan	nan	1	1	0.001500000000000045	0.001500000000000028	0.0014999999999998368	0.9330630264766236	2.2605615296322766e-20	4.0045007240752104e-19	-6.710127245512787e-19	1.189999999999994	-1.2704464216750644e-17	-4.41595544853346e-19	-9.09022206466159e-19	0.9023651157096829	-0.0066381041845221655	0.47902556677022196	-2.3170819345295066	0.6109422989627901	353.14709330190817	2.390956556015433	-2.240848065857688	1.8130396546916847	-0.004766771050158858	1599.565890624997	-0.006181797936787197	0.5689386203351887	-2.0868125955304992	0.5689458523459532	419.4327693054977	2.1533456293043702	-2.0868111685369373	2.1533470263562484	-0.0042930540000526585	-0.06928252792265852	0.0	0.0	0.0	0.17395330712343313	0.0	0.0	0.0	-0.10273605622216307	419.47131920080244	0.17438132787074972
194	1930.0	nan	nan	1	1	0.001500000000000045	0.001500000000000028	0.0014999999999998368	0.9320852442386671	4.54009659728305e-20	-7.661839912520563e-18	-9.804440245786416e-19	1.1930000000000012	1.0942744106678948e-17	-2.650874311727058e-19	7.119142515082944e-19	0.9010394432878093	-0.00711839702332473	0.4734599641221781	-2.3066970013613775	0.6060012871141882	351.9188435163723	2.39478933944479	-2.2298636816303357	1.808718180806701	-0.005332845508761936	1599.565890624997	-0.006622133936339833	0.5637464568242886	-2.07440941385562	0.5637535635783022	419.0280407127731	2.153630731306908	-2.0744074699895174	2.153631865608649	-0.0047958205691881065	-0.07033100470370804	0.0	0.0	0.0	0.17647114311578022	0.0	0.0	0.0	-0.10420624509802172	419.06689289237306	0.17691091815726312
196	1960.0	nan	nan	1	1	0.001500000000000045	0.001500000000000028	0.0014999999999998368	0.9311101130195948	7.598088824778415e-19	4.668574554722582e-18	-4.0484109120608735e-19	1.196000000000003	2.0690019792921066e-17	-4.92227786308419e-20	1.132991270247352e-18	0.8997198906390832	-0.007567086295505926	0.4678807103182635	-2.296254492104596	0.6009949457022218	350.7031027286721	2.398286049290922	-2.218838894091652	1.804169304093985	-0.005880905720609459	1599.565890624997	-0.007032183345265344	0.5585046265986637	-2.06199589142664	0.558511755081451	418.63086277533193	2.1536184238756633	-2.061993389202528	2.153619247988154	-0.005280949248203695	-0.07137773477879829	0.0	0.0	0.0	0.17898265552844256	0.0	0.0	0.0	-0.10567179672399143	418.6699887115179	0.17943402681556986
198	1990.0	nan	nan	1	1	0.001500000000000045	0.001500000000000028	0.0014999999999998368	0.930137624826848	3.3512689151526944e-19	-4.548444954011188e-18	2.299592807841755e-19	1.199000000000006	-3.919743219241156e-18	1.371515748194163e-19	1.050429274812581e-18	0.8984064095567297	-0.007978005390160341	0.4623656835456004	-2.2857016462383375	0.5960230388836948	349.49960724234796	2.4014651662012816	-2.207722809501343	1.799409366913253	-0.006402048376533057	1599.565890624997	-0.007406317070566555	0.553306203735892	-2.049524648438185	0.5533131893818575	418.24103252545314	2.1533265544938103	-2.0495216951414403	2.1533266875230463	-0.005740537471192763	-0.07242272009855796	0.0	0.0	0.0	0.18148787604538225	0.0	0.0	0.0	-0.10713274117025247	418.2803968923627	0.18195068750680926
200	2020.0	nan	nan	1	1	0.001500000000000045	0.001500000000000028	0.0014999999999998368	0.9291677713511702	1.7707731982119502e-19	6.1248207026964876e-18	5.844933911869354e-19	1.202000000000012	-8.252892726851036e-18	3.129007469793166e-19	1.2112164569921813e-18	0.8970989526503077	-0.008351681387448321	0.4569816010397763	-2.275007974046478	0.5911726953645661	348.3081040054465	2.404357695392136	-2.196485900645458	1.7944640404500205	-0.006892408547659191	1599.565890624997	-0.007745136934960265	0.5482318057291106	-2.036968522683689	0.5482385241239471	417.858356604532	2.152784077532214	-2.0369651674902136	2.1527830857379326	-0.006171239581233635	-0.07346596298445886	0.0	0.0	0.0	0.18398683611302577	0.0	0.0	0.0	-0.10858910790135319	417.89792309528843	0.18446093358630344
