6	header
postResults v2.0.3	--cr f,p,texture --time RVE_1_40_D_tensionX.spectralOut
addCauchy v2.0.3	RVE_1_40_D_tensionX.txt
addStrainTensors v2.0.3	--left --logarithmic RVE_1_40_D_tensionX.txt
addMises v2.0.3	-s Cauchy RVE_1_40_D_tensionX.txt
addMises v2.0.3	-e ln(V) RVE_1_40_D_tensionX.txt
inc	time	elem	node	ip	grain	1_pos	2_pos	3_pos	1_f	2_f	3_f	4_f	5_f	6_f	7_f	8_f	9_f	1_p	2_p	3_p	4_p	5_p	6_p	7_p	8_p	9_p	texture	1_Cauchy	2_Cauchy	3_Cauchy	4_Cauchy	5_Cauchy	6_Cauchy	7_Cauchy	8_Cauchy	9_Cauchy	1_ln(V)	2_ln(V)	3_ln(V)	4_ln(V)	5_ln(V)	6_ln(V)	7_ln(V)	8_ln(V)	9_ln(V)	Mises(Cauchy)	Mises(ln(V))
0	0.0	nan	nan	1	1	0.001500000000000045	0.001500000000000028	0.0014999999999998368	1.0	0.0	0.0	0.0	1.0	0.0	0.0	0.0	1.0	2.7716487604837245e-12	-1.1931922846408178e-15	-2.8066754232013122e-14	-1.1931922846409345e-15	2.7018729684354e-12	-1.6832583398957215e-14	-2.806675423201312e-14	-1.6832583398957266e-14	2.699121388890668e-12	1599.565890624997	2.7716487604837245e-12	-1.1931922846408178e-15	-2.8066754232013122e-14	-1.1931922846409345e-15	2.7018729684354e-12	-1.6832583398957215e-14	-2.806675423201312e-14	-1.6832583398957266e-14	2.699121388890668e-12	0.0	0.0	0.0	0.0	0.0	0.0	0.0	0.0	0.0	9.102600058540028e-14	0.0
4	3.0	nan	nan	1	1	0.001500000000000045	0.001500000000000028	0.0014999999999998368	0.9998904999999915	-3.9353944822822845e-23	3.773002384425874e-22	8.999725064576942e-25	1.0002964000000032	5.138181267383391e-22	-2.984467650091324e-24	2.845501307182415e-23	0.9999072045656867	-0.8340781620715558	-0.0007791601149884519	0.00440658943381599	-0.0007794764107154874	20.70781765587509	0.0008561134221068194	0.004406663052039578	0.0008557803254022101	-1.134793325420838e-09	1599.565890624997	-0.833908397450757	-0.0007793177594943579	0.004405766139117278	-0.0007793177594963281	20.71200738994894	0.0008559534721835275	0.004405766139116981	0.000855953472184196	-1.1345813089979365e-09	-0.00010950599557121432	0.0	0.0	0.0	0.0002963560822015805	0.0	0.0	0.0	-9.279974007597325e-05	21.141301580130673	0.000265181438582568
8	6.0	nan	nan	1	1	0.001500000000000045	0.001500000000000028	0.0014999999999998368	0.9997809999999963	-5.090138617406311e-23	1.4079275770142573e-22	-2.0712602538327812e-23	1.0005928000000197	-1.7995479662213627e-22	-3.983701830055381e-24	9.169131654027801e-23	0.9998143509175538	-1.6646804667671522	-0.0015581898509886634	0.008812081266678505	-0.0015594550665959605	41.435234477090006	0.0017139498722435849	0.008812375222050067	0.001712616439998295	-1.3824694787608477e-09	1599.565890624997	-1.6640031494861598	-0.001558820562921954	0.008808789684679496	-0.001558820562925963	41.45200630808789	0.0017133096595201714	0.008808789684678997	0.001713309659521687	-1.381953084107558e-09	-0.00021902398400547296	0.0	0.0	0.0	0.0005926243635069333	0.0	0.0	0.0	-0.00018566631737070875	42.308560025505514	0.0005303294904289679
12	9.0	nan	nan	1	1	0.001500000000000045	0.001500000000000028	0.0014999999999998368	0.9996714999999947	-5.284691497478783e-23	9.546590711148e-22	-7.236837743103928e-23	1.0008891999999756	-7.219632386362825e-22	-2.2499312661442354e-24	-1.0746730518288935e-22	0.9997214388001953	-2.491785921735817	-0.0023371723931744706	0.013216354690983024	-0.0023400193032163826	62.18218371107894	0.002574542791934141	0.013217014916764509	0.0025715390117181675	-5.592718807724898e-08	1599.565890624997	-2.4902658855937716	-0.0023385918475489578	0.01320895228979855	-0.0023385918475577945	62.21994933459118	0.0025731008059207442	0.013208952289799573	0.0025731008059229968	-5.58958635938383e-08	-0.00032855396794958803	0.0	0.0	0.0	0.000888804895856006	0.0	0.0	0.0	-0.0002786000051823728	63.50171887160876	0.0007954442790249179
16	12.0	nan	nan	1	1	0.001500000000000045	0.001500000000000028	0.0014999999999998368	0.9995620000000018	2.2874521787296406e-22	3.0350249291305647e-22	-6.710089129030161e-23	1.0011856000000001	1.6946746994394396e-21	-6.140988867593678e-24	-2.1112296210313436e-22	0.9996282529287396	-3.3033866574782174	-0.0030849317706268687	0.017055123330243293	-0.0030899426576005188	82.890459353039	0.004132381093162972	0.017056253777365308	0.004125953163118308	-4.280863798037937e-06	1599.565890624997	-3.3007018263922183	-0.0030874313063732435	0.017042391288507062	-0.003087431303356746	82.9576205357138	0.004129296175655817	0.017042391288622585	0.004129296176249839	-4.27766803477734e-06	-0.00043809595001658954	0.0	0.0	0.0	0.0011848977313386852	0.0	0.0	0.0	-0.00037181618633232963	84.65625256845917	0.0010605930959466687
20	15.0	nan	nan	1	1	0.001500000000000045	0.001500000000000028	0.0014999999999998368	0.9994525000000007	5.558653716356346e-23	2.6054998155338297e-21	4.658681209898652e-23	1.0014819999999978	-6.038286122739094e-22	2.8031496598197e-23	1.9545285257892981e-22	0.9995251109616172	-3.6888688622509074	-0.0021446514436975024	-0.009690600976666859	-0.002149007119685752	101.06190148782392	0.033582833776974234	-0.009691306226991351	0.03351721417796989	0.0035535836869800305	1599.565890624997	-3.6851600906907063	-0.0021468457971239173	-0.009681561413096857	-0.002146846517944193	101.16530548405908	0.03355150711709847	-0.009681562632882142	0.0335515081486715	0.003550268841418117	-0.0005476499328522454	0.0	0.0	0.0	0.0014809029217772904	0.0	0.0	0.0	-0.0004750018338935893	103.05565190190555	0.001328814663405273
24	18.0	nan	nan	1	1	0.001500000000000045	0.001500000000000028	0.0014999999999998368	0.999342999999992	9.740878893424454e-24	-1.5747454220200715e-20	6.056285572868247e-23	1.0017783999999976	-2.4892180737435753e-21	-1.8412378690940355e-22	8.720204191983023e-22	0.999386242162022	-3.318372406056994	0.009246056795848539	-0.14185436710561283	0.009268592995956133	110.81252460244146	0.14335352039100877	-0.1418605064980457	0.14301120127017125	0.008405777117329729	1599.565890624997	-3.3145157990277605	0.009257817506895928	-0.14169563517875192	0.00925782105220622	110.95347485951388	0.14319311094448803	-0.14169563644743524	0.14319310729257786	0.008396371237018665	-0.0006572159190857533	0.0	0.0	0.0	0.0017768205190731752	0.0	0.0	0.0	-0.0006139462644223799	112.64384111207173	0.001608461753654768
28	21.0	nan	nan	1	1	0.001500000000000045	0.001500000000000028	0.0014999999999998368	0.9992334999999976	-2.5487221382881896e-21	-2.490446271517094e-20	1.1096131609031335e-22	1.0020748000000315	1.4661716800498312e-20	-6.439965028194844e-22	4.70950318673391e-22	0.9992246322220742	-3.063002540069935	0.027245314680932064	-0.28660600899904964	0.027322787633994157	115.79811021734935	0.2941361055582908	-0.286603459107489	0.29329950099830027	0.0034734877344734867	1599.565890624997	-3.059032455894939	0.027287371983122588	-0.2862319868951044	0.027287373439789788	115.97686227698003	0.29375225664517346	-0.2862319805198559	0.29375225355007933	0.0034689548176828964	-0.0007667939113257311	0.0	0.0	0.0	0.002072650575082952	0.0	0.0	0.0	-0.0007756685309941481	117.53672807004448	0.0018959281210188192
32	24.0	nan	nan	1	1	0.001500000000000045	0.001500000000000028	0.0014999999999998368	0.9991240000000069	4.887380105657313e-22	-2.5644557752834382e-20	7.707999820014133e-23	1.002371199999993	5.935159861410882e-21	-1.091401952537166e-21	9.376654726105105e-22	0.9990543998401309	-2.990128631119641	0.053285480262449114	-0.4012613267240962	0.053458665401284515	119.09377820519819	0.4423655764996348	-0.4012333727089428	0.4409017930394876	0.0013760584300292634	1599.565890624997	-2.9858786579405754	0.053382677937800625	-0.4006630875214605	0.05338268275231767	119.31101634086592	0.4417060551051383	-0.4006630858474306	0.4417060389453268	0.0013740068690062223	-0.0008763839122142102	0.0	0.0	0.0	0.0023683931414794288	0.0	0.0	0.0	-0.0009460475217392638	120.8354167200333	0.0021867758131635206
36	27.0	nan	nan	1	1	0.001500000000000045	0.001500000000000028	0.0014999999999998368	0.9990144999999934	2.393715108940653e-21	7.532695763668015e-20	-1.4594377681191596e-21	1.0026675999999919	-1.7358246188082376e-20	5.675120746603813e-22	-7.595344438029312e-21	0.9988802865766709	-2.9804884336978934	0.08335220251384065	-0.49361846957315914	0.08365699943345581	121.59345580730255	0.5670000156143914	-0.49355216056499035	0.5648583004725716	0.0006051372393974505	1599.565890624997	-2.9758909808252705	0.08352795451368161	-0.4927908416061015	0.08352795712347336	121.84984127020809	0.5660493520975859	-0.492790848166417	0.5660493304986628	0.0006041226329065985	-0.000985985924410206	0.0	0.0	0.0	0.0026640482701064186	0.0	0.0	0.0	-0.0011203407707473033	123.37135189765803	0.0024793548111648653
40	30.0	nan	nan	1	1	0.001500000000000045	0.001500000000000028	0.0014999999999998368	0.9989049999999939	7.72917564369549e-21	9.618694390783021e-21	-2.425902360936316e-21	1.002964000000005	9.391308396092605e-20	1.4928955695357043e-21	-7.677506633912978e-21	0.9987040116611474	-2.9647609630512064	0.1108376313069507	-0.5676992848347084	0.11128801749503535	123.59411083096693	0.6623685391930593	-0.5675850752489888	0.6595551803488202	0.00043135305798673736	1599.565890624997	-2.9598352929107814	0.1111031199038107	-0.5666420698882572	0.11110312297180261	123.89015493329711	0.6611350236005604	-0.5666420862889523	0.6611350082224203	0.0004305497578729564	-0.0010955999505099254	0.0	0.0	0.0	0.0029596160126282335	0.0	0.0	0.0	-0.001296828858019869	125.40528330581358	0.002772988460839666
44	33.0	nan	nan	1	1	0.001500000000000045	0.001500000000000028	0.0014999999999998368	0.9987954999999896	-1.046085689859061e-21	-3.9437854024160226e-20	-3.774378812965163e-21	1.003260400000008	3.3066472194913374e-20	1.6059744679941534e-21	4.7959005473538485e-21	0.9985263494341469	-2.9149701110434103	0.1333598496145487	-0.6254556265206839	0.1339560062603493	125.23248437283526	0.7299528477143901	-0.6252870996718844	0.7265084423121538	0.0003963000986548303	1599.565890624997	-2.9097850348947465	0.1337177284741408	-0.6241748367032407	0.13371772865661008	125.56855297834714	0.728458071530559	-0.6241748545705391	0.7284580696817872	0.0003954885668538735	-0.001205225993166448	0.0	0.0	0.0	0.003255096420661624	0.0	0.0	0.0	-0.0014747374567775499	127.05932358484988	0.003067334745072709
48	36.0	nan	nan	1	1	0.001500000000000045	0.001500000000000028	0.0014999999999998368	0.9986859999999923	-7.803714543053868e-21	-4.0545137844458407e-20	-1.1621292036329002e-21	1.0035567999999806	7.941357396982692e-20	-1.0194041520205505e-21	1.1307889845844909e-20	0.9983477475470154	-2.8291898126271695	0.15098293055643208	-0.6707207623220012	0.15171930148737445	126.6021913629187	0.7755984653429273	-0.6704936040635767	0.7715726551560425	0.0003553643323958436	1599.565890624997	-2.823828292260752	0.15143178669773233	-0.6692229567785238	0.15143178238163166	126.97856616824198	0.7738664544284577	-0.6692229699415059	0.7738664583260417	0.0003545707582336633	-0.0013148640550028237	0.0	0.0	0.0	0.00355048954578336	0.0	0.0	0.0	-0.0016536189274496522	128.4260911935991	0.003362180692000198
52	39.0	nan	nan	1	1	0.001500000000000045	0.001500000000000028	0.0014999999999998368	0.9985765000000014	-1.1604351377383916e-21	7.162849415161265e-20	6.013933925505532e-22	1.0038532000000047	-1.3260470195855522e-19	-2.8434896039326864e-21	3.3576386029160465e-21	0.9981684974137254	-2.7164945734249555	0.16507948269236977	-0.707556149997234	0.16595179858128725	127.77492099881933	0.8054533417424223	-0.7072670618861929	0.8008921568237081	0.00030951313345461913	1599.565890624997	-2.71103281754296	0.165618138370776	-0.7058450299093645	0.16561813761214852	128.1918515926847	0.8035054717494862	-0.7058450380495952	0.803505474366434	0.00030876462163670094	-0.0014245141386554155	0.0	0.0	0.0	0.0038457954396247237	0.0	0.0	0.0	-0.0018331818378186648	129.58205079886812	0.0036573808253378103
56	42.0	nan	nan	1	1	0.001500000000000045	0.001500000000000028	0.0014999999999998368	0.9984669999999943	1.587339743154559e-21	-1.2537358168784525e-19	-5.183841637196318e-22	1.0041495999999905	3.445137106367416e-20	-1.0842021724855045e-21	-2.6834003769016236e-21	0.997988791910553	-2.587576069801464	0.17679865496883335	-0.7385568268881558	0.17780487553246072	128.80311167350484	0.8240773562888661	-0.7382031073611306	0.8190213542074346	0.0002626246870067114	1599.565890624997	-2.582076128352398	0.17742694594637712	-0.7366340362461282	0.17742694793597383	129.26084045519886	0.8219319178184706	-0.7366340428163667	0.8219319177937634	0.00026194095858913033	-0.0015341762467835816	0.0	0.0	0.0	0.0041410141536012	0.0	0.0	0.0	-0.0020132332842838253	130.5852563914487	0.003952834236412947
60	45.0	nan	nan	1	1	0.001500000000000045	0.001500000000000028	0.0014999999999998368	0.9983574999999918	-1.232432938255007e-21	9.018317437769173e-20	3.3881317890172014e-24	1.0044460000000057	6.456932156919532e-21	-6.005463596032989e-21	-1.4655364053393904e-20	0.9978087627189146	-2.450954042221729	0.18644325908242376	-0.764949163809987	0.18758028624026268	129.72393890366266	0.834748103565167	-0.7645287232434519	0.8292322067388531	0.00021636396134261192	1599.565890624997	-2.4454639256305546	0.18716010815730066	-0.7628161791588203	0.18716010796522192	130.2227098758616	0.8324204915136331	-0.7628161852865575	0.8324204922428954	0.0002157606519588735	-0.001643850382004076	0.0	0.0	0.0	0.004436145739238402	0.0	0.0	0.0	-0.002193641554360871	131.47734160377576	0.004248469076578459
64	48.0	nan	nan	1	1	0.001500000000000045	0.001500000000000028	0.0014999999999998368	0.9982479999999971	4.1419911120735286e-22	-2.379976234536188e-19	-1.1570470059493744e-21	1.0047423999999867	5.943376080999249e-20	2.622414004699314e-21	4.048817487875556e-21	0.997628502069437	-2.312587599551995	0.19410968274984947	-0.7874559243658935	0.19537251783412052	130.56349796000754	0.8398692385564127	-0.7869672472302421	0.8339226961721696	0.00017577023393660374	1599.565890624997	-2.307143535670354	0.1949125945949074	-0.7851146408140981	0.19491259127046856	131.1035584946455	0.8373721184344523	-0.785114647152515	0.8373721192052399	0.00017524762950265731	-0.0017535365469519733	0.0	0.0	0.0	0.004731190247888143	0.0	0.0	0.0	-0.002374314385472998	132.28750841053397	0.004544233044279134
68	51.0	nan	nan	1	1	0.001500000000000045	0.001500000000000028	0.0014999999999998368	0.9981384999999872	1.3930303850544225e-20	-3.7502383739684146e-20	-2.8189256484623114e-21	1.0050388000000017	-1.117050110180026e-19	1.2949439697623744e-20	-1.709312487559178e-20	0.9974480751382057	-2.1765047672270073	0.2000946150659244	-0.8067202266288613	0.20147789808202304	131.34008678063648	0.8412087165004892	-0.8061622150537908	0.8348553450936287	0.0001398992575512876	1599.565890624997	-2.1711333475032912	0.20098067342654283	-0.8041726717184975	0.2009806685919037	131.92168655001552	0.8385522498276292	-0.8041726785787702	0.8385522489717439	0.0001394574674129389	-0.0018632347442897985	0.0	0.0	0.0	0.0050261477309849496	0.0	0.0	0.0	-0.0025551865723198214	133.03615091720877	0.004840087649376301
72	54.0	nan	nan	1	1	0.001500000000000045	0.001500000000000028	0.0014999999999998368	0.9980289999999857	-1.780971474896892e-20	-2.014583161749628e-19	-8.610936941787218e-21	1.0053351999999967	1.9409759986332293e-19	9.605353621863766e-21	-6.738994128355214e-21	0.9972675299034808	-2.045277133532111	0.20481627938679278	-0.8233569093080292	0.20631565767760202	132.06679800673322	0.8400139734200868	-0.8227287167824948	0.8332729790632192	0.00010793660117285961	1599.565890624997	-2.039997311168018	0.20578306559663945	-0.8206048596566409	0.20578305991585638	132.69018770736534	0.8372062479530656	-0.8206048669592937	0.8372062446591381	0.00010757582581253688	-0.0019729449766337885	0.0	0.0	0.0	0.005321018239798786	0.0	0.0	0.0	-0.0027362101074655215	133.73769488863132	0.005136003671307413
76	57.0	nan	nan	1	1	0.001500000000000045	0.001500000000000028	0.0014999999999998368	0.9979194999999953	2.1541741914571365e-20	1.6706793148349095e-19	-2.5173819192397806e-21	1.0056315999999876	-9.950943064343521e-20	-5.026293509007018e-21	2.28089032036638e-20	0.9970869035673896	-1.9203774720364797	0.20861153363187332	-0.8378469719534396	0.21022371591119565	132.7532657776277	0.8371029823110143	-0.8371479360601991	0.8299902427210487	7.983327010112324e-05	1599.565890624997	-1.9152024071103297	0.20965720644120117	-0.8348919691302001	0.20965720156977127	133.418696293172	0.8341506034651448	-0.8348919759768361	0.8341505986405463	7.95517061086113e-05	-0.0020826672466225118	0.0	0.0	0.0	0.005615801825621634	0.0	0.0	0.0	-0.002917347756374492	134.40253082336616	0.005431958095861527
80	60.0	nan	nan	1	1	0.001500000000000045	0.001500000000000028	0.0014999999999998368	0.9978099999999996	1.6898307297723293e-21	-1.0499989820753758e-19	-1.2705494208814505e-21	1.0059279999999862	-2.2319656973329717e-19	-1.2288753998765389e-20	4.318173965102423e-20	0.9969062253063048	-1.802619046084718	0.21171366327155472	-0.8505297326519983	0.21343612245194	133.40670769408496	0.8330145650083308	-0.8497593648024642	0.8255435777355739	5.605166778578874e-05	1599.565890624997	-1.7975573306239432	0.2128368029374412	-0.8473732523056128	0.21283679841658745	134.11442944803883	0.8299230868368352	-0.8473732588062465	0.8299230812770311	5.5843649205184545e-05	-0.0021924015569140965	0.0	0.0	0.0	0.0059104985396968126	0.0	0.0	0.0	-0.003098570308211481	135.0382861453113	0.005727932597520808
84	87.1	nan	nan	1	1	0.001500000000000045	0.001500000000000028	0.0014999999999998368	0.996820849999986	-6.791933687558607e-20	1.3987224464599713e-19	-2.2937652211646455e-21	1.0086054799999697	-5.44808203542177e-19	8.402566836762659e-22	-1.1506095555502415e-20	0.9952745735551968	-1.0939067453712408	0.22809147915471115	-0.9185340781601102	0.2307884006414156	138.39139313627786	0.7880883139085244	-0.9171097686928259	0.7776715238501605	0.014397373781302429	1599.565890624997	-1.0897228753588166	0.22990532957655763	-0.9136015689722013	0.22990570321520012	139.49192213346103	0.7838562958030841	-0.9136020948663583	0.7838557961729195	0.014320060178958701	-0.0031842142335290194	0.0	0.0	0.0	0.00856866391954219	0.0	0.0	0.0	-0.0047366265698532	140.04897542508067	0.008400673041159731
88	114.2	nan	nan	1	1	0.001500000000000045	0.001500000000000028	0.0014999999999998368	0.9958316999999874	-9.742572959318963e-21	-2.575962717871888e-19	-1.1873284338137155e-20	1.0112829600000282	5.834938923091754e-19	-1.0774259089074701e-20	-2.736932859168095e-20	0.9936478626951292	-0.7961574106126147	0.2416694400661816	-0.9610264714692694	0.24541974164173802	142.6090990543661	0.7615282868092117	-0.9589195528250363	0.7482482762315289	0.008520914583582768	1599.565890624997	-0.792307468364211	0.24423240508031957	-0.9542819603849029	0.24423297653807363	144.12150431120776	0.7561838596535361	-0.9542825490742318	0.75618363683544	0.008461114562913147	-0.004177011579202341	0.0	0.0	0.0	0.01121978218453428	0.0	0.0	0.0	-0.006372397973645864	144.53109700467058	0.011069134085794243
92	141.3	nan	nan	1	1	0.001500000000000045	0.001500000000000028	0.0014999999999998368	0.9948425499999992	2.839932065554218e-20	7.478352247354547e-19	2.638168817518244e-20	1.0139604399999915	-1.1316360175317452e-20	4.011548038196366e-21	3.1374100366299284e-20	0.9920289684675813	-0.7276561087694965	0.2542873101776028	-0.9968182981105198	0.25917481928439257	146.43582451719237	0.7532365931835058	-0.99399954751965	0.7369445576274829	0.00434161301514926	1599.565890624997	-0.723403847375013	0.25765939434962465	-0.9881904177233646	0.25766025895131306	148.37769855615448	0.7467170145987886	-0.9881908339651118	0.7467171218844157	0.004304034533842257	-0.005170795551035823	0.0	0.0	0.0	0.013863890601218816	0.0	0.0	0.0	-0.008002970039381515	148.75472340845744	0.013731553958534957
96	168.4	nan	nan	1	1	0.001500000000000045	0.001500000000000028	0.0014999999999998368	0.9938533999999939	-7.074419175467917e-21	-7.436542701078075e-19	3.383727217691479e-20	1.0166379199999986	4.1962689833335844e-19	1.0652286344670081e-20	9.676504389433127e-21	0.9904188656884966	-0.7929230573998268	0.26525586350234837	-1.0303140528921633	0.27133811529782254	150.0051314140623	0.7571678706119943	-1.026754174620124	0.737640815997065	7.42583807099273e-06	1599.565890624997	-0.78749143324836	0.2694782762814235	-1.01972012608902	0.2694794145745795	152.39295264993095	0.7493824958746134	-1.0197207774696186	0.7493827770105144	7.349483890677256e-06	-0.006165568111994634	0.0	0.0	0.0	0.016501026141616006	0.0	0.0	0.0	-0.009627328678606321	152.80465064764905	0.01638732034829773
100	195.5	nan	nan	1	1	0.001500000000000045	0.001500000000000028	0.0014999999999998368	0.9928642499999909	7.6029677345546e-21	1.1233960810208554e-18	-1.6930494549718955e-20	1.0193153999999998	-3.601082648220511e-18	-2.11148373091552e-20	1.445986884916761e-19	0.9888180069815152	-0.9406788413264257	0.2740831333713034	-1.063141261334057	0.2813815412627235	153.38266542603978	0.7686333617289939	-1.058806515632722	0.7456358285658178	-0.0071415445537201605	1599.565890624997	-0.9332895934740356	0.2791747080483435	-1.050491432451703	0.2791712247783579	156.23201732002212	0.7594877468866732	-1.0504893478300492	0.7594873211999028	-0.007056570599791491	-0.007161331230860729	0.0	0.0	0.0	0.019131225485829767	0.0	0.0	0.0	-0.011244981500439155	156.7210731658976	0.019036156761380096
104	222.60000000000002	nan	nan	1	1	0.001500000000000045	0.001500000000000028	0.0014999999999998368	0.9918750999999956	3.33663218582414e-20	-7.622415611023558e-19	-3.437598513136853e-20	1.0219928799999942	1.0760164460832389e-18	-1.3417001884508117e-20	-3.817069273506779e-20	0.9872266847267083	-1.1398631176564922	0.28095250549796025	-1.0955098615771477	0.2894800613192581	156.60591309017954	0.7843992564838672	-1.0903731139670456	0.7577148780912523	-0.006406738432186108	1599.565890624997	-1.1297645559145908	0.2869188197766934	-1.080715631832208	0.2869154268232388	159.93160009107646	0.7738063962831606	-1.0807130065010333	0.773805729775781	-0.006320219119484493	-0.008158086882317443	0.0	0.0	0.0	0.021754525025341226	0.0	0.0	0.0	-0.012855595476413498	160.51987089838806	0.02167790159625333
108	249.70000000000002	nan	nan	1	1	0.001500000000000045	0.001500000000000028	0.0014999999999998368	0.9908859500000042	-7.726295731674825e-20	1.038821535303408e-18	-1.9197154716571464e-20	1.0246703599999967	-9.24966754665274e-19	-1.8594067258126403e-20	-9.534202854294405e-21	0.9856449269894899	-1.3795474039868814	0.28635969007659384	-1.1271862417713043	0.2961200141892676	159.694246082204	0.8024688277621749	-1.1212212975096822	0.7719053132782956	-0.005517806306509281	1599.565890624997	-1.365941070784286	0.29320253593511375	-1.1101657761335866	0.2931994131505702	163.5102968334141	0.7903515816478127	-1.1101628079473274	0.7903507483698167	-0.005434487659461264	-0.009155837046967907	0.0	0.0	0.0	0.024370960865998034	0.0	0.0	0.0	-0.014459103851462731	164.21796142970325	0.024312524175634734
112	276.8	nan	nan	1	1	0.001500000000000045	0.001500000000000028	0.0014999999999998368	0.9898967999999909	-7.941103287098516e-20	-1.793731179214331e-18	-9.459663954936026e-21	1.0273478400000104	-5.862958772986926e-19	3.686287386450715e-21	-2.756584023544395e-20	0.9840727749750598	-1.6503407292761163	0.29084060671328016	-1.158119233655388	0.3018411703677992	162.66376441192838	0.821872783058586	-1.1513022414127076	0.7872519745450338	-0.004941542715093583	1599.565890624997	-1.6324086552714452	0.2985643190781523	-1.1387957607895913	0.2985614608455929	166.9835467927416	0.808159655807912	-1.1387925598490636	0.808158641873155	-0.004859091993444745	-0.010154583711372159	0.0	0.0	0.0	0.026980568830971937	0.0	0.0	0.0	-0.016055426356676797	167.8263264926639	0.026940000742634387
116	303.9	nan	nan	1	1	0.001500000000000045	0.001500000000000028	0.0014999999999998368	0.9889076499999958	-9.490834767394985e-20	7.08702302572306e-19	-9.667017620423879e-20	1.0300253199999905	-1.4166863212053405e-18	4.946672411965114e-20	-5.713745448998609e-20	0.9825102414214908	-1.9460705123639161	0.2946167455931536	-1.1882897592990922	0.3068638418266302	165.52684839051483	0.8421888483899023	-1.180599048369239	0.8033375152144957	-0.00453149843352926	1599.565890624997	-1.9229747665696861	0.3032247211352214	-1.1665912568338819	0.3032220162919224	170.36313513868475	0.8268102450989507	-1.1665878317494853	0.8268090584530501	-0.004448752008121178	-0.011154328867981518	0.0	0.0	0.0	0.0295833844636617	0.0	0.0	0.0	-0.017644511454381333	171.3536065972423	0.02956032592791845
120	331.0	nan	nan	1	1	0.001500000000000045	0.001500000000000028	0.0014999999999998368	0.9879184999999999	2.851451713636877e-20	-1.313578694601969e-19	3.499940138054769e-20	1.032702800000005	3.3918858390394322e-18	5.128276275856436e-20	1.205632815803881e-19	0.9809573153595794	-2.2628623087306043	0.2975848621597777	-1.2176775350617215	0.3110722890330551	168.2929800712405	0.8633241570801282	-1.2090935817538007	0.8200644175950219	-0.004231810678686995	1599.565890624997	-2.233740219378023	0.3070715681724193	-1.1935368193081164	0.3070689190704282	173.65799096036966	0.8462085723056783	-1.1935330541920424	0.8462072461807552	-0.0041479141331930555	-0.012155074515288971	0.0	0.0	0.0	0.03217944303075845	0.0	0.0	0.0	-0.019226331719608643	174.8067790037845	0.03217350808826662
124	358.1	nan	nan	1	1	0.001500000000000045	0.001500000000000028	0.0014999999999998368	0.9869293499999986	1.9437034447233881e-19	-6.71656469591192e-19	7.829294938060949e-20	1.0353802799999927	-2.078761154097192e-18	6.011901046432122e-20	1.3712446976510418e-19	0.9794139715927617	-2.5981613398155985	0.29961609388706384	-1.2462451636205996	0.31432232478682903	170.969727375543	0.8853199477631282	-1.2367509252539743	0.8374636323507714	-0.00399164354164474	1599.565890624997	-2.5621227463640746	0.3099650859369578	-1.2196003275133365	0.3099624206106957	176.8751656529974	0.8663917259338791	-1.2195961923615255	0.8663903310498751	-0.003906301835959198	-0.013156822657778977	0.0	0.0	0.0	0.0347687795248748	0.0	0.0	0.0	-0.020800874354407077	178.1916044883221	0.034779563933033684
128	385.20000000000005	nan	nan	1	1	0.001500000000000045	0.001500000000000028	0.0014999999999998368	0.9859401999999928	-1.2793585635328952e-19	1.6190323279090257e-18	2.9815559743351374e-20	1.0380577599999936	-3.739216781258742e-18	9.649399335120989e-21	3.7440211521355684e-19	0.9778801749527674	-2.9503152968903943	0.30070917450136964	-1.2739341518344887	0.3166020805537327	173.5632815117348	0.908097913647673	-1.2635152043719862	0.8554528427626635	-0.0037959476064951436	1599.565890624997	-2.906439385769749	0.3118964720108628	-1.2447292249899464	0.3118937008216992	180.02036440657957	0.8872797786619903	-1.2447247107372752	0.887278294956454	-0.0037089255480992956	-0.014159575305960261	0.0	0.0	0.0	0.03735142866760055	0.0	0.0	0.0	-0.02236813695176219	181.51296330572694	0.03737851591020495
132	412.3	nan	nan	1	1	0.001500000000000045	0.001500000000000028	0.0014999999999998368	0.9849510499999904	-2.347297703431117e-20	-2.2431939660817744e-18	-7.874018277675975e-20	1.0407352399999947	1.462317680139824e-20	5.881796785733861e-20	7.588059954682924e-20	0.9763558843056042	-3.3181654049011886	0.3009545624031761	-1.3007256552973474	0.31799652630342523	176.07887383691065	0.9314310641268676	-1.2893701059664051	0.8738117032323455	-0.00362885591849116	1599.565890624997	-3.2654995085762466	0.3129522915728315	-1.268909937124632	0.3129492878320548	183.09836084492977	0.9086482827518063	-1.2689052333518562	0.9086467164547478	-0.0035400941902036433	-0.015163334476388873	0.0	0.0	0.0	0.03992742491214567	0.0	0.0	0.0	-0.023928123473413013	184.7750486161655	0.03997039002892068
136	439.40000000000003	nan	nan	1	1	0.001500000000000045	0.001500000000000028	0.0014999999999998368	0.9839619000000032	-1.8580514730970333e-19	-2.4453976712503212e-18	1.1926223897340548e-21	1.043412719999973	2.8084004170597297e-18	3.876022766635678e-20	6.385950795939621e-20	0.9748410546023197	-3.700814885265017	0.30049335629165297	-1.3266868178409776	0.3186458298149157	178.52100518115788	0.9551163026018845	-1.314384231028243	0.8923458086033738	-0.0034917594525499963	1599.565890624997	-3.6383747126112205	0.31327286667316295	-1.2922126990853786	0.31326963531562474	186.11322308302695	0.9302974889990704	-1.2922079317905808	0.9302958740080661	-0.0034010256573434607	-0.016168102191695198	0.0	0.0	0.0	0.04249680244613981	0.0	0.0	0.0	-0.025480842194341737	187.98148852887832	0.04255521467821608
140	466.5	nan	nan	1	1	0.001500000000000045	0.001500000000000028	0.0014999999999998368	0.9829727499999948	-1.2145774837268863e-19	8.376884797801909e-19	1.0885389811754465e-19	1.0460902000000114	-2.3875165218326456e-18	7.643625316022806e-21	3.290553593493506e-20	0.9733356382932684	-4.097529740657487	0.29942400758819543	-1.3519382700213884	0.31864686133077286	180.89362511537473	0.9790088427165535	-1.3386789278178493	0.910918131043112	-0.0033732375526909506	1599.565890624997	-4.02430006534851	0.3129554472010589	-1.314759295458769	0.3129521116473372	189.0684912001514	0.9520856128124526	-1.314754507635034	0.9520839473106726	-0.0032804718429347017	-0.017173880480661572	0.0	0.0	0.0	0.04505959519446608	0.0	0.0	0.0	-0.02702630428120071	191.13545906987002	0.045133019823057056
144	493.6	nan	nan	1	1	0.001500000000000045	0.001500000000000028	0.0014999999999998368	0.9819836000000023	-2.718365896964281e-19	8.369973008952314e-19	1.1050730643058504e-19	1.0487676799999945	-2.9535445947694373e-19	-2.873135757086587e-20	-1.179069862577986e-20	0.9718395855638939	-4.507741864118311	0.29778888583772506	-1.3766044617787605	0.31803780775417	183.20021279010098	1.0030222281313352	-1.3623790409307481	0.929448004560602	-0.003274017568716344	1599.565890624997	-4.422676339662507	0.312039565917393	-1.3366744381246625	0.3120361213823896	191.96725463470995	0.9739283944217456	-1.3366696078891478	0.973926716808099	-0.003179050857077292	-0.018180671378123552	0.0	0.0	0.0	0.04761583682165815	0.0	0.0	0.0	-0.028564523569634966	194.2397744044825	0.04770383675919672
148	520.7	nan	nan	1	1	0.001500000000000045	0.001500000000000028	0.0014999999999998368	0.9809944499999991	6.713921953116486e-20	3.105968173627849e-18	-4.220256956399826e-20	1.051445159999985	1.4558768416089024e-18	2.1304572689340163e-20	2.709963330127518e-19	0.9703528450143566	-4.9310009611430266	0.2956272816268988	-1.400787805957708	0.3168543189571218	185.44385781584688	1.0271747980988937	-1.3855873461381778	0.9479527609521231	-0.00318657104573715	1599.565890624997	-4.833022060009889	0.3105619722422103	-1.3580606821590908	0.3105584292918496	194.81223081494258	0.9958436967182782	-1.358055750288087	0.995842052917463	-0.00308937358657508	-0.019188476925133324	0.0	0.0	0.0	0.05016556073491289	0.0	0.0	0.0	-0.030095515881757923	197.29693239144382	0.05026769773084796
152	547.8	nan	nan	1	1	0.001500000000000045	0.001500000000000028	0.0014999999999998368	0.9800052999999957	6.071532165918825e-20	-2.088634170130388e-18	6.369687763352339e-22	1.0541226399999875	-5.052416005100341e-19	1.3135109319661886e-19	1.5170698898503422e-19	0.968875363560468	-5.367007560948691	0.2929837425878866	-1.4245421873011284	0.31513816960998253	187.62729493413036	1.0515260342079837	-1.4083584716708966	0.9664872189132828	-0.0031143577132828294	1599.565890624997	-5.255005237681884	0.3085653707924622	-1.378972958493719	0.3085616543460226	197.6057965563386	1.017889100969416	-1.3789678999177708	1.0178874924457422	-0.0030147335108619954	-0.020197299168882542	0.0	0.0	0.0	0.05270880008648181	0.0	0.0	0.0	-0.03161929914072475	200.3091707997652	0.052824635900861
156	574.9	nan	nan	1	1	0.001500000000000045	0.001500000000000028	0.0014999999999998368	0.9790161500000052	1.6718397499726479e-19	2.358071962520192e-19	9.982791503160282e-20	1.0568001200000063	7.334329541267004e-18	-6.440160904563896e-20	-3.129414045607848e-19	0.967407087039129	-5.815583748382913	0.2899011878003107	-1.447875927313869	0.31293025003286706	189.75298974900826	1.0761044989571478	-1.4307018870453214	0.9850770083415248	-0.0030511809211421605	1599.565890624997	-5.688413988075034	0.30609122122822746	-1.3994218081289713	0.3060873832439863	200.35007377751424	1.0400919548819043	-1.3994166328181468	1.0400903382803697	-0.0029490711469421097	-0.021207140162762497	0.0	0.0	0.0	0.05524558777631787	0.0	0.0	0.0	-0.03313589275785046	203.2785279402393	0.05537468504894318
160	602.0	nan	nan	1	1	0.001500000000000045	0.001500000000000028	0.0014999999999998368	0.9780270000000012	-4.9737774662772515e-20	9.17689047582465e-19	2.0533433894159847e-19	1.0594776000000057	8.029804577334987e-19	-1.8778381627448937e-19	1.0110185258427329e-19	0.9659479607620527	-6.276603442670179	0.28645032370405377	-1.4708036686909411	0.3103020675539249	191.8232029580255	1.1009474540542692	-1.4526333334653139	1.003755475711376	-0.0029956538169950086	1599.565890624997	-6.133087794875003	0.3032108535941848	-1.4194237938792913	0.303206955899358	203.04699382418735	1.062487839377173	-1.4194186153832595	1.0624863349944131	-0.0028910060510336714	-0.022218001966431502	0.0	0.0	0.0	0.05777595645459012	0.0	0.0	0.0	-0.034645317067441804	206.2068803585848	0.057917879304174524
164	603.31	nan	nan	1	1	0.001500000000000045	0.001500000000000028	0.0014999999999998368	0.9781470242589171	-2.400694660426028e-19	-2.3024727198624197e-18	-6.117610758249459e-20	1.059348171999987	-1.6981519814461555e-18	3.1116602350333975e-20	9.413585362605392e-20	0.9659291325267586	0.0001887218974241083	0.282249311038669	-1.4623321012950867	0.30567980314003157	181.93072623308478	1.0827790658358176	-1.4440664515329469	0.9872939869355631	0.0005250195022887601	1599.565890624997	0.00018443286308851632	0.29873319780065055	-1.4112473980966131	0.298732696369378	192.55582033416607	1.04495356288833	-1.411247522314642	1.0449537991829043	0.0005066786169152677	-0.02209528869289034	0.0	0.0	0.0	0.05765378690021655	0.0	0.0	0.0	-0.03466480923426786	192.58018910083229	0.05781316862068562
168	604.62	nan	nan	1	1	0.001500000000000045	0.001500000000000028	0.0014999999999998368	0.9781888192762123	3.4892336416014745e-19	1.6900475702068263e-18	-1.8435502690400396e-19	1.0592187439999923	-1.4931225743655685e-18	1.0950441942103595e-19	-3.6778848196139526e-19	0.9659616522654375	8.810802504457266e-05	0.2789263889829998	-1.4534229896074171	0.30203159052587353	172.54402775288722	1.0708511214914376	-1.4352554634327208	0.9765699329779255	0.00019310455294808113	1599.565890624997	8.611323873111821e-05	0.295193658981981	-1.4027609690668124	0.2951935246095579	182.6069705113761	1.0335244231380678	-1.4027609437415283	1.0335244822787704	0.00018637350018650123	-0.022052560837711843	0.0	0.0	0.0	0.05753160241864278	0.0	0.0	0.0	-0.03463114300537062	182.63248635564855	0.05770775302168707
172	605.93	nan	nan	1	1	0.001500000000000045	0.001500000000000028	0.0014999999999998368	0.9782298644394156	-5.95226992694542e-20	-1.4322988324891317e-19	4.369334755116583e-20	1.0590893159999981	-4.7988278932195595e-18	3.892285799222961e-20	2.6564308478610464e-19	0.965998178432719	2.943058942787541e-05	0.2762951877537197	-1.4477843179435592	0.29913341833144613	163.86080503134386	1.0634068470478497	-1.429681355205153	0.9699362193335621	6.467270342157939e-05	1599.565890624997	2.8766701422559743e-05	0.2923856782946069	-1.3974309700528746	0.29238564017681357	173.40350012789827	1.0264219907711956	-1.3974309544623997	1.026422000679714	6.242341318265547e-05	-0.022010601349642115	0.0	0.0	0.0	0.05740940300619776	0.0	0.0	0.0	-0.034593330451812114	173.4301979998519	0.05760085864962977
176	607.24	nan	nan	1	1	0.001500000000000045	0.001500000000000028	0.0014999999999998368	0.9782706101184543	-9.378348791999613e-21	-4.9635114269565296e-18	1.10304018523244e-19	1.0589598880000006	-6.593209593737381e-18	-1.5574564207754272e-19	3.157738827364032e-20	0.9660361355071092	9.82153797911145e-06	0.27415950645752935	-1.4444024371802322	0.2967725998545683	155.42660026449988	1.0584886946551177	-1.426338404699195	0.9656062885764423	2.3113920636560537e-05	1599.565890624997	9.600782221630354e-06	0.2901021392369269	-1.3942790321591887	0.2901021313167495	164.46480303990134	1.0217572019722554	-1.3942790250344583	1.0217572011133234	2.231182533689327e-05	-0.021968949758370444	0.0	0.0	0.0	0.057287188659227564	0.0	0.0	0.0	-0.03455403811200066	164.49280432154274	0.057493440902385264
180	608.55	nan	nan	1	1	0.001500000000000045	0.001500000000000028	0.0014999999999998368	0.9783112098950614	-1.4428020410350851e-19	-4.751583783553503e-19	4.6010829694853595e-20	1.0588304599999832	-5.470355613802769e-18	-6.591949208711867e-20	2.3153137393427947e-19	0.9660746677831197	3.2224917299322754e-06	0.27238151840646657	-1.4424105559630056	0.29479969805628053	147.0910053331051	1.055014862454328	-1.424369139245744	0.962593322403594	8.906154733679062e-06	1599.565890624997	3.150320148185094e-06	0.28819730306655716	-1.3924686803235033	0.28819730391826653	155.63181852555186	1.018486135705415	-1.3924686776193256	1.01848613330884	8.597788942610547e-06	-0.021927449038903847	0.0	0.0	0.0	0.05716495937406641	0.0	0.0	0.0	-0.034514151915049675	155.66129618929781	0.05738581629756142
184	609.86	nan	nan	1	1	0.001500000000000045	0.001500000000000028	0.0014999999999998368	0.9783517266777974	-2.5560066216345766e-20	1.835750789661722e-18	2.824346659324739e-20	1.0587010319999894	3.9066582542719716e-18	5.746271514173173e-21	8.204699940284055e-20	0.9661134568796591	9.801377890253927e-07	0.2708474419069196	-1.4412231620767657	0.293091391572433	138.79909013622014	1.052385410551566	-1.4231948004917572	0.9603501590749057	3.8729411327723114e-06	1599.565890624997	9.58265087666683e-07	0.28655077733336454	-1.3914348638600293	0.28655078008935775	146.8464567790385	1.0160298481111303	-1.3914348630715243	1.0160298456490757	3.739147038167023e-06	-0.021886034871972534	0.0	0.0	0.0	0.05704271514710384	0.0	0.0	0.0	-0.03447400148036871	146.87761141744207	0.057278101119171296
188	611.17	nan	nan	1	1	0.001500000000000045	0.001500000000000028	0.0014999999999998368	0.9783921901942456	-8.529960592029706e-20	1.6122696168581474e-18	-1.9217483507305565e-20	1.0585716039999837	5.113937702125315e-18	-9.774082584956822e-20	-7.89434706841008e-20	0.9661523736190748	1.7256812460286764e-07	0.2694720656316649	-1.4404728631554122	0.2915553518429313	130.5293459626274	1.0502649871469516	-1.4224523558214235	0.9585709685475664	1.9157949977234994e-06	1599.565890624997	1.6873093545643096e-07	0.28507238480990815	-1.3908229993097658	0.2850723873118602	138.08597137525064	1.0140647122598088	-1.3908229992973944	1.0140647097236186	1.8497618476197973e-06	-0.02184467686277661	0.0	0.0	0.0	0.056920455974650626	0.0	0.0	0.0	-0.034433720543029955	138.1190325707406	0.05717034145410329
192	612.48	nan	nan	1	1	0.001500000000000045	0.001500000000000028	0.0014999999999998368	0.9784326166622122	3.8047364737947567e-19	-1.8627813050745014e-18	-8.387659056890984e-20	1.0584421759999818	-1.3796946983328506e-18	-1.9060274192295168e-19	1.7519351854650144e-19	0.9661913605583253	-1.3760663232226246e-07	0.2682032220940313	-1.439934844102216	0.2901350577002261	122.2727761017818	1.0484636703765617	-1.4219196939138095	0.9570825504380724	1.074159127893229e-06	1599.565890624997	-1.3455786250818563e-07	0.28370691377808765	-1.3904160820990679	0.2837069154647342	129.34084712357983	1.0124074396554457	-1.3904160827598306	1.012407436777357	1.0372192410470387e-06	-0.021803358429127735	0.0	0.0	0.0	0.05679818185306805	0.0	0.0	0.0	-0.03439336857193308	129.37608265766968	0.05706255701527172
196	613.79	nan	nan	1	1	0.001500000000000045	0.001500000000000028	0.0014999999999998368	0.9784730162237778	2.8606674321030035e-19	-9.389055288452907e-19	-4.141652298894627e-20	1.0583127479999719	-2.936791977138642e-18	-1.1828645701816853e-19	1.8022150612140298e-19	0.9662303896121204	-2.6506440999007894e-07	0.2670185410738875	-1.439471054710517	0.28880625439341884	114.02540814568685	1.0468699386517846	-1.4214604353746536	0.955783200474307	6.73451176873785e-07	1599.565890624997	-2.592129526511436e-07	0.2824306805965898	-1.3900808340059505	0.2824306814658732	120.6068818231575	1.010950399214164	-1.3900808356205336	1.0109503959054618	6.50344145891668e-07	-0.021762069200978482	0.0	0.0	0.0	0.05667589277868938	0.0	0.0	0.0	-0.034352974642608766	120.64461129077274	0.05695475686575592
200	615.1	nan	nan	1	1	0.001500000000000045	0.001500000000000028	0.0014999999999998368	0.978513395942809	8.226383983733765e-20	-2.7286929226572056e-18	4.278532823170922e-20	1.058183319999987	1.6566676958214288e-18	-3.1116602350333975e-20	-2.662800535624399e-19	0.9662694456205257	-2.796490599791257e-07	0.26591460570726466	-1.4389925456996653	0.2875652001974153	105.78540667634125	1.0454147461381877	-1.4209867109303225	0.9546099474732552	4.502268449134983e-07	1599.565890624997	-2.7349803181021344e-07	0.28124005206839925	-1.3897313580928485	0.28124005236459093	111.88213299754906	1.0096269499537354	-1.3897313608081836	1.0096269462834384	4.348141805883838e-07	-0.02172080195580413	0.0	0.0	0.0	0.05655358874788853	0.0	0.0	0.0	-0.03431255444934502	111.92274591615055	0.056846945487047496
204	616.41	nan	nan	1	1	0.001500000000000045	0.001500000000000028	0.0014999999999998368	0.978553761275552	4.571809510828251e-19	3.2936300171579334e-18	5.583641188300348e-20	1.0580538919999858	3.0181003638114765e-18	1.12865446155741e-19	1.64663204946236e-20	0.9663085197693846	-2.2304663319316908e-07	0.26489088750723666	-1.4384330742582563	0.28641127901940017	97.55196805413391	1.0440534200099634	-1.4204330854554272	0.9535220457631127	3.267337625584427e-07	1599.565890624997	-2.1815846762772303e-07	0.2801344493501753	-1.389303662810777	0.28013444922404934	103.16574915444804	1.0083939715707182	-1.3893036664478575	1.008393968349722	3.15574232273725e-07	-0.0216795511151266	0.0	0.0	0.0	0.056431269756965025	0.0	0.0	0.0	-0.03427211711686611	103.20972959799464	0.05673912513758626
208	617.72	nan	nan	1	1	0.001500000000000045	0.001500000000000028	0.0014999999999998368	0.9785941169931862	-7.453889935837844e-21	2.7056604027554667e-18	-7.128629284092192e-21	1.0579244640000272	8.671652263446406e-19	1.3243529536910437e-19	-2.321276851291465e-19	0.9663476066515372	-1.1612519316550607e-07	0.26393846878312716	-1.4377303117815354	0.2853348055082687	89.32487790824602	1.0427513940375308	-1.4197379959461411	0.9524879580038323	2.8341591082155226e-07	1599.565890624997	-1.1358955913436962e-07	0.27910442173019256	-1.3887375176585426	0.2791044206580723	94.4575018171615	1.0072180927285803	-1.3887375223606127	1.0072180912062114	2.7375809303968815e-07	-0.021638311801441643	0.0	0.0	0.0	0.056308935802316745	0.0	0.0	0.0	-0.03423166824277664	94.50546319021215	0.056631296836663875
212	619.03	nan	nan	1	1	0.001500000000000045	0.001500000000000028	0.0014999999999998368	0.9786344680051717	3.233632979438017e-19	-2.5120557760674456e-18	-1.338989683019598e-20	1.0577950359999957	-2.694323713789415e-18	-3.4206578541917665e-20	-6.348003719902629e-20	0.9663867026969983	4.886946505361367e-08	0.2630365390195319	-1.4368220362573643	0.2843132471083984	81.10434075840962	1.0414666940717003	-1.4188399866274888	0.9514693599381218	3.127654187164153e-07	1599.565890624997	4.78062980710949e-08	0.2781279458487971	-1.3879727753673208	0.27812794391883633	85.75760530700387	1.0060587750927301	-1.3879727808816402	1.0060587764881188	3.0213197967473967e-07	-0.02159707899674983	0.0	0.0	0.0	0.05618658688017211	0.0	0.0	0.0	-0.03419121152270125	85.81034186811426	0.0565234608036232
216	620.34	nan	nan	1	1	0.001500000000000045	0.001500000000000028	0.0014999999999998368	0.9786748198805117	-1.2270458087104697e-19	4.574391267251482e-18	-1.1007362556159084e-19	1.0576656080000064	1.908426216536141e-18	5.979374981257557e-20	-7.169286865560398e-20	0.9664258055458084	2.8020666949207795e-07	0.26215347000987377	-1.4356480865300119	0.28331239458960195	72.89094800441387	1.040144322849669	-1.4176796390941202	0.9504160036828273	4.3051134308774717e-07	1599.565890624997	2.7413315695274106e-07	0.2771715676014419	-1.3869512591693531	0.2771715650999273	77.06668281590035	1.0048628851524921	-1.3869512661005157	1.0048628904448424	4.1590850500502423e-07	-0.021555847009965236	0.0	0.0	0.0	0.0560642229869769	0.0	0.0	0.0	-0.03415074939960464	77.12524987955337	0.05641561658352413
220	621.65	nan	nan	1	1	0.001500000000000045	0.001500000000000028	0.0014999999999998368	0.9787151789767652	-1.5739905039058312e-19	6.651309277655449e-19	-1.0421893383016912e-20	1.0575361800000076	3.524836130440467e-18	1.2414114874959026e-19	-6.192149657607837e-20	0.9664649139241971	5.704683293242252e-07	0.2612487959654629	-1.4341628790129302	0.28228851203983824	64.68567367081818	1.0387139468600275	-1.4162119285479309	0.9492635932764278	6.108122761338263e-07	1599.565890624997	5.581490787625384e-07	0.2761925001907734	-1.3856288565545922	0.27619249806068663	68.38576182387305	1.003562454123449	-1.38562886425146	1.0035624631232911	5.901415579316878e-07	-0.02151460934523545	0.0	0.0	0.0	0.055941844119017495	0.0	0.0	0.0	-0.03411028319217771	68.45160701865153	0.056307763064923896
224	622.96	nan	nan	1	1	0.001500000000000045	0.001500000000000028	0.0014999999999998368	0.9787555524248259	-9.223849982420429e-20	-7.1972050715019e-19	1.3925221652860698e-19	1.0574067519999768	1.1773215865748531e-18	6.526897078362736e-20	-2.3273754885116957e-19	0.9665040275536363	9.49866199892957e-07	0.2602952486174719	-1.4323513329723316	0.28121215070797245	56.489849501412365	1.0370719896541625	-1.4144219545709116	0.9479174065095006	8.574999708542835e-07	1599.565890624997	9.294300003304651e-07	0.27516192161311226	-1.3839909126172838	0.2751619221260981	59.716247695659185	1.0020573698443382	-1.383990921932986	1.0020573809589086	8.285482338811008e-07	-0.021473358717658958	0.0	0.0	0.0	0.05581945027260789	0.0	0.0	0.0	-0.0340698131891627	59.79143689231168	0.056199898522166475
228	624.27	nan	nan	1	1	0.001500000000000045	0.001500000000000028	0.0014999999999998368	0.9787959484308698	9.668372873139486e-20	3.3068369548715225e-18	6.7166324585477e-20	1.0572773239999909	6.91034550545297e-18	7.480994990149981e-21	3.3800002727235604e-20	0.9665431470545668	1.4283951187483157e-06	0.259327298124683	-1.4302102065394795	0.2801205698795939	48.305203329348274	1.0350667554161996	-1.4123065036304037	0.9462386714592269	1.2170472063118554e-06	1599.565890624997	1.3977779773967316e-06	0.2741162780247863	-1.3820342063110063	0.2741162850920011	51.05996415196195	1.000200988120307	-1.3820342160264931	1.0002009993518453	1.1760515077626342e-06	-0.02143208674496045	0.0	0.0	0.0	0.055697041444152696	0.0	0.0	0.0	-0.03402933874917049	51.14759514144903	0.056092020577038305
232	625.58	nan	nan	1	1	0.001500000000000045	0.001500000000000028	0.0014999999999998368	0.9788363770446323	1.9884267843384152e-19	-7.549123544163539e-18	2.508572776588336e-20	1.0571478959999954	1.2719521074421036e-18	-6.510634045775454e-20	-2.202827763947424e-19	0.9665822745163297	2.0447421555849777e-06	0.25844465823232116	-1.4277197484668733	0.2791214591088595	40.134125709458246	1.0325117684492606	-1.4098460594702542	0.9440567284289479	1.6437913169660422e-06	1599.565890624997	2.001077801877104e-06	0.27316096145206853	-1.37973955847418	0.27316097255669447	42.419434941382555	0.997813004302386	-1.3797395656702993	0.9978130148510661	1.5885497895015462e-06	-0.021390783162829982	0.0	0.0	0.0	0.05557461762993342	0.0	0.0	0.0	-0.03398885771122886	42.52446466919466	0.055984125759410495
236	626.89	nan	nan	1	1	0.001500000000000045	0.001500000000000028	0.0014999999999998368	0.9788768519932954	1.2649928847474622e-19	5.629340309870612e-18	2.859583229930518e-20	1.0570184680000039	-4.204671550170347e-18	-1.039207782327356e-19	8.520473823020458e-20	0.9666214135880227	2.925045666731685e-06	0.25773169646514976	-1.4248416885597364	0.27830586606315305	31.980051280066785	1.0292612663777958	-1.407002821044194	0.9412380389574007	2.3163919921082577e-06	1599.565890624997	2.8628175023810565e-06	0.272385109282056	-1.377069880640677	0.2723851163914907	33.798286676565695	0.9947523999467259	-1.3770698857145627	0.994752409649804	2.2387284634507146e-06	-0.02134943395185411	0.0	0.0	0.0	0.05545217882629171	0.0	0.0	0.0	-0.033948366301101235	33.9293995264714	0.055876208991623585
240	628.2	nan	nan	1	1	0.001500000000000045	0.001500000000000028	0.0014999999999998368	0.9789173914037363	-2.6899055899365364e-19	-1.6299759935875513e-18	8.429671891074797e-20	1.0568890399999937	-6.91837537779294e-18	5.610746242612485e-20	2.798732382999769e-19	0.9666605694676802	3.960059978746544e-06	0.25718773352989804	-1.4215205079899684	0.2776729665071635	23.847598518159682	1.025310883078884	-1.4037219474061575	0.9377782974706683	3.339990223536593e-06	1599.565890624997	3.876130279918189e-06	0.27178795325149835	-1.3739713946926637	0.2717879524979255	25.201396280669087	0.9910147733355122	-1.3739713979397334	0.9910147757633949	3.2282693073360004e-06	-0.02130802060049359	0.0	0.0	0.0	0.05532972502953743	0.0	0.0	0.0	-0.033907859142800756	25.376002927418256	0.05576826340702846
244	631.21	nan	nan	1	1	0.001500000000000045	0.001500000000000028	0.0014999999999998368	0.97882461361967	1.4590650736223676e-19	1.403181227894318e-18	7.565020658517607e-20	1.0571900399999872	-9.05850915111639e-20	2.912709136382308e-19	4.341687599718203e-19	0.9665692980547136	-1.724013448477002e-05	0.255234935896178	-1.4109203284678555	0.2756692083271686	43.01848425875527	1.0251801133904364	-1.3932549504033502	0.9373032078614932	-1.4871661661046976e-05	1599.565890624997	-1.687153472857809e-05	0.26977533557196914	-1.3634667334523147	0.2697753098155697	45.469190908190875	0.9907001495418438	-1.363466700463174	0.9907001427750235	-1.437148188800634e-05	-0.021402800999440693	0.0	0.0	0.0	0.05561448259123432	0.0	0.0	0.0	-0.034002282899196754	45.565213303771515	0.05601899196363013
248	634.22	nan	nan	1	1	0.001500000000000045	0.001500000000000028	0.0014999999999998368	0.9787315626655196	1.2739375526704677e-21	-2.8234860738503287e-18	-1.5504091066542712e-20	1.0574910399999824	-3.9953459919812864e-18	7.78999260930835e-20	1.1110361762545207e-19	0.9664779714569307	-3.4593795253080596e-06	0.2537702727466327	-1.4035966259777397	0.2741914076910247	62.15536467069413	1.0266672051856305	-1.3860237743064117	0.9383069948787801	-3.1627058651941266e-06	1599.565890624997	-3.384773051006423e-06	0.26827808199016057	-1.3561321917242886	0.26827807726257974	65.7087287599728	0.991949126530545	-1.35613218642562	0.9919491285543833	-3.055754878120518e-06	-0.02149786948876192	0.0	0.0	0.0	0.05589915908914629	0.0	0.0	0.0	-0.03409677267116586	65.77478658720412	0.05626978689511192
252	637.23	nan	nan	1	1	0.001500000000000045	0.001500000000000028	0.0014999999999998368	0.9786384311409824	-2.193612045481297e-19	-6.173176119589341e-21	-7.878084035822796e-20	1.0577920400000151	2.144009796090085e-18	-9.226560487851643e-20	-4.358492733391728e-20	0.9663866042084287	-2.174141708751076e-06	0.2526148724962707	-1.3974164521323789	0.2730467052377591	81.29870212029424	1.0282156864564456	-1.3799218349022162	0.9393659893725591	-2.269767138384643e-06	1599.565890624997	-2.126848972712159e-06	0.2671072942019954	-1.3499052640787208	0.26710729213274303	85.96277856049986	0.9932570678110101	-1.3499052638435054	0.9932570683873287	-2.192596633353469e-06	-0.02159302934602165	0.0	0.0	0.0	0.056183754569448754	0.0	0.0	0.0	-0.03419131343695007	86.01302296481778	0.05652059171552873
256	640.24	nan	nan	1	1	0.001500000000000045	0.001500000000000028	0.0014999999999998368	0.9785452518177596	-1.8417884405097506e-19	-2.2336733157546363e-18	-1.54620782323589e-19	1.0580930400000008	-4.562817409060199e-18	5.274643569141979e-20	2.694377923898039e-19	0.9662951882143618	-2.1288234774285984e-06	0.2515851775333022	-1.3917206646407148	0.27203700897166716	100.45299007718091	1.0295906406780806	-1.3742982048590324	0.9402655955280544	-2.5324098312249633e-06	1599.565890624997	-2.0821210581107384e-06	0.2660690258937731	-1.3441486623472956	0.26606902402747407	106.23610452732055	0.9943970206047126	-1.344148663712282	0.9943970210664035	-2.4458466225581844e-06	-0.02168824710621906	0.0	0.0	0.0	0.056468269078162915	0.0	0.0	0.0	-0.034285913587366906	106.27657054845945	0.05677140104379268
260	643.25	nan	nan	1	1	0.001500000000000045	0.001500000000000028	0.0014999999999998368	0.9784520395708615	6.31276714929685e-20	-2.0036733773889925e-18	-8.674972632599642e-20	1.058394040000019	-5.350334433308623e-19	5.139118297581291e-20	2.908778903507048e-19	0.9662036939309959	-3.2079222334542857e-06	0.2505008338049122	-1.3861079432781687	0.270967381922534	119.61472557476874	1.0305734001007723	-1.3687565294569704	0.9408063455226657	-4.736454495049696e-06	1599.565890624997	-3.1369511262758428e-06	0.264972583032704	-1.3384745685153334	0.2649725810190152	126.52501919006784	0.9951579122769946	-1.3384745714542476	0.9951579151263126	-4.573687004174116e-06	-0.02178350758243824	0.0	0.0	0.0	0.05675270266142617	0.0	0.0	0.0	-0.03438060371555205	126.55883077994385	0.05702222311745476
264	646.26	nan	nan	1	1	0.001500000000000045	0.001500000000000028	0.0014999999999998368	0.9783588160913966	-9.427137889761462e-20	-3.236756836947491e-18	-4.3097036356298803e-20	1.058695039999991	-7.549435252288128e-19	1.734723475976807e-21	4.4086370838691826e-20	0.9661120007589659	-1.3794459043867724e-05	0.2491715246008603	-1.3800854354747571	0.2696318163740112	138.76236529524894	1.0306386239368162	-1.3628099173582056	0.9405091488226933	-2.739411154615587e-05	1599.565890624997	-1.3486719308081634e-05	0.26361660937804166	-1.3324070789662505	0.26361661681704474	146.8067601504914	0.9950327444163268	-1.3324070749883292	0.995032772299417	-2.6447716357163702e-05	-0.021878788615109956	0.0	0.0	0.0	0.05703705536518743	0.0	0.0	0.0	-0.03447550867580303	146.83574280846136	0.057273102402759686
268	649.2700000000001	nan	nan	1	1	0.001500000000000045	0.001500000000000028	0.0014999999999998368	0.9782656640051351	-1.6591003744459433e-19	-7.98108324220892e-19	-3.865180744910823e-20	1.0589960400000082	1.2264359449884466e-19	-6.906367838732663e-20	4.0576266305270005e-19	0.9660193713037155	-7.429054708551374e-05	0.24765288336802677	-1.3728071836993738	0.26809020888042273	157.7556267445583	1.0283620237316387	-1.355621877132448	0.9380749305202667	-0.00016545776090843377	1599.565890624997	-7.261952186887617e-05	0.26206000375126937	-1.3251297260935513	0.2620600271554602	166.9330054802026	0.9926471124374101	-1.3251297293453956	0.9926471134430206	-0.00015971142924952667	-0.02197400574775798	0.0	0.0	0.0	0.057321327235515376	0.0	0.0	0.0	-0.03457139186124339	166.95836930202066	0.0575243248892081
272	652.2800000000001	nan	nan	1	1	0.001500000000000045	0.001500000000000028	0.0014999999999998368	0.9781730664533514	-1.4070233693430633e-19	3.0037143562353096e-18	3.930232875259954e-22	1.0592970400000077	-1.4070369218702194e-18	-7.340048707726866e-20	-2.364644938190885e-19	0.9659203122459442	-0.00035527778900006155	0.2472048058898158	-1.365981018523256	0.2677068524138745	175.52754594418536	1.021696064366324	-1.3488706895761717	0.931633527594933	-0.0007906143222587042	1599.565890624997	-0.00034722341153776526	0.26163745145927103	-1.3182907512710405	0.26163776477218875	185.775432708239	0.9860257602409835	-1.3182909178649767	0.9860254171700576	-0.0007630117364169854	-0.022068665039062383	0.0	0.0	0.0	0.05760551831829495	0.0	0.0	0.0	-0.03467394067133517	185.79842148699348	0.05777805623215288
276	655.2900000000001	nan	nan	1	1	0.001500000000000045	0.001500000000000028	0.0014999999999998368	0.9780820813891711	-2.3649159887340065e-19	-4.294097900609667e-18	4.167402100491158e-20	1.0595980400000042	8.395180709462602e-19	-1.430604766594623e-19	-2.6575150500335323e-19	0.9657932276012535	0.0012450555796107413	0.25012280980910767	-1.3778006425402025	0.2709701545797076	187.69948340096988	1.0199659058480168	-1.3604916594967835	0.9296690273159293	0.0027332451712639362	1599.565890624997	0.0012166437708895192	0.2647852814664964	-1.3294436501200535	0.26478669391565657	198.70263164472115	0.984167923139162	-1.3294456327735962	0.9841672387112642	0.002637315824195597	-0.022161684668272123	0.0	0.0	0.0	0.05788962865944682	0.0	0.0	0.0	-0.034805517783833353	198.72188706167927	0.058043028972742765
280	658.3000000000001	nan	nan	1	1	0.001500000000000045	0.001500000000000028	0.0014999999999998368	0.977990852915201	2.3567844724403653e-19	1.190060962101558e-18	1.4766833589252571e-19	1.059899040000002	4.789056521140034e-19	4.24465150528075e-20	3.9086843570818043e-19	0.9656311767020886	0.0014317712062957627	0.256097039325708	-1.407623803075172	0.27754710305154895	192.38731359848651	1.0313047868964011	-1.3898359869917714	0.9395797065851059	0.003206364415290759	1599.565890624997	0.0013989359999802033	0.2711805178611993	-1.3579610410553573	0.27118203833247234	203.7184477763907	0.9949190394476587	-1.3579624926953409	0.9949186139538683	0.0030932397916821576	-0.022254961838500557	0.0	0.0	0.0	0.058173658304838914	0.0	0.0	0.0	-0.03497332233179756	203.7376087552157	0.05832262689084835
284	661.3100000000001	nan	nan	1	1	0.001500000000000045	0.001500000000000028	0.0014999999999998368	0.9778976557320697	4.4642024452090646e-20	-4.858032108100846e-18	-3.2485407593096924e-20	1.0602000400000164	4.693734821387824e-18	2.9175880461584923e-19	2.5248358091756183e-19	0.9654561974232405	0.0005935852892522287	0.26243781014545775	-1.4329371282096781	0.28452574407451925	193.88718603159958	1.0406945901190086	-1.4147068009181385	0.9476934956477464	0.0007323413797072296	1599.565890624997	0.0005799128582732074	0.277971599125524	-1.382120518292239	0.27797207997931206	205.36343875632852	1.0037881760215936	-1.382120951097834	1.0037878167023766	0.0007063701730950605	-0.02235026091387207	0.0	0.0	0.0	0.058457607300314095	0.0	0.0	0.0	-0.0351545459073554	205.3846712195798	0.05860810809984079
288	664.32	nan	nan	1	1	0.001500000000000045	0.001500000000000028	0.0014999999999998368	0.9778027477550568	-1.2148485342700078e-19	1.1954684204368293e-19	-1.6399913111558863e-19	1.060501040000009	2.588207426157396e-18	-9.540979117872439e-20	1.710057876552762e-19	0.9652790914189309	0.00023019382606700658	0.2675157326747721	-1.4505412348730162	0.29014124496275495	194.54092777329265	1.0447945710254878	-1.431962846125085	0.9509826905965769	2.1152034308752803e-05	1599.565890624997	0.00022486904396143794	0.28342958151530695	-1.39883898372644	0.2834297751737463	206.11368608147552	1.0075545188235469	-1.3988390640099808	1.0075542971963194	2.039810345604772e-05	-0.022447318701371743	0.0	0.0	0.0	0.0587414756916224	0.0	0.0	0.0	-0.0353380055518029	206.13577511890236	0.05889489495608213
292	667.33	nan	nan	1	1	0.001500000000000045	0.001500000000000028	0.0014999999999998368	0.9777065884410129	-1.3590474232105799e-19	-5.6085778382675145e-19	7.44169266139738e-20	1.060802040000011	5.658383375566067e-18	-1.0104764247564902e-19	2.2150250383878857e-19	0.9651022537681415	0.00011291949358792641	0.27121957606052305	-1.4631876327367064	0.294270647276647	194.95786183440774	1.046038958733142	-1.44432458569533	0.9516709127109103	-8.183584731447083e-05	1599.565890624997	0.00011029637667100462	0.2874346767615394	-1.410772981647652	0.2874347477477134	206.61358893205022	1.0085675054342873	-1.410772962907414	1.0085673945503775	-7.890430436837384e-05	-0.022545665778873812	0.0	0.0	0.0	0.059025263524546075	0.0	0.0	0.0	-0.03552122080274229	206.63600598047648	0.05918186515451268
296	670.34	nan	nan	1	1	0.001500000000000045	0.001500000000000028	0.0014999999999998368	0.9776095040602278	-2.5516698129446346e-19	-4.231397133722114e-18	1.1413938370841149e-19	1.0611030400000168	-3.9057705637432496e-19	1.3791051634015617e-19	-4.264980296014853e-20	0.964926075142419	6.576640309512466e-05	0.27383567078739407	-1.4728652321555313	0.2972228446445708	195.29203723372746	1.0461775289561843	-1.4537563494216417	0.9513533385969883	-8.497713760051254e-05	1599.565890624997	6.423215438797467e-05	0.2902889889031401	-1.4198420586804539	0.2902890039041303	207.0260892834086	1.0085151200727938	-1.4198420148275162	1.0085150629092536	-8.191795919773838e-05	-0.022644968782860885	0.0	0.0	0.0	0.059308970844785286	0.0	0.0	0.0	-0.03570378664757762	207.0486833351581	0.05946876870503501
300	673.35	nan	nan	1	1	0.001500000000000045	0.001500000000000028	0.0014999999999998368	0.9775117163901951	8.646512325571898e-20	-5.6530911137116226e-18	-6.919920365888732e-20	1.0614040399999833	1.1376126820075716e-18	1.0614339268633088e-19	-5.053330800683375e-19	0.9647505494629312	4.152961358994961e-05	0.2756697612723023	-1.480667289205122	0.29932837123957406	195.58995263478434	1.0460204821045325	-1.4613375061781064	0.9507678163688565	-7.462301114082259e-05	1599.565890624997	4.055665415235095e-05	0.29231568822494824	-1.4271012095306712	0.2923156798474353	207.4003740941554	1.0081786138509299	-1.4271011626329013	1.008178580419142	-7.19233755174398e-05	-0.022745001117522756	0.0	0.0	0.0	0.05959259769797266	0.0	0.0	0.0	-0.03588570902538382	207.42308731404418	0.059755549138470136
304	676.36	nan	nan	1	1	0.001500000000000045	0.001500000000000028	0.0014999999999998368	0.9774133798770069	1.1950618446221472e-19	-3.489931596750012e-18	-5.828941929825193e-20	1.06170503999999	2.4457161556384886e-18	1.1254018550399536e-19	1.1862527019707026e-19	0.9645756025877662	2.719386932687512e-05	0.2769616001160207	-1.4872145240714087	0.3008466182652272	195.86895831341752	1.0459059656129661	-1.4676807487482737	0.9502218756745474	-6.409026199836138e-05	1599.565890624997	2.6554055241493407e-05	0.29376835196075307	-1.4331493771683348	0.29376833523042245	207.75479727116772	1.0078838385005553	-1.4331493326922162	1.007883816012877	-6.176036985844876e-05	-0.022845604985628844	0.0	0.0	0.0	0.05987614412981475	0.0	0.0	0.0	-0.03606706444365638	207.7776004376756	0.06004219634425858
308	679.37	nan	nan	1	1	0.001500000000000045	0.001500000000000028	0.0014999999999998368	0.9773146053144091	1.604890265821668e-19	3.8846963840155626e-19	7.125918778660978e-20	1.0620060400000069	4.4805061353778154e-18	4.1579153314819096e-20	1.517611990936585e-19	0.9644011596284005	1.808453115377584e-05	0.2778774331117054	-1.4928852961877102	0.301957519431958	196.1368182590396	1.0459613023927328	-1.4731594747299064	0.9498310166728218	-5.537928692331363e-05	1599.565890624997	1.7657228751649866e-05	0.2948228671969133	-1.4383516132393988	0.2948228487957123	208.09757192036653	1.0077533287550073	-1.4383515730534224	1.007753312502599	-5.335633413337609e-05	-0.02294666719318943	0.0	0.0	0.0	0.06015961018587822	0.0	0.0	0.0	-0.03624793024075435	208.12044804821173	0.06032871214268974
312	682.3800000000001	nan	nan	1	1	0.001500000000000045	0.001500000000000028	0.0014999999999998368	0.9772154744789	3.1783386686412565e-19	3.862890367821448e-18	7.296680620827445e-20	1.0623070399999979	-5.277015261394291e-19	-1.0191500421363741e-19	1.775652107988135e-19	0.9642271571965333	1.2041523422251289e-05	0.278526379536256	-1.4979244641036904	0.30277919642475815	196.3975053308977	1.0462212743239256	-1.478015289155335	0.949626534508762	-4.848329495982171e-05	1599.565890624997	1.175579532253218e-05	0.2955946975587953	-1.4429441394031395	0.2955946798653886	208.43290063313967	1.0078204158364634	-1.4429441037987258	1.0078204036877767	-4.670374775078464e-05	-0.023048104194972014	0.0	0.0	0.0	0.060442995911682236	0.0	0.0	0.0	-0.03642837188502647	208.45583908458744	0.06061510127074512
316	685.3900000000001	nan	nan	1	1	0.001500000000000045	0.001500000000000028	0.0014999999999998368	0.9771160493234623	4.3639137442541555e-21	3.3668678739093296e-18	-3.6944189027443563e-20	1.0626080400000135	-4.7358696283160415e-18	4.109126233720062e-20	-1.2218958483911635e-19	0.9640535437097701	7.891176643974873e-06	0.2789795854777908	-1.5024977526131233	0.30338866617019145	196.65325534301815	1.0466816628532825	-1.4824116868569244	0.9496042931711824	-4.303800332074359e-05	1599.565890624997	7.703135055649251e-06	0.2961591279094021	-1.447086815888839	0.2961591122976824	208.76314839735713	1.0080808654211644	-1.4470867840296142	1.0080808559628112	-4.145079556978528e-05	-0.023149852700087504	0.0	0.0	0.0	0.06072630135279086	0.0	0.0	0.0	-0.036608442646664956	208.78614217999504	0.06090136880689757
320	688.4000000000001	nan	nan	1	1	0.001500000000000045	0.001500000000000028	0.0014999999999998368	0.977016377881964	-1.9705374484924043e-20	-2.025818206762009e-18	-1.8671316662915992e-19	1.0629090399999856	4.580218853928592e-18	1.8046545161021222e-19	-3.512543988309913e-19	0.9638802774064033	4.941381601970552e-06	0.2792844758657968	-1.5067211237151672	0.30383726078671913	196.9054167340547	1.0473236248433178	-1.4864630514896784	0.9497469116777661	-3.872788767692445e-05	1599.565890624997	4.823132569766834e-06	0.29656634038906854	-1.4508914863269096	0.29656632627276547	209.0897414278894	1.0085163782448348	-1.4508914580754662	1.008516370338612	-3.729287499157519e-05	-0.02325186363874965	0.0	0.0	0.0	0.06100952655461684	0.0	0.0	0.0	-0.03678818564607277	209.11278580772498	0.06118751942910801
324	763.4100000000001	nan	nan	1	1	0.001500000000000045	0.001500000000000028	0.0014999999999998368	0.9745019365901886	5.090329199819444e-19	-1.0918593503286833e-18	-1.858593574183276e-19	1.0704100399999956	1.2425498997770123e-18	2.5348646792711095e-19	-3.5266386165522243e-19	0.9596312719295668	0.019861029425168104	0.2723812828419569	-1.5843405167213862	0.2991893362938009	202.78140362110008	1.08400111223814	-1.5601621456683517	0.9718084802668274	0.015225363026521829	1599.565890624997	0.019335134114501214	0.2912662486541167	-1.518852667343058	0.2912671754837947	216.8408126772952	1.03919451869656	-1.5188509961441856	1.0391867146826432	0.014596030966849097	-0.02582877277103841	0.0	0.0	0.0	0.0680417900189852	0.0	0.0	0.0	-0.04120616004241501	216.8478629795099	0.06828577400312738
328	838.4200000000001	nan	nan	1	1	0.001500000000000045	0.001500000000000028	0.0014999999999998368	0.9719836723451732	2.242130092700023e-19	-3.713270468018448e-18	3.1504204626997543e-19	1.077911040000013	-2.9818270248782584e-19	4.5861751896136836e-20	3.918848752448856e-19	0.955454385974523	0.01746663453102077	0.2600119804556078	-1.657600944595644	0.28835126090652385	208.2623465851445	1.1303580837448848	-1.629409901093282	1.0019337945698201	0.012416054439012468	1599.565890624997	0.016959629282208465	0.27997833806300465	-1.5821151743711632	0.2799812682487161	224.25484231856538	1.0788825154791073	-1.5821129034459187	1.078872435651909	0.011850637632552716	-0.028416272661578895	0.0	0.0	0.0	0.07502494589049649	0.0	0.0	0.0	-0.045568254824867156	224.2654900757881	0.07533185285631387
332	913.4300000000001	nan	nan	1	1	0.001500000000000045	0.001500000000000028	0.0014999999999998368	0.9694779976720368	-4.856141530562574e-19	-6.788630259064316e-18	-7.726295731674825e-20	1.08541204000001	3.166900335721534e-18	0.0	2.2136697856722786e-19	0.95133473415346	0.016134968456867082	0.24639451898263182	-1.7321466248979809	0.2758637606962929	213.4356537255148	1.1783382674728025	-1.6997270160062516	1.0327709922041837	0.010982691392240512	1599.565890624997	0.015625723404119732	0.2671528010345291	-1.6460842518545926	0.26715706531337874	231.41721239921904	1.1197920762388376	-1.6460809505530636	1.1197800362353274	0.010437012135049982	-0.030997499067489363	0.0	0.0	0.0	0.08195967527037737	0.0	0.0	0.0	-0.04988929713368736	231.43033435686002	0.08232776606356522
336	988.44	nan	nan	1	1	0.001500000000000045	0.001500000000000028	0.0014999999999998368	0.966989015266408	1.566130038155311e-19	-4.8964162531386215e-18	3.519591302431069e-20	1.0929130400000215	7.655307594431337e-18	-2.5175174445113414e-19	1.7455654977016622e-20	0.9472671154181977	0.015055513788438288	0.23336376756790364	-1.807305677855587	0.2637571603316192	218.3294614182677	1.2272432091816445	-1.7704404439908383	1.0636841818400717	0.009931599780094693	1599.565890624997	0.0145424477562062	0.25476480194198564	-1.7101116460721035	0.2547687696578935	238.35174832845644	1.1612440166041087	-1.710106876723332	1.16123120885275	0.009397494101949143	-0.033568143193768836	0.0	0.0	0.0	0.08884664518756974	0.0	0.0	0.0	-0.054174160713329665	238.36707726771127	0.08927478092696241
340	1063.45	nan	nan	1	1	0.001500000000000045	0.001500000000000028	0.0014999999999998368	0.9645182206528766	-1.5991982044161191e-19	3.520628070758508e-18	-3.40371719524668e-20	1.1004140400000055	-6.950061186283828e-18	-3.8250652645288597e-19	-2.712673835558732e-19	0.9432489256225146	0.014122830623048088	0.22165486969430312	-1.8828033302408462	0.25289014303688095	222.9664493313166	1.2774759732530547	-1.84127845061166	1.0950098425569836	0.009040424988293558	1599.565890624997	0.013606277011140212	0.24363547317554954	-1.7739378436124031	0.24364048761805776	245.07711678081705	1.2036110924922225	-1.7739322464704466	1.2035974733656458	0.008517698981880227	-0.03612655552098476	0.0	0.0	0.0	0.09568650898362041	0.0	0.0	0.0	-0.058425059155048226	245.0945446883226	0.09617378098765109
344	1138.46	nan	nan	1	1	0.001500000000000045	0.001500000000000028	0.0014999999999998368	0.9620662197937719	8.890457814381137e-21	-1.6411009243167893e-18	2.6667985311354393e-20	1.1079150399999675	8.788000709081255e-19	-3.544256901855114e-19	7.669104067076216e-19	0.939278458817399	0.013286006627192736	0.21224454916454097	-1.9592566522840509	0.24442566740651664	227.3662204615502	1.3294042325829616	-1.91284183866358	1.127041313446266	0.008227974340226086	1599.565890624997	0.01276714069317243	0.23487522936489472	-1.8381455878449253	0.23487997352150486	251.60925635520462	1.247227371531958	-1.838138544054354	1.2472126518273332	0.007719363725398825	-0.03867199514102646	0.0	0.0	0.0	0.10247990668474012	0.0	0.0	0.0	-0.06264329547427779	251.6287580703181	0.10302551412144434
348	1213.4700000000003	nan	nan	1	1	0.001500000000000045	0.001500000000000028	0.0014999999999998368	0.9596332105166027	1.4072944198861848e-19	2.612028533733029e-18	-2.705778987368082e-19	1.1154160399999877	2.8977688304454573e-17	-3.929148673087468e-19	2.4023209636847563e-19	0.9353544298351019	0.012843113008998585	0.20484667088994807	-2.03721374154359	0.2381066236694054	231.54575475283247	1.3829873000867017	-1.985662768405123	1.1597151021209795	0.007077242579935073	1599.565890624997	0.012309976139332641	0.22821670646421618	-1.9032438804068583	0.2282224608577188	257.9617687506953	1.2920402321535678	-1.9032349308693186	1.2920217833808567	0.0066118337785265055	-0.04120413990704212	0.0	0.0	0.0	0.10922746536121078	0.0	0.0	0.0	-0.06682975217972682	257.98338007109857	0.10983066128888341
352	1288.48	nan	nan	1	1	0.001500000000000045	0.001500000000000028	0.0014999999999998368	0.957219249473359	9.41521166586412e-19	-4.826695277184226e-18	6.243162216856227e-20	1.1229170400000137	-1.4476809508112697e-18	-2.3418766925686896e-20	1.3362791775883842e-20	0.9314757195664859	0.012259318024767187	0.19730715200075957	-2.116818302143921	0.2314673644833655	235.5213254338645	1.4388554175761437	-2.0598770032716307	1.1935353384645035	0.006525494014262666	1599.565890624997	0.011720525941295534	0.2212890200030612	-1.9693571584008067	0.22129446715630938	264.1479681125866	1.338622315215935	-1.9693462396479204	1.3386046208138223	0.006070917062685178	-0.04372281296065769	0.0	0.0	0.0	0.11592979947455033	0.0	0.0	0.0	-0.07098515523138567	264.1715487974853	0.11658987211226575
356	1363.4900000000002	nan	nan	1	1	0.001500000000000045	0.001500000000000028	0.0014999999999998368	0.9548243168751117	5.521841664468674e-19	1.963818783154783e-18	-1.7849864110668774e-19	1.1304180400000041	-3.9984291919092916e-18	6.524728674017765e-19	1.147736419793155e-18	0.9276412906529572	0.011586055222327996	0.18846761356196476	-2.197096311905857	0.22313159694739634	239.30545471630444	1.495710429809291	-2.134533909107356	1.227392336033321	0.0058726441140515345	1599.565890624997	0.011048833855039525	0.21278116830891727	-2.035572357198425	0.21278544726166643	270.1774234568449	1.3857502690230847	-2.035559995797814	1.385733974652969	0.005440904869508316	-0.04622791681169588	0.0	0.0	0.0	0.12258751121342451	0.0	0.0	0.0	-0.0751101611665323	270.2030946253047	0.12330378244421811
360	1438.5	nan	nan	1	1	0.001500000000000045	0.001500000000000028	0.0014999999999998368	0.9524483108007575	-1.6349768761081407e-19	-2.5175852071471216e-19	-1.9196138277034757e-19	1.137919039999999	-3.1610998540987366e-18	2.604253618310182e-19	1.4812912181583204e-19	0.9238502146841352	0.010975506761646976	0.1772976527085105	-2.276721262650266	0.21182457365199864	242.91009772060542	1.5505480458343062	-2.208347023476237	1.258840598991549	0.0053399427783181	1599.565890624997	0.010440268150724585	0.2014930198872354	-2.1006663728624346	0.20149460046507395	276.05943114936025	1.4306468660990557	-2.1006533543865875	1.4306314267142473	0.004927014304054304	-0.04871944032962631	0.0	0.0	0.0	0.12920119081839254	0.0	0.0	0.0	-0.07920532580114042	276.0870652983351	0.12997300264164205
364	1513.5100000000002	nan	nan	1	1	0.001500000000000045	0.001500000000000028	0.0014999999999998368	0.9500910798846334	1.8062808193608503e-19	-7.916844263489153e-19	-1.7379760824942636e-19	1.1454200400000105	-1.4673158521549824e-17	-5.552199325298269e-19	5.710492842481152e-19	0.9201016296276918	0.010394413334848454	0.1633898981538689	-2.354441336281929	0.19698226676694977	246.34588933368903	1.603584937749338	-2.280109042601315	1.2881265099766956	0.004909074084730362	1599.565890624997	0.009862781356077243	0.18690639521500513	-2.163504765458423	0.18690742474454727	281.8021350869183	1.4735400713431102	-2.163490735912634	1.4735248952410744	0.004510966152622295	-0.05119742542035485	0.0	0.0	0.0	0.1357714168958163	0.0	0.0	0.0	-0.08327114805345753	281.83160526103137	0.13659812666695878
368	1588.5200000000002	nan	nan	1	1	0.001500000000000045	0.001500000000000028	0.0014999999999998368	0.9477524661608547	7.353059133796691e-19	2.5023657191508563e-18	-9.657530851414631e-20	1.152921040000009	1.2780900469910871e-17	3.3816265759822886e-19	-2.431323371798744e-19	0.916394700547974	0.00976145705332745	0.14804155856053716	-2.4297765112415455	0.1800915223433481	249.62247362868152	1.6552874834012792	-2.3493680204182823	1.3156857367582995	0.0045176874309032335	1599.565890624997	0.009239160551612682	0.17045359152795536	-2.2236777030338546	0.17045554570640215	287.4128560238167	1.5148824807223324	-2.2236627397822604	1.5148675907843163	0.004134487580605783	-0.05366192246736404	0.0	0.0	0.0	0.14229875672162054	0.0	0.0	0.0	-0.0873081113222086	287.4441022960488	0.14317973759933147
372	1663.5300000000002	nan	nan	1	1	0.001500000000000045	0.001500000000000028	0.0014999999999998368	0.9454320241330817	6.226573076584252e-19	-6.593602617024907e-18	1.1792053878495468e-19	1.160422040000003	1.7648534543501792e-17	3.859759734048396e-19	7.6306148899529805e-19	0.9127286144276995	-0.024495141120449797	0.13201117725232242	-2.5031685286780165	0.1620320560199242	252.73515265901844	1.7054084780696435	-2.4166089845671115	1.3413887785759429	-0.013348406447581989	1599.565890624997	-0.023127160319993373	0.1529814345568463	-2.281622612245482	0.1529830474592559	292.8826711606347	1.5544692664915516	-2.2816485580546733	1.5544712494516713	-0.012166989812839736	-0.05611328756323052	0.0	0.0	0.0	0.14878376653527542	0.0	0.0	0.0	-0.09131668854536068	292.93947060706273	0.14971848453301598
376	1738.5400000000002	nan	nan	1	1	0.001500000000000045	0.001500000000000028	0.0014999999999998368	0.9431306011623807	-3.027092465579528e-19	-8.323040607410847e-18	7.13811605310144e-20	1.1679230400000076	-1.4715333986059508e-17	0.0	3.0753394622551334e-19	0.9091024146542814	0.004158370431340911	0.11556360579446613	-2.5749683177528024	0.14311083356084592	255.73137229424924	1.7536268272570041	-2.482042596016995	1.3650066599080868	0.003218139077966388	1599.565890624997	0.00391648201707734	0.13478340899138752	-2.3376841246179776	0.13478621381723838	298.26298605780545	1.5920295276333714	-2.3376645619774346	1.5920258774685059	0.0029215864838058065	-0.058550510538090496	0.0	0.0	0.0	0.1552269918242142	0.0	0.0	0.0	-0.0952975237647033	298.29988542284093	0.156214735688769
380	1813.5500000000002	nan	nan	1	1	0.001500000000000045	0.001500000000000028	0.0014999999999998368	0.9408472520791248	-8.164042358815848e-20	-6.396304926686858e-18	-1.8594067258126403e-20	1.1754240399999882	-3.2483781289838197e-18	-5.249706919174812e-19	-2.990229591715021e-19	0.9055152899894712	0.0017028143945205542	0.09906496633732217	-2.644585460109096	0.12376138401819882	258.57904962604306	1.8013860723368968	-2.5452570179341927	1.3877409240917455	0.0008963608046449516	1599.565890624997	0.0015998414920877534	0.11628004402834691	-2.391354249949942	0.11627726304619777	303.51378884985894	1.6288950782122829	-2.3913397716285685	1.6288964880264944	0.0008105301386584162	-0.06097447767478919	0.0	0.0	0.0	0.1616289675991282	0.0	0.0	0.0	-0.09925111611434886	303.55402242609296	0.16266927113789398
384	1888.5600000000002	nan	nan	1	1	0.001500000000000045	0.001500000000000028	0.0014999999999998368	0.9385820239729711	3.5648567431323384e-19	1.885701339000845e-17	-1.039004494420015e-18	1.182925040000017	-6.383999232029147e-18	-7.600257229123386e-19	3.8272336688738304e-19	0.901966534332141	-0.005124131213691808	0.08264646763757257	-2.7119652399097283	0.10415955554507103	261.29740711918043	1.8490713762390416	-2.6061602966457214	1.409899846848744	-0.0030677341218191367	1599.565890624997	-0.004802557718178302	0.09762513329570992	-2.4426129853857805	0.09762284698494149	308.65437966082453	1.6654216979038345	-2.442606312270446	1.6654270220695464	-0.002763046919405164	-0.06338502776242191	0.0	0.0	0.0	0.1679902186606808	0.0	0.0	0.0	-0.10317786123513391	308.70067993148376	0.16908255827489288
388	1963.5700000000002	nan	nan	1	1	0.001500000000000045	0.001500000000000028	0.0014999999999998368	0.9363348156630221	5.9761223747401e-19	-2.5242394979807514e-18	-6.548852172355569e-19	1.1904260400000037	8.811094215355198e-18	6.372940369869795e-19	-1.3579632210380942e-19	0.8984554246817889	-0.00816878941484972	0.06655629493905446	-2.777085930221901	0.084615663731962	263.89575326045264	1.8962608672091668	-2.664733906968924	1.4311796820587204	-0.005569203235708029	1599.565890624997	-0.00763763231247863	0.07911547327092207	-2.491470376786041	0.07911372109632847	313.6929036164855	1.701235718310215	-2.4914655964843124	1.7012434058339136	-0.004996426193754406	-0.06578215742548107	0.0	0.0	0.0	0.17431125985744012	0.0	0.0	0.0	-0.10707818480521906	313.7427683671167	0.17545511009783715
392	2038.5800000000002	nan	nan	1	1	0.001500000000000045	0.001500000000000028	0.0014999999999998368	0.934105387432278	-2.905661822261152e-20	-2.642959635867914e-18	2.3147716382565517e-19	1.1979270400000246	1.8986656864783403e-17	7.892991815694473e-19	2.555464520548334e-19	0.8949813012021717	-0.01081515355056625	0.05160628715347053	-2.8396483111463935	0.06618262250716216	266.37834205448047	1.9427435046649155	-2.720710276473778	1.4514459789269236	-0.008022203522029491	1599.565890624997	-0.01008761177753075	0.06172950238194459	-2.537688498353053	0.06173047836534564	318.6317677039995	1.7361578994435183	-2.537686487749301	1.736165164275107	-0.007169146097913419	-0.06816601260869531	0.0	0.0	0.0	0.18059259633620217	0.0	0.0	0.0	-0.11095245343707327	318.68491617597095	0.1817874467553689
396	2113.59	nan	nan	1	1	0.001500000000000045	0.001500000000000028	0.0014999999999998368	0.931893512935526	-2.362259693411417e-18	-1.0252757844109173e-18	8.03231179485886e-19	1.205428040000027	1.9876570007959505e-17	-2.0166160408230384e-19	-4.732542482899227e-19	0.8915435349153368	-0.013034537530996907	0.038558555452006434	-2.8994478239949926	0.0498811481718123	268.7504016711142	1.9885876808138128	-2.773906374069219	1.4707774107100642	-0.010313490364608737	1599.565890624997	-0.012128630970679203	0.04641003667848582	-2.581117170135108	0.046414384640112515	323.47466995849794	1.770260449175977	-2.581118561229633	1.7702642844570216	-0.009181171271237396	-0.07053672733126412	0.0	0.0	0.0	0.18683472378399515	0.0	0.0	0.0	-0.1148010095394087	323.53075566811333	0.1880800693239889
400	2188.6000000000004	nan	nan	1	1	0.001500000000000045	0.001500000000000028	0.0014999999999998368	0.9296989414863128	4.206704429243757e-19	-2.6691973284420633e-18	2.2632720350634904e-20	1.2129290399999988	8.145285661231849e-18	-1.1345091532888319e-18	5.258380536554696e-19	0.888141539315921	-0.014803690797391604	0.02701563414559254	-2.9562893951566167	0.03525233783198263	271.0171262268034	2.0345164398008557	-2.8241508752899582	1.4897312347453362	-0.01234699633904426	1599.565890624997	-0.013742078606947298	0.0327182937214764	-2.6216168208585677	0.032724298568241314	328.2254227922924	1.8041949917466196	-2.6216234760153103	1.804194705990552	-0.010949230255518588	-0.07289446407500885	0.0	0.0	0.0	0.19303812866294634	0.0	0.0	0.0	-0.11862415756984926	328.2840536586429	0.19433346449813535
