6	header
postResults v2.0.3	--cr f,p,texture --time RVE_1_40_D_tensionX.spectralOut
addCauchy v2.0.3	RVE_1_40_D_tensionX.txt
addStrainTensors v2.0.3	--left --logarithmic RVE_1_40_D_tensionX.txt
addMises v2.0.3	-s Cauchy RVE_1_40_D_tensionX.txt
addMises v2.0.3	-e ln(V) RVE_1_40_D_tensionX.txt
inc	time	elem	node	ip	grain	1_pos	2_pos	3_pos	1_f	2_f	3_f	4_f	5_f	6_f	7_f	8_f	9_f	1_p	2_p	3_p	4_p	5_p	6_p	7_p	8_p	9_p	texture	1_Cauchy	2_Cauchy	3_Cauchy	4_Cauchy	5_Cauchy	6_Cauchy	7_Cauchy	8_Cauchy	9_Cauchy	1_ln(V)	2_ln(V)	3_ln(V)	4_ln(V)	5_ln(V)	6_ln(V)	7_ln(V)	8_ln(V)	9_ln(V)	Mises(Cauchy)	Mises(ln(V))
0	0.0	nan	nan	1	1	0.001500000000000045	0.001500000000000028	0.0014999999999998368	1.0	0.0	0.0	0.0	1.0	0.0	0.0	0.0	1.0	2.7716487604837245e-12	-1.1931922846408178e-15	-2.8066754232013122e-14	-1.1931922846409345e-15	2.7018729684354e-12	-1.6832583398957215e-14	-2.806675423201312e-14	-1.6832583398957266e-14	2.699121388890668e-12	1599.565890624997	2.7716487604837245e-12	-1.1931922846408178e-15	-2.8066754232013122e-14	-1.1931922846409345e-15	2.7018729684354e-12	-1.6832583398957215e-14	-2.806675423201312e-14	-1.6832583398957266e-14	2.699121388890668e-12	0.0	0.0	0.0	0.0	0.0	0.0	0.0	0.0	0.0	9.102600058540028e-14	0.0
4	3.0	nan	nan	1	1	0.001500000000000045	0.001500000000000028	0.0014999999999998368	0.9998904999999916	-1.2786557908844702e-23	-1.927463176146563e-22	-1.1183481881716934e-23	1.0002964000000032	1.1483119786808142e-21	1.819797347616661e-24	3.957232050453684e-24	0.999907204565687	-0.8340781620707032	-0.000779160114971699	0.004406589433808639	-0.0007794764106987194	20.707817655875825	0.0008561134221165897	0.004406663052032172	0.0008557803254119669	-1.1321808970335066e-09	1599.565890624997	-0.8339083974499042	-0.0007793177594776013	0.004405766139109928	-0.0007793177594795632	20.712007389949665	0.000855953472193296	0.004405766139109575	0.0008559534721939545	-1.1319693686974743e-09	-0.0001095059955711033	0.0	0.0	0.0	0.00029635608220091454	0.0	0.0	0.0	-9.279974007564014e-05	21.141301580129717	0.0002651814385819811
8	6.0	nan	nan	1	1	0.001500000000000045	0.001500000000000028	0.0014999999999998368	0.9997809999999959	-2.820024144315782e-23	5.177356541193902e-22	-3.536362554786704e-23	1.000592800000015	-1.823106070066873e-21	-1.0680556069284694e-23	-2.9222636680273364e-23	0.9998143509175541	-1.6646804667966324	-0.0015581898509818481	0.008812081266697828	-0.0015594550665891645	41.435234477049036	0.0017139498722404454	0.008812375222069188	0.0017126164399951715	-1.3856871556063021e-09	1599.565890624997	-1.664003149515635	-0.0015588205629151358	0.008808789684698856	-0.0015588205629191768	41.4520063080469	0.0017133096595170418	0.00880878968469815	0.0017133096595185623	-1.385169559052258e-09	-0.0002190239840058061	0.0	0.0	0.0	0.0005926243635031607	0.0	0.0	0.0	-0.00018566631737015353	42.30856002548166	0.0005303294904263991
12	9.0	nan	nan	1	1	0.001500000000000045	0.001500000000000028	0.0014999999999998368	0.9996714999999948	-1.2543366808754111e-23	-9.234512009643993e-22	-1.7496524316721642e-23	1.0008891999999756	3.5054723219915235e-21	5.293955920339377e-25	-3.0175548745934447e-23	0.9997214388001953	-2.4917859217215863	-0.0023371723931626927	0.013216354691009688	-0.0023400193032044854	62.182183711111655	0.0025745427919501903	0.013217014916791229	0.0025715390117341994	-5.592838880100204e-08	1599.565890624997	-2.490265885579549	-0.002338591847537172	0.013208952289825196	-0.002338591847545904	62.219949334623905	0.0025731008059367835	0.013208952289826275	0.0025731008059390378	-5.5897063645073165e-08	-0.00032855396794947696	0.0	0.0	0.0	0.0008888048958562278	0.0	0.0	0.0	-0.0002786000051823728	63.50171887163452	0.0007954442790250264
16	12.0	nan	nan	1	1	0.001500000000000045	0.001500000000000028	0.0014999999999998368	0.999561999999995	-6.81927696988716e-23	1.9411083475312377e-21	2.858736196983264e-23	1.0011856000000123	-5.843733242666622e-22	-3.1234339930002323e-24	-6.659796547786936e-23	0.9996282529309375	-3.30338673496606	-0.0030849301857744323	0.01705512785296426	-0.0030899410701741865	82.89045989814741	0.004132378737701599	0.017056258300423215	0.004125950811329774	-4.280819337527449e-06	1599.565890624997	-3.300701903809785	-0.0030874297202299287	0.017042395807851624	-0.0030874297172137698	82.95762108108204	0.004129293821952828	0.01704239580796669	0.004129293822546741	-4.277623607457623e-06	-0.00043809595002347596	0.0	0.0	0.0	0.0011848977313506613	0.0	0.0	0.0	-0.00037181618413338163	84.65625315444824	0.0010605930952703858
20	15.0	nan	nan	1	1	0.001500000000000045	0.001500000000000028	0.0014999999999998368	0.9994524999999947	-3.0641416866924316e-22	5.358277484771501e-21	1.1509060170817805e-22	1.0014819999999889	6.019651397899499e-21	2.1281702799764297e-23	-9.804406364468527e-23	0.9995251204953147	-3.689044564897177	-0.0021353697746254283	-0.009667944928067374	-0.002139706606456106	101.06413092274147	0.033575506318307295	-0.009668648625943986	0.03350990133557555	0.003546230152540679	1599.565890624997	-3.6853355815348197	-0.002137554610892983	-0.00965892649845939	-0.0021375553350187295	101.16753623512005	0.033544186493614764	-0.009658927719552303	0.03354418750400883	0.0035429221664854877	-0.0005476499328582439	0.0	0.0	0.0	0.0014809029217688653	0.0	0.0	0.0	-0.000474992295666315	103.05797745516166	0.001328811659411347
24	18.0	nan	nan	1	1	0.001500000000000045	0.001500000000000028	0.0014999999999998368	0.9993429999999941	4.222459242062687e-22	1.217599273766216e-20	-1.079967007749233e-22	1.00177840000001	2.0129737991498448e-21	4.605741650695258e-24	5.041963618531222e-22	0.9993864437018081	-3.3177505768779705	0.009575199128987591	-0.14144654572933374	0.009598537331675835	110.85533242062421	0.14331798608932989	-0.1414526959406272	0.1429757810216137	0.008200580582972667	1599.565890624997	-3.3138940242458976	0.009587376565932936	-0.14128827014564999	0.009587379993728702	110.99631474406442	0.14315761640491162	-0.14128827135408792	0.14315761312083672	0.008191404313084825	-0.0006572159190836425	0.0	0.0	0.0	0.0017768205190851444	0.0	0.0	0.0	-0.0006137446008844864	112.68643860976532	0.0016083963532147155
28	21.0	nan	nan	1	1	0.001500000000000045	0.001500000000000028	0.0014999999999998368	0.9992335000000069	-9.749349222896997e-22	3.836445152175221e-20	-3.2017845406212553e-22	1.002074800000007	1.0567159533471024e-20	-8.99641634212673e-23	-3.134021904840911e-22	0.9992253591519527	-3.052008813073526	0.028599253907450734	-0.2851149535943303	0.028680576471279015	115.9430564598697	0.2947273411430325	-0.28511262373522994	0.2938892686712731	0.003317318348339092	1599.565890624997	-3.0480507608839957	0.02864338038362907	-0.284742877324259	0.028643381552963948	116.12194778813567	0.29434272066487777	-0.28474287033222406	0.29434271748693297	0.003312989233285221	-0.0007667939113163981	0.0	0.0	0.0	0.0020726505750585772	0.0	0.0	0.0	-0.0007749410373047763	117.67614019411963	0.0018956845352694715
32	24.0	nan	nan	1	1	0.001500000000000045	0.001500000000000028	0.0014999999999998368	0.9991240000000046	1.5246593050577406e-22	2.0118197167592107e-20	-6.860966872759833e-23	1.0023712000000171	2.9825724138718426e-20	-1.1649879398298833e-21	-5.0576337280554274e-21	0.9990558862213497	-2.9577224305809007	0.055879705385610844	-0.3980386834411529	0.056061322439141595	119.37990287484733	0.4452142922936169	-0.3980115453495321	0.44374174176532766	0.0012915491798706554	1599.565890624997	-2.953514123251649	0.05598155188035012	-0.39744524886686305	0.055981557255069925	119.59748499283124	0.44455052375802917	-0.397445246468304	0.4445505066050209	0.001289623613412881	-0.0008763839122165437	0.0	0.0	0.0	0.0023683931415035744	0.0	0.0	0.0	-0.0009445597347750519	121.10507942948578	0.0021862643345097925
36	27.0	nan	nan	1	1	0.001500000000000045	0.001500000000000028	0.0014999999999998368	0.9990144999999953	-1.204480850995615e-21	-4.394195172118497e-21	1.432332713807022e-21	1.0026675999999737	-2.4564802503321965e-20	-3.5024812368965317e-22	-1.8710957804847495e-21	0.9988826752640629	-2.9185278789237143	0.08715405427463381	-0.4883549806644591	0.08747275527478468	122.04325055455048	0.5740060944100707	-0.48829054683113615	0.5718392817725051	0.0005712520111714069	1599.565890624997	-2.914019032751942	0.08733761379980881	-0.4875361777533862	0.08733761824196644	122.30029196598058	0.5730436841149261	-0.48753618468209137	0.5730436611661225	0.0005702942185242079	-0.0009859859244083166	0.0	0.0	0.0	0.002664048270088481	0.0	0.0	0.0	-0.001117949408570863	123.78970599660174	0.002478515255530253
40	30.0	nan	nan	1	1	0.001500000000000045	0.001500000000000028	0.0014999999999998368	0.9989049999999934	-4.252105395216588e-22	1.2305249965413168e-19	-2.117582368135751e-22	1.0029640000000195	2.3646618788498304e-20	-1.4723550205647876e-21	-1.7211709488207383e-21	0.9987073816785706	-2.8674848367199264	0.1158818814347378	-0.5604605468156648	0.11635276662311338	124.21875724256948	0.6746730909205957	-0.560349684664688	0.6718097348218166	0.0004293789698533351	1599.565890624997	-2.8627111217643058	0.11615906052232552	-0.5594168124252529	0.11615906553181415	124.51587739084019	0.6734166608091807	-0.5594168289313963	0.6734166435725633	0.000428579346044127	-0.0010955999505104811	0.0	0.0	0.0	0.0029596160126424023	0.0	0.0	0.0	-0.0012934544731192418	125.98071073324496	0.0027717836807042776
44	33.0	nan	nan	1	1	0.001500000000000045	0.001500000000000028	0.0014999999999998368	0.998795499999995	-2.8392544391964146e-21	3.5824411471173376e-20	4.777265822514253e-22	1.0032603999999887	-4.093625530785308e-20	-3.8709405689521527e-22	1.3550833090174296e-20	0.9985307416547479	-2.7779227348516913	0.1398577644101431	-0.6165440086301985	0.1404829699171193	126.03626071239962	0.7478262245194692	-0.6163805940171918	0.7443007526231803	0.0004090521127739756	1599.565890624997	-2.772969237691154	0.14023246395849684	-0.6152814677643555	0.14023246547224838	126.37393041679042	0.7462948477551363	-0.6152814851456712	0.7462948439560676	0.0004082144677698761	-0.0012052259931611127	0.0	0.0	0.0	0.003255096420642369	0.0	0.0	0.0	-0.001470338763700236	127.79399747503027	0.0030657425599537754
48	36.0	nan	nan	1	1	0.001500000000000045	0.001500000000000028	0.0014999999999998368	0.9986859999999986	4.666304506423941e-21	1.177744256015533e-19	2.1446874224478885e-21	1.0035568000000041	4.430405830613618e-20	3.0704944337968386e-22	2.3395050003163775e-21	0.9983531836374756	-2.64910222934424	0.15913836340512444	-0.6605246419272629	0.1599145113001843	127.58643859142163	0.7987755039531006	-0.6603045335328664	0.7946337164656773	0.0003775254305423424	1599.565890624997	-2.6440675908613938	0.15961059568442582	-0.6590496056291913	0.15961059258249977	127.96504267792082	0.7969917357368181	-0.6590496198575473	0.7969917380206748	0.00037668236780380443	-0.0013148640549964872	0.0	0.0	0.0	0.003550489545806592	0.0	0.0	0.0	-0.0016481738551553163	129.3198720627371	0.0033601872381768725
52	39.0	nan	nan	1	1	0.001500000000000045	0.001500000000000028	0.0014999999999998368	0.9985765000000012	-1.3891340334970526e-22	9.711190388623191e-20	-2.659683454378503e-22	1.0038532	6.947364233379771e-20	9.613823951336309e-22	-7.24043763312976e-21	0.9981749885720227	-2.4911210288566186	0.17499576899920155	-0.696459209897999	0.17592048542296906	128.9397798588527	0.833730824544752	-0.6961791850213908	0.8290148973507555	0.0003368479182919827	1599.565890624997	-2.486096239436822	0.1755656398840876	-0.6947749261214529	0.17556563979979814	129.35967016171773	0.8317145696344423	-0.694774936186165	0.8317145709248014	0.00033603330133254064	-0.001424514138655638	0.0	0.0	0.0	0.0038457954396200786	0.0	0.0	0.0	-0.001826678790278648	130.63414082324272	0.003654977225852287
56	42.0	nan	nan	1	1	0.001500000000000045	0.001500000000000028	0.0014999999999998368	0.9984669999999907	3.574479037413147e-21	1.915044084953039e-19	-1.480613591800517e-21	1.0041495999999968	4.7654073612526935e-20	-4.114886057761391e-21	5.961417882775766e-21	0.9979963428585465	-2.3154710974287265	0.18857239731124173	-0.7268305044875896	0.18964562529127454	130.1481555212252	0.8573692343733126	-0.7264878988104244	0.8521154220014872	0.00029259809969150335	1599.565890624997	-2.310532038333004	0.18924109691393665	-0.7249382426581801	0.18924109812978288	130.60967598301832	0.8551371223941127	-0.7249382501585642	0.8551371221668731	0.0002918363372008188	-0.001534176246787251	0.0	0.0	0.0	0.00414101415360717	0.0	0.0	0.0	-0.0020056671477817283	131.7947048964911	0.003950014930247268
60	45.0	nan	nan	1	1	0.001500000000000045	0.001500000000000028	0.0014999999999998368	0.998357499999988	8.241630576784342e-22	-6.312936555886301e-21	6.691560283308973e-22	1.0044459999999908	-1.6557800052927062e-20	-1.0189806355469234e-21	3.7388034291804814e-21	0.9978173734823848	-2.1313485782921386	0.20015251132564615	-0.7527629601041406	0.2013731438951988	131.24843069616318	0.8728683173865375	-0.7523557091337332	0.8671080091461347	0.0002470390651662267	1599.565890624997	-2.12655602378838	0.20092033674146131	-0.7506639554698181	0.20092033585734878	131.75192615673427	0.8704344109107273	-0.7506639606422094	0.8704344104151953	0.0002463502213068385	-0.001643850382007857	0.0	0.0	0.0	0.004436145739223591	0.0	0.0	0.0	-0.002185011918464656	132.84322628510816	0.00424523098103935
64	48.0	nan	nan	1	1	0.001500000000000045	0.001500000000000028	0.0014999999999998368	0.9982480000000091	1.1951634885758178e-21	1.0672615135404184e-21	1.2163393122571752e-21	1.0047423999999932	-1.305498000285163e-19	2.266660166852508e-21	-5.1516543852006545e-21	0.9976381694347389	-1.9451955170760646	0.2098031067474683	-0.7750094263957211	0.2111680398619532	132.26650406421695	0.8825399752416696	-0.7745359760387195	0.876299800881544	0.00020578383669973022	1599.565890624997	-1.940597526058978	0.21066889113845702	-0.7727051490814332	0.21066888759584035	132.81232188571988	0.8799159854234306	-0.7727051526438612	0.8799159851277715	0.00020517199507509402	-0.0017535365469399618	0.0	0.0	0.0	0.004731190247894331	0.0	0.0	0.0	-0.002364624086486814	133.80894699481752	0.004540574869444524
68	51.0	nan	nan	1	1	0.001500000000000045	0.001500000000000028	0.0014999999999998368	0.9981384999999926	7.303118071226577e-21	2.055748962986187e-20	-7.928228386300252e-22	1.005038799999995	1.6006889824032866e-19	9.203860004865227e-21	8.05020113070487e-21	0.9974587942907893	-1.7612680014318758	0.21781530924473455	-0.7942421858863047	0.21932109802937563	133.22056586486704	0.8881532819956885	-0.7937013314886623	0.8814548270144341	0.0001684541343442405	1599.565890624997	-1.7569024683388457	0.21877748721983262	-0.791734035583532	0.21877748200349625	133.8090547766416	0.8853485683167491	-0.7917340389325159	0.8853485681088409	0.00016792217029653968	-0.0018632347442843482	0.0	0.0	0.0	0.005026147730978101	0.0	0.0	0.0	-0.002544440053023077	134.71225918991624	0.004836009166390887
72	54.0	nan	nan	1	1	0.001500000000000045	0.001500000000000028	0.0014999999999998368	0.9980289999999981	-1.0789505682125277e-20	-1.1949602006684767e-19	-3.1628210250475575e-21	1.0053351999999807	-8.156927282058913e-21	-2.3090118142152227e-21	1.2575051134937343e-20	0.9972792953630703	-1.5822064768900825	0.22462699042180112	-0.8110319892549445	0.22627139522756637	134.1236359900706	0.8909984915875301	-0.8104227577866862	0.8838587838760749	0.00013549126236863312	1599.565890624997	-1.5781034397303046	0.22568462579130968	-0.80832113533721	0.22568461976154858	134.75514470166317	0.8880203516576434	-0.8083211391048664	0.8880203510578406	0.00013503838624996336	-0.0019729449766214407	0.0	0.0	0.0	0.005321018239782883	0.0	0.0	0.0	-0.0027244124806155845	135.56753924769748	0.005131505265158014
76	57.0	nan	nan	1	1	0.001500000000000045	0.001500000000000028	0.0014999999999998368	0.9979194999999997	-5.270238997816257e-21	-1.2311623888341256e-20	-6.527235891541639e-21	1.0056315999999852	1.5896097914532004e-19	-9.117462644245288e-21	3.892455205812412e-20	0.9970997094699579	-1.4095094487127466	0.23059817355606302	-0.8257954866629847	0.23238027019901378	134.98529297200207	0.8919473288166194	-0.8251170995348618	0.8843799470522241	0.0001059793821843093	1599.565890624997	-1.4056930256124267	0.23175107873572964	-0.8228829882280743	0.23175107155685065	135.66016927759605	0.8888015194229419	-0.8228829918018418	0.88880151816021	0.00010560560345854774	-0.0020826672466180613	0.0	0.0	0.0	0.0056158018256196466	0.0	0.0	0.0	-0.0029045045224617757	136.38512498234198	0.005427040585588743
80	60.0	nan	nan	1	1	0.001500000000000045	0.001500000000000028	0.0014999999999998368	0.9978100000000003	2.2632720350634906e-21	5.329192490945156e-20	4.9636130709102e-22	1.005928000000013	1.1820514185523211e-19	5.539595475043124e-21	1.4753619875275403e-20	0.9969200656298425	-1.2439865174842015	0.23596555305951084	-0.8388233262572082	0.23788531771921448	135.8127142979129	0.8915759163399951	-0.83807519365931	0.8835919859821654	8.098787634368832e-05	1599.565890624997	-1.240476208260514	0.23721405554174183	-0.8357102906491709	0.23721404756215655	136.53130440024324	0.888267105666812	-0.8357102941679592	0.8882671039113486	8.068731466998982e-05	-0.002192401556913429	0.0	0.0	0.0	0.005910498539723301	0.0	0.0	0.0	-0.003084687129319896	137.17259158791498	0.005722597093770943
84	87.1	nan	nan	1	1	0.001500000000000045	0.001500000000000028	0.0014999999999998368	0.9968208499999921	1.3918445389282662e-20	2.0244087439377778e-19	1.1072414686508213e-20	1.008605480000018	-3.19483887045377e-19	2.0149219749285297e-20	4.422189611025251e-20	0.9952973705821374	-0.10316325495704669	0.2725290312928807	-0.9096840611689475	0.27575119029909695	142.30060968969522	0.8731490516130954	-0.9082939648292051	0.8616282037724652	0.013814885147227998	1599.565890624997	-0.10276633210529214	0.27468997033221076	-0.9047990763909819	0.27469023163824624	143.4289406470987	0.8684602590882005	-0.9047992841805423	0.8684602319570838	0.013740699496918996	-0.0031842142335228936	0.0	0.0	0.0	0.008568663919589962	0.0	0.0	0.0	-0.004713721568093952	143.49072111934757	0.008391679765787332
88	114.2	nan	nan	1	1	0.001500000000000045	0.001500000000000028	0.0014999999999998368	0.9958316999999955	-3.318675087342349e-21	1.3871011544236423e-20	-3.921423732608509e-20	1.0112829599999744	-1.370160495478556e-20	-3.1645150909420662e-21	7.470491781604027e-20	0.9936792063923188	0.6313087109606292	0.3036349464657073	-0.9523845092687996	0.30834632218045044	147.91851202003775	0.8651080120176194	-0.9503259319652844	0.8500487033120754	0.009769883780908713	1599.565890624997	0.6282361029624869	0.30684539206163214	-0.94570064772076	0.30684558670938783	149.48250964612828	0.859036659407249	-0.9457006527497394	0.8590365854634405	0.009701318458923198	-0.004177011579194203	0.0	0.0	0.0	0.011219782184480925	0.0	0.0	0.0	-0.006340854401700106	149.18186292820724	0.011056616232158869
92	141.3	nan	nan	1	1	0.001500000000000045	0.001500000000000028	0.0014999999999998368	0.9948425499999954	9.062236096084308e-20	-8.965471052189976e-19	-1.3542362760701753e-20	1.0139604399999953	1.5732451149122472e-19	1.62698088508606e-20	3.794029977341462e-20	0.9920683520921773	1.1288378792305127	0.3308145310119265	-0.9870628486794242	0.3371720381634454	153.0471898680084	0.8732064367806582	-0.9843103548564252	0.8543535085661793	0.005799476002895829	1599.565890624997	1.1221966489906932	0.33518812969221023	-0.9785194057980553	0.3351883723270375	155.07058039314745	0.8656484688901029	-0.9785194155069269	0.8656486574404775	0.005749279106073202	-0.005170795551039617	0.0	0.0	0.0	0.013863890601222758	0.0	0.0	0.0	-0.007963270752261371	154.5272926599171	0.01371570201075799
96	168.4	nan	nan	1	1	0.001500000000000045	0.001500000000000028	0.0014999999999998368	0.9938533999999899	1.0808140406964872e-20	7.937308579494817e-19	1.614953017235049e-20	1.0166379199999962	5.209049337706606e-19	7.6029677345546e-21	3.659182332138578e-20	0.9904656754455796	1.4724794811909345	0.3524618466662501	-1.0176162509057745	0.3605401332629823	157.8251178499357	0.8933877851508915	-1.0141472462686258	0.8703890567261859	-0.015398644066178089	1599.565890624997	1.462323695598463	0.3580555046510127	-1.0071528858322647	0.35805346479821126	160.3298420889066	0.8842017658239323	-1.0071526075494708	0.8842023495493853	-0.015240311655155717	-0.006165568111998655	0.0	0.0	0.0	0.016501026141613823	0.0	0.0	0.0	-0.009580067209176485	159.62951369276087	0.016368375535465843
100	195.5	nan	nan	1	1	0.001500000000000045	0.001500000000000028	0.0014999999999998368	0.9928642500000067	-7.634816173371361e-20	7.046568732162195e-19	2.479265436613337e-20	1.0193154000000064	-3.567296198020431e-19	-1.2400562347802957e-20	-1.197772350053361e-19	0.9888721642001486	1.7401613651128829	0.36916863433791314	-1.0458290035652116	0.37900149289999563	162.36102786673308	0.9221018492539206	-1.0416238945406084	0.89456250800234	-0.012214497802716872	1599.565890624997	1.7263974446489563	0.37600599516499617	-1.0333851652753434	0.37600375573115175	165.36811142834682	0.911130183465548	-1.0333851020210123	0.9111306724688634	-0.012069163111356418	-0.00716133123084485	0.0	0.0	0.0	0.019131225485836303	0.0	0.0	0.0	-0.011190213347736089	164.53642984621587	0.019014147263724877
104	222.60000000000002	nan	nan	1	1	0.001500000000000045	0.001500000000000028	0.0014999999999998368	0.991875099999995	-1.0207763453951024e-19	-1.634644839192817e-18	1.280290299774875e-20	1.0219928800000055	-7.440472933953335e-19	8.592302216947623e-21	-5.23737411946279e-20	0.9872878077659054	1.9438993084982756	0.38217200609011875	-1.0728775984504233	0.393774131899629	166.6834273224582	0.9564943443352678	-1.0679158195682585	0.924013761196433	-0.010296908679644182	1599.565890624997	1.926558146607619	0.39026365742009883	-1.0583890043844273	0.3902613465718234	170.21258213988708	0.9435774390876325	-1.0583891424241463	0.9435777194679917	-0.01015785485821155	-0.008158086882318004	0.0	0.0	0.0	0.021754525025352522	0.0	0.0	0.0	-0.012793683508231662	169.28185806082604	0.021652979369526412
108	249.70000000000002	nan	nan	1	1	0.001500000000000045	0.001500000000000028	0.0014999999999998368	0.9908859499999977	-5.63514079149341e-20	-4.672979126048304e-19	4.6995929012510343e-20	1.0246703600000169	1.5799671683816574e-18	-7.453889935837844e-21	-5.711712569925198e-20	0.9857127623457275	2.100419059964129	0.39220979469668527	-1.0993690705499313	0.40557979185826676	170.82503216430604	0.9945893648357198	-1.0936298064014491	0.9567755652422805	-0.009178112927505776	1599.565890624997	2.079559722055784	0.40155439639103163	-1.0827686430473065	0.4015519642269025	174.89502711747602	0.9795711065563796	-1.0827689291064415	0.9795712391111252	-0.009039523801846866	-0.009155837046974516	0.0	0.0	0.0	0.024370960866017755	0.0	0.0	0.0	-0.014390282899657474	173.8889583942352	0.024284790026980488
112	276.8	nan	nan	1	1	0.001500000000000045	0.001500000000000028	0.0014999999999998368	0.9898967999999908	6.983617243522255e-20	-2.9572291880899936e-19	8.777040102743785e-20	1.0273478399999985	1.9879931034694208e-18	-4.0847316848391377e-20	-1.9429580557298042e-19	0.9841471148197898	2.22020379072202	0.3998500263188132	-1.1255412584372537	0.4149750105959405	174.80964919100143	1.0353209715455267	-1.1190041539334847	0.9917850084305183	-0.008338548541126844	1599.565890624997	2.1959138811337944	0.4104376430514667	-1.1067613562176144	0.4104350194785168	179.43842859572808	1.0180464145572181	-1.1067618049016177	1.018046453620674	-0.008199418033842283	-0.010154583711372272	0.0	0.0	0.0	0.0269805688309607	0.0	0.0	0.0	-0.015979886174250075	178.37522001334617	0.026909537331920436
116	303.9	nan	nan	1	1	0.001500000000000045	0.001500000000000028	0.0014999999999998368	0.9889076499999927	-1.371515748194163e-20	-5.272746215340129e-19	2.603779279859719e-21	1.0300253200000347	-1.4019953817681618e-18	2.656295322589486e-21	-3.1401205420611424e-20	0.982590903058703	2.3096424063391066	0.405895075553058	-1.1514061826750521	0.4227688474896837	178.65491238831856	1.078293436910403	-1.1440520462113823	1.0286361290207024	-0.007721993874891632	1599.565890624997	2.2820444800772393	0.4177200359997364	-1.1303811846072214	0.417717180856437	183.85967440647838	1.058603497974237	-1.1303817637795988	1.0586034340517392	-0.007580988112770224	-0.011154328867984661	0.0	0.0	0.0	0.029583384463705245	0.0	0.0	0.0	-0.017562417321481835	182.75432010664093	0.029527205952367755
120	331.0	nan	nan	1	1	0.001500000000000045	0.001500000000000028	0.0014999999999998368	0.9879185000000017	6.735605996566196e-20	-9.701983140486536e-19	-8.160146007258478e-20	1.032702799999977	-3.9038054473056194e-19	-1.7726705520137998e-20	-1.6217631621309736e-19	0.981044137197148	2.3728425697086166	0.41117102820752516	-1.1769157674392006	0.4298071343305809	182.37455334179975	1.1233121636737948	-1.1687269566513818	1.0671208675369501	-0.007242345059740071	1599.565890624997	2.3420977878574067	0.4242411984942359	-1.153583162386082	0.42423814852773856	188.17181604907654	1.1010422614501263	-1.153583830097357	1.1010421569721847	-0.007098764030738309	-0.012155074515287174	0.0	0.0	0.0	0.03217944303073115	0.0	0.0	0.0	-0.01913782838286351	187.0372223148393	0.03213779582758489
124	358.1	nan	nan	1	1	0.001500000000000045	0.001500000000000028	0.0014999999999998368	0.9869293499999949	-1.6040771141923039e-19	-3.0701081867728907e-18	1.1905048073659192e-19	1.035380280000018	-2.7093805714598074e-18	-1.7076184216646695e-20	1.7381116077658243e-20	0.9795068090266598	2.4125575615698636	0.4162459843543007	-1.2020878134483228	0.43667731121910897	185.97958116013638	1.1702253746950828	-1.1930479200550905	1.1070750181632871	-0.006857640003259726	1599.565890624997	2.378867952291386	0.4305826565853761	-1.1763870655450395	0.43057943060059417	192.3852364624973	1.1452058486599688	-1.1763878747498908	1.145205768410019	-0.00671102302988765	-0.01315682265778269	0.0	0.0	0.0	0.034768779524899686	0.0	0.0	0.0	-0.020706090088615108	191.23291717420284	0.03474131687503264
128	385.20000000000005	nan	nan	1	1	0.001500000000000045	0.001500000000000028	0.0014999999999998368	0.9859401999999922	-2.0957627994144801e-19	-2.1255783591578315e-18	1.0201664816730793e-19	1.0380577600000058	-9.194034422677077e-20	6.380529785077194e-20	-1.33350090952139e-19	0.9779788988209316	2.4308472524267475	0.42141932440758484	-1.226959700304086	0.44369237528979305	189.47907452448285	1.2189790807350704	-1.217053061706212	1.1484290396379537	-0.0065479030197903	1599.565890624997	2.3944549256216368	0.43705328368322516	-1.1988316622598914	0.437049836188925	196.5084345066481	1.1910339983093838	-1.1988325039494232	1.1910338557837303	-0.0063977924128936665	-0.014159575305960936	0.0	0.0	0.0	0.03735142866761253	0.0	0.0	0.0	-0.022267185027799657	195.3488688494949	0.037337785343863554
132	412.3	nan	nan	1	1	0.001500000000000045	0.001500000000000028	0.0014999999999998368	0.9849510499999963	-5.789639601072594e-20	3.3194746864445568e-18	-1.4917944267042738e-19	1.0407352399999936	-1.0589944719752165e-19	7.28583859910259e-20	2.852739203716703e-19	0.9764603793993533	2.4294134298814702	0.42678317333845467	-1.2515734591042997	0.4509509793886005	192.88069955775072	1.2695257069941972	-1.2407853220036769	1.1911209155008915	-0.0062895726495061305	1599.565890624997	2.3905979429860977	0.4437496408954088	-1.220960002465576	0.44374599664847975	200.5485373167009	1.2384731388048513	-1.220960912615871	1.2384730971981506	-0.00613572985411835	-0.015163334476382899	0.0	0.0	0.0	0.0399274249121446	0.0	0.0	0.0	-0.023821103580357838	199.39134758474762	0.03992722162697127
136	439.40000000000003	nan	nan	1	1	0.001500000000000045	0.001500000000000028	0.0014999999999998368	0.983961900000005	1.045712995362269e-19	5.833414263786696e-19	-1.6368742299099902e-19	1.043412719999999	-2.5914058225662283e-18	-8.304988641238964e-20	2.8565339113204025e-19	0.9749512183390283	2.4097588437098487	0.43225023055259026	-1.275969960877865	0.45836276475620824	196.19104030698824	1.321772937391839	-1.2642861066444826	1.235047301951344	-0.006063975206822372	1599.565890624997	2.3688336824492215	0.45058223492405974	-1.2428137258355136	0.45057834677908165	204.51162582513354	1.287426506418941	-1.2428146166947498	1.2874264354671305	-0.005906402071550389	-0.01616810219169328	0.0	0.0	0.0	0.04249680244616364	0.0	0.0	0.0	-0.025367841708747493	203.36567956946507	0.04250964902132537
140	466.5	nan	nan	1	1	0.001500000000000045	0.001500000000000028	0.0014999999999998368	0.9829727500000032	1.640939988056811e-19	-5.850625973274904e-19	2.2138053109438393e-20	1.0460902000000036	5.383931148128518e-18	-1.0196921432226169e-19	-2.6191613981818574e-19	0.9734513790626551	2.373234214892949	0.4376348745242725	-1.3001687560877455	0.46573140410214003	199.4158010814164	1.3756270890644848	-1.2875758182950918	1.2801056099291261	-0.0058718373614731825	1599.565890624997	2.3305434417488904	0.45735789446686315	-1.2644134688963151	0.4573536242800651	208.402931793684	1.337796660200916	-1.2644143423566159	1.3377965069370474	-0.005710358914757858	-0.0171738804806531	0.0	0.0	0.0	0.045059595194458235	0.0	0.0	0.0	-0.02690739988283459	207.27642792400218	0.04508509306488591
144	493.6	nan	nan	1	1	0.001500000000000045	0.001500000000000028	0.0014999999999998368	0.9819835999999911	8.256199543477116e-20	-1.7323111261430269e-18	8.563164283562075e-20	1.0487676800000183	-6.8768233295324335e-18	6.80336863234654e-20	1.0732923881248691e-19	0.9719608217950487	2.321008173725556	0.4427245671701802	-1.3241253918200901	0.47282936367947065	202.56000014208067	1.4310184718893222	-1.310611262389189	1.3262172419027227	-0.005686896896572347	1599.565890624997	2.2769244211387463	0.46385327551297967	-1.285717585014009	0.4638487435678375	212.2270289954271	1.3895101061833302	-1.2857183459045773	1.3895099963176443	-0.005521941795885531	-0.018180671378134974	0.0	0.0	0.0	0.04761583682168081	0.0	0.0	0.0	-0.028439782129255808	211.12757452455725	0.04765358099800932
148	520.7	nan	nan	1	1	0.001500000000000045	0.001500000000000028	0.0014999999999998368	0.9809944499999999	-7.741203511546501e-20	-9.937390537187452e-19	4.255493527005605e-21	1.051445160000009	3.932103124007491e-18	7.578573185673676e-20	4.308280620278493e-19	0.9704795033085207	2.2540275099975373	0.4473405289653934	-1.3477406286933389	0.47946173646124524	205.628018044632	1.487904710398214	-1.3332954050360621	1.3733298021242821	-0.005517645741475379	1599.565890624997	2.2089516933595124	0.46987823543411733	-1.306631561034602	0.4698735086238221	215.98787504921364	1.4425203284872705	-1.306632296917301	1.4425202777483281	-0.0053493453524582684	-0.01918847692513253	0.0	0.0	0.0	0.05016556073493528	0.0	0.0	0.0	-0.0299649963194135	214.9226114158148	0.050215141770960904
152	547.8	nan	nan	1	1	0.001500000000000045	0.001500000000000028	0.0014999999999998368	0.9800052999999946	-2.502338614096544e-19	-1.7203577971913743e-19	-1.0060718534307677e-19	1.0541226400000008	7.849352678251931e-19	4.81385764583564e-20	5.011724542314244e-20	0.9690073786325835	2.173162826092254	0.4514291287586411	-1.3709457209924596	0.48556557969173914	208.62376676077142	1.5462332247403736	-1.3555611943302277	1.421382498964474	-0.005350479321761716	1599.565890624997	2.1275219151101727	0.4753725173461522	-1.3270909725691613	0.4753676989197197	219.6889807620906	1.496771259881805	-1.3270916074873302	1.4967713282094512	-0.005179324533496244	-0.020197299168883676	0.0	0.0	0.0	0.05270880008649445	0.0	0.0	0.0	-0.03148305243245355	218.6646125924379	0.05276980526764549
156	574.9	nan	nan	1	1	0.001500000000000045	0.001500000000000028	0.0014999999999998368	0.9790161499999918	3.529078071440317e-20	3.648923069081433e-18	2.759294528975609e-20	1.0568001200000015	1.982707617878554e-18	2.862293735361732e-20	1.1797474889357895e-19	0.9675444012658462	2.0792516064196387	0.45508960988514824	-1.3937717053075667	0.49124193668908744	211.55073906531246	1.6059459284793542	-1.3774405713383697	1.4703104412568309	-0.005198290981448081	1599.565890624997	2.0334958365566274	0.4804366831444371	-1.3471282194594627	0.4804317235658617	223.33345606141887	1.5522018928509964	-1.347128773772581	1.5522021515022915	-0.005024326758394784	-0.02120714016277622	0.0	0.0	0.0	0.0552455877763143	0.0	0.0	0.0	-0.03299396235000506	222.356284150065	0.05531760216763872
160	602.0	nan	nan	1	1	0.001500000000000045	0.001500000000000028	0.0014999999999998368	0.9780270000000014	7.047314121155779e-20	2.0787001677249894e-18	2.0755695339519375e-19	1.059477599999984	2.16233281280509e-18	-1.715207836872068e-19	-2.5221253037444046e-19	0.966090523445373	1.973061909012114	0.4584864167404483	-1.416328675242906	0.49666421554413964	214.4120589769607	1.6669936310987414	-1.3990432981772178	1.5200577656048786	-0.005058131234714986	1599.565890624997	1.9276629988708598	0.4852413555105763	-1.3668517861276797	0.4852362851842888	226.924057806259	1.608760213613555	-1.3668521942450191	1.608760616901865	-0.004881434538104409	-0.022218001966431276	0.0	0.0	0.0	0.05777595645456895	0.0	0.0	0.0	-0.03449773958930681	226.0000077169908	0.05785856379817742
164	603.31	nan	nan	1	1	0.001500000000000045	0.001500000000000028	0.0014999999999998368	0.9780367570590256	1.9716216506648898e-19	9.282803475549329e-19	2.825701912040346e-20	1.0593481720000133	-1.13613545654756e-18	-4.445228907190568e-20	2.156207070530547e-19	0.9661301525049942	0.00030451845712588845	0.45544861262244546	-1.4104737390951865	0.4933128616478536	201.6772694838828	1.6545424605259713	-1.3933026754450826	1.508949835224436	0.00045449844487689255	1599.565890624997	0.00029753582364536776	0.4820017000742639	-1.3613541079118223	0.4820011568118831	213.43524618034226	1.5969231563265283	-1.3613541295280833	1.5969230463061792	0.0004386705741643997	-0.022208025748642828	0.0	0.0	0.0	0.057653786900241706	0.0	0.0	0.0	-0.034456720403331045	213.467455367874	0.05775866495077379
168	604.62	nan	nan	1	1	0.001500000000000045	0.001500000000000028	0.0014999999999998368	0.9780744110371158	2.3153137393427947e-19	1.0470682480778759e-19	-4.8951728087720527e-20	1.0592187439999934	2.0109239794174893e-18	1.26851654180804e-19	-8.89316831981235e-20	0.9661659449463356	0.00013568601053691353	0.4516931768476843	-1.4033111332944246	0.48916699098515387	192.08624612981626	1.6402598254676883	-1.3862252449746517	1.496162314276707	0.00015886988876449338	1599.565890624997	0.00013258600667999447	0.47799120744317436	-1.3545542913048256	0.4779910447492012	203.26970037844697	1.5832704043515968	-1.3545543041829267	1.5832703874852958	0.00015335009071000815	-0.02216952693660293	0.0	0.0	0.0	0.05753160241864446	0.0	0.0	0.0	-0.0344196738643528	203.30327858607149	0.057652933490606684
172	605.93	nan	nan	1	1	0.001500000000000045	0.001500000000000028	0.0014999999999998368	0.9781134389829962	1.8236280541206184e-19	-2.238132097188983e-18	-6.167755108726914e-20	1.0590893159999812	7.048127272785143e-19	-3.8272336688738304e-20	3.152317816501604e-20	0.9662040309704598	5.110590433843454e-05	0.4486311826033495	-1.398059617411782	0.4857723227618944	183.283144305134	1.6290911332760194	-1.3810369945344585	1.4862149867226788	5.6620254172306097e-05	1599.565890624997	4.994242726022474e-05	0.4747132845818363	-1.3495962984933327	0.4747132294911644	193.93868909576605	1.572619175888869	-1.34959630469431	1.5726191698218475	5.4657529978701274e-05	-0.02212962489357043	0.0	0.0	0.0	0.05740940300618162	0.0	0.0	0.0	-0.03438025488703104	193.9735923365805	0.057545877718231095
176	607.24	nan	nan	1	1	0.001500000000000045	0.001500000000000028	0.0014999999999998368	0.978153055278883	2.1629833341085815e-20	2.0377986407679738e-18	1.7821573210230478e-20	1.0589598880000057	1.3526777354472275e-18	-1.6566609195578508e-19	6.31683290744367e-20	0.9662429060728001	2.0255625444401292e-05	0.44632298540478543	-1.3944990704947842	0.4831944418472634	174.7801459040627	1.6208286071680937	-1.3775194277487435	1.47891733953339	2.0808179744167377e-05	1599.565890624997	1.979610867569061e-05	0.4722327678343804	-1.346269179269589	0.47223274880131405	184.92642046637337	1.5647709237515923	-1.3462691818351396	1.5647709203520281	2.0088511824059712e-05	-0.022089122951725187	0.0	0.0	0.0	0.05728718865923217	0.0	0.0	0.0	-0.03434002081736543	184.9627677895076	0.05743833187755456
180	608.55	nan	nan	1	1	0.001500000000000045	0.001500000000000028	0.0014999999999998368	0.9781929507128811	-1.9103642279194588e-19	-1.1085967213664282e-20	5.309880139747758e-20	1.0588304599999854	-8.246712774467868e-19	-3.14960731107039e-20	4.7433845046240816e-21	0.9662820644800015	8.439782232323667e-06	0.44462224833854486	-1.3920416555306967	0.4812747548426534	166.40346447608607	1.6147128024097106	-1.3750915755109359	1.4735768165678602	7.878115427553456e-06	1599.565890624997	8.248992257002757e-06	0.4703950501977596	-1.3440062122899452	0.4703950430122579	176.0491435545733	1.5589936040207109	-1.3440062132902337	1.558993602299236	7.6062638166761995e-06	-0.022048337289187453	0.0	0.0	0.0	0.05716495937406809	0.0	0.0	0.0	-0.03429949517572714	176.087115970358	0.05733058846900998
184	609.86	nan	nan	1	1	0.001500000000000045	0.001500000000000028	0.0014999999999998368	0.9782329875781517	-4.81385764583564e-20	5.637038145295259e-19	7.101524229780054e-20	1.058701031999991	1.175275154974287e-19	8.868773770931426e-20	2.7542800939278634e-19	0.9663213244676742	3.838936882673893e-06	0.4433645511119905	-1.390211448248025	0.4798350805666948	158.08484556604364	1.610088757901502	-1.3732832416174947	1.4695962820364368	3.200752041528143e-06	1599.565890624997	3.7524600029950257e-06	0.46902619552199115	-1.3423483098010622	0.4690261921177193	167.2346909547901	1.5546555349709503	-1.3423483100781826	1.5546555343408732	3.0905543890122393e-06	-0.022007408711731458	0.0	0.0	0.0	0.05704271514710467	0.0	0.0	0.0	-0.034258866055543694	167.27449665001578	0.0572227596896518
188	611.17	nan	nan	1	1	0.001500000000000045	0.001500000000000028	0.0014999999999998368	0.9782730994079534	2.476859863043135e-19	3.632700694075619e-18	-6.369687763352339e-22	1.0585716040000166	5.302615985192105e-18	5.692061405548898e-21	2.0902062632804919e-19	0.9663606195394112	1.8886598294673984e-06	0.4424021725250284	-1.3886864108506123	0.4787153767993762	149.7957898868741	1.6064850036020843	-1.3717763077596425	1.4665458976310688	1.4027187483379722e-06	1599.565890624997	1.846266033004119e-06	0.4679698957028849	-1.3409847355678335	0.4679698937172073	158.4529293108883	1.5513019000664627	-1.3409847355187348	1.5513018998998662	1.3545350592609805e-06	-0.021966405179900804	0.0	0.0	0.0	0.05692045597468146	0.0	0.0	0.0	-0.03421820228066411	158.49479997914653	0.057114890884962514
192	612.48	nan	nan	1	1	0.001500000000000045	0.001500000000000028	0.0014999999999998368	0.9783132519904615	1.507583120841094e-19	3.6635191408285194e-18	-4.621411760219463e-21	1.058442175999978	5.087103698356299e-18	-8.012254054667878e-20	-7.024274824990462e-20	0.9663999254779037	9.811814034847987e-07	0.4416115980734681	-1.387260504984217	0.47778187497110236	141.52371679011355	1.6035817451297836	-1.3703672579945407	1.4641340965471075	6.64834108408563e-07	1599.565890624997	9.592355895887217e-07	0.46709546048788897	-1.339716631458883	0.46709545952193077	149.69055602801035	1.5486241597274282	-1.339716631413619	1.548624159841282	6.420490664846203e-07	-0.021925361673198376	0.0	0.0	0.0	0.0567981818530647	0.0	0.0	0.0	-0.03417752891468637	149.7347524494779	0.05700700124086578
196	613.79	nan	nan	1	1	0.001500000000000045	0.001500000000000028	0.0014999999999998368	0.9783534267737596	4.662069341687669e-20	3.8039233221653925e-19	3.8556939759015754e-20	1.058312747999988	3.493841500834538e-18	-2.0328790734103208e-20	1.1102230246251566e-19	0.966439233850286	4.969526273739255e-07	0.440899180208617	-1.3858011236578958	0.47693319195764694	133.26277807909827	1.6011621058296903	-1.3689251141669294	1.4621631289206087	3.329221858152653e-07	1599.565890624997	4.858770781554687e-07	0.4663038148310332	-1.3384159735481522	0.46630381452761965	140.9413865633911	1.5464130473684687	-1.3384159737730783	1.5464130475324351	3.21538468858956e-07	-0.021884297159002104	0.0	0.0	0.0	0.05667589277870533	0.0	0.0	0.0	-0.0341368546845535	140.98820838017394	0.05689909921331744
200	615.1	nan	nan	1	1	0.001500000000000045	0.001500000000000028	0.0014999999999998368	0.9783936131979711	2.1738253558334365e-20	-4.192487828257041e-18	7.227562732331494e-20	1.0581833199999835	4.716442080637817e-18	2.1141942363467336e-21	2.474691458698164e-20	0.966478542128789	2.0641746545191353e-07	0.44020516190655645	-1.384218366132205	0.4761046610103332	125.01011099560282	1.5990719254550079	-1.367361081452924	1.4604924064900944	1.7159679322442666e-07	1599.565890624997	2.0183352883458232e-07	0.4655317496821247	-1.3369959346067164	0.46553174952110854	132.2023927381684	1.5445197923872125	-1.3369959351480478	1.5445197926486738	1.6574279069400944e-07	-0.0218432224330449	0.0	0.0	0.0	0.05655358874788538	0.0	0.0	0.0	-0.03409618220588192	132.25219111640533	0.05679118867591202
204	616.41	nan	nan	1	1	0.001500000000000045	0.001500000000000028	0.0014999999999998368	0.9784338050413999	-6.776263578034403e-21	2.8690022363039857e-18	-9.513874063560301e-21	1.058053892	1.3077917655063276e-18	-1.7076184216646695e-20	1.8327082473151845e-19	0.9665178500181485	3.7118392273605136e-08	0.4395015921859355	-1.3824473391867613	0.4752660502660803	116.76426891319184	1.5971979100842055	-1.3656110652875773	1.4590185827847204	1.0273237824831583e-07	1599.565890624997	3.629706330476851e-08	0.46474970668602616	-1.3353938095561175	0.4647497065024438	123.47204354576344	1.542835044275256	-1.3353938103375345	1.5428350441829402	9.923573800278173e-08	-0.021802143855486383	0.0	0.0	0.0	0.05643126975697824	0.0	0.0	0.0	-0.03405551178401884	123.52523769378372	0.05668327141954686
208	617.72	nan	nan	1	1	0.001500000000000045	0.001500000000000028	0.0014999999999998368	0.9784739987358216	1.4647571350279165e-19	9.387022409379497e-19	-6.818276412218216e-20	1.0579244640000203	-1.769146894953222e-19	1.7509865085640897e-20	-1.3816801435612148e-19	0.9665571580947735	-4.283196461485339e-08	0.4387843866859169	-1.3804401132412283	0.4744129507447328	108.52456446794329	1.5954591978822577	-1.363627725741046	1.4576678773112095	7.750384799654065e-08	1599.565890624997	-4.188763046408463e-08	0.4639533710816345	-1.3335632568649298	0.463953370952686	114.74961064671923	1.5412807435212303	-1.3335632576829002	1.5412807431546924	7.487197956805472e-08	-0.02176106507359402	0.0	0.0	0.0	0.056308935802310445	0.0	0.0	0.0	-0.0340148428224254	114.80671021265681	0.05657534816690976
212	619.03	nan	nan	1	1	0.001500000000000045	0.001500000000000028	0.0014999999999998368	0.9785141925766212	6.749158523722266e-20	-1.0609595884128464e-18	4.336808689942018e-21	1.0577950360000061	1.2641526280637861e-18	-1.723881454251952e-20	-7.918741617291003e-20	0.96659646724785	-5.766167697318636e-08	0.4380604089567876	-1.3781632772665364	0.4735527897454476	100.29077462503297	1.5938033804883764	-1.3613780625472027	1.45639246221671	9.856819536646632e-08	1599.565890624997	-5.639499216177673e-08	0.4631500034224808	-1.3314719440355502	0.4631500030602098	106.03485652000404	1.5398062917757427	-1.331471944603618	1.5398062917086925	9.522876488542247e-08	-0.021719987829506758	0.0	0.0	0.0	0.05618658688018135	0.0	0.0	0.0	-0.03397417440107915	106.09649277775593	0.05646741901573481
216	620.34	nan	nan	1	1	0.001500000000000045	0.001500000000000028	0.0014999999999998368	0.9785543862708331	-3.518236049715462e-20	-4.571538460285129e-19	1.3475277751279213e-19	1.0576656080000058	-3.386912061573155e-18	-2.4231918555051025e-20	-5.1987494170679936e-20	0.9666357785855996	-3.484386886021262e-08	0.43733662926340894	-1.3755916513136508	0.472693104526032	92.0630186180406	1.592195313418212	-1.3588372051924482	1.4551602558879895	1.6753008226744192e-07	1599.565890624997	-3.4081219156475195e-08	0.4623469739316275	-1.3290954789735272	0.4623469728354924	97.32790537292296	1.538377752355572	-1.3290954794589567	1.5383777526902789	1.6186742244402552e-07	-0.021678912422490357	0.0	0.0	0.0	0.05606422298697585	0.0	0.0	0.0	-0.033933505373505875	97.39487537197151	0.0563594835985662
220	621.65	nan	nan	1	1	0.001500000000000045	0.001500000000000028	0.0014999999999998368	0.9785945806129186	2.555464520548334e-19	1.3595353141881983e-18	1.2414114874959026e-19	1.0575361800000063	-5.146680607734377e-18	-1.4810201676151992e-19	-7.256023039359239e-20	0.9666750933650538	3.65054674698051e-08	0.4366092744540566	-1.3726965515636127	0.4718298175480013	83.84167233641085	1.5906058031451318	-1.3559768206876517	1.453944595759701	2.4750624983838063e-07	1599.565890624997	3.570936692904617e-08	0.46154029296016646	-1.3264060744471753	0.4615402911262595	88.62915260058057	1.5369669261129926	-1.3264060754637859	1.5369669265818509	2.391597712367281e-07	-0.021637838040548838	0.0	0.0	0.0	0.055941844119016024	0.0	0.0	0.0	-0.03389283443948303	88.70248353842304	0.05625154119849289
224	622.96	nan	nan	1	1	0.001500000000000045	0.001500000000000028	0.0014999999999998368	0.9786347773444393	-7.209944447028605e-21	3.0403061795566956e-18	-4.012903290911973e-20	1.0574067519999975	8.451355934524507e-20	-2.141841391745114e-19	1.6310466432328808e-19	0.9667144126227353	1.5253701261541685e-07	0.4358551372243051	-1.369434823429818	0.4709378545034299	75.62726171795559	1.5890111142421095	-1.3527542791640377	1.4527237921010332	3.370026617491861e-07	1599.565890624997	1.4922272410419762e-07	0.46070542963810285	-1.3233619489804807	0.46070542702923606	79.93915208619698	1.5355508777178772	-1.323361950814161	1.5355508783207679	3.256646403570804e-07	-0.021596762904042333	0.0	0.0	0.0	0.055819450272627205	0.0	0.0	0.0	-0.03385216052709714	80.0201996799645	0.05614359094110972
228	624.27	nan	nan	1	1	0.001500000000000045	0.001500000000000028	0.0014999999999998368	0.9786749790637137	-4.226762169434739e-19	-3.844269195509009e-18	-1.0538445116559103e-19	1.05727732399997	1.067825298670111e-17	2.4231918555051025e-20	1.1003296798012263e-19	0.9667537369358663	2.701542584022665e-07	0.4350501088815792	-1.3657551324051527	0.4699911837352986	67.42039414859066	1.5873967197439456	-1.3491188686136246	1.451484560247463	4.3915135780658867e-07	1599.565890624997	2.643060111154888e-07	0.4598169082394935	-1.3199134009954334	0.4598169052185519	71.25854368681813	1.534115562426219	-1.3199134034974878	1.5341155632994465	4.244111909092054e-07	-0.021555684358197998	0.0	0.0	0.0	0.05569704144413317	0.0	0.0	0.0	-0.033811483039707005	71.3491509402969	0.05603563191891796
232	625.58	nan	nan	1	1	0.001500000000000045	0.001500000000000028	0.0014999999999998368	0.9787151890004985	1.0842021724855045e-22	4.716198135149008e-18	-7.428140134241312e-20	1.0571478959999854	9.785737758311042e-19	1.0798653637955624e-19	-2.5847379792054425e-19	0.9667930668274547	3.804105973026495e-07	0.4342041440801156	-1.3616157484226232	0.4690005836257715	59.221793347524184	1.5857489769257358	-1.3450293642045363	1.450214415065269	5.533957192740413e-07	1599.565890624997	3.722059657359339e-07	0.45888526069529456	-1.3160199947398166	0.458885258191891	62.58809007153836	1.5326477845824265	-1.3160199978795035	1.532647785596701	5.348644302998372e-07	-0.021514599103508895	0.0	0.0	0.0	0.05557461762992355	0.0	0.0	0.0	-0.033770801436844286	62.690856132825935	0.0559276630825254
236	626.89	nan	nan	1	1	0.001500000000000045	0.001500000000000028	0.0014999999999998368	0.9787554109518416	-1.198585501682725e-19	-3.335412458380094e-19	2.622414004699314e-20	1.057018467999978	8.215352226628725e-18	-4.8518047218726324e-20	-2.3859224058259133e-19	0.9668324033633429	5.73635545247031e-07	0.4333653541831082	-1.3569778243396968	0.46801803380791634	51.03240524369636	1.5840480467647469	-1.3404473903001983	1.44889519543208	7.399774181706675e-07	1599.565890624997	5.613093568982665e-07	0.4579613373104797	-1.3116440672023655	0.4579613375600609	53.92878855216174	1.5311283540786558	-1.311644072336574	1.531128353750314	7.152563387534981e-07	-0.02147350326140556	0.0	0.0	0.0	0.055452178826267136	0.0	0.0	0.0	-0.03373011461667172	54.04754984479549	0.0558196830085951
240	628.2	nan	nan	1	1	0.001500000000000045	0.001500000000000028	0.0014999999999998368	0.9787956496776054	-2.4795703684743486e-19	5.559924265777227e-19	3.684932133735108e-20	1.0568890400000062	4.588587539447464e-18	-9.855397747893236e-20	-5.773376568485311e-20	0.9668717483042909	8.620079611945109e-07	0.43260294819432343	-1.3517944448796504	0.4671182576027855	42.853506318919976	1.5822591580328986	-1.3353265984775047	1.447495073602704	9.698452921217404e-07	1599.565890624997	8.43554238867779e-07	0.4571182642276422	-1.306740142674119	0.45711826803516903	45.28198549348222	1.5295236385583897	-1.3067401498923783	1.5295236389052735	9.375210707511681e-07	-0.021432391970284004	0.0	0.0	0.0	0.05532972502954857	0.0	0.0	0.0	-0.03368942075880338	45.422748023683525	0.05571168973265931
244	631.21	nan	nan	1	1	0.001500000000000045	0.001500000000000028	0.0014999999999998368	0.9787024907881063	-4.174178364069192e-21	8.996167526198473e-20	4.2432962525651427e-20	1.057190039999988	-2.34594245071551e-19	8.874194781793854e-20	1.425454806275317e-19	0.9667806411077247	-1.2162346371715316e-05	0.4307310067347529	-1.3385062189250827	0.46527371703421494	62.03768260117831	1.5828576865267492	-1.3222014929395527	1.447493938307407	-1.3863485918208407e-05	1599.565890624997	-1.189970949416805e-05	0.4552264596037644	-1.2936495352756923	0.4552264751195367	65.56573399868466	1.529812175416942	-1.2936495292821353	1.5298121809915788	-1.3398885908646719e-05	-0.021527573557069246	0.0	0.0	0.0	0.05561448259123432	0.0	0.0	0.0	-0.03378365403168425	65.66224478462502	0.055962557258379404
248	634.22	nan	nan	1	1	0.001500000000000045	0.001500000000000028	0.0014999999999998368	0.9786092293028522	-2.1358782797964438e-20	-2.1578333737892753e-19	-1.8201043970600405e-20	1.0574910399999946	4.869694057718643e-19	3.496552006265752e-20	-2.207571148452048e-19	0.9666893952061182	-2.85930312008964e-06	0.4293983784492317	-1.3301365373456218	0.4640104839553843	81.20522151113126	1.5838168796204586	-1.3139349667236806	1.4478221785598728	-3.3161626915397815e-06	1599.565890624997	-2.7970262840843176e-06	0.45390413430798265	-1.2853169049453221	0.4539041385977068	85.8396016874012	1.530449358060878	-1.2853169052565288	1.5304493579237282	-3.2044228899172246e-06	-0.02162286904257359	0.0	0.0	0.0	0.05589915908915742	0.0	0.0	0.0	-0.033878039669899725	85.9129720371768	0.0562134809252194
252	637.23	nan	nan	1	1	0.001500000000000045	0.001500000000000028	0.0014999999999998368	0.9785159157928657	-4.499439015814844e-21	-3.985581396165339e-18	-2.393376295761751e-20	1.0577920400000025	5.327227374507526e-19	-2.6129272356900656e-20	-1.2740730779420284e-19	0.966598079786088	-2.264660860082257e-06	0.42827154221288644	-1.3235871992796833	0.46296868892638543	100.37921724728866	1.5847576388389168	-1.3074665676263482	1.448133121797683	-2.2823660832350655e-06	1599.565890624997	-2.2149144254506727e-06	0.4527989335921166	-1.278746240228626	0.4527989359078826	106.12800068277825	1.5310686545183527	-1.2787462407646242	1.5310686529890183	-2.205043271308988e-06	-0.02171822677714777	0.0	0.0	0.0	0.05618375456943637	0.0	0.0	0.0	-0.03397250613831634	106.18712807182077	0.05646441830468573
256	640.24	nan	nan	1	1	0.001500000000000045	0.001500000000000028	0.0014999999999998368	0.9784225429438554	6.348003719902629e-20	-1.3792406886731223e-19	-1.0570971181733668e-19	1.0580930399999935	-4.7590512260164975e-18	5.0794871780945886e-20	-1.7337747990758822e-19	0.9665067192483846	-2.6643662334744355e-06	0.4271319368968761	-1.3178295997957241	0.4619122222566225	119.56261607140442	1.5854371050952116	-1.3017802718906553	1.4482049829969388	-2.2727643662818762e-06	1599.565890624997	-2.6053446699952586e-06	0.4516798505708026	-1.2729429789845472	0.45167985209477773	126.43405911842306	1.531435499601292	-1.2729429799344105	1.5314354975846176	-2.195351692960648e-06	-0.021813654253330504	0.0	0.0	0.0	0.05646826907815599	0.0	0.0	0.0	-0.034067028212667015	126.48352063309532	0.05671536093981708
260	643.25	nan	nan	1	1	0.001500000000000045	0.001500000000000028	0.0014999999999998368	0.9783290796607185	-6.938893903907229e-21	-7.993687092464063e-19	-8.875550034509461e-20	1.0583940400000003	1.6095794402176678e-18	5.616167253474913e-20	-1.6150546611887195e-19	0.9664153209561694	-5.250830585485922e-06	0.4257479474826021	-1.3123413873751106	0.46059051334101864	138.75000113230985	1.5854256780874378	-1.296360142329516	1.4476457790417534	-4.051832519381459e-06	1599.565890624997	-5.133538392151271e-06	0.4503019150585745	-1.267402259994447	0.4503019179161826	146.75206678902822	1.5311351960638138	-1.2674022618630636	1.5311351950924017	-3.913083700312821e-06	-0.02190918327411	0.0	0.0	0.0	0.056752702661408756	0.0	0.0	0.0	-0.03416159828883401	146.79451897242052	0.05696631380795127
264	646.26	nan	nan	1	1	0.001500000000000045	0.001500000000000028	0.0014999999999998368	0.9782354286994381	-6.575686176124585e-20	2.9364938215412086e-18	-4.9033043250656936e-20	1.0586950399999946	4.185752222260475e-18	6.705790436822845e-20	-1.1553529400548657e-19	0.9663238415354108	-2.4682508506152613e-05	0.42375173051845594	-1.3066367941820773	0.45860521908227214	157.91107733911198	1.5837468903713878	-1.2907263973848229	1.4455648928955878	-2.1130898147849854e-05	1599.565890624997	-2.412657767704188e-05	0.4482759116433376	-1.2616550126630788	0.4482759294309737	167.05001314369602	1.5292254220327641	-1.2616550168936798	1.5292254250136919	-2.0403453881762542e-05	-0.02200491327529493	0.0	0.0	0.0	0.057037055365190575	0.0	0.0	0.0	-0.034256261265196514	167.0871272578216	0.057217320601194166
268	649.2700000000001	nan	nan	1	1	0.001500000000000045	0.001500000000000028	0.0014999999999998368	0.978141209621915	-1.4869832795638693e-19	1.2473474943902607e-18	-4.002061269187118e-20	1.0589960400000302	1.164866814118426e-18	1.441988889405721e-19	-1.0721404233166031e-19	0.966231801186083	-0.0001286480364214231	0.4208370295790958	-1.3005075255235312	0.4556242099760348	176.8625151442226	1.578693644983426	-1.2846731447928585	1.4404058217275129	-0.0001413453127935389	1599.565890624997	-0.00012572669479733126	0.4452778202762116	-1.2555007519580041	0.44527788828646364	187.13409157638392	1.5240596609313126	-1.2555007669188225	1.5240597179708153	-0.00013645376363861486	-0.022101233253514305	0.0	0.0	0.0	0.057321327235536554	0.0	0.0	0.0	-0.03435151373540966	187.1670623545234	0.05746868182508228
272	652.2800000000001	nan	nan	1	1	0.001500000000000045	0.001500000000000028	0.0014999999999998368	0.9780446843471275	-3.464025941091187e-20	4.023433604512239e-18	-1.9122615817213085e-20	1.0592970399999997	-9.676910965247809e-18	-3.821812658011403e-20	-6.106768736524604e-20	0.9661354431067777	-0.0004685780905062016	0.4190429212361084	-1.2996045169103796	0.45385606840997034	194.4368923512677	1.5734337822164208	-1.2837799355122967	1.4350557675630737	-0.0006138005852517424	1599.565890624997	-0.00045785314829557204	0.44346749932051727	-1.2543962769023005	0.4434680878273008	205.76995352245856	1.518700075817519	-1.2543964327440222	1.5187002580771527	-0.0005924488249168916	-0.02219992047456355	0.0	0.0	0.0	0.057605518318288244	0.0	0.0	0.0	-0.03445124434269433	205.80019379437033	0.05772242111858734
276	655.2900000000001	nan	nan	1	1	0.001500000000000045	0.001500000000000028	0.0014999999999998368	0.9779412875469585	-2.1564781210736684e-19	-2.0121437068615355e-18	4.447939412621782e-20	1.0595980400000145	-7.153023832973116e-19	-1.4929463915125396e-19	7.200457678019356e-20	0.9660205635065906	0.000830232683896764	0.4247888457588263	-1.321631852600092	0.4602604232225531	206.63686461117837	1.5921359555894279	-1.3055222253094256	1.4515286992486836	0.0013905925051145443	1599.565890624997	0.0008110960917508193	0.4496493305828577	-1.275429826102898	0.44965157082374013	218.7301497528231	1.536477560657011	-1.2754303645000498	1.536478451483481	0.0013419797302016943	-0.022305643932452365	0.0	0.0	0.0	0.05788962865945583	0.0	0.0	0.0	-0.03457015772228677	218.75780325744415	0.05798565367082711
280	658.3000000000001	nan	nan	1	1	0.001500000000000045	0.001500000000000028	0.0014999999999998368	0.9778305963860846	6.548581121812447e-20	-1.024855656069079e-18	5.801836875513055e-20	1.0598990399999788	2.747476725295517e-18	-6.478107980600889e-20	2.248364255191815e-19	0.965879822054195	0.0011514606209587347	0.43563313697862044	-1.3575543810052997	0.4721973540912082	211.7857370279801	1.6354677157977313	-1.340962665718186	1.49039267437127	0.002373315023754622	1599.565890624997	0.0011247642337245377	0.46124767689543505	-1.3098727717185494	0.4612495516337635	224.2384036284583	1.5780249100310744	-1.3098727109780848	1.5780254079924605	0.002289956683742311	-0.02241883827981103	0.0	0.0	0.0	0.058173658304816495	0.0	0.0	0.0	-0.034715860320305304	224.26625246581534	0.05826153663002805
284	661.3100000000001	nan	nan	1	1	0.001500000000000045	0.001500000000000028	0.0014999999999998368	0.9777171591392035	3.3111534347707304e-19	-4.807352432800727e-19	5.285485590866834e-20	1.0602000400000102	3.14326472836135e-18	1.8133281334820063e-19	-7.331917191433224e-21	0.9657263070712087	0.0003507547287405918	0.4445515692291825	-1.3845502223392956	0.48205579259385023	213.60643650625835	1.6720573541767507	-1.3675698179189648	1.5230614282511585	0.0008324494477623217	1599.565890624997	0.00034257972499286563	0.47081994075053585	-1.3356961070959181	0.4708205686947514	226.22835401119025	1.61305849566191	-1.3356960113222354	1.6130585089419676	0.0008030763122854776	-0.02253485410881627	0.0	0.0	0.0	0.05845760730030865	0.0	0.0	0.0	-0.03487481092725809	226.25833049733242	0.05854341908474622
288	664.32	nan	nan	1	1	0.001500000000000045	0.001500000000000028	0.0014999999999998368	0.9776031471691484	-1.2739375526704676e-20	-8.483610949155951e-19	1.2874900798265365e-21	1.0605010400000183	-3.373495059688647e-18	1.0842021724855044e-19	-1.2332799712022613e-21	0.9655688232241951	0.00010415306933977519	0.45037249981391597	-1.4015238140970305	0.4885629388088843	214.42530333755673	1.6963758211845872	-1.3842709690553512	1.5445223448246024	0.00027525390699881415	1599.565890624997	0.0001017132987636143	0.47711826071331737	-1.351844665906793	0.4771184226725367	227.15913565684238	1.6362451941061873	-1.35184462193812	1.6362451417438855	0.0002654971126452724	-0.022651471288944246	0.0	0.0	0.0	0.05874147569163245	0.0	0.0	0.0	-0.03503789718465313	227.190199545505	0.05882706508954354
292	667.33	nan	nan	1	1	0.001500000000000045	0.001500000000000028	0.0014999999999998368	0.9774891182810005	-2.2437563959587516e-19	9.148362406161126e-19	-1.2023802092864244e-19	1.0608020399999956	-4.600351133018932e-18	-1.4799359654427137e-20	-6.085084693074894e-20	0.9654100945133867	3.0015122184370968e-05	0.4540891650043046	-1.4125741743919038	0.49279191707067316	214.94419818545424	1.713162811952609	-1.3951186938282023	1.5591077073492972	0.00010385779572351706	1599.565890624997	2.93085230692094e-05	0.48119086317275717	-1.3622756199075565	0.48119088708247815	227.77285218389753	1.6521609795535062	-1.362275594654822	1.6521609439229739	0.0001001596557663198	-0.02276811937792942	0.0	0.0	0.0	0.05902526352453142	0.0	0.0	0.0	-0.03520229950899516	227.8045074809873	0.059111194573161274
296	670.34	nan	nan	1	1	0.001500000000000045	0.001500000000000028	0.0014999999999998368	0.9773752015013047	-1.3162214373974023e-19	-1.9418331959758507e-18	-1.9591533256813064e-19	1.0611030400000225	-2.7033768019296688e-18	1.0364972768961422e-19	1.9256785836058165e-19	0.9652509011143672	1.7210026259750766e-06	0.4565574311840213	-1.4203849202112828	0.4956688735712627	215.35912148555641	1.72599314980786	-1.4027650803074867	1.570079780006744	4.076602727563205e-05	1599.565890624997	1.6802881263846164e-06	0.4839426347306538	-1.369579284371915	0.48394262176503844	228.27678085255243	1.664256237381799	-1.3695792632555732	1.6642562218367012	3.930787047115458e-05	-0.02288466637167411	0.0	0.0	0.0	0.05930897084478968	0.0	0.0	0.0	-0.03536721028280959	228.3088224526558	0.059395449085432775
300	673.35	nan	nan	1	1	0.001500000000000045	0.001500000000000028	0.0014999999999998368	0.9772614215843228	-3.426078865054194e-20	2.4852082197712733e-18	3.374579261861133e-20	1.0614040399999938	-2.6046059840162395e-18	1.5298092653770468e-19	7.093392713486413e-20	0.9650914983160237	-1.0458096103417525e-05	0.45829269672218714	-1.4263570928209528	0.4977518711119564	215.73103499810458	1.7367123629338685	-1.4085945216964662	1.5791218680532768	1.3355783862800674e-05	1599.565890624997	-1.020947481666182e-05	0.48591878842830893	-1.3751078928553915	0.4859187698037513	228.73539967452226	1.6743120568543914	-1.3751078737403646	1.6743120507771077	1.2875908773086686e-05	-0.023001086903006233	0.0	0.0	0.0	0.059592597697982495	0.0	0.0	0.0	-0.03553236523019366	228.76772834726597	0.0596797159744655
304	676.36	nan	nan	1	1	0.001500000000000045	0.001500000000000028	0.0014999999999998368	0.9771477768458597	-1.0565550170871241e-19	3.5370740624623976e-19	1.0007186052041206e-19	1.0617050399999912	-9.205689596031297e-19	-6.098637220230962e-20	-2.709692279584397e-19	0.9649319880069644	-1.5972108443185417e-05	0.4595907640761295	-1.4312196532931776	0.499361332021365	216.08203971343607	1.7462341159390313	-1.413327279264088	1.5870671153844975	-1.9428516075292724e-07	1599.565890624997	-1.5590558294685298e-05	0.48743234032496485	-1.3795649883977703	0.4874323252114009	229.17208645704068	1.6832101504140966	-1.379564971976891	1.6832101486193372	-1.8727314491786005e-07	-0.023117382649754107	0.0	0.0	0.0	0.059876144129815796	0.0	0.0	0.0	-0.035697658876154975	229.20464826345733	0.059963953353971734
308	679.37	nan	nan	1	1	0.001500000000000045	0.001500000000000028	0.0014999999999998368	0.9770342590168235	2.1694885471434943e-19	-2.5915820054192572e-18	1.296434747749542e-19	1.062006039999996	-5.436135482733695e-18	-9.904186845655083e-20	-3.450473413935118e-19	0.9647724199977541	-1.830897053289582e-05	0.4606218813761464	-1.4353725413553051	0.500681737453226	216.4214486288448	1.7550302298254872	-1.4173585159418922	1.5943456984122288	-7.5329502700438585e-06	1599.565890624997	-1.786948594279506e-05	0.4886634905439837	-1.3833365599469027	0.48866348073265814	229.5966926269288	1.6914058272546029	-1.383336547023435	1.6914058268189156	-7.259861264292281e-06	-0.02323356203026285	0.0	0.0	0.0	0.060159610185867136	0.0	0.0	0.0	-0.035863039655627864	229.6294554971598	0.060248142728296
312	682.3800000000001	nan	nan	1	1	0.001500000000000045	0.001500000000000028	0.0014999999999998368	0.9769208587009769	-1.8973538018496326e-20	1.9387025622027985e-18	1.3278766107516216e-19	1.0623070399999894	1.6913011789687627e-18	-1.4257258568184384e-20	-8.10712174476036e-20	0.9646128232043985	-1.8989752966367846e-05	0.4614851176839446	-1.4390498799568767	0.5018204690762529	216.75372328184923	1.7633603654155383	-1.420919561322971	1.6011943405582874	-1.1681867870216079e-05	1599.565890624997	-1.8531741115094955e-05	0.4897171198490563	-1.386648561547981	0.489717114048059	230.01393764304157	1.6991496599599807	-1.3866485521135317	1.699149659932997	-1.1256486313674045e-05	-0.02334963462061629	0.0	0.0	0.0	0.06044299591167429	0.0	0.0	0.0	-0.03602847763052844	230.04688118227082	0.06053227458507821
316	685.3900000000001	nan	nan	1	1	0.001500000000000045	0.001500000000000028	0.0014999999999998368	0.9768075669395808	3.577867169202165e-20	2.1019969619062716e-20	6.976840979944221e-20	1.0626080399999822	4.452493061746221e-18	3.810970636286548e-20	7.882149793969617e-20	0.9644532167110145	-1.877689868185839e-05	0.4622388799698498	-1.4423971002994462	0.5028408506552087	217.08123095438765	1.7713767229532469	-1.424154116410409	1.6077517900009481	-1.4013076040198414e-05	1599.565890624997	-1.8321861647864468e-05	0.4906550702091256	-1.3896413479276735	0.490655067841447	230.42632550069325	1.7065885229951059	-1.3896413421732148	1.7065885229152868	-1.3500547022086719e-05	-0.023465609553504834	0.0	0.0	0.0	0.06072630135276161	0.0	0.0	0.0	-0.03619395303722313	230.45943609673776	0.0608163433825473
320	688.4000000000001	nan	nan	1	1	0.001500000000000045	0.001500000000000028	0.0014999999999998368	0.976694375621817	-5.426431873289949e-20	-2.31950147023402e-18	-9.638557313396135e-20	1.0629090400000027	-3.846207206892327e-20	-3.12792326762068e-20	4.283547258218667e-19	0.9642936142925344	-1.8122660004213253e-05	0.4629180454465197	-1.4455090097716279	0.5037806982788412	217.40533163718604	1.7791734343896948	-1.4271558618792008	1.6141038567283092	-1.531529743562643e-05	1599.565890624997	-1.768139601541697e-05	0.49151427231487305	-1.3924064148323967	0.4915142715871889	230.83529455835455	1.7138132563663404	-1.3924064107447838	1.7138132556815615	-1.4752670685740266e-05	-0.02358149509774139	0.0	0.0	0.0	0.06100952655463313	0.0	0.0	0.0	-0.0363594516047683	230.86856285361424	0.061100345560932176
324	763.4100000000001	nan	nan	1	1	0.001500000000000045	0.001500000000000028	0.0014999999999998368	0.9738945249962002	5.3635481472857905e-19	1.0591977598825575e-18	-1.6601845766184287e-19	1.070410039999997	4.229038993996959e-18	-1.8409752888803865e-19	-9.592478721065501e-20	0.960332518378855	0.02068241316634587	0.472774378066421	-1.5087176932033555	0.5196317678936967	225.05869275023767	1.9529512419272952	-1.4876983552220395	1.752108864964982	0.014373610159355024	1599.565890624997	0.020120065985525345	0.505499083630498	-1.4472577544016463	0.5055031719030079	240.63690467663125	1.8733947653563037	-1.447248386002212	1.8733871096885846	0.013788079012783847	-0.026452271761763797	0.0	0.0	0.0	0.06804179001898623	0.0	0.0	0.0	-0.04047568118233481	240.65647645168002	0.06815313684723495
328	838.4200000000001	nan	nan	1	1	0.001500000000000045	0.001500000000000028	0.0014999999999998368	0.9711162548494352	-3.542088497510143e-19	3.6528939595381616e-18	1.5954034968124198e-19	1.0779110400000143	9.192977325558904e-18	-7.58941520739853e-20	4.5704542581126435e-19	0.9564187669946367	0.019425742179124145	0.4815030505789518	-1.5690656191011982	0.5344576592582957	232.2727438660087	2.133070269868744	-1.5453070484423304	1.8926429116915677	0.013447633902317646	1599.565890624997	0.018842850876442118	0.5184175915464418	-1.4989493661892475	0.5184206544241514	250.0799866420691	2.037750550476286	-1.4989383676370098	2.0377428113006397	0.012846704477643653	-0.029309090927091747	0.0	0.0	0.0	0.07502494589049773	0.0	0.0	0.0	-0.04455942105322581	250.10413647370217	0.0751569980846632
332	913.4300000000001	nan	nan	1	1	0.001500000000000045	0.001500000000000028	0.0014999999999998368	0.9683534735048556	1.8810907692623503e-19	-2.4043267377038545e-18	3.8597597340483956e-20	1.0854120399999871	3.874125412833829e-18	2.5088438271314573e-19	3.3076297777101525e-19	0.9525584331177556	0.01850241832174787	0.4930913344426027	-1.626065629512365	0.5527013911528597	239.1257931127757	2.3195506567388504	-1.5995299925168034	2.035632668419349	0.012782186731258057	1599.565890624997	0.017895433975206536	0.5345666111445029	-1.5470684188005415	0.5345696482148525	259.2393253189844	2.2068626885157605	-1.5470563293232797	2.2068553654914016	0.012161204969980757	-0.03215809978033211	0.0	0.0	0.0	0.08195967527035712	0.0	0.0	0.0	-0.04860382675768207	259.2679778820957	0.08211124781546751
336	988.44	nan	nan	1	1	0.001500000000000045	0.001500000000000028	0.0014999999999998368	0.965603911455271	3.2894693913210202e-19	2.9060141879672095e-18	-2.124494156985346e-19	1.0929130399999958	3.967529429993455e-18	-1.0950441942103595e-19	2.884248829354563e-19	0.9487526153453143	0.017636958611607648	0.5087503891807814	-1.6767836411620878	0.5758311915064279	245.64739257296725	2.5109092547456444	-1.6475084563470386	2.1797038205799453	0.01200604918119462	1599.565890624997	0.017009247553169182	0.5553320670250409	-1.5888847774814854	0.5553369773586162	268.13910549832127	2.3792845985411675	-1.5888725373264376	2.379279611233693	0.01137667872789687	-0.03500155840412933	0.0	0.0	0.0	0.08884664518754637	0.0	0.0	0.0	-0.052607193653894456	268.1724267915236	0.08901625875012727
340	1063.45	nan	nan	1	1	0.001500000000000045	0.001500000000000028	0.0014999999999998368	0.9628664237388813	3.3718687564299187e-19	1.931126699522556e-18	9.291612618200773e-20	1.1004140400000346	3.4839210509562955e-18	-2.677979366039196e-19	-9.90174739076699e-19	0.9450013049759463	0.016776376723162293	0.5289353812149169	-1.720775850494257	0.6045008578914712	251.8599444947414	2.7033576283133076	-1.6888348527147323	2.3215549093427135	0.0111978002121656	1599.565890624997	0.01613279587560683	0.5813051461664323	-1.6240602507810653	0.581310798387582	276.79653705845953	2.551416366360767	-1.6240472180647114	2.5514115028741537	0.01056843180100558	-0.037840585279603565	0.0	0.0	0.0	0.09568650898364683	0.0	0.0	0.0	-0.05656897056242076	276.83458575353194	0.09587256399280084
344	1138.46	nan	nan	1	1	0.001500000000000045	0.001500000000000028	0.0014999999999998368	0.9601403139928218	5.937091096530622e-19	-3.7999388791815084e-18	5.062682044421063e-19	1.1079150399999904	-3.070948443456567e-18	1.4766833589252571e-19	1.1085967213664282e-20	0.94130406484943	0.015960961217897484	0.5539000362744416	-1.7593694853534922	0.6391546480847884	257.7824589506428	2.8935620438132768	-1.7248385644432118	2.4584158299564094	0.010423954378404788	1599.565890624997	0.015304623500312113	0.6128677297832917	-1.65392530607282	0.6128716882316152	285.22574480705975	2.7201423741829984	-1.6539107179849128	2.7201365407063682	0.00979921618472785	-0.040675844791457624	0.0	0.0	0.0	0.10247990668476037	0.0	0.0	0.0	-0.060489062102548716	285.26846313230834	0.10268075395617247
348	1213.4700000000003	nan	nan	1	1	0.001500000000000045	0.001500000000000028	0.0014999999999998368	0.9574251849735762	2.8427780962569925e-19	-3.4897757426877174e-18	4.0267268686111634e-19	1.1154160400000217	-1.0666923073998635e-18	2.1250362580715888e-20	-4.296151108473811e-19	0.93766018158946	0.015257870485633538	0.5825749975366731	-1.7933558899015336	0.678710932939943	263.4314672965378	3.080105946467274	-1.7563198116755119	2.589245827527247	0.009723672477376277	1599.565890624997	0.01458853107708776	0.6489354820494131	-1.6792863220503171	0.6489369238568717	293.4386592969117	2.8841903692926976	-1.6792727515978276	2.884184004352253	0.009105181120659578	-0.04350769677792811	0.0	0.0	0.0	0.10922746536124063	0.0	0.0	0.0	-0.06436767537045024	293.48589946160456	0.10944145197442248
352	1288.48	nan	nan	1	1	0.001500000000000045	0.001500000000000028	0.0014999999999998368	0.9547208626400641	-6.674348573820765e-19	1.3874535201297e-18	-2.8129625365136413e-19	1.1229170400000097	9.303538842098113e-19	1.3552527156068805e-19	1.5417354892743872e-19	0.9340687397438948	0.014597910136841216	0.6142623568963657	-1.8230325253176933	0.72247677961117	268.8209537638304	3.261673516268267	-1.7835863474905094	2.7131299687844916	0.009029820653738262	1599.565890624997	0.013917594401491038	0.6888087430585547	-1.7004753155475614	0.6888067325299677	301.44484875394363	3.042400629041358	-1.7004647330827567	3.042393242189571	0.008422771899161591	-0.046336271655832255	0.0	0.0	0.0	0.11592979947454657	0.0	0.0	0.0	-0.06820524630522772	301.4964830639263	0.11615530310429187
356	1363.4900000000002	nan	nan	1	1	0.001500000000000045	0.001500000000000028	0.0014999999999998368	0.9520273483466314	-2.5890747878953845e-19	-5.201459922499208e-19	-3.095397202446115e-20	1.130418040000018	8.551102534393174e-18	-3.2959746043559334e-20	3.505225623645636e-19	0.9305286665744382	0.014251241091727459	0.646983248456786	-1.8482036333436904	0.7682107185318309	273.9619573623466	3.436711302335183	-1.8064564263825402	2.828995847177526	0.007503696118082055	1599.565890624997	0.013548270238874421	0.730321111415812	-1.7173598909881336	0.7303171946975703	309.2509762250579	3.1934090167641678	-1.7173493650029437	3.1933985867941783	0.0069724712769034525	-0.04916151734852652	0.0	0.0	0.0	0.12258751121343708	0.0	0.0	0.0	-0.07200239566407475	309.3070672923354	0.12282296780579273
360	1438.5	nan	nan	1	1	0.001500000000000045	0.001500000000000028	0.0014999999999998368	0.9493447739270958	-1.2815269678778662e-19	-2.3093235223398123e-18	5.275727771314464e-19	1.1379190400000228	-1.2157701061166204e-18	-8.218252467440124e-20	7.6577199442651175e-19	0.9270388010087248	0.013548655176614563	0.6794045118274996	-1.869186559875873	0.8143512068121131	278.8659640118211	3.603635687840615	-1.8252569731857293	2.9357980147633547	0.0068347273922086255	1599.565890624997	0.012843604207354264	0.771980891954852	-1.730283719363666	0.7719736350017246	316.86453634908236	3.3358426039627473	-1.7302734356081435	3.3358329692866837	0.006326825682832217	-0.05198324400374552	0.0	0.0	0.0	0.12920119081841303	0.0	0.0	0.0	-0.07575985775640103	316.92461717234426	0.1294451048095981
364	1513.5100000000002	nan	nan	1	1	0.001500000000000045	0.001500000000000028	0.0014999999999998368	0.9466733261835194	7.903833837419327e-19	-8.111838024210671e-18	4.034316283818562e-19	1.1454200400000065	-1.475425684405174e-17	1.470178145890344e-19	2.0095687267018824e-19	0.9235979340308466	0.012921458309294923	0.7099608095661811	-1.885965024959406	0.8589999176816292	283.54074972647106	3.7619539565321567	-1.8399845209268246	3.033404968047154	0.006283823909072252	1599.565890624997	0.012214165511747447	0.8119911254933925	-1.7392768517584012	0.8119801123061744	324.28912890884817	3.469353539108259	-1.7392677312194076	3.4693434917723462	0.005795075370398559	-0.05480120181883763	0.0	0.0	0.0	0.1357714168958124	0.0	0.0	0.0	-0.07947843836999112	324.35283464619323	0.1360223749564022
368	1588.5200000000002	nan	nan	1	1	0.001500000000000045	0.001500000000000028	0.0014999999999998368	0.9440127813741656	5.728924279413405e-19	2.6800935602755427e-18	-6.292709409105868e-19	1.1529210400000194	-9.334221763579454e-18	5.876375774871434e-19	7.117245161281094e-19	0.9202049212286737	-0.03009873442736585	0.7370966065857647	-1.8982842538940101	0.9001877089703528	287.97343710981477	3.9116004331880947	-1.8503969731075576	3.1220620809214568	-0.015173654548974614	1599.565890624997	-0.028370312440590365	0.8485198096405057	-1.7441498946305185	0.848494365113517	331.50493958963943	3.593991505427423	-1.7441377939948957	3.5940085721736077	-0.013941604334790856	-0.05761557333701873	0.0	0.0	0.0	0.1422987567216296	0.0	0.0	0.0	-0.08315889327607572	331.6015511127443	0.14255552719226833
372	1663.5300000000002	nan	nan	1	1	0.001500000000000045	0.001500000000000028	0.0014999999999998368	0.9413640920670563	3.8445809036335985e-19	-5.03259543413459e-19	-3.2656169435263394e-19	1.1604220400000111	8.740512653926392e-18	-5.50341022753642e-19	8.025264480737704e-19	0.9168585769752978	-0.031744665812254026	0.7614198458855386	-1.9056840349055364	0.9385739273183786	292.21457312871047	4.05333977788253	-1.856065515809796	3.2025994441331647	-0.01855882880520436	1599.565890624997	-0.029836813426496002	0.882194227779329	-1.7445254057760164	0.8821656942931811	338.56486809499523	3.710559615990645	-1.7445160969750264	3.710587212522281	-0.0169893580253096	-0.06042529386232418	0.0	0.0	0.0	0.1487837665352823	0.0	0.0	0.0	-0.08680204220136062	338.6661986740079	0.14904498730509247
376	1738.5400000000002	nan	nan	1	1	0.001500000000000045	0.001500000000000028	0.0014999999999998368	0.9387269572639307	3.6082248300317586e-19	7.3517038810810845e-19	6.345835315557657e-19	1.1679230400000231	-2.2539045282932157e-17	-2.445960101127298e-19	3.699297812520541e-19	0.9135579376548516	-0.029674791288615436	0.784714081440711	-1.9083988593671284	0.9762720352716071	296.25429600325833	4.1874657975132115	-1.8572277120149128	3.275495329524886	-0.019869591568906126	1599.565890624997	-0.02781232858767345	0.9150315336865863	-1.7406667466175567	0.9149988072990264	345.45324117977225	3.819422984117072	-1.7406635445658012	3.8194567752061666	-0.01812322258688476	-0.06323062239527547	0.0	0.0	0.0	0.15522699182422808	0.0	0.0	0.0	-0.09040848136044619	345.5563295488788	0.1554914437910881
380	1813.5500000000002	nan	nan	1	1	0.001500000000000045	0.001500000000000028	0.0014999999999998368	0.9361013817307251	4.211041237933699e-19	-4.203993923812543e-18	2.862293735361732e-19	1.1754240399999925	-1.7997647643042125e-17	-1.1058862159352145e-20	-7.089598005882713e-19	0.9103020580705261	-0.028154856172822512	0.8073992588083844	-1.9074069660945216	1.0137759506861272	300.09995951529737	4.313992753064879	-1.8548341711801077	3.3409628607772066	-0.018062295043485287	1599.565890624997	-0.026313172920490513	0.9475015639654597	-1.7335082360696632	0.9474621972598951	352.1741912500288	3.9206850455699853	-1.7335045856923674	3.920696608526596	-0.01641555146687578	-0.06603149455518546	0.0	0.0	0.0	0.16162896759913234	0.0	0.0	0.0	-0.09397880260282843	352.2776365529469	0.1618954877163013
384	1888.5600000000002	nan	nan	1	1	0.001500000000000045	0.001500000000000028	0.0014999999999998368	0.9334874937079349	-4.2717565595928877e-20	-1.5166904190899722e-18	8.109832250191573e-20	1.1829250400000197	-2.1632543846517028e-17	-1.8344700758454734e-19	-5.173812767100827e-19	0.9070898647117939	-0.02846113921306368	0.8291243194873634	-1.903849745374042	1.0506492247199224	303.7563772420039	4.433941079840672	-1.8500077301007454	3.40005240358228	-0.020521342140473135	1599.565890624997	-0.02652434940221361	0.9791761698265198	-1.7241178228836502	0.9791522021312743	358.72908204176485	4.015357230760544	-1.7241141003753284	4.015381302296839	-0.018584035751693123	-0.068827713296386	0.0	0.0	0.0	0.16799021866068248	0.0	0.0	0.0	-0.09751375471018507	358.8354778087034	0.16825772674622652
388	1963.5700000000002	nan	nan	1	1	0.001500000000000045	0.001500000000000028	0.0014999999999998368	0.9308854632369576	-7.86697096355482e-19	-2.8331422494490278e-18	-2.528359466236196e-19	1.1904260400000088	-4.8450826684032225e-18	-8.85359494051663e-19	1.1032841307212493e-18	0.9039205551652588	-0.00923886158456138	0.8499316478459158	-1.898356831198675	1.0868902510288574	307.245534655691	4.547818420591684	-1.8433670080059883	3.4532708458464305	-0.005051317221197881	1599.565890624997	-0.008585899090841616	1.0100839959211367	-1.7130860665506715	1.0100735824148974	365.1397123056756	4.103972573269466	-1.7130858573066772	4.103969564859506	-0.004558332241414054	-0.07161903479754357	0.0	0.0	0.0	0.17431125985744347	0.0	0.0	0.0	-0.10101380390612154	365.2317093880327	0.17457863749703584
392	2038.5800000000002	nan	nan	1	1	0.001500000000000045	0.001500000000000028	0.0014999999999998368	0.9282951545614393	-6.689527404235562e-19	-2.5693558608833046e-19	-4.032147879473591e-19	1.197927040000026	-1.4533296441299192e-17	4.3064510291124236e-19	-9.486769009248164e-19	0.9007928781145476	-0.01899817744413686	0.870860311303921	-1.892071447864845	1.1237446142769891	310.5448733155873	4.655544197184064	-1.83601510934612	3.5007780964463566	-0.018758748346827937	1599.565890624997	-0.01760583501501808	1.0414477138448042	-1.7014574018540742	1.0413873823502786	371.37557443225114	4.186528020861207	-1.7014568473884868	4.186523714421119	-0.016868924934228063	-0.07440554228023229	0.0	0.0	0.0	0.18059259633620253	0.0	0.0	0.0	-0.1044799278063093	371.4796632162912	0.1808589772192692
396	2113.59	nan	nan	1	1	0.001500000000000045	0.001500000000000028	0.0014999999999998368	0.9257166999991439	-4.150325916274511e-19	3.125551575368368e-20	1.577514160966409e-19	1.2054280400000241	2.7577332778472296e-17	7.617604463883154e-19	5.325601071248798e-19	0.897706251780304	-0.025965521722263976	0.8931198833289766	-1.8858062484755274	1.162936535519705	313.68104495575574	4.756102941582501	-1.828737120714421	3.541984702796696	-0.02055953856862283	1599.565890624997	-0.02399504197481481	1.0747251445795984	-1.6899648913424603	1.0746832388857532	377.46433898144124	4.262180697185941	-1.6899573381119215	4.262204988229715	-0.01842442636472402	-0.07718703067076435	0.0	0.0	0.0	0.18683472378399296	0.0	0.0	0.0	-0.1079123780237329	377.5736633411977	0.1870991346374564
400	2188.6000000000004	nan	nan	1	1	0.001500000000000045	0.001500000000000028	0.0014999999999998368	0.9231504182183804	1.145568015448184e-18	-2.5416002852676756e-18	-2.6768951638667103e-19	1.212929040000004	1.6085657111863938e-17	-2.229119666630197e-19	1.1210650463500116e-18	0.8946595567668748	-0.02256825130483048	0.9169807792923788	-1.8801205519321005	1.2047654037678424	316.66252885620116	4.8494142822337984	-1.8220945401793263	3.576955304061891	-0.018419006513647897	1599.565890624997	-0.020797192403521743	1.110273454412718	-1.6791049113988372	1.1102206176649356	383.41261642098146	4.3309325725622445	-1.679104429389487	4.33095067138197	-0.016449713433732135	-0.07996309110644065	0.0	0.0	0.0	0.19303812866294945	0.0	0.0	0.0	-0.1113120165721356	383.52045970760935	0.19329967064870826
