6	header
postResults v2.0.3	--cr f,p,texture --time RVE_1_40_D_tensionX.spectralOut
addCauchy v2.0.3	RVE_1_40_D_tensionX.txt
addStrainTensors v2.0.3	--left --logarithmic RVE_1_40_D_tensionX.txt
addMises v2.0.3	-s Cauchy RVE_1_40_D_tensionX.txt
addMises v2.0.3	-e ln(V) RVE_1_40_D_tensionX.txt
inc	time	elem	node	ip	grain	1_pos	2_pos	3_pos	1_f	2_f	3_f	4_f	5_f	6_f	7_f	8_f	9_f	1_p	2_p	3_p	4_p	5_p	6_p	7_p	8_p	9_p	texture	1_Cauchy	2_Cauchy	3_Cauchy	4_Cauchy	5_Cauchy	6_Cauchy	7_Cauchy	8_Cauchy	9_Cauchy	1_ln(V)	2_ln(V)	3_ln(V)	4_ln(V)	5_ln(V)	6_ln(V)	7_ln(V)	8_ln(V)	9_ln(V)	Mises(Cauchy)	Mises(ln(V))
0	0.0	nan	nan	1	1	0.001500000000000045	0.001500000000000028	0.0014999999999998368	1.0	0.0	0.0	0.0	1.0	0.0	0.0	0.0	1.0	2.7716487604837245e-12	-1.1931922846408178e-15	-2.8066754232013122e-14	-1.1931922846409345e-15	2.7018729684354e-12	-1.6832583398957215e-14	-2.806675423201312e-14	-1.6832583398957266e-14	2.699121388890668e-12	1599.565890624997	2.7716487604837245e-12	-1.1931922846408178e-15	-2.8066754232013122e-14	-1.1931922846409345e-15	2.7018729684354e-12	-1.6832583398957215e-14	-2.806675423201312e-14	-1.6832583398957266e-14	2.699121388890668e-12	0.0	0.0	0.0	0.0	0.0	0.0	0.0	0.0	0.0	9.102600058540028e-14	0.0
2	2.0	nan	nan	1	1	0.001500000000000045	0.001500000000000028	0.0014999999999998368	0.9999331859138989	-2.5324961633923495e-23	4.5627282588425004e-23	4.13921178521535e-24	1.000200000000001	2.8409021829766205e-22	-6.815968247436948e-25	1.1527589016538994e-23	0.999933880058929	-1.6287487381375088e-11	-0.0004941626033786641	0.002741200914482257	-0.0004942944617320596	14.15890677612775	0.000727480346001283	0.002741202817400309	0.000727286787686128	3.8786206477472995e-12	1599.565890624997	-1.628530731882812e-11	-0.0004942283009536784	0.002740835910371973	-0.0004942283009536722	14.16078916430056	0.0007273834784878373	0.0027408359103718925	0.0007273834784878282	3.878104190718863e-12	-6.681631826157467e-05	0.0	0.0	0.0	0.00019998000266735472	0.0	0.0	0.0	-6.612212709063832e-05	14.160790041962253	0.00017763326904629713
4	4.0	nan	nan	1	1	0.001500000000000045	0.001500000000000028	0.0014999999999998368	0.9998663539893822	4.697889570933665e-23	-5.470641699180703e-23	4.393983413881683e-24	1.0003999999999935	4.470745774726604e-22	7.0144915944496745e-25	3.05990652195616e-23	0.9998677425139985	9.888689460595817e-12	-0.0009883614006183721	0.005482594259826788	-0.0009888889062358755	28.32631037551176	0.0014554063112521929	0.005482601873561432	0.001454631970084297	1.265317496092211e-11	1599.565890624997	9.886043069571871e-12	-0.000988624261791814	0.005481134630764289	-0.0009886242617918137	28.33384394286873	0.0014550188389628037	0.005481134630764297	0.0014550188389627692	1.2649806310784911e-11	-0.00013365494204167923	0.0	0.0	0.0	0.00039992002132067657	0.0	0.0	0.0	-0.00013226623279407072	28.333845697153155	0.0003552546439165387
6	6.0	nan	nan	1	1	0.001500000000000045	0.001500000000000028	0.0014999999999998368	0.9997995042228781	6.944346678505178e-23	1.6250194744175744e-21	-3.891057601449442e-24	1.000599999999987	-7.596826745687006e-23	6.352747104407252e-24	4.523685333929998e-23	0.9998015873617156	-6.2291497047312075e-12	-0.0014825963387222092	0.008224179771050076	-0.0014837833888290224	42.50221249606318	0.002183777960937318	0.008224196906593723	0.002182035450520354	-3.412555992995947e-12	1599.565890624997	-6.226649902079141e-12	-0.0014831879358689112	0.008220896477144737	-0.0014831879358688863	42.51917206016332	0.0021829061433130243	0.008220896477144492	0.002182906143313001	-3.411193617098703e-12	-0.00020051587908716245	0.0	0.0	0.0	0.0005998200719544568	0.0	0.0	0.0	-0.00019843232467615086	42.51917469008984	0.0005328641403783448
8	8.0	nan	nan	1	1	0.001500000000000045	0.001500000000000028	0.0014999999999998368	0.9997326366108237	6.891737991546806e-23	-3.975628547276864e-22	3.1419628387214205e-23	1.0008000000000166	-9.295392502727895e-22	9.317362419797303e-24	1.4849546356551954e-23	0.9997354145986065	-2.1053957691835603e-12	-0.001976867365477675	0.010965957183086182	-0.0019789779656260065	56.68661483618966	0.0029125953601492507	0.010965987654528211	0.0029094971322310547	6.356858026079771e-13	1599.565890624997	-2.104269557954495e-12	-0.0019779193773794106	0.010960121765242989	-0.0019779193773793325	56.71678124720852	0.0029110454534105276	0.010960121765242989	0.0029110454534106264	6.353475291484262e-13	-0.0002673991371391983	0.0	0.0	0.0	0.000799680170581106	0.0	0.0	0.0	-0.0002646204102859707	56.71678475174388	0.0007104617742038179
10	10.0	nan	nan	1	1	0.001500000000000045	0.001500000000000028	0.0014999999999998368	0.9996657491670883	4.212334551365038e-23	-9.617529720480547e-22	2.7396221887756274e-23	1.0009999999999997	6.144959334533932e-22	-4.632211430296955e-24	-3.2663708028493956e-23	0.9996692167745356	9.173199137964272e-11	-0.0024747620925724165	0.013691857916351134	-0.0024780651500054766	70.87750844556906	0.0036596202772487757	0.01369190541021402	0.0036547549812682694	7.877376650977653e-11	1599.565890624997	9.167067414987665e-11	-0.0024764087149072274	0.013682753208270912	-0.002476408714907317	70.92466792356193	0.003657186730646673	0.013682753208270457	0.0036571867306467174	7.87213841265503e-11	-0.0003343067071723967	0.0	0.0	0.0	0.0009995003330832014	0.0	0.0	0.0	-0.0003308379463032622	70.9246722955524	0.0008880506980695668
12	12.0	nan	nan	1	1	0.001500000000000045	0.001500000000000028	0.0014999999999998368	0.9995987677311589	1.508909786194731e-22	9.494709943128673e-23	-6.3262773248055554e-24	1.001200000000007	-1.1915371287703853e-21	-1.7284766079908067e-23	-1.5913631496540166e-22	0.9996027007366429	2.211617038024201e-09	-0.003071607367444892	0.015708455204483843	-0.003076527698471343	84.99639478706433	0.005132919374916489	0.01570851701072353	0.005124730393359673	2.2854284814355363e-09	1599.565890624997	2.2098442479818555e-09	-0.0030740616125404623	0.015695925363047147	-0.0030740616125373493	85.06430775903407	0.005128825104344505	0.01569592536304771	0.005128825104346281	2.283605510550459e-09	-0.00040131278404551056	0.0	0.0	0.0	0.001199280575489062	0.0	0.0	0.0	-0.0003973782076197654	85.0643127315548	0.0010657531351799358
14	14.0	nan	nan	1	1	0.001500000000000045	0.001500000000000028	0.0014999999999998368	0.9995307543919959	3.081082345637517e-23	-9.750143316285048e-22	-1.9905274260476058e-23	1.0014000000000058	1.691418916548431e-22	-3.194902397924814e-23	2.0508785235394748e-22	0.9995318123560882	8.057619091868522e-06	-0.004645615345282305	0.005903459674266311	-0.004654303215006012	97.97397355157311	0.01671034005153642	0.00590346591277536	0.0166791656481258	8.941496854994493e-06	1599.565890624997	8.050123164191525e-06	-0.004649973363357762	0.0058979739837148005	-0.004649973360257517	98.06588222586655	0.01669481224926603	0.005897973973652743	0.01669481225249908	8.933188119520679e-06	-0.0004693557381778285	0.0	0.0	0.0	0.0013990209137136173	0.0	0.0	0.0	-0.00046829727796737536	98.06587886023107	0.0012452317644745566
16	16.0	nan	nan	1	1	0.001500000000000045	0.001500000000000028	0.0014999999999998368	0.9994600184054192	8.004461351553138e-23	-2.513649680315941e-21	-9.317362419797303e-24	1.0016000000000138	4.053899685559081e-21	-5.1060204851673294e-23	6.140988867593677e-23	0.9994455796959975	0.00016755240418110271	-0.005145275956572154	-0.05115249621684871	-0.0051562923519830215	107.0889400307309	0.06152000704070002	-0.05115175724756791	0.061387677770964516	0.000519355663917601	1599.565890624997	0.0001673775460933553	-0.0051509115819236275	-0.05109837514619737	-0.005150911233013461	107.20623464240836	0.061454916793033394	-0.05109837515197253	0.06145491574926423	0.0005188061680638522	-0.0005401274371459363	0.0	0.0	0.0	0.00159872136371104	0.0	0.0	0.0	-0.0005545740517691723	107.20598129810146	0.0014307390509748213
18	18.0	nan	nan	1	1	0.001500000000000045	0.001500000000000028	0.0014999999999998368	0.9993880699412766	-5.802175688691958e-23	6.4252213609566986e-21	-3.7692966152816363e-23	1.0018000000000151	1.5710343589199135e-21	1.8708840222479358e-22	-3.746003209232143e-22	0.9993432639560412	-0.0003000712703627034	-0.0003937405641803186	-0.147921951613476	-0.0003946881014643716	112.49549090842471	0.13984092347414026	-0.14791532103728178	0.13949798467322766	0.00016986253046111037	1599.565890624997	-0.00029972895536849935	-0.0003942405653858971	-0.14774658108059877	-0.0003942378495792048	112.63834609326821	0.13967513349503166	-0.14774658234996135	0.13967512964343815	0.0001696611480282942	-0.0006121173643376372	0.0	0.0	0.0	0.001798381941395134	0.0	0.0	0.0	-0.0006569517895378154	112.63896162727033	0.0016221508875480604
20	20.0	nan	nan	1	1	0.001500000000000045	0.001500000000000028	0.0014999999999998368	0.999316680112106	9.16489648929153e-22	4.011558626108207e-20	5.929230630780103e-23	1.002000000000023	-7.165263459060941e-21	-4.8069119756681546e-23	-1.960457756420078e-21	0.9992316289875203	-0.00018503524719597165	0.008295981109439113	-0.24763910806642012	0.00831825985865588	116.01413756834309	0.2350834093557276	-0.2476180338867062	0.23443390609895576	0.0002161410731542741	1599.565890624997	-0.00018480791641108397	0.008308037449726326	-0.24731381287644472	0.00830804020282693	116.18273799090916	0.2347746071519742	-0.24731381508056607	0.23477460298694333	0.0002158571533323922	-0.0006835534573364719	0.0	0.0	0.0	0.0019980026626965474	0.0	0.0	0.0	-0.0007686663607869934	116.18422464596202	0.0018167397487883303
22	22.0	nan	nan	1	1	0.001500000000000045	0.001500000000000028	0.0014999999999998368	0.9992460987063532	1.1604351377383916e-21	-1.0310085033979344e-20	9.317362419797304e-23	1.0022000000000233	1.4120462747202814e-20	7.593650372134802e-22	-3.2017845406212553e-22	0.9991150562585818	-8.842497680140591e-05	0.02133678312390769	-0.3354596414210293	0.021399858804228553	118.6364934351973	0.33187677324238857	-0.3354156508801385	0.3308551967164925	0.0002759694228760895	1599.565890624997	-8.830901740210697e-05	0.02137179392385926	-0.3349757889510571	0.021371795299302863	118.83116001237038	0.3313980885464308	-0.33497579102607405	0.3313980857282948	0.00027557137652294326	-0.0007541856201388331	0.0	0.0	0.0	0.002197583543510465	0.0	0.0	0.0	-0.0008853355352917138	118.83387483401864	0.0020129873622254926
24	24.0	nan	nan	1	1	0.001500000000000045	0.001500000000000028	0.0014999999999998368	0.9991760581956405	1.5975041385216104e-21	2.2845643257750953e-20	-1.8041801776516597e-22	1.0024000000000004	2.2232920799530876e-20	2.234155277501624e-21	2.213720607649114e-21	0.9989957005886144	-3.4515960478618864e-05	0.038349136164621586	-0.4114345872696801	0.03847287444960927	120.76635227312346	0.4212376625661895	-0.41136032268299255	0.41980707529115113	0.0002790804006229196	1599.565890624997	-3.44679366378734e-05	0.038419344201770206	-0.4107879738337711	0.038419345149831176	120.98744639400006	0.42057564254951146	-0.4107879757932755	0.42057564099262534	0.00027864179593987834	-0.0008242814309758633	0.0	0.0	0.0	0.0023971245997223374	0.0	0.0	0.0	-0.0010048040579449988	120.99162765699121	0.0022102369820313065
26	26.0	nan	nan	1	1	0.001500000000000045	0.001500000000000028	0.0014999999999998368	0.9991062836754014	2.7265990572115927e-21	4.902510231677643e-20	-1.0020399766018373e-21	1.0025999999999828	5.23737411946279e-20	2.3807978564950247e-21	3.669346727505629e-21	0.9988746450349526	9.618800980380565e-06	0.057305940773482264	-0.47779469580096456	0.057506331687763076	122.57637054649125	0.4997011461690821	-0.47768392287411887	0.49784440847649597	0.0002522742631737256	1599.565890624997	9.604665610437037e-06	0.057421821773335636	-0.47698193765231023	0.05742182289356322	122.824237908681	0.4988511238017136	-0.4769819394377569	0.4988511227376527	0.00025184512914421003	-0.0008941159271382685	0.0	0.0	0.0	0.0025966258472495253	0.0	0.0	0.0	-0.00112598865240572	122.82996495144528	0.0024081759722164304
28	28.0	nan	nan	1	1	0.001500000000000045	0.001500000000000028	0.0014999999999998368	0.999036563461592	3.223807397249867e-21	-3.815338149920828e-20	-6.23416249179165e-22	1.00279999999999	-8.746123400169004e-20	1.0018282183650237e-21	2.7630214739435277e-21	0.9987524831094123	6.654518420384094e-05	0.0762329540860963	-0.5355557418656731	0.07652012961058414	124.14790429534281	0.5663729380963375	-0.5354034556560958	0.5640869330382123	0.00020924771972924766	1599.565890624997	6.644226579442142e-05	0.07640178304273668	-0.5345754022968845	0.0764017840064308	124.42284787325534	0.5653361873746056	-0.5345754036683659	0.5653361855367021	0.00020886468990939219	-0.0009639009416958187	0.0	0.0	0.0	0.0027960873019916665	0.0	0.0	0.0	-0.0012482956875587785	124.4300785893149	0.0026066336626345207
30	30.0	nan	nan	1	1	0.001500000000000045	0.001500000000000028	0.0014999999999998368	0.9989667296887107	4.268199021214419e-21	2.0260075186257203e-20	1.8600843521704437e-21	1.0030000000000026	-1.69686110323454e-20	1.2849489809847735e-21	6.587375230796694e-21	0.9986295906877569	0.00012112231132720898	0.09405874974533349	-0.5850593400309694	0.09443850713499967	125.52511328031146	0.6214458033227976	-0.5848618899536627	0.6187379519460301	0.00016772227586104354	1599.565890624997	0.00012092574900603598	0.09428524776597036	-0.5839127515060957	0.09428524840036061	125.82738382691333	0.6202279052769634	-0.5839127517693331	0.6202279028733828	0.0001673935768322274	-0.0010338045030654362	0.0	0.0	0.0	0.0029955089798010272	0.0	0.0	0.0	-0.0013713491818534663	125.83599573122497	0.002805500698326456
32	32.0	nan	nan	1	1	0.001500000000000045	0.001500000000000028	0.0014999999999998368	0.9988966573009086	3.222960364302613e-21	7.745618670784065e-20	2.442843019881402e-21	1.0032000000000223	2.4266223389414822e-20	2.8528069663524834e-21	1.1045309632196077e-21	0.9985062372131632	0.00015417520415654773	0.1102820382657956	-0.6269683533661672	0.11075714408776981	126.73863755226277	0.6658374817246824	-0.6267233009122682	0.6627221649214581	0.00012334149913265574	1599.565890624997	0.00015391332722203816	0.11056901542998063	-0.6256587703487405	0.11056901564307332	127.06843826477557	0.6644467106375115	-0.6256587693118305	0.6644467080158951	0.00012308386901186758	-0.00110395182974168	0.0	0.0	0.0	0.003194890896541422	0.0	0.0	0.0	-0.0014948795627391796	127.07827625903191	0.003004693374575652
34	34.0	nan	nan	1	1	0.001500000000000045	0.001500000000000028	0.0014999999999998368	0.9988262660967595	-6.090166890758419e-22	8.684628808198341e-20	2.134523027080837e-22	1.0034000000000003	5.1058299027541973e-20	2.9370867446042863e-21	1.1373958415730746e-20	0.9983826262483213	0.00015987310405077453	0.1246885638358871	-0.6624233782306925	0.125259526670061	127.81472505948535	0.7009589180247129	-0.6621291534424467	0.6974538597001433	7.774769832224995e-05	1599.565890624997	0.00015958949322511016	0.1250373190876972	-0.6609545551812113	0.12503731945145383	128.17222421780298	0.6994046482791552	-0.6609545531429205	0.699404645634175	7.757530463100547e-05	-0.001174423268351897	0.0	0.0	0.0	0.0033942330680160593	0.0	0.0	0.0	-0.0016186831126125721	128.18312544699637	0.0032041402439505584
36	36.0	nan	nan	1	1	0.001500000000000045	0.001500000000000028	0.0014999999999998368	0.9987555177695251	-1.0020399766018373e-21	-8.839847595782692e-20	-3.2390539903004444e-21	1.0036000000000027	3.9809277971531234e-20	4.47318099444996e-21	-6.936352805065466e-21	0.9982589067509504	0.00014631087423969098	0.13740819012836378	-0.6927615704770799	0.13807469172255118	128.77699779408388	0.7284425135163347	-0.6924171061542503	0.724565787715532	3.9937410199484935e-05	1599.565890624997	0.00014604031428485466	0.13781936161357475	-0.691136682127507	0.1378193622226037	129.16234185104685	0.726733934686347	-0.691136679515133	0.726733932065514	3.984373607650988e-05	-0.0012452572415442885	0.0	0.0	0.0	0.0035935355101333155	0.0	0.0	0.0	-0.0017426107135208669	129.1741497442061	0.0034037799997451742
38	38.0	nan	nan	1	1	0.001500000000000045	0.001500000000000028	0.0014999999999998368	0.9986844047506986	-2.9629212494955428e-21	-3.344022548288934e-20	-3.876022766635678e-21	1.0037999999999976	-5.290483085255635e-20	6.11388381328154e-21	3.977666720306194e-21	0.9981351824762688	0.00012658535710636525	0.1487458839997445	-0.7191530958418862	0.14950781065585889	129.64606079880573	0.7498074256651666	-0.7187575977201192	0.7455759800963505	1.2873008635408246e-05	1599.565890624997	0.00012634175804660544	0.14922009942154194	-0.7173744337333994	0.14922009995270136	130.059384245162	0.7479529470229918	-0.7173744308278164	0.7479529442070619	1.2841170167612705e-05	-0.001316461404487795	0.0	0.0	0.0	0.003792798238693608	0.0	0.0	0.0	-0.0018665584606198525	130.07195818918288	0.003603561791174931
40	40.0	nan	nan	1	1	0.001500000000000045	0.001500000000000028	0.0014999999999998368	0.9986129368448989	1.0878444141586979e-20	-1.0452195986704934e-19	-1.0537089863843496e-21	1.0040000000000255	2.191240353228985e-19	4.81792340398246e-21	1.3034142992349174e-20	0.9980115240877031	0.00010699311028807232	0.1588669817604575	-0.7423978383398729	0.15972399730390027	130.4392105879904	0.7663048512430916	-0.741950727557192	0.7617341331244685	-5.260596846145493e-06	1599.565890624997	0.00010677917072532642	0.15940461861760347	-0.7404671527328615	0.1594046189621432	130.88064232196058	0.7643119928719162	-0.7404671496538553	0.7643119900257304	-5.246916096969473e-06	-0.0013880260176696384	0.0	0.0	0.0	0.0039920212695631115	0.0	0.0	0.0	-0.001990455555273808	130.89386108133013	0.003803444611879233
42	44.333333333333336	nan	nan	1	1	0.001500000000000045	0.001500000000000028	0.0014999999999998368	0.9984568352918644	7.74103410495705e-21	-2.1946538960064195e-19	5.178759439512792e-21	1.0044333333333366	-2.7216015628227924e-20	1.2637731573034161e-21	-7.098136097991037e-22	0.9977441000364472	0.0002402795098309295	0.17622774076374692	-0.7832818334846372	0.17728258498239546	131.94450124059037	0.7887292814148742	-0.7827226662718384	0.7834765535773248	-0.0006967027426087895	1599.565890624997	0.00023975984661592353	0.1768991763491938	-0.7810298687718353	0.17689916802711128	132.44721570003375	0.7864616550845175	-0.7810298370434985	0.7864616343379092	-0.0006946996960365393	-0.0015443566131555222	0.0	0.0	0.0	0.004423535059782799	0.0	0.0	0.0	-0.002258448339183713	132.46171020908213	0.004236732497709697
44	48.666666666666664	nan	nan	1	1	0.001500000000000045	0.001500000000000028	0.0014999999999998368	0.9982994668135496	1.388879923612876e-20	-1.1641366717178929e-19	5.431175257794574e-21	1.0048666666666708	9.202165938970719e-20	-2.2276966512788098e-21	-1.6971152131187163e-20	0.9974773918839107	1.814882531576806e-05	0.1887338852990277	-0.8159362090716915	0.18997543670211034	133.27177015119744	0.8010942638429307	-0.8152642864754897	0.795203419275828	-0.0006531399951878194	1599.565890624997	1.8106604663508343e-05	0.18953349899003819	-0.8133677097070028	0.18953348595811714	133.83640607690447	0.798572485688144	-0.8133676904512157	0.7985724779914044	-0.0006510839647726459	-0.0017019807343110216	0.0	0.0	0.0	0.0048548627261862124	0.0	0.0	0.0	-0.002525795253002643	133.851686322363	0.004670117265537857
46	53.0	nan	nan	1	1	0.001500000000000045	0.001500000000000028	0.0014999999999998368	0.9981410762852863	-5.47776206989356e-21	-1.4579893417793546e-19	5.1957000984578786e-21	1.0053000000000298	-2.3781297027111737e-20	-8.905704407431713e-21	5.832668874793112e-21	0.9972114215513513	0.00012576906183580535	0.1975327429803767	-0.842519380132851	0.1989494839431955	134.47422713602577	0.8072562888229823	-0.8417346560897601	0.8007611564952014	-0.0004664485533544126	1599.565890624997	0.0001254558434970459	0.19845402977609766	-0.8396383927370787	0.19845401529654916	135.10141090290895	0.8044958832488218	-0.8396383795746263	0.8044958825404857	-0.0004648535367474612	-0.00186065365762268	0.0	0.0	0.0	0.005286004429267476	0.0	0.0	0.0	-0.002792473776834272	135.1170302074705	0.005103480744048688
48	57.33333333333333	nan	nan	1	1	0.001500000000000045	0.001500000000000028	0.0014999999999998368	0.9979818564947066	-3.759132219914585e-21	-9.381482813904455e-20	8.544868371901381e-21	1.0057333333333436	9.052918733664511e-20	-1.3505093311022565e-20	-2.478079590487181e-20	0.9969461557636975	9.934667500661421e-05	0.20379366760513887	-0.86456187117175	0.20537654722734847	135.58730326345733	0.8096321968652705	-0.8636646167685892	0.8025583776278696	-0.00037907955616370086	1599.565890624997	9.908291822131663e-05	0.20483130708879704	-0.861371678537653	0.20483129034916298	136.27766200228473	0.8066446921453749	-0.8613716622949841	0.8066446982204254	-0.00037768077043403274	-0.002020182700952264	0.0	0.0	0.0	0.005716960329238813	0.0	0.0	0.0	-0.0030585167337569548	136.2935908460195	0.005536756321097913
50	61.666666666666664	nan	nan	1	1	0.001500000000000045	0.001500000000000028	0.0014999999999998368	0.9978219759058763	4.1462262768098e-21	-1.3389642720311803e-19	1.7804632551285392e-21	1.006166666666648	1.9264239725994002e-19	-8.843023969334895e-21	-2.005943425687634e-20	0.9966815362938795	9.695222347545399e-05	0.20826264557478116	-0.8830978474666239	0.21000430955052696	136.63481929285084	0.8097145270342253	-0.8820885088150697	0.8020813586164569	-0.00030131682099725975	1599.565890624997	9.667884093669742e-05	0.20941216340916477	-0.8796012465428513	0.2094121466352607	137.38898315714553	0.8065084852899927	-0.8796012260349175	0.8065084935153324	-0.00030012376557574593	-0.0021803994382655852	0.0	0.0	0.0	0.006147730586215554	0.0	0.0	0.0	-0.0033239820184001187	137.40511150376201	0.005969903600313953
52	66.0	nan	nan	1	1	0.001500000000000045	0.001500000000000028	0.0014999999999998368	0.9976615752153797	2.9120992726602847e-21	9.454751163841951e-20	6.91178884959509e-22	1.0065999999999877	1.7776002837668197e-19	-6.2951488639939604e-21	2.6989857831311027e-20	0.9964174953645889	0.0001139511748558375	0.21139964198511918	-0.8989081337904548	0.2132936335386307	137.6327804944701	0.808541349986956	-0.8977871789295191	0.8003623612627228	-0.00023312272137635754	1599.565890624997	0.00011361104034794205	0.2126569874822821	-0.895107381092578	0.21265697029077338	138.45138148731812	0.8051226850513642	-0.8951073610102542	0.8051226910418205	-0.00023213703465387638	-0.0023411631696949355	0.0	0.0	0.0	0.006578315360109933	0.0	0.0	0.0	-0.0035889371728015647	138.4676331643799	0.006402899712447547
54	70.33333333333333	nan	nan	1	1	0.001500000000000045	0.001500000000000028	0.0014999999999998368	0.9975007699019806	5.285485590866834e-21	-6.49996143064005e-20	-1.880413142904547e-21	1.0070333333333474	4.0290646795455854e-19	-4.096251332921797e-21	-3.1641762777631645e-20	0.9961539671166691	0.00012377745066995837	0.21357057261557022	-0.9125799182463034	0.21561153052174398	138.59216466902933	0.8068077000654742	-0.9113477577563868	0.7980914493886618	-0.00018368857782256803	1599.565890624997	0.00012338751527250658	0.2149323086819581	-0.9084767599600633	0.2149322907458871	139.47583486215228	0.803180116734156	-0.9084767441087948	0.8031801181954105	-0.00018286267392625096	-0.0025023583868569385	0.0	0.0	0.0	0.007008714810571903	0.0	0.0	0.0	-0.003853447886136209	139.49217425548866	0.006835731849816314
56	74.66666666666666	nan	nan	1	1	0.001500000000000045	0.001500000000000028	0.0014999999999998368	0.9973396523856071	9.969577789183115e-21	-1.970486626515569e-19	1.863472483959461e-21	1.007466666666666	-1.9835478745622303e-19	-7.487771253728015e-21	3.8838154697504176e-20	0.9958908939062718	0.00012795839587161612	0.215065856425668	-0.9245420451720093	0.2172496218855815	139.52067266571478	0.8049118705319052	-0.9231990226890855	0.7956634474023335	-0.0001473492645012361	1599.565890624997	0.00012753410530334206	0.2165292743021394	-0.9201378466616043	0.21652925519999341	140.47004254668838	0.8010775487942231	-0.9201378352203085	0.801077547678106	-0.00014664734357225883	-0.0026638926278154877	0.0	0.0	0.0	0.007438929096997987	0.0	0.0	0.0	-0.004117571668761851	140.48644535820404	0.007268392753811343
58	79.0	nan	nan	1	1	0.001500000000000045	0.001500000000000028	0.0014999999999998368	0.9971782949185496	2.2692012656942705e-20	-7.635832612908066e-20	9.396983516839207e-21	1.0078999999999994	3.2578920030473803e-19	-4.81792340398246e-21	-2.96630938128456e-20	0.9956282282595635	0.0001290432438206577	0.2160724828584686	-0.9351383186248119	0.2183956868192703	140.42382398183884	0.8030566458690535	-0.933684680476519	0.7932789595898818	-0.00011951436583740716	1599.565890624997	0.0001285939761696634	0.2176353530087746	-0.93043404090548	0.21763533614689445	141.439521121936	0.7990168141016217	-0.9304340312309831	0.7990168119550111	-0.00011891314058853085	-0.00282569359594174	0.0	0.0	0.0	0.007868958378694757	0.0	0.0	0.0	-0.004381355877819235	141.45596935977767	0.0077008782381867555
60	83.33333333333333	nan	nan	1	1	0.001500000000000045	0.001500000000000028	0.0014999999999998368	0.9970167541816205	-2.363221922839498e-21	2.3889717244360287e-20	1.1702607199265414e-20	1.0083333333333444	1.0714627969587997e-19	1.0313473165768361e-20	5.105914606048922e-21	0.995365931537596	0.0001278579536396444	0.21670364661264238	-0.9446667557573838	0.21916331351307503	141.30566834521878	0.801344933539366	-0.9431026054183966	0.7910394493208672	-9.729856031517009e-05	1599.565890624997	0.00012739161781532865	0.21836397484963	-0.9396628377179601	0.2183639599996054	142.38831644490372	0.7971001939586623	-0.9396628308999366	0.7971001924362161	-9.678316796310127e-05	-0.002987704566087632	0.0	0.0	0.0	0.008298802814706515	0.0	0.0	0.0	-0.004644839044953685	142.40479751438733	0.008133185902064253
62	87.66666666666666	nan	nan	1	1	0.001500000000000045	0.001500000000000028	0.0014999999999998368	0.9968550752021	-1.2779609591699257e-20	9.339385276425916e-20	4.538402531388541e-21	1.0087666666666757	-2.0529368136013026e-19	2.0454151610296844e-20	1.1014816446094921e-20	0.9951039720792444	0.00012456754116219103	0.21704479189486012	-0.953386909046781	0.21963828368915003	142.169233545473	0.7998384761011088	-0.9517121583236816	0.7890054934010771	-8.012316726350244e-05	1599.565890624997	0.0001240925500112065	0.21880078968380415	-0.948083169332693	0.2188007762598758	143.31945169898046	0.7953889341047807	-0.948083164371722	0.795388931076689	-7.967743802157398e-05	-0.0031498804667570305	0.0	0.0	0.0	0.008728462563849012	0.0	0.0	0.0	-0.0049080527307148215	143.3359585270301	0.008565314448938436
64	92.0	nan	nan	1	1	0.001500000000000045	0.001500000000000028	0.0014999999999998368	0.9966932942008785	2.7918205941501738e-21	-2.1351159501439148e-19	1.4111568901256643e-21	1.0092000000000039	2.3712517951794685e-19	2.3469588902522152e-20	6.193504910323444e-21	0.9948423237588085	0.00011975896486998313	0.217175295235599	-0.9615145670506297	0.21990044109604834	143.01682736347954	0.7985847298940393	-0.9597289236473189	0.7872234278095798	-6.689763357256834e-05	1599.565890624997	0.00011928244662818584	0.2190254750716632	-0.9559101874927105	0.21902546216085678	144.23522952988955	0.7939300194103354	-0.9559101837325649	0.7939300143530933	-6.650770736352785e-05	-0.003312185032886165	0.0	0.0	0.0	0.009157937784769905	0.0	0.0	0.0	-0.005171022965128811	144.25175912106437	0.008997263259432573
66	96.33333333333333	nan	nan	1	1	0.001500000000000045	0.001500000000000028	0.0014999999999998368	0.9965314407245085	-3.378560316713228e-20	2.0596453145435567e-19	-1.159757511380588e-20	1.0096333333333243	-1.7172745972633686e-19	1.3010426069826053e-20	-4.264980296014853e-20	0.9945809647412961	0.00011364806890294766	0.21716734864231188	-0.9692162859168151	0.22002254347942263	143.85023140969045	0.797626989495385	-0.9673192684372016	0.7857353665329928	-5.534282127277079e-05	1599.565890624997	0.00011317701544661101	0.21911059632413357	-0.9633098859542368	0.21911058447670148	145.13742596478357	0.7927662539822063	-0.9633098814834532	0.7927662504991428	-5.5005562353121886e-05	-0.0034745886734689085	0.0	0.0	0.0	0.009587228635896478	0.0	0.0	0.0	-0.005433771491827279	145.15397801641845	0.009429032159312416
68	100.66666666666666	nan	nan	1	1	0.001500000000000045	0.001500000000000028	0.0014999999999998368	0.9963695392669929	-4.814535272193443e-21	-5.047299926098925e-20	-1.9656246573983293e-20	1.0100666666666327	1.3369568039461877e-20	-3.9979955110402974e-21	-8.050201130704871e-20	0.9943198764789672	0.00010749133151900084	0.21708051455090482	-0.9766101537796479	0.22006471668396327	144.67084191261702	0.796999769147083	-0.9746011365301882	0.7845746539352572	-4.85996380993467e-05	1599.565890624997	0.00010702796856671914	0.21911609491909495	-0.9703999248799597	0.2191160835674621	146.02743131565992	0.7919316762338091	-0.9703999227807804	0.7919316696777071	-4.8290594745792756e-05	-0.003637066849251092	0.0	0.0	0.0	0.010016335275455146	0.0	0.0	0.0	-0.005696316771528553	146.04400929289434	0.009860621280526942
70	105.0	nan	nan	1	1	0.001500000000000045	0.001500000000000028	0.0014999999999998368	0.9962076102720524	-4.165284518123022e-22	5.294362496154059e-19	-1.502297635250227e-20	1.0105000000000017	7.629259637237373e-19	-6.6407383064737145e-21	-3.050673862831088e-20	0.9940590432087278	0.00010109133390415476	0.21696088613716302	-0.9837779966030571	0.22007357008150472	145.47976979770468	0.796728119597971	-0.9816562346735408	0.7837652498309032	-4.3658248951663925e-05	1599.565890624997	0.00010063879514133176	0.2190884134286698	-0.9772618198375427	0.2190884033289418	146.90635034923815	0.7914508911182909	-0.9772618174589325	0.7914508838123929	-4.3369073072121824e-05	-0.0037995990707356416	0.0	0.0	0.0	0.01044525786154014	0.0	0.0	0.0	-0.005958674483283737	146.92295826168237	0.010292030919671503
72	109.33333333333333	nan	nan	1	1	0.001500000000000045	0.001500000000000028	0.0014999999999998368	0.9960456709451312	1.592803105664349e-20	-7.113043877862712e-20	-5.563312397566244e-21	1.0109333333333554	-6.867607611066306e-19	-7.006656539687573e-21	-5.257702910196893e-20	0.9937984514296138	9.428541315428518e-05	0.21684244280910664	-0.990774484377478	0.2200835248715829	146.277911490975	0.7968237361569521	-0.9885391561603555	0.783317912165038	-3.954338510665956e-05	1599.565890624997	9.384770920614441e-05	0.21906183596205023	-0.983950032980917	0.21906182464739857	147.77507316737132	0.7913352168775665	-0.9839500317447349	0.7913352098320247	-3.927101039983067e-05	-0.00396216808623645	0.0	0.0	0.0	0.010873996551900212	0.0	0.0	0.0	-0.006220858046552167	147.79171578973921	0.010723261477833609
74	113.66666666666666	nan	nan	1	1	0.001500000000000045	0.001500000000000028	0.0014999999999998368	0.9958837357252319	6.988021814847978e-23	2.1478383850116745e-19	-3.330533548603909e-21	1.0113666666666863	2.7327993383854943e-19	-8.453388813597918e-21	-2.023053491222171e-20	0.9935380896911499	8.856651224162799e-05	0.21674953557289417	-0.9976351059098646	0.22011931669935092	147.06600265589452	0.7972900921723549	-0.9952853325938524	0.7832352934444335	-3.5554003243373376e-05	1599.565890624997	8.814067765880924e-05	0.21906097401282507	-0.9904999265855053	0.2190609661442197	148.63432902322594	0.7915877990719168	-0.9904999243886133	0.791587791916889	-3.529971769614522e-05	-0.004124759410721884	0.0	0.0	0.0	0.01130255150414609	0.0	0.0	0.0	-0.006482878831221061	148.65101068396075	0.01115431338072644
76	118.0	nan	nan	1	1	0.001500000000000045	0.001500000000000028	0.0014999999999998368	0.9957218167374182	-1.1926912111610193e-20	8.7216610886523e-19	3.3881317890172014e-23	1.0117999999999912	-3.092212358564439e-19	9.690056916589195e-22	-1.0172526883345246e-19	0.9932779482779273	8.37816709419868e-05	0.21669857866400422	-1.0043818900754635	0.2201976596399462	147.84465254081456	0.7981180712486611	-1.0019167669429554	0.7835076818109825	-3.1844095563744515e-05	1599.565890624997	8.33649605105238e-05	0.21910245618222374	-0.9969334669934032	0.21910244799372533	149.48472068811375	0.792199285652426	-0.9969334673316237	0.7921992778208393	-3.1607942065988374e-05	-0.004287360873617223	0.0	0.0	0.0	0.01173092287569036	0.0	0.0	0.0	-0.0067447464724495875	149.50144604017666	0.01158518705662516
78	122.33333333333333	nan	nan	1	1	0.001500000000000045	0.001500000000000028	0.0014999999999998368	0.9955599241104829	-1.0055075177296596e-21	6.052321458675098e-19	1.607668533888662e-20	1.012233333333324	7.178299296119184e-19	1.9583401740519425e-20	7.220108842395655e-21	0.9930180190149118	7.943476994353421e-05	0.2166989679488761	-1.0110295477336606	0.22032818435796814	148.61436859449546	0.7992920625238563	-1.0084481456410965	0.7841190186866523	-2.8094528666885777e-05	1599.565890624997	7.902652370731375e-05	0.21919584011513174	-1.0032653369696645	0.2191958319628994	150.3267490638699	0.7931538917361325	-1.0032653376569667	0.7931538792183938	-2.7878776474109822e-05	-0.0044499623016030915	0.0	0.0	0.0	0.012159110823800647	0.0	0.0	0.0	-0.00700646906442955	150.34352277021875	0.0120158829089346
80	126.66666666666666	nan	nan	1	1	0.001500000000000045	0.001500000000000028	0.0014999999999998368	0.9953980663202057	-4.13530484574614e-20	1.8096350698319775e-19	3.9400584574481033e-20	1.0126666666666637	-1.9556296686207287e-20	4.5055376530350744e-20	-8.090858712173077e-21	0.9927582950425621	7.529111732138521e-05	0.21675346450920804	-1.0175869952791219	0.22051378984091877	149.37558549493662	0.8007905625730262	-1.0148883796174903	0.785047527212749	-2.7027882634825475e-05	1599.565890624997	7.489170238934197e-05	0.21934398558788912	-1.009504456573544	0.21934397720541352	151.16084232458476	0.7944300049528076	-1.0095044566847773	0.7944299939318665	-2.6813204274607418e-05	-0.004612555175397264	0.0	0.0	0.0	0.012587115505468947	0.0	0.0	0.0	-0.007268053384871016	151.17767022567344	0.012446401299926827
82	131.0	nan	nan	1	1	0.001500000000000045	0.001500000000000028	0.0014999999999998368	0.9952362503920872	4.4722069065606174e-20	6.395844140763551e-19	1.7747034310872102e-20	1.0130999999999994	8.816867591923683e-19	2.6556176962316824e-20	-4.8924623033408386e-21	0.9924987707451254	7.270205224554067e-05	0.21686102886809652	-1.024059705639275	0.22075351360185547	150.12867940774117	0.8025883396030045	-1.021242943677808	0.786267822241096	-2.146975877828683e-05	1599.565890624997	7.23043418774148e-05	0.2195459095595711	-1.0156563223781634	0.21954590035783023	151.98737017704298	0.7960023394103954	-1.0156563213675651	0.7960023296594247	-2.1293579000346143e-05	-0.004775132427398176	0.0	0.0	0.0	0.013014937077494106	0.0	0.0	0.0	-0.007529504965512847	152.00425347339592	0.012876742513592224
84	135.33333333333331	nan	nan	1	1	0.001500000000000045	0.001500000000000028	0.0014999999999998368	0.9950744822660298	1.5281109643178018e-20	2.552923421706571e-19	-1.3828659896873708e-20	1.0135333333333407	-7.534730760323793e-19	2.2903770893756283e-21	-3.5575383784680616e-21	0.9922394412639861	7.109780855717079e-05	0.2170179376184157	-1.0304528044138475	0.22104365907637827	150.87397113007327	0.8046597343329697	-1.0275169668087782	0.7877541739033901	-1.9488719231026407e-05	1599.565890624997	7.06971150983717e-05	0.21979790897517068	-1.0217260816153455	0.21979789988775797	152.80664693938337	0.7978452131646426	-1.0217260804824575	0.797845201694218	-1.932367271002272e-05	-0.004937688076382257	0.0	0.0	0.0	0.013442575696495932	0.0	0.0	0.0	-0.00779082858093594	152.82359070345174	0.013306906847432989
86	139.66666666666666	nan	nan	1	1	0.001500000000000045	0.001500000000000028	0.0014999999999998368	0.9949127668292043	-3.110368509788835e-20	-3.0884854135965203e-19	-3.5731237846975403e-20	1.013966666666662	5.304865704700013e-19	3.1170812458958254e-21	-7.541303735994486e-20	0.991980302656848	6.906057641660968e-05	0.21721947608458886	-1.0367697664830344	0.22137950788069571	151.61173989046404	0.8069791541378603	-1.0337139259221764	0.7894809986731921	-1.804818517906859e-05	1599.565890624997	6.86599483039623e-05	0.22009527003305146	-1.0277172406389656	0.22009526064409446	153.61894537660146	0.7999330385154511	-1.0277172360500624	0.7999330295837466	-1.7890597961487755e-05	-0.005100217195355294	0.0	0.0	0.0	0.013870031518858355	0.0	0.0	0.0	-0.008052028087094387	153.63595344844188	0.0137368945316914
88	144.0	nan	nan	1	1	0.001500000000000045	0.001500000000000028	0.0014999999999998368	0.9947511081876098	-1.02126762450451e-20	4.1342322902766793e-19	-4.3942375237658593e-20	1.0143999999999709	-1.0136612686381663e-18	1.3261147822213327e-20	1.0615016894990892e-20	0.9917213516549606	6.708871602096755e-05	0.2174595115414079	-1.043014956699997	0.22175488797787138	152.34223757774615	0.8095226725706974	-1.0398381979773246	0.7914243954559014	-1.3338394143681209e-05	1599.565890624997	6.668844271020679e-05	0.22043183343490763	-1.0336341846991635	0.22043182549504717	154.4245110310775	0.8022419067752408	-1.0336341818201311	0.8022418944973974	-1.3218429963383161e-05	-0.005262715639419183	0.0	0.0	0.0	0.014297304700795719	0.0	0.0	0.0	-0.00831310666490944	154.44158473598503	0.014166705750882722
90	148.33333333333331	nan	nan	1	1	0.001500000000000045	0.001500000000000028	0.0014999999999998368	0.9945895098782365	-1.013093756563506e-19	1.0115267456110855e-19	-1.2908782116155537e-21	1.0148333333333426	-1.333297621614049e-19	-2.0464316005663896e-21	-4.5563596298703325e-20	0.9914625853603524	6.652774157591623e-05	0.21773209586725398	-1.049192147317157	0.22216379446867576	153.0656828625724	0.8122678217804346	-1.0458935535797977	0.7935619740103599	-1.3041953320857835e-05	1599.565890624997	6.611982980738521e-05	0.22080161660744232	-1.039480707738177	0.22080160744475827	155.22355621737725	0.8047493801934085	-1.039480705660574	0.8047493689056661	-1.2921235545766569e-05	-0.0054251798330934705	0.0	0.0	0.0	0.014724395398391136	0.0	0.0	0.0	-0.008574067124750742	155.2406996642363	0.014596340706774307
92	152.66666666666666	nan	nan	1	1	0.001500000000000045	0.001500000000000028	0.0014999999999998368	0.9944279747684335	2.099582918006597e-20	-3.6710069120822476e-19	3.681713408535542e-20	1.0152666666666637	-1.864488923496166e-19	6.898236322439022e-21	1.536517766319301e-20	0.9912040015044505	6.513605164493725e-05	0.21803161894218526	-1.0553060607161204	0.22260056291375713	153.7822761962198	0.815194950093547	-1.0518847132277231	0.7958741412664982	-1.285344710588171e-05	1599.565890624997	6.472592343032784e-05	0.22119896968812242	-1.0452615413483957	0.2211989616632451	156.01627514364392	0.8074358347340375	-1.0452615362233342	0.8074358246922448	-1.2731106580035163e-05	-0.005587606871975764	0.0	0.0	0.0	0.015151303767340574	0.0	0.0	0.0	-0.00883491164503604	156.03349114059674	0.01502579953578823
94	157.0	nan	nan	1	1	0.001500000000000045	0.001500000000000028	0.0014999999999998368	0.9942665053187582	5.708366789783543e-20	9.041297441628181e-19	5.903311422594121e-20	1.0156999999999978	-6.211868584619918e-19	1.713039432527097e-20	-4.537386091851836e-20	0.9909455981497785	6.429743146042788e-05	0.21835340544815213	-1.0613593979504392	0.22306045981065664	154.49219723786962	0.8182874286747792	-1.057814391469817	0.798344308684107	-8.66951701095109e-06	1599.565890624997	6.388197858747233e-05	0.22161918198325603	-1.0509794108842976	0.2216191719276726	156.80284126726116	0.8102846607693622	-1.0509794057167807	0.8102846496413878	-8.58473001550253e-06	-0.005749994258924278	0.0	0.0	0.0	0.015578029963316057	0.0	0.0	0.0	-0.00909564207242762	156.82012964132218	0.01545508235891575
96	161.33333333333331	nan	nan	1	1	0.001500000000000045	0.001500000000000028	0.0014999999999998368	0.9941051036725654	5.034679135184836e-20	1.867212981454536e-18	3.346288361422839e-20	1.0161333333333356	-1.22318333847099e-19	6.85080247739278e-21	5.4196556097119154e-20	0.9906873735303047	6.359938412752159e-05	0.21869330943698556	-1.0673555763496037	0.22353929243145507	155.19560596205707	0.8215296966911516	-1.063686007320529	0.8009569816790442	-7.016176989410594e-06	1599.565890624997	6.317795788712458e-05	0.22205807231927172	-1.0566377481494782	0.22205806230820313	157.58340838628033	0.8132803238059221	-1.0566377441781203	0.8132803139711925	-6.94572419817546e-06	-0.005912339814269525	0.0	0.0	0.0	0.01600457414171805	0.0	0.0	0.0	-0.009356260082548834	157.60077217876042	0.015884189320895126
98	165.66666666666666	nan	nan	1	1	0.001500000000000045	0.001500000000000028	0.0014999999999998368	0.9939437716398575	3.990414566162372e-20	-2.286988957586611e-19	8.800672321972181e-21	1.0165666666666717	1.8405822655928606e-18	2.3107058801097315e-21	1.9281858011296892e-20	0.9904293262082909	6.238459003975499e-05	0.21904820659770236	-1.07329731443202	0.22403389824839615	155.8926533803778	0.8249085557953434	-1.0695022788100295	0.803699004082497	-7.099807533313574e-06	1599.565890624997	6.196093593771322e-05	0.22251249019925715	-1.0622392899866933	0.2225124827845947	158.35812146658932	0.8164096442146588	-1.0622392828157878	0.8164096367038466	-7.0266592600394e-06	-0.006074641692322455	0.0	0.0	0.0	0.016430936457751306	0.0	0.0	0.0	-0.009616767021395113	158.37556346094019	0.016313120528876762
100	170.0	nan	nan	1	1	0.001500000000000045	0.001500000000000028	0.0014999999999998368	0.9937825107519667	2.4997212822895286e-20	-6.882379865666422e-19	-3.589725630463725e-21	1.0170000000000137	-8.609310638528489e-19	1.7414997395548415e-21	2.914470964912597e-20	0.9901714549870747	6.142832718603203e-05	0.21941503261775133	-1.0791870424429932	0.22454116126886825	156.58347869979252	0.8284126553571594	-1.0752656512196799	0.8065590506182992	-6.612147353765086e-06	1599.565890624997	6.100105325560713e-05	0.22297934074259088	-1.0677864853507413	0.22297933159007627	159.12711374013915	0.8196612847402887	-1.067786479930236	0.819661274941689	-6.542296474867987e-06	-0.0062368983266217854	0.0	0.0	0.0	0.016857117066436122	0.0	0.0	0.0	-0.009877163992982852	159.14463502901435	0.01674187607209665
102	208.75	nan	nan	1	1	0.001500000000000045	0.001500000000000028	0.0014999999999998368	0.9923443204152075	8.339462882192214e-20	-2.5516698129446346e-19	-3.1340219048409114e-21	1.0208750000000033	-4.1419233494377485e-19	-5.757113535898029e-20	1.2435798918408736e-19	0.9878742197976629	-0.009705352696922815	0.2225638588880289	-1.1290305344019045	0.22895970421366746	162.4135061815808	0.8622816939622322	-1.1239454862367995	0.8344100233518755	-0.008309436273278889	1599.565890624997	-0.00962358977229173	0.22703384394358278	-1.1144760257125337	0.22703082891940712	165.6754281714265	0.8511658861739981	-1.1144767865459824	0.8511683611755547	-0.008202318034437564	-0.0076851347288100025	0.0	0.0	0.0	0.02066010269630616	0.0	0.0	0.0	-0.012199897235709307	165.7026105892474	0.020567585936840663
104	247.5	nan	nan	1	1	0.001500000000000045	0.001500000000000028	0.0014999999999998368	0.9909114931042791	1.6567964448294114e-20	-1.031720011073628e-18	-7.443725540470792e-21	1.0247500000000043	1.6011091107451248e-18	8.402566836762659e-22	6.05865726512056e-20	0.985589634661253	-0.008327140344900216	0.22636016639337675	-1.1755709605359779	0.23408636809009964	167.84558926223846	0.9016197902082833	-1.1692575788379158	0.8671657615272034	-0.007242599137839176	1599.565890624997	-0.008244832363816396	0.23177629243548456	-1.157700062671439	0.23177258742126058	171.86163537821596	0.8879134673027628	-1.1577002822516942	0.88791446099436	-0.0071324979582327065	-0.00913005933253486	0.0	0.0	0.0	0.024448680402314054	0.0	0.0	0.0	-0.014515203038568162	171.88836984775742	0.024379935957030124
106	286.25	nan	nan	1	1	0.001500000000000045	0.001500000000000028	0.0014999999999998368	0.9894848130288184	-2.0232398384705668e-19	-2.3414904455447417e-18	-5.4447277849506425e-21	1.0286249999999961	-1.7113589191597444e-18	1.6216953994951932e-19	-1.4147483098220226e-19	0.9833188139269335	-0.0074493986792124834	0.23040240766735515	-1.2190124262163036	0.23951246691916483	172.91200412781953	0.9435390088216962	-1.2114161919598712	0.901981259933813	-0.006346627491184205	1599.565890624997	-0.007364949844515852	0.2368009997266329	-1.1976831083507995	0.23679727478116308	177.71400853292727	0.9270297075177489	-1.1976831793840892	0.9270305212929318	-0.006235579209622722	-0.010570862183810276	0.0	0.0	0.0	0.02822295894373596	0.0	0.0	0.0	-0.016821883923425957	177.74064136069305	0.028178296216108942
108	325.0	nan	nan	1	1	0.001500000000000045	0.001500000000000028	0.0014999999999998368	0.9880644314184882	-6.876891092168214e-20	-8.215677487280471e-19	1.0188112289574725e-20	1.0324999999999904	8.882055247544373e-19	2.0990154059319365e-19	1.1716159726421483e-20	0.981061841230556	0.018346167131880316	0.23460757493159146	-1.2595042881876983	0.24516225191455648	177.66391484614738	0.9867966964911847	-1.250576652117052	0.9376335708202755	0.013608564563333165	1599.565890624997	0.018111686875115388	0.2420250846143406	-1.2345944616251543	0.24202886130687473	183.28105576340326	0.9672803401019132	-1.2345931754385324	0.9672784196383839	0.013339421388342008	-0.0120073693742847	0.0	0.0	0.0	0.03198304585304192	0.0	0.0	0.0	-0.0191197824326409	183.2859420655266	0.031962624388777276
110	363.75	nan	nan	1	1	0.001500000000000045	0.001500000000000028	0.0014999999999998368	0.986649750596275	-1.9794651757564645e-19	3.480288973678469e-19	-2.1304572689340163e-20	1.0363749999999998	1.065987575987748e-18	1.527098759945833e-19	1.0371749032539456e-19	0.9788186362766632	0.016783983062222643	0.2390908835312556	-1.297455123446466	0.2511451549654889	182.09378158828787	1.0305699268937456	-1.2871555619395134	0.9733337132087871	0.012494696475962195	1599.565890624997	0.0165453468089276	0.24756986333734793	-1.2688562018690144	0.24757434947837761	188.5514493759442	1.0078537743373293	-1.2688546628281172	1.0078514529778457	0.012219284372535524	-0.01344016514504963	0.0	0.0	0.0	0.03572904745424513	0.0	0.0	0.0	-0.02140890767184601	188.5584440660166	0.03573314129638766
112	402.5	nan	nan	1	1	0.001500000000000045	0.001500000000000028	0.0014999999999998368	0.9852409919431632	-1.4192884064193057e-19	-2.2992878759807433e-18	-5.624298769768555e-22	1.0402500000000194	1.6275229861723029e-18	2.1982199047143604e-20	4.015613796343187e-20	0.9765892555334121	0.01994335367600766	0.24388091275890134	-1.3330598646195315	0.2575029344127568	186.24840887499442	1.0744734742648092	-1.321351403742075	1.0087151125745315	0.014883491015000869	1599.565890624997	0.019631275813103494	0.2534681512081285	-1.3006769853256692	0.253473473431991	193.57004748325636	1.0483722122397126	-1.300674614425475	1.048368860800214	0.014521939140398734	-0.014869005863651266	0.0	0.0	0.0	0.039461068880931864	0.0	0.0	0.0	-0.023689129326411672	193.57509605249368	0.03948979933906167
114	441.25	nan	nan	1	1	0.001500000000000045	0.001500000000000028	0.0014999999999998368	0.9838379285322819	-4.414735721089413e-20	1.7625061566467483e-18	-5.702903427273754e-20	1.0441249999999962	2.203884861065597e-18	-7.193681414441322e-20	3.255045972344606e-19	0.9743737189669547	0.01900493933357092	0.24897583521855804	-1.3664939054332572	0.26423872152560873	190.14258880494938	1.1182826604250338	-1.3533458649675862	1.043573647266896	0.014196028934875293	1599.565890624997	0.018680497217881228	0.2597216032475342	-1.330245024976012	0.2597277800090805	198.3491207759472	1.088618060887501	-1.330242271318415	1.088614164250557	0.013819451949217439	-0.016294102271670538	0.0	0.0	0.0	0.043179214093929656	0.0	0.0	0.0	-0.025960353893778078	198.3557257262593	0.043232682188546825
116	480.0	nan	nan	1	1	0.001500000000000045	0.001500000000000028	0.0014999999999998368	0.9824405243620167	1.952919163189515e-19	1.8915939778083034e-18	-4.1592705841975163e-20	1.0479999999999996	1.7548625313307252e-18	-9.05850915111639e-20	-4.163336342344337e-20	0.9721720044361124	0.01854357225227576	0.25431482752254286	-1.397917392611035	0.2712924598661493	193.79888074212096	1.161725128028111	-1.383302923390511	1.0776643981317389	0.013839120758901183	1599.565890624997	0.018200738399772553	0.2662700397576836	-1.3577316984869223	0.2662768006444172	202.9092687315881	1.12832921286317	-1.3577283974063543	1.1283248599043743	0.013441289902297336	-0.017715472071529775	0.0	0.0	0.0	0.04688358589885046	0.0	0.0	0.0	-0.028222530880735213	202.91701137808272	0.046961841136511875
118	518.75	nan	nan	1	1	0.001500000000000045	0.001500000000000028	0.0014999999999998368	0.9810487007710869	1.8955242106835634e-19	-8.749850345136922e-22	-1.9868004810796868e-20	1.051874999999987	1.0015046517791725e-18	-1.4723465502353151e-19	-5.4196556097119154e-20	0.9699840684119506	0.01814567390296801	0.25982898605215704	-1.4274915397701209	0.2785946754169263	197.23423166009255	1.204606355809385	-1.4113879807672662	1.1108204878558061	0.013525442605876627	1599.565890624997	0.017784610875938606	0.2730438697231371	-1.3833078539913672	0.27305119230584407	207.2655505938471	1.1673214071919364	-1.3833041510140272	1.1673167385220389	0.013106803412951635	-0.0191331766417728	0.0	0.0	0.0	0.05057428596292148	0.0	0.0	0.0	-0.03047563193716558	207.2743548169105	0.05067734717805643
120	557.5	nan	nan	1	1	0.001500000000000045	0.001500000000000028	0.0014999999999998368	0.9796623878197891	2.1564781210736684e-19	6.798794654431367e-19	3.577189542844361e-20	1.0557500000000275	3.884696384015562e-18	-5.68664039468647e-20	5.2827750854356205e-20	0.9678098580036769	0.01780325786222976	0.26546709369739646	-1.4554149538021233	0.2860932930844047	200.46419035360083	1.246741527057269	-1.4378024323555794	1.1428878378613632	0.013246052315067989	1599.565890624997	0.017424019587695516	0.27999109517119203	-1.4071788797810894	0.2799990418150721	211.4318103157863	1.2054214097758522	-1.407174908012157	1.205416509156506	0.01280704517261219	-0.020547268896748103	0.0	0.0	0.0	0.05425141483194216	0.0	0.0	0.0	-0.03271963868215583	211.4416079816791	0.05437927265070649
122	596.25	nan	nan	1	1	0.001500000000000045	0.001500000000000028	0.0014999999999998368	0.9782815196446225	-7.11846488872514e-20	-2.3915094351460027e-18	9.657530851414631e-20	1.0596249999999938	5.660456912220946e-18	5.1065922324067256e-20	2.566713118087871e-19	0.9656493118366501	0.01747307729901517	0.27117638271671307	-1.4818929152848765	0.29373330777524603	203.50284226870838	1.2879291367395047	-1.4627534924160404	1.1737007878145294	0.012974939063685477	1599.565890624997	0.017076456914167693	0.2870572886251668	-1.4295546945958835	0.28706587217826	215.4205817775667	1.2424414238992703	-1.4295505343353965	1.2424362417992239	0.012516683803040775	-0.02195779797150785	0.0	0.0	0.0	0.05791507194642675	0.0	0.0	0.0	-0.0349545419064068	215.43133791111504	0.05806769206712503
124	635.0	nan	nan	1	1	0.001500000000000045	0.001500000000000028	0.0014999999999998368	0.9769060362196468	-2.7533314170269384e-19	1.4900122693832507e-18	1.1003296798012263e-19	1.0635000000000077	2.5589610725546e-18	1.7623706313751874e-19	1.22514845490862e-19	0.9635023599842089	0.017166664075977278	0.27690610820618183	-1.5070924488479351	0.30146094858192485	206.3630437462743	1.328016821992729	-1.4864098831425032	1.2031423485905186	0.012712673961037363	1599.565890624997	0.01675311739642145	0.2941893590221329	-1.4506064578373927	0.2941987237402176	219.2433094338562	1.2782426052044533	-1.4506021182260367	1.2782371564034947	0.012236201540495383	-0.023364807388857867	0.0	0.0	0.0	0.061565355658162034	0.0	0.0	0.0	-0.03718034174388787	219.2549824817367	0.06174268168981757
126	673.75	nan	nan	1	1	0.001500000000000045	0.001500000000000028	0.0014999999999998368	0.9755358847819576	-1.938960060218764e-19	5.5512980822423895e-18	1.1214716221646937e-19	1.0673750000000135	-2.4026733293908143e-18	1.5189672436521917e-19	-1.6788870640938036e-19	0.9613689224532351	0.016869953818808035	0.28264970683894003	-1.5311394074450795	0.30926951891473364	209.05651588542156	1.3669501656658758	-1.5088993523890906	1.2311867528765104	0.01245337066303859	1599.565890624997	0.016440188330392205	0.3013805430411568	-1.4704642088940383	0.3013908153168415	222.9104250221017	1.31278137325686	-1.4704598359497008	1.3127759314409508	0.011959874947406515	-0.024768333555624862	0.0	0.0	0.0	0.06520236324564603	0.0	0.0	0.0	-0.039397049348229546	222.92298349224805	0.065404319809136
128	712.5	nan	nan	1	1	0.001500000000000045	0.001500000000000028	0.0014999999999998368	0.9741710208314184	-1.5811733432985475e-19	4.235401905496733e-18	6.632606790180074e-20	1.0712499999999867	-1.1102230246251566e-19	1.8897643866422343e-19	-2.858227977214911e-19	0.9592489090528004	0.016582223718846597	0.2884456441647607	-1.5541325512851734	0.31720165978280157	211.59398490161442	1.4047061430307581	-1.5303221554111754	1.2578365698700347	0.012195202339230682	1599.565890624997	0.016136919081700417	0.3086721627136751	-1.4892308206275082	0.3086834192617064	226.4314759403301	1.3460445702628758	-1.4892263673138526	1.346039166188136	0.011685921623836127	-0.02616840468381353	0.0	0.0	0.0	0.0688261909298403	0.0	0.0	0.0	-0.04160468714756399	226.44489015100547	0.06905268655977088
130	751.25	nan	nan	1	1	0.001500000000000045	0.001500000000000028	0.0014999999999998368	0.9728114061745616	9.639234939753938e-20	-1.246019346728966e-18	1.606652094351957e-19	1.0751250000000183	-4.944449797511519e-18	1.4826464708739272e-19	-8.321251673826246e-21	0.9571422216568846	0.016287139070519735	0.29432948934125475	-1.5761801977630074	0.325297643919475	213.98529781684158	1.4412148665784552	-1.5507877166072208	1.283052861037145	0.011928840160033595	1599.565890624997	0.015827392398250546	0.3161030225544979	-1.5070173498736719	0.3161152756323591	229.81523045318264	1.3779743026286713	-1.507012717878524	1.3779689163283237	0.011405402193578029	-0.02756504274176728	0.0	0.0	0.0	0.07243693388952378	0.0	0.0	0.0	-0.04380328659918171	229.82948312291268	0.07268786350324853
132	790.0	nan	nan	1	1	0.001500000000000045	0.001500000000000028	0.0014999999999998368	0.9714570072251497	-1.7618285302889448e-20	1.7895027907416372e-18	1.382357769919018e-19	1.0790000000000128	-5.07899928711697e-18	-2.2827876741682297e-19	-4.174178364069192e-20	0.9550487566335902	0.01599971674200978	0.3003017059102699	-1.5974013830221654	0.33355954235793456	216.23951911769197	1.4763555159970205	-1.5704156574806878	1.3067527595551076	0.01166202282869885	1599.565890624997	0.015526204633053767	0.3236746376821266	-1.5239440624758747	0.3236878374452095	233.0697649246442	1.4084645516273142	-1.5239391578087436	1.4084592849948705	0.011125738737392286	-0.02895826515813665	0.0	0.0	0.0	0.07603468627600991	0.0	0.0	0.0	-0.04599288573803444	233.08482693990914	0.07630993306655129
134	828.75	nan	nan	1	1	0.001500000000000045	0.001500000000000028	0.0014999999999998368	0.9701077931669073	4.8287654257073156e-20	-1.997479872478669e-18	3.060160631840336e-20	1.082874999999987	-1.1684473917930594e-17	-2.2345406774926246e-19	5.398784717891569e-19	0.9529684064843007	0.01570973853792446	0.3063281841521541	-1.6178896032380436	0.3419508421212033	218.3649811794034	1.5100026145030723	-1.589300014821735	1.328851198298033	0.011391254017239979	1599.565890624997	0.015223416405124219	0.33135113326405985	-1.5401058246635553	0.33136516226079266	236.20250346615586	1.4374057520358599	-1.540100483524527	1.4374007135975797	0.01084359317660574	-0.03034808668266045	0.0	0.0	0.0	0.07961954122815545	0.0	0.0	0.0	-0.04817352752037917	236.2183508261389	0.07991897834620923
136	867.5	nan	nan	1	1	0.001500000000000045	0.001500000000000028	0.0014999999999998368	0.9687637363499919	3.3036995448348925e-19	5.477497795614017e-18	-6.396792817664476e-21	1.0867500000000023	-2.0846497271465036e-19	-2.236166980751353e-19	3.6122905881785794e-19	0.950901059986441	0.015418982838066586	0.31235939446485084	-1.637687546636973	0.35041698972568025	220.36935924435815	1.542066084535147	-1.607485081108614	1.3492959526326516	0.01111547136740354	1599.565890624997	0.014920753124006612	0.33907936970060515	-1.555548384550544	0.33909405367818996	239.22028521639862	1.4647228719512055	-1.5555428200186583	1.4647179795635719	0.010557968499295937	-0.0317345189570517	0.0	0.0	0.0	0.08319159088676634	0.0	0.0	0.0	-0.05034525971820843	239.236891661929	0.08351508295579196
138	906.25	nan	nan	1	1	0.001500000000000045	0.001500000000000028	0.0014999999999998368	0.9674248132178959	-3.1170812458958252e-19	-6.79119846296039e-18	-1.2508982565051508e-19	1.0906249999999964	1.323404276790119e-18	-2.7208053518523734e-19	9.150666335777657e-20	0.9488466014737774	0.015121433487326835	0.3183490023552445	-1.6567853826942294	0.3589058984373424	222.2597514285255	1.572507120405637	-1.624963025712523	1.3680807852020358	0.010830423447535225	1599.565890624997	0.01461239853310845	0.34680892432194566	-1.5702672873232277	0.3468239984155699	242.12943889478507	1.490390074688109	-1.570261665547602	1.4903851496037976	0.010264853749413909	-0.03311756953425135	0.0	0.0	0.0	0.08675092640865184	0.0	0.0	0.0	-0.05250813572036777	242.1467811793441	0.08709833109982469
140	945.0	nan	nan	1	1	0.001500000000000045	0.001500000000000028	0.0014999999999998368	0.9660910054269469	-6.649276398582038e-19	3.6666362220744155e-18	-1.9605085783969133e-19	1.0944999999999732	-9.444214073978109e-19	-1.4777675610977425e-19	7.698106475190203e-19	0.9468049101171842	0.014809202689324279	0.3242711865022909	-1.6751434755639965	0.36738799126557975	224.04275634400628	1.6013838026063643	-1.6416966958232537	1.3852835375861063	0.010530428866077636	1599.565890624997	0.014290762767445623	0.35451108579438334	-1.5842298994011785	0.35452648849013396	244.93585653598922	1.5144733197564466	-1.5842242494946879	1.5144681102872688	0.00995892023967717	-0.034497240690454456	0.0	0.0	0.0	0.09029763798075646	0.0	0.0	0.0	-0.05466221534267526	244.95391730455665	0.0906688075982986
142	983.75	nan	nan	1	1	0.001500000000000045	0.001500000000000028	0.0014999999999998368	0.9647622997354244	-2.269709485462623e-19	3.796361012012306e-18	-1.562335330551612e-19	1.0983750000000052	5.8023247664906744e-18	-6.1257422745431e-21	2.190088388420719e-20	0.9447758603821327	0.014486809830764377	0.3301185496522304	-1.6927287227866523	0.3758536416877463	225.72451981431703	1.62886632574627	-1.657655465116213	1.401077271420139	0.010223117344821961	1599.565890624997	0.01396025436494483	0.36217695748743084	-1.597410004322311	0.362192401449845	247.64503510264436	1.5371437427772425	-1.5974042741501393	1.537138412556057	0.009647446576729356	-0.035873529502973824	0.0	0.0	0.0	0.09383181483387514	0.0	0.0	0.0	-0.056807564401964696	247.66379288130148	0.09422659773504848
144	1022.5	nan	nan	1	1	0.001500000000000045	0.001500000000000028	0.0014999999999998368	0.9634386869524671	-3.10623922417097e-20	-3.5033282698437864e-19	7.150313327541901e-20	1.1022500000000075	-2.8758462625178004e-19	8.885036803518709e-20	-6.033042988795589e-19	0.9427593229298517	0.014163356513867383	0.3358838195476558	-1.7095378818942737	0.3842937454913736	227.31073468765703	1.6551522139003991	-1.6728382232398962	1.4156544312727255	0.009912044009383553	1599.565890624997	0.013629666954527043	0.3697976661175952	-1.6098096998104028	0.3698131695426052	250.26206765236876	1.5585966926027495	-1.6098039916766038	1.5585916148586894	0.009333811645970922	-0.03724642890505544	0.0	0.0	0.0	0.09735354525591676	0.0	0.0	0.0	-0.058944253812904863	250.28149774457154	0.09777178716403694
146	1061.25	nan	nan	1	1	0.001500000000000045	0.001500000000000028	0.0014999999999998368	0.9621201580880792	6.47051856539349e-19	-1.5582695724047912e-19	2.8818093744664707e-19	1.1061249999999971	4.755961249824914e-18	2.2714035513571317e-20	-1.9171404914974933e-19	0.9407551685069457	0.013833262273781089	0.34155737699968625	-1.725589519158842	0.39269595051669437	228.80669825049404	1.680370132645046	-1.687264987068586	1.4291442068234266	0.009594226051375495	1599.565890624997	0.013293636214548588	0.3773616331107381	-1.6214515351032068	0.3773771512298823	252.79169806530518	1.578961103360807	-1.621445938905341	1.578956357420833	0.009015221978581095	-0.038615931658880075	0.0	0.0	0.0	0.10086291660537541	0.0	0.0	0.0	-0.0610723554955712	252.81178195993408	0.10130446127618788
148	1100.0	nan	nan	1	1	0.001500000000000045	0.001500000000000028	0.0014999999999998368	0.9608067016706294	8.690964614643804e-19	8.687712008126347e-19	2.845217551145085e-19	1.1100000000000187	-1.752287551171072e-18	-5.616167253474913e-20	-1.2658060363768265e-20	0.9387632707743057	0.013493452604594856	0.3471177603583801	-1.7409044655613028	0.40103416044310036	230.21734083250684	1.7046166807023786	-1.7009577602572137	1.441646052101383	0.00926783111174216	1599.565890624997	0.012949232235850304	0.38484400174691313	-1.6323599728014846	0.3848595782163705	255.23834512541973	1.5983347125547993	-1.6323544245037787	1.598330305025376	0.00868998663669604	-0.039982033146362075	0.0	0.0	0.0	0.10436001532425945	0.0	0.0	0.0	-0.06319193935997933	255.25906819898984	0.10482470470228895
150	1138.75	nan	nan	1	1	0.001500000000000045	0.001500000000000028	0.0014999999999998368	0.9594983019114774	3.1261614390903914e-19	-6.091156225240812e-18	1.3788341128584402e-19	1.113874999999989	2.1632543846517028e-18	-8.294146619514109e-20	3.280524723398015e-19	0.9367835083463582	0.013156650460963235	0.352532461084358	-1.7554984127686248	0.4092687636602842	231.5472693029441	1.7280171709417853	-1.7139337615604477	1.4532818193494454	0.008942237454473393	1599.565890624997	0.012608680601821673	0.39220729374376667	-1.6425544455901968	0.3922228637605044	257.60614380794766	1.6168412717105214	-1.6425490238806792	1.6168375747890928	0.008366918350671467	-0.04134473329991154	0.0	0.0	0.0	0.10784492695073743	0.0	0.0	0.0	-0.06530307109530394	257.627482896718	0.10833260092365152
152	1177.5	nan	nan	1	1	0.001500000000000045	0.001500000000000028	0.0014999999999998368	0.9581949382268476	3.457791778599395e-19	1.7011132086297564e-19	5.2041704279304214e-21	1.1177499999999998	-9.029994633980021e-18	-3.6570139277936067e-19	6.19079440489223e-19	0.9348157651012114	0.012826175109749772	0.35776222667251373	-1.7693833599656072	0.4173517067724099	232.80078527759431	1.7507389286662303	-1.7262062257022819	1.464205085104351	0.008623156614660678	1599.565890624997	0.012275140123846211	0.3994059999785979	-1.6520507627539351	0.3994215452168152	259.89895944133235	1.6346426941317416	-1.6520453776624449	1.634639580676507	0.008051331771806492	-0.04270403713228251	0.0	0.0	0.0	0.11131773613195318	0.0	0.0	0.0	-0.06740581178140882	259.9208897798956	0.11182823226221707
154	1216.25	nan	nan	1	1	0.001500000000000045	0.001500000000000028	0.0014999999999998368	0.956896586975251	2.4174997940995536e-19	5.463294747154457e-18	3.989863994746656e-20	1.1216249999999977	2.983887009005981e-18	-5.052382123782451e-20	-1.8783802638311364e-19	0.9328599285222203	0.01249998623121418	0.36276512897555074	-1.7825894209112367	0.42523121585232637	233.9819044575908	1.7729566544130866	-1.7378062615032355	1.4745726646039523	0.008307472803367098	1599.565890624997	0.01194663006615975	0.40639100790372695	-1.6608814648800998	0.4064068499279957	262.1204035026269	1.65190638450286	-1.6608761120866162	1.6519037347607695	0.007740272346087814	-0.0440599529550301	0.0	0.0	0.0	0.11477852663608343	0.0	0.0	0.0	-0.06950021960672362	262.1429058930186	0.11531168012819934
156	1255.0	nan	nan	1	1	0.001500000000000045	0.001500000000000028	0.0014999999999998368	0.9556032230109835	-6.212613973613501e-19	3.335547983651654e-19	-3.14960731107039e-20	1.1255000000000028	9.70875940406457e-18	3.3393426912553537e-19	1.0507274304100145e-18	0.9309158884246992	0.012183508448637135	0.36751430767306353	-1.7951643278883003	0.43287173746224805	235.09438584870267	1.7948004015280643	-1.7487819521826966	1.48450083560768	0.008003331144269552	1599.565890624997	0.01162830533095356	0.4131294955277318	-1.6690951858681928	0.41314574972978724	264.27386090632757	1.6687568169921834	-1.6690898670912946	1.668754300228969	0.007441280598263132	-0.04541249077457181	0.0	0.0	0.0	0.1182273813646522	0.0	0.0	0.0	-0.07158635119494859	264.29691250998934	0.11878302515394716
158	1293.75	nan	nan	1	1	0.001500000000000045	0.001500000000000028	0.0014999999999998368	0.9543148202253339	-7.372168197086748e-19	3.2855662635000725e-18	5.963111948670274e-22	1.129374999999995	3.5453411040275996e-20	4.410534437671032e-19	4.78241578283356e-19	0.9289835362834935	0.011874495115686884	0.37200760071764816	-1.8071524614361663	0.4402664102206136	236.14174135470324	1.816318283241071	-1.7591778444243351	1.494036104206373	0.007707717167089532	1599.565890624997	0.011317981140386702	0.4196160850939549	-1.6767370288907362	0.41963274051457816	266.3624959365757	1.6852413876255183	-1.6767316396869851	1.6852386344437422	0.007151480053877196	-0.046761661735753385	0.0	0.0	0.0	0.12166438236435158	0.0	0.0	0.0	-0.07366426230219845	266.3860777852162	0.12224234734122719
160	1332.5	nan	nan	1	1	0.001500000000000045	0.001500000000000028	0.0014999999999998368	0.9530313529157486	-2.711860683929368e-19	6.654019783086662e-18	-2.1033522146218785e-19	1.133250000000005	3.530650164590421e-18	3.7925391993542947e-19	8.313120157532606e-20	0.9270627641102971	0.011575680549300301	0.37625399384743863	-1.8185638342613089	0.44742159960002864	237.12725681390265	1.8374727418242573	-1.769005055285306	1.503154020247058	0.007427025754659196	1599.565890624997	0.01101822578448599	0.4258579826320147	-1.6838198848884294	0.4258749353226572	268.38927125057467	1.7013277633341386	-1.6838143580429754	1.701324501839497	0.006876730646275843	-0.048107476692030075	0.0	0.0	0.0	0.12508961083882636	0.0	0.0	0.0	-0.07573400900892692	268.4133594660797	0.12568972618297683
162	1371.25	nan	nan	1	1	0.001500000000000045	0.001500000000000028	0.0014999999999998368	0.9517527975797274	2.379010616976318e-19	-1.3264237798404909e-17	-4.793799905644658e-19	1.1371250000000317	-8.996167526198472e-19	2.413434035952733e-19	3.9803772257374083e-19	0.9251534626257608	0.011285184180694137	0.3802425560046233	-1.8293693118388676	0.4543201988484419	238.05400577330147	1.8581809991061096	-1.7782363436034314	1.5117936479014216	0.007160231016292729	1599.565890624997	0.010727207096295764	0.4318399132445739	-1.6903203484544462	0.4318570953777496	270.3569592021569	1.7169420813904663	-1.6903144174311926	1.716937853072684	0.006615987328610172	-0.049449944317780055	0.0	0.0	0.0	0.12850314716011715	0.0	0.0	0.0	-0.07779564968915069	270.3815290845749	0.1291252409794433
164	1410.0	nan	nan	1	1	0.001500000000000045	0.001500000000000028	0.0014999999999998368	0.9504791339732398	5.568462357885551e-19	1.7336392738043216e-18	-2.603169416137696e-19	1.1410000000000105	8.961310426353063e-18	-8.153200337090993e-20	2.030168567979107e-19	0.9232555203174244	0.010994907773344944	0.3839303198154223	-1.8395040754293497	0.4609059857926714	238.92486848713736	1.878375869459527	-1.7868103337819365	1.5199084093364699	0.006907569366622725	1599.565890624997	0.010437200666238997	0.4375099259088293	-1.6961822836624367	0.4375269316629576	272.26815938850285	1.7320254488115938	-1.696175938046813	1.7320200599856188	0.006369377996675618	-0.050789069979267305	0.0	0.0	0.0	0.13190507087994754	0.0	0.0	0.0	-0.07984924604456801	272.2931872998493	0.13254897096997864
166	1448.75	nan	nan	1	1	0.001500000000000045	0.001500000000000028	0.0014999999999998368	0.9492103446071171	1.139632008553826e-19	1.06920765644003e-17	-1.929879867024198e-19	1.144875000000007	2.9615524442527796e-18	-4.3237982638721917e-19	1.1980434005964825e-18	0.9213688239663173	0.010693286262823959	0.3872590855068483	-1.8488787538165754	0.4671039936662862	239.74254837371817	1.8980302925226464	-1.794641640069607	1.5274848138488057	0.006664133571600164	1599.565890624997	0.010137237187091405	0.44279798906931933	-1.7013274032765142	0.44281466505716677	274.1253137425981	1.7465563613903037	-1.7013205785451315	1.7465496077927756	0.006132296691199453	-0.05212485624232746	0.0	0.0	0.0	0.13529546074102064	0.0	0.0	0.0	-0.08189486255707677	274.1507813337089	0.13596099524696287
168	1487.5	nan	nan	1	1	0.001500000000000045	0.001500000000000028	0.0014999999999998368	0.9479464132155605	2.472184241174291e-19	9.575673587391974e-18	-1.6604556271615501e-19	1.1487500000000126	-6.512260349034182e-18	-3.851086116668512e-19	1.2187516620909555e-18	0.9194932602498646	0.010373803997000526	0.39018182516789446	-1.8574009703647147	0.4728511583876159	240.50958560637085	1.9171403906357087	-1.8016422173091817	1.5345285975744216	0.006429805678940003	1599.565890624997	0.009821186620164029	0.44764598952564344	-1.7056752827228103	0.4476621566619414	275.9307186920844	1.7605347633552646	-1.7056678961811622	1.7605268318713132	0.005904573538111828	-0.05345730446870145	0.0	0.0	0.0	0.13867439468777032	0.0	0.0	0.0	-0.08393256476357587	275.9566087381244	0.13936139247531665
170	1526.25	nan	nan	1	1	0.001500000000000045	0.001500000000000028	0.0014999999999998368	0.9466873229369369	-4.645467495921485e-19	3.893261581178198e-18	-1.345494896054511e-19	1.1526250000000122	5.24612905200561e-18	1.5102936262723077e-19	-4.731458280726741e-19	0.9176287174373282	0.010027783643212874	0.39267341750882473	-1.8650115107430347	0.47811009137328686	241.2283606360299	1.9356981911070958	-1.8077563487295785	1.5410419496192278	0.006204558313185312	1599.565890624997	0.009480907810909845	0.4520203051994742	-1.7091765279247957	0.4520358497008301	277.6865260939558	1.7739568331503874	-1.7091684360873178	1.7739480732138468	0.005686123315567102	-0.05478641672924124	0.0	0.0	0.0	0.14204194987717886	0.0	0.0	0.0	-0.08596241740851539	277.71282412600453	0.1427502406463472
172	1565.0	nan	nan	1	1	0.001500000000000045	0.001500000000000028	0.0014999999999998368	0.9454330552018182	-3.9210171567938266e-19	1.2172283580386133e-17	-4.7271214720367993e-20	1.1565000000000003	-8.443766519317108e-18	7.008282842946301e-19	-3.8749385644631927e-19	0.9157750865000449	0.009646897512236649	0.39472551073335166	-1.8717034546908993	0.4828632695736802	241.90110883915534	1.9536799499105728	-1.81297948207667	1.5470142955729995	0.005985089716147347	1599.565890624997	0.009108632979337115	0.4559062945552435	-1.7118299574143105	0.45592111828392856	279.39475706743497	1.786804345033872	-1.7118213063172034	1.7867949649576167	0.005473867053157367	-0.05611219698437562	0.0	0.0	0.0	0.14539820268935708	0.0	0.0	0.0	-0.08798448321299208	279.42145343139646	0.14612761689328718
174	1603.75	nan	nan	1	1	0.001500000000000045	0.001500000000000028	0.0014999999999998368	0.944183589444522	-5.533496837822894e-20	-3.3723566474075374e-18	1.9309640691966833e-19	1.1603749999999742	7.952839775615673e-18	5.656282733856876e-19	-1.096887337903585e-18	0.9139322613099874	0.009208653005696836	0.39633929805132084	-1.8775251947863854	0.4871047066338138	242.5299292206759	1.9710395400888983	-1.817360436489746	1.5524177999560775	0.005757085521607403	1599.565890624997	0.00868327863263521	0.45930024818611337	-1.713684869590473	0.4593142871550048	281.0573093087349	1.7990387807281647	-1.7136759346025383	1.7990289741998755	0.005254699313070714	-0.057434651401713596	0.0	0.0	0.0	0.14874322873793733	0.0	0.0	0.0	-0.08999882262675452	281.08441145393886	0.14949359748183583
176	1642.5	nan	nan	1	1	0.001500000000000045	0.001500000000000028	0.0014999999999998368	0.9429389038303422	-5.279115903103482e-19	-3.2492997008304325e-18	3.390300193362172e-19	1.1642499999999998	-4.8831381646574636e-18	3.9118014383277e-19	-3.480288973678469e-19	0.9121001381242804	0.008686625193089608	0.39753268847392687	-1.8825714201958832	0.4908491290582505	243.11680844808086	1.9877105574009577	-1.8209925245828174	1.557209363656262	0.005506396232590863	1599.565890624997	0.008180169732571648	0.46221791059098877	-1.7148323207935252	0.46223120021060077	282.67598234954164	1.8106034499657968	-1.7148233752138498	1.8105933909108674	0.005015770519750058	-0.0587537875988681	0.0	0.0	0.0	0.15207710288034954	0.0	0.0	0.0	-0.09200549436057849	282.70351701231414	0.15284825783814607
178	1681.25	nan	nan	1	1	0.001500000000000045	0.001500000000000028	0.0014999999999998368	0.9416989767404965	6.814752755157638e-19	-4.713135264011736e-18	1.988968885424658e-19	1.1681250000000107	1.2819389647034107e-17	-2.594495798757812e-19	-4.89463070768581e-19	0.9102786141306304	0.008053519748886446	0.3983514281611026	-1.8869532822205062	0.4941460811257415	243.66362804432356	2.0036250936711735	-1.823984840719854	1.561345660973705	0.005211214245728632	1599.565890624997	0.007573943649703624	0.46470777679791436	-1.7153775844207404	0.46472035704459896	284.2524837872496	1.8214407349936703	-1.7153690351893598	1.8214305751923237	0.004737372243905036	-0.06006961307550616	0.0	0.0	0.0	0.15539989922769848	0.0	0.0	0.0	-0.09400455695720106	284.2805011583292	0.1561916727850895
180	1720.0	nan	nan	1	1	0.001500000000000045	0.001500000000000028	0.0014999999999998368	0.9404637876730557	4.1499193404598287e-19	1.6435962833794004e-17	-1.0072238182390337e-19	1.1720000000000015	6.725739756796578e-18	-6.70470623465036e-19	5.705613932704967e-19	0.9084675865657292	0.00727880900525044	0.3988811331811105	-1.8907773638356171	0.4970959625343588	244.1721690592671	2.0187449271417113	-1.826441317071716	1.5648075081588473	0.004844962451817149	1599.565890624997	0.006836334042380893	0.46686571338655747	-1.715420930839913	0.466877760984309	285.78843272900195	1.8315203938240388	-1.7154129120989094	1.831510474769725	0.00439562592505374	-0.06138213425392673	0.0	0.0	0.0	0.15871169115482234	0.0	0.0	0.0	-0.09599606975076207	285.8170106433998	0.15952391668766044
182	1750.0	nan	nan	1	1	0.001500000000000045	0.001500000000000028	0.0014999999999998368	0.9395104811265416	2.471404970862817e-19	7.704991158985486e-18	-1.5081252219273367e-19	1.1749999999999992	-5.159284457989521e-18	-3.5995512126518745e-19	2.81079413216867e-19	0.9070722124554484	0.0034347187779862572	0.3992668085154435	-1.8933162372423116	0.499352652182932	244.5394379565153	2.0302989113808727	-1.8279424518512655	1.5673383529874487	0.0022523051577916686	1599.565890624997	0.0032226374893814477	0.46851091809605744	-1.7150771601118198	0.4685194571563313	286.9494637275098	1.839164119873111	-1.7150737089519374	1.839158966044905	0.00204027043013003	-0.062396304122147736	0.0	0.0	0.0	0.16126814759612082	0.0	0.0	0.0	-0.09753321521657328	286.9810360792123	0.16209636014653547
184	1780.0	nan	nan	1	1	0.001500000000000045	0.001500000000000028	0.0014999999999998368	0.9385603339796542	3.1001405869507394e-20	-4.1837193431870646e-18	-3.2536907196289987e-19	1.1779999999999966	1.1512383928102832e-17	1.0191500421363741e-19	6.622848970627704e-19	0.9056833986957202	0.002622993262662538	0.3995552436497983	-1.895692179642635	0.5014945558373566	244.88805868137118	2.0411602654128576	-1.829283912985503	1.5693050751787814	0.002158395294731882	1599.565890624997	0.0024585298040710607	0.4700436950375448	-1.7145901805167547	0.47005050666961623	288.0905451814133	1.8461611993343838	-1.714586569550478	1.8461576162537712	0.0019521963627652358	-0.06340813735048904	0.0	0.0	0.0	0.1638180852293917	0.0	0.0	0.0	-0.09906548357410735	288.1225411623832	0.16466192524516307
186	1810.0	nan	nan	1	1	0.001500000000000045	0.001500000000000028	0.0014999999999998368	0.9376130029369996	-7.258970714015684e-19	-6.753170071760461e-18	-3.6109353354629723e-19	1.1810000000000123	-2.343990886805036e-18	3.4466787063314184e-19	2.190901540050083e-19	0.904300717545679	0.002063830075998017	0.39985548197840265	-1.8979068959949565	0.5036577074100707	245.2164822467829	2.0515264794233907	-1.8304728839760855	1.570866937689746	0.0018262333878323559	1599.565890624997	0.0019324628959104374	0.47159213934120586	-1.7139627719569503	0.4715988215932005	289.20990376901057	1.852693627298429	-1.7139593861880187	1.852690617370326	0.0016492358219756392	-0.06441799193537444	0.0	0.0	0.0	0.1663615372152364	0.0	0.0	0.0	-0.10059332175412068	289.24230357528944	0.16722090664734612
188	1840.0	nan	nan	1	1	0.001500000000000045	0.001500000000000028	0.0014999999999998368	0.93666847521476	2.837357085394565e-19	1.6049878440171915e-17	-6.754579534584693e-20	1.1840000000000326	1.4369852963797003e-17	4.2305568770384384e-19	-2.1898173378775978e-19	0.902924124791394	0.0014970340662252212	0.4002155296682194	-1.8999924447604466	0.5059016213456676	245.5251073311673	2.0614803374487765	-1.831539961533361	1.5720924973042958	0.001476267466881587	1599.565890624997	0.0014003246181398044	0.47321311887008083	-1.7132244663697747	0.4732200226501835	290.3078296272299	1.858838207908113	-1.7132211985723762	1.8588353990619644	0.0013311513685972292	-0.06542587449005596	0.0	0.0	0.0	0.16889853646184108	0.0	0.0	0.0	-0.10211675479717675	290.3406378684386	0.1697733380205471
190	1870.0	nan	nan	1	1	0.001500000000000045	0.001500000000000028	0.0014999999999998368	0.9357267429782443	-1.6743300268375754e-20	7.33516979795068e-18	1.9613217300262775e-19	1.1870000000000196	-1.8342532354109763e-18	5.726755875068434e-19	-2.2258670601127405e-19	0.9015535732699465	0.0008943908404104117	0.40066085616288366	-1.9019835975711061	0.5082589553062551	245.81458802587923	2.0710974256523484	-1.8325186948202121	1.573043585853092	0.0010857990764325171	1599.565890624997	0.0008357667416362713	0.4749373601245066	-1.712407047876883	0.4749444110908475	291.3849199923897	1.8646647810505952	-1.71240369350683	1.8646622362383516	0.000977574145978795	-0.06643178639025073	0.0	0.0	0.0	0.17142911562754767	0.0	0.0	0.0	-0.10363581129365644	291.41816661391516	0.17231925293858313
192	1900.0	nan	nan	1	1	0.001500000000000045	0.001500000000000028	0.0014999999999998368	0.9347877997502271	-6.082742646975736e-19	2.078415564654712e-19	4.505944228849756e-19	1.1899999999999762	2.5819732636656046e-17	5.18031798013574e-19	-5.0962923117681135e-19	0.9001890154737262	0.00028515185379580986	0.40119889234372047	-1.9039153563756204	0.5107406024172133	246.08558277786247	2.0804557662807848	-1.833443127728152	1.573782288578783	0.0006711073237835663	1599.565890624997	0.00026619232453642264	0.4767744573542472	-1.711542310812584	0.4767818493297445	292.44178493668636	1.8702449443666742	-1.7115388926237407	1.8702424432120168	0.0006032981329266401	-0.0674357275897785	0.0	0.0	0.0	0.1739533071234182	0.0	0.0	0.0	-0.10515052051532035	292.4754806855217	0.17485868471284655
194	1930.0	nan	nan	1	1	0.001500000000000045	0.001500000000000028	0.0014999999999998368	0.9338516396756428	3.242780935268363e-19	-1.2762035352109624e-17	1.1123914289701276e-19	1.193000000000005	-7.137140271146203e-18	-9.84455572616838e-20	2.6996634094889063e-19	0.8988304035425319	-0.00032168087351342633	0.4018196866879189	-1.9058210936308868	0.5133349619653513	246.33871492363372	2.0896330094638	-1.8343453470039366	1.5743698366998837	0.00023786984544531896	1599.565890624997	-0.00029999018197462545	0.4787133850442331	-1.7106603922854424	0.47872118404797925	293.47900064470537	1.8756495222181022	-1.7106568644936713	1.8756470596312316	0.00021351139646960898	-0.06843769740070459	0.0	0.0	0.0	0.17647114311578357	0.0	0.0	0.0	-0.10666091242673072	293.513151218817	0.17739166659982517
196	1960.0	nan	nan	1	1	0.001500000000000045	0.001500000000000028	0.0014999999999998368	0.9329182572777303	2.242909363011497e-19	-1.4191881177183506e-17	-3.8749385644631927e-19	1.1959999999999895	4.548661794445685e-18	-4.1026210206851486e-19	1.0401293541739687e-18	0.8974776896197012	-0.0009217332039612666	0.4024934325815235	-1.9077273560997707	0.5160048897772277	246.57457926279545	2.098698942364333	-1.8352508789709383	1.5748603410177016	-0.00021017391560085958	1599.565890624997	-0.0008587176543062761	0.48071928477317954	-1.7097851287418648	0.4807275105809292	294.49711670127755	1.8809418598981154	-1.7097814455209004	1.8809393532112713	-0.000188366662665291	-0.06943769475144104	0.0	0.0	0.0	0.17898265552843085	0.0	0.0	0.0	-0.10816701729112786	294.5317254280217	0.17991823171030713
198	1990.0	nan	nan	1	1	0.001500000000000045	0.001500000000000028	0.0014999999999998368	0.9319876470844616	7.756212935371848e-19	-5.052924224868693e-18	-1.0332446703786857e-18	1.199000000000008	9.530137096147585e-18	-4.14815751192954e-19	-1.9260851594204986e-19	0.8961308262443858	-0.0015123807711781055	0.40317672088696227	-1.9096504962241985	0.5186952445467561	246.793748032288	2.107708211640369	-1.836175438691608	1.5752957928999514	-0.0006710159739846913	1599.565890624997	-0.0014075717660289723	0.4827406548732042	-1.708931090153459	0.4827493150609042	295.4966628073785	1.8861713695599178	-1.7089272451969164	1.8861687277245707	-0.0006004868755823967	-0.07043571858560504	0.0	0.0	0.0	0.1814878760453841	0.0	0.0	0.0	-0.10966886523237215	295.5317317372884	0.1824384129380457
200	2020.0	nan	nan	1	1	0.001500000000000045	0.001500000000000028	0.0014999999999998368	0.9310598032740925	4.676706071016224e-19	1.2402188651061685e-18	-9.842929422909652e-19	1.2020000000000055	-7.529404617151458e-18	-2.3917499925030227e-19	-7.272286071946521e-19	0.8947897667490464	-0.0020873588820695082	0.4038208578256684	-1.9115954294219712	0.5213434097063543	246.9967742914244	2.1166999441479653	-1.8371236706901422	1.5757060910641534	-0.0011379150656837338	1599.565890624997	-0.0019407591747706131	0.48471913128095034	-1.7081025403171919	0.4847283398581904	296.47815248666956	1.8913732979481257	-1.7080985209142534	1.8913705738905744	-0.001016781890374848	-0.07143176824274192	0.0	0.0	0.0	0.1839868361130204	0.0	0.0	0.0	-0.11116648578711644	296.5136781128559	0.18495224287971232
