6	header
postResults v2.0.3	--cr f,p,texture --time RVE_1_40_D_tensionX.spectralOut
addCauchy v2.0.3	RVE_1_40_D_tensionX.txt
addStrainTensors v2.0.3	--left --logarithmic RVE_1_40_D_tensionX.txt
addMises v2.0.3	-s Cauchy RVE_1_40_D_tensionX.txt
addMises v2.0.3	-e ln(V) RVE_1_40_D_tensionX.txt
inc	time	elem	node	ip	grain	1_pos	2_pos	3_pos	1_f	2_f	3_f	4_f	5_f	6_f	7_f	8_f	9_f	1_p	2_p	3_p	4_p	5_p	6_p	7_p	8_p	9_p	texture	1_Cauchy	2_Cauchy	3_Cauchy	4_Cauchy	5_Cauchy	6_Cauchy	7_Cauchy	8_Cauchy	9_Cauchy	1_ln(V)	2_ln(V)	3_ln(V)	4_ln(V)	5_ln(V)	6_ln(V)	7_ln(V)	8_ln(V)	9_ln(V)	Mises(Cauchy)	Mises(ln(V))
0	0.0	nan	nan	1	1	6.000000000000838e-05	6.000000000000867e-05	5.999999999999513e-05	1.0	0.0	0.0	0.0	1.0	0.0	0.0	0.0	1.0	2.7716487604837305e-06	-1.193192284640359e-09	-2.8066754232013673e-08	-1.19319228464005e-09	2.7018729684353462e-06	-1.6832583398956398e-08	-2.8066754232013544e-08	-1.6832583398956544e-08	2.6991213888906947e-06	1599.565890624997	2.7716487604837305e-06	-1.193192284640359e-09	-2.8066754232013673e-08	-1.19319228464005e-09	2.7018729684353462e-06	-1.6832583398956398e-08	-2.8066754232013544e-08	-1.6832583398956544e-08	2.6991213888906947e-06	0.0	0.0	0.0	0.0	0.0	0.0	0.0	0.0	0.0	9.102600058541354e-08	0.0
2	2.0	nan	nan	1	1	6.000000000000838e-05	6.000000000000867e-05	5.999999999999513e-05	0.9999331859138993	-3.127900768308019e-23	-3.35504456451508e-24	5.889525961377557e-25	1.000200000000001	6.618470604383787e-22	-3.1499037726019292e-24	8.298275905131974e-24	0.9999338800589288	-8.519247751792136e-06	-494.16260334935964	2741.200914494103	-494.2944617027451	14158906.77613794	727.4803459834236	2741.2028174121674	727.2867876682551	-2.3118507633625996e-06	1599.565890624997	-8.518107459706803e-06	-494.22830092436993	2740.8359103838166	-494.2283009243617	14160789.16431075	727.38347846998	2740.8359103837497	727.3834784699528	-2.3115429292937697e-06	-6.681631826113055e-05	0.0	0.0	0.0	0.0001999800026669107	0.0	0.0	0.0	-6.612212709086038e-05	14160790.041971654	0.00017763326904592626
4	4.0	nan	nan	1	1	6.000000000000838e-05	6.000000000000867e-05	5.999999999999513e-05	0.9998663539893823	4.594161122119516e-24	3.5335170534795214e-22	-6.908612476042887e-24	1.0003999999999935	7.490947627280219e-22	-1.0521737391674512e-24	2.956674381509542e-23	0.9998677425139985	7.628467323684163e-06	-988.3614006101619	5482.594259830409	-988.8889062276571	28326310.375555646	1455.406311247984	5482.601873564939	1454.6319700800984	6.549042552251194e-06	1599.565890624997	7.626425808728057e-06	-988.6242617836015	5481.13463076791	-988.6242617835976	28333843.942912623	1455.0188389585958	5481.134630767804	1455.0188389585694	6.54729900305029e-06	-0.00013365494204156818	0.0	0.0	0.0	0.0003999200213202327	0.0	0.0	0.0	-0.00013226623279407072	28333845.69720123	0.0003552546439162056
6	6.0	nan	nan	1	1	6.000000000000838e-05	6.000000000000867e-05	5.999999999999513e-05	0.9997995042228783	2.701571880598188e-23	-2.108582643071174e-22	-1.520688838117486e-23	1.000599999999987	-1.955150565609938e-21	-4.102815838263017e-24	4.3092801191562527e-23	0.9998015873617152	6.015304811626265e-07	-1482.5963387116153	8224.179771034986	-1483.7833888184782	42502212.49604216	2183.7779609398626	8224.196906578654	2182.0354505229107	-4.3732805352192375e-07	1599.565890624997	6.012890826465436e-07	-1483.1879358583133	8220.89647712965	-1483.1879358583471	42519172.0601423	2182.906143315567	8220.896477129432	2182.906143315559	-4.3715346145642516e-07	-0.00020051587908694035	0.0	0.0	0.0	0.0005998200719549005	0.0	0.0	0.0	-0.00019843232467637293	42519174.69006392	0.00053286414037864
8	8.0	nan	nan	1	1	6.000000000000838e-05	6.000000000000867e-05	5.999999999999513e-05	0.9997326366108238	2.0924360775141388e-23	-3.0862439526598483e-22	-2.1705219273391445e-23	1.0008000000000166	2.608874712433046e-21	-8.58944348075064e-24	7.088606977334426e-23	0.9997354145986067	1.958073659807269e-06	-1976.8673654653571	10965.957183078244	-1978.9779656137027	56686614.83613686	2912.595360156738	10965.987654520211	2909.4971322384804	1.0568786710791756e-06	1599.565890624997	1.9570262536182277e-06	-1977.9193773670854	10960.121765235051	-1977.9193773670345	56716781.247155674	2911.04545341801	10960.12176523499	2911.0454534180544	1.0563162643005322e-06	-0.0002673991371390873	0.0	0.0	0.0	0.0007996801705813279	0.0	0.0	0.0	-0.0002646204102857486	56716784.75168879	0.000710461774203855
10	10.0	nan	nan	1	1	6.000000000000838e-05	6.000000000000867e-05	5.999999999999513e-05	0.9996657486137118	3.3715881767661405e-24	5.998052057744514e-22	1.860825505999291e-23	1.0010000000000012	4.1388412083009265e-21	-3.1419628387214205e-23	-1.4002513409297653e-23	0.9996692150059125	0.00040496910553702034	-2474.3676722918376	13686.83968425524	-2477.6702046642704	70877013.31397991	3663.9345568390645	13686.887144073276	3659.0635187498838	0.00040801866021502063	1599.565890624997	0.00040469840915691223	-2476.0140379440504	13677.738320732478	-2476.0140379435147	70924172.62726964	3661.4981433868224	13677.738320732671	3661.498143387117	0.00040774733927926324	-0.00033430726073388104	0.0	0.0	0.0	0.000999500333084976	0.0	0.0	0.0	-0.000330839715511514	70924176.99669373	0.0008880514707428506
12	12.0	nan	nan	1	1	6.000000000000838e-05	6.000000000000867e-05	5.999999999999513e-05	0.9995987773684205	8.007108329513308e-24	-9.674704444420211e-23	3.986348808015551e-23	1.0011999999999897	-1.0980988067763953e-21	-2.414043899674756e-23	5.918642718939424e-23	0.9996027529391307	0.005663175333153959	-3040.2267119940716	15804.243758289444	-3045.096745773783	85009608.74482715	5015.307025200418	15804.30661440079	5007.305942095766	0.007071636424076132	1599.565890624997	0.005658635544290972	-3042.6556953992135	15791.63735891176	-3042.655695394812	85077527.01161435	5011.306519745785	15791.637358915228	5011.306519746714	0.0070659956686955445	-0.0004013031429155692	0.0	0.0	0.0	0.0011992805754713197	0.0	0.0	0.0	-0.00039732598438487675	85077532.0079847	0.0010657325664465127
14	14.0	nan	nan	1	1	6.000000000000838e-05	6.000000000000867e-05	5.999999999999513e-05	0.9995310531519256	4.6692691217393307e-23	3.6507120026660344e-22	4.065758146820642e-23	1.001400000000013	3.6271009592613206e-21	3.017554874593445e-24	1.3309005183733193e-22	0.9995333832460476	-3.8065329474928458	-4232.170486402736	10207.267920892189	-4240.083902057351	98374249.56144638	13256.08044875311	10207.291711687718	13231.371022580452	-4.7497525900462385	1599.565890624997	-3.802985788624375	-4236.132731055242	10197.77994083896	-4236.132734046013	98466349.54785323	13243.758500524013	10197.779936584859	13243.758503011115	-4.745337544004399	-0.00046905683803521466	0.0	0.0	0.0	0.0013990209137200477	0.0	0.0	0.0	-0.00046672565342771865	98466358.35153168	0.0012446088340294218
16	16.0	nan	nan	1	1	6.000000000000838e-05	6.000000000000867e-05	5.999999999999513e-05	0.9994608674720925	4.4151592375630403e-23	-4.751325438504591e-23	4.3622196783596465e-23	1.0016000000000054	2.4173261523453663e-21	-5.452774597949558e-24	2.5929796097822267e-22	0.9994522680506182	89.56465563462314	-5641.748679692313	-30514.836317608777	-5653.823672805066	108704805.11428338	47660.78242318376	-30514.573777918875	47558.58334088191	208.0538637738503	1599.565890624997	89.47058700388686	-5647.885497990665	-30482.524693287196	-5647.885532948929	108823048.88496841	47610.31525762201	-30482.52470507367	47610.31524193956	207.83355919102564	-0.0005392779121053989	0.0	0.0	0.0	0.0015987213637019507	0.0	0.0	0.0	-0.0005478820093236182	108822944.72483417	0.0014282095220493885
18	18.0	nan	nan	1	1	6.000000000000838e-05	6.000000000000867e-05	5.999999999999513e-05	0.9993887544080938	2.9264988327636074e-22	9.613718072217903e-21	2.380162581784584e-22	1.0017999999999958	5.328260754703176e-21	2.4516309867091657e-22	1.8253560013330172e-22	0.9993548159800191	-87.40744468854551	-2892.6855159157244	-116395.1852926187	-2899.662670913302	115119312.53094026	116269.88485947388	-116391.2331094849	115986.0950231065	290.39538583979044	1599.565890624997	-87.30672288182323	-2896.323400190174	-116257.11204916355	-2896.3213163623227	115264088.28842844	116131.96025307075	-116257.11255113666	116131.96085913252	290.05090567330836	-0.000611432478652666	0.0	0.0	0.0	0.0017983819413749642	0.0	0.0	0.0	-0.0006453922407564851	115264338.42332864	0.0016179816684627991
20	20.0	nan	nan	1	1	6.000000000000838e-05	6.000000000000867e-05	5.999999999999513e-05	0.9993167892674493	-7.55976905424463e-22	-9.840934660318867e-21	8.411037166235202e-22	1.0019999999999871	-1.1182528969651273e-20	2.4381313991123e-22	2.5902267527036503e-21	0.9992457689845734	-167.0626240110361	5008.771996009937	-218561.8640018258	5022.223701346117	119071154.38092859	207326.5549541418	-218546.33266527348	206756.66926863458	204.4855275457177	1599.565890624997	-166.85501290549158	5015.979589751362	-218274.74042157677	5015.982512324333	119242497.07885614	207054.1911407611	-218274.74202071174	207054.19091198462	204.21689597521853	-0.0006834442273600986	0.0	0.0	0.0	0.0019980026626597617	0.0	0.0	0.0	-0.0007545155907387067	119243617.33846653	0.0018117864295269727
22	22.0	nan	nan	1	1	6.000000000000838e-05	6.000000000000867e-05	5.999999999999513e-05	0.9992457577335867	-1.2781727174067391e-21	-2.6494131798930446e-21	1.2824078821430107e-21	1.0022000000000322	1.0275780199615545e-20	-3.7039162596654453e-22	-1.07446129359208e-21	0.9991301887677916	-96.32008459350682	17610.526694748463	-314904.90516076365	17662.593593004865	121811113.68177566	305794.08932303695	-314868.4860687677	304857.4194178758	237.0773197006734	1599.565890624997	-96.19231472904605	17639.162065469678	-314450.807252932	17639.16392930671	122009183.0784895	305353.12935730384	-314450.8088630452	305353.12890876504	236.73545041535553	-0.0007545268502172718	0.0	0.0	0.0	0.0021975835435195487	0.0	0.0	0.0	-0.0008701897374998299	122011478.56233837	0.0020077387271388953
24	24.0	nan	nan	1	1	6.000000000000838e-05	6.000000000000867e-05	5.999999999999513e-05	0.9991755656300491	-1.650020181251377e-21	4.7524265813360214e-20	8.82608331038981e-22	1.002399999999995	-4.2169535279055346e-21	-8.565620679109112e-22	-3.637159475509965e-21	0.9990109372810745	-60.88039749527157	34303.97869090839	-400041.07480362675	34414.68172658398	123932053.24176389	400872.37717391085	-399975.16370648146	399517.04871258774	225.31737165048054	1599.565890624997	-60.7947642075608	34366.27380555612	-399412.56438963674	34366.274645437756	124157110.56047283	400242.56068854517	-399412.5657327493	400242.56106721936	224.9633722152858	-0.0008247744028688505	0.0	0.0	0.0	0.0023971245997167997	0.0	0.0	0.0	-0.0009895521642109477	124160905.42811714	0.0022049119104008284
26	26.0	nan	nan	1	1	6.000000000000838e-05	6.000000000000867e-05	5.999999999999513e-05	0.9991059315277347	4.845028458294598e-22	5.840186292199994e-21	1.5102597449544174e-21	1.002599999999979	5.430794092968309e-20	-1.3637230450794236e-21	1.841449627330849e-21	0.9988894967597646	-38.71836178159217	53440.54341923813	-474917.7559935931	53627.43626630248	125690895.03649415	487027.4845721174	-474814.87638148776	485225.05513344944	192.43544630430495	1599.565890624997	-38.66088813988703	53547.83072014847	-474110.0588025011	53547.83155381693	125943232.23246317	486199.1922492698	-474110.0598854965	486199.193552869	192.10816949166747	-0.0008944683898687174	0.0	0.0	0.0	0.0025966258472448745	0.0	0.0	0.0	-0.0011111203058365821	125948682.13554555	0.002402871363865907
28	28.0	nan	nan	1	1	6.000000000000838e-05	6.000000000000867e-05	5.999999999999513e-05	0.9990366056108646	4.087781003449253e-21	-8.318604695866076e-20	6.06475590234079e-22	1.0028000000000166	-5.04831636563563e-21	-2.637660597749891e-21	2.537710709973884e-21	0.998766659972391	-9.352525141638864	73014.05224344149	-540800.3152345243	73289.09896887964	127203601.79701419	562187.6139183458	-540654.1885325122	559926.4527506321	153.54795220362016	1599.565890624997	-9.337928030721029	73174.71070320957	-539810.3526527723	73174.7117749922	127483497.70901646	561158.5007946556	-539810.353414332	561158.502181095	153.26687483938025	-0.0009638587517767706	0.0	0.0	0.0	0.0027960873020177945	0.0	0.0	0.0	-0.0012341012173559618	127490622.3431451	0.0026013947036729553
30	30.0	nan	nan	1	1	6.000000000000838e-05	6.000000000000867e-05	5.999999999999513e-05	0.9989673884308883	-2.1108061045577164e-21	-2.1840347498258107e-19	1.4907779871675685e-22	1.0029999999999726	3.362297284125945e-20	-4.236011769218756e-21	-5.97412337698458e-21	0.9986428933671002	29.256681435828128	91675.06404037117	-598201.6660752519	92045.13712309008	128526991.2024076	625854.1746090712	-598007.3520807327	623135.4183409481	122.87466672384825	1599.565890624997	29.208813388475434	91894.5373111518	-597028.927766808	91894.53832766383	128834689.26008621	624627.2252244613	-597028.9279108717	624627.2260624274	122.63377834627191	-0.0010331450797425052	0.0	0.0	0.0	0.00299550897977092	0.0	0.0	0.0	-0.0013580283361003759	128843403.92940369	0.0028003527485014985
32	32.0	nan	nan	1	1	6.000000000000838e-05	6.000000000000867e-05	5.999999999999513e-05	0.9988981228833885	-4.2182240773264157e-22	-4.854202883904546e-20	-1.9803630306805543e-21	1.0031999999999797	-7.731377929358351e-20	-1.0088162401798718e-21	-1.6800051475841793e-20	0.998518508888911	64.76973843172871	108856.87912780573	-647459.5018344241	109325.685451872	129693903.66060188	678375.6834470625	-647213.4453725991	675210.0041535601	99.14512205140397	1599.565890624997	64.65892802238291	109138.6462787817	-646106.1698690676	109138.64711807195	130029605.74967697	676957.7299004262	-646106.1692193773	676957.7301650458	98.93788706218659	-0.0011024846295122385	0.0	0.0	0.0	0.0031948908964989256	0.0	0.0	0.0	-0.0014825896041178012	130039763.1787253	0.0029996570187987726
34	34.0	nan	nan	1	1	6.000000000000838e-05	6.000000000000867e-05	5.999999999999513e-05	0.9988286927370681	-7.638543118339281e-21	-8.910913660057327e-20	-3.0899761915836877e-21	1.003399999999975	-3.2085608041992895e-21	4.03780605956125e-21	-6.22230403053009e-21	0.9983937372090953	89.44801913790805	124351.44845354454	-689262.2487982429	124920.56439285004	130728619.84756173	720723.5472736455	-688962.0974189634	717127.6415562883	74.52482231730671	1599.565890624997	89.28834693753765	124697.5700805773	-687732.2437970871	124697.57073038141	131092491.78604011	719123.7053648481	-687732.2424134867	719123.7050454754	74.35939420768004	-0.0011719937794175302	0.0	0.0	0.0	0.003394233067990611	0.0	0.0	0.0	-0.0016075542140766832	131103916.57676241	0.0031992365939837544
36	36.0	nan	nan	1	1	6.000000000000838e-05	6.000000000000867e-05	5.999999999999513e-05	0.9987590217864308	-1.5958100726271018e-21	-6.593304461427474e-20	-2.659683454378503e-21	1.0036000000000258	-8.083531877179327e-20	8.920951000482291e-21	-1.2064290267743e-20	0.998268754304261	100.51366179629953	138130.91745849635	-724687.6014932223	138800.43794982013	131652383.53272109	754284.0432412974	-724331.8674236471	750277.1935383193	49.221576646956905	1599.565890624997	100.32680094043907	138542.39883899782	-722985.2933872263	138542.39970740012	132044565.85887289	752512.2124022056	-722985.2915427672	752512.211599708	49.105954013503016	-0.001241748864672574	0.0	0.0	0.0	0.0035935355101556618	0.0	0.0	0.0	-0.0017327460334540508	132057079.21258408	0.003399030197865495
38	38.0	nan	nan	1	1	6.000000000000838e-05	6.000000000000867e-05	5.999999999999513e-05	0.9986890686282244	-9.183531214131125e-21	-1.8702275717138138e-20	-2.9578390518120168e-21	1.003800000000006	-6.277445875396346e-20	7.24043763312976e-21	-9.325832749269847e-21	0.998143691337568	100.32579727901528	150383.45200013855	-754966.7902681639	151153.06144892162	132484386.20524183	780584.1172630042	-754554.5059392863	776185.6055867596	26.174572065761545	1599.565890624997	100.13187814241142	150860.89755549523	-753096.0341329838	150860.89859583523	132905004.83386455	778649.8831414274	-753096.032024493	778649.8818258692	26.109713264144116	-0.0013117913940086296	0.0	0.0	0.0	0.0037927982387026774	0.0	0.0	0.0	-0.0018580337385364087	132918441.74761316	0.0035989849819799274
40	40.0	nan	nan	1	1	6.000000000000838e-05	6.000000000000867e-05	5.999999999999513e-05	0.9986188167584852	8.182338270476541e-22	-5.655723692111689e-20	5.963111948670274e-22	1.004000000000014	1.193452482022364e-19	5.998687332454955e-21	1.863472483959461e-21	0.9980186433394396	94.1889899131498	161366.60259081965	-781173.0554846763	162236.14772739648	133241478.1646069	801037.6970593364	-780703.5654205814	796265.4917912259	7.704588316188019	1599.565890624997	93.99998246460432	161910.59032414152	-779136.943124411	161910.59120139398	133690652.45797051	798949.8078975565	-779136.9408171474	798949.805974256	7.684506456744449	-0.0013821379542782396	0.0	0.0	0.0	0.003992021269552053	0.0	0.0	0.0	-0.0019833221443132758	133704868.01535538	0.0037990565702275803
44	48.666666666666664	nan	nan	1	1	6.000000000000838e-05	6.000000000000867e-05	5.999999999999513e-05	0.9983108794352972	-1.3196773318222e-21	1.0187858179690548e-19	9.352937803581984e-21	1.0048666666666675	-1.1759443110026176e-19	-5.973276344037326e-21	6.315477654728064e-21	0.9974783335630779	280.19706204430946	195710.42151808483	-861080.8960783102	196995.6162898485	135938970.6275857	845034.5065625914	-860362.7636240642	838821.3099134108	-590.2204059147334	1599.565890624997	279.54495965618435	196537.1605087781	-858360.4721609652	196537.14855683403	136513217.24409583	842364.7782094197	-858360.442083932	842364.7404458812	-588.3557150174341	-0.0016905487373076037	0.0	0.0	0.0	0.004854862726182897	0.0	0.0	0.0	-0.00252485119278598	136529687.6266033	0.0046666345079709355
48	57.33333333333333	nan	nan	1	1	6.000000000000838e-05	6.000000000000867e-05	5.999999999999513e-05	0.99799871200996	3.940397270627005e-21	3.011896694505786e-19	7.267542687441897e-21	1.0057333333333396	-2.0390115919484419e-19	-1.2302306525921457e-20	-1.0511678875425867e-20	0.9969412790475666	198.81659981024592	214656.38045592682	-911145.6903882826	216319.9829403221	138175661.84488365	856987.589238827	-910180.2636210554	849495.8318657299	-423.00689263802184	1599.565890624997	198.2897289869964	215746.74022265716	-907768.2738088189	215746.72755014943	138877533.2828395	853810.9248230008	-907768.2546376158	853810.8961331147	-421.4388991683779	-0.002003293242688187	0.0	0.0	0.0	0.005716960329235281	0.0	0.0	0.0	-0.003063408400202677	138894920.6784384	0.005534157255663954
52	66.0	nan	nan	1	1	6.000000000000838e-05	6.000000000000867e-05	5.999999999999513e-05	0.9976835468534262	-1.2339575975600647e-20	-3.5858292789063553e-20	7.10660642746358e-21	1.0065999999999695	-1.8201043970600405e-19	1.570399084209473e-21	8.9819373726846e-21	0.9964074136648036	160.60455429802968	225364.50889799584	-945072.5481415697	227378.61324574804	140202253.4632657	857460.5972127536	-943863.6854041741	848778.1371677293	-289.9705403416427	1599.565890624997	160.1267835982848	226702.21460574528	-941055.8786120887	226702.20129944754	141034457.94663462	853816.2887833873	-941055.8546087749	853816.2656834138	-288.7381314264459	-0.0023191402747035953	0.0	0.0	0.0	0.006578315360092065	0.0	0.0	0.0	-0.003599055171366392	141052240.01730475	0.006401072303406244
56	74.66666666666666	nan	nan	1	1	6.000000000000838e-05	6.000000000000867e-05	5.999999999999513e-05	0.9973663248723401	6.100331286125471e-21	9.348872045435164e-20	7.392903563635533e-21	1.0074666666666754	2.1036910278007804e-19	-8.74138001566438e-22	7.680894765701995e-21	0.9958762720781354	155.58123820986404	231507.78567606784	-969822.6017683354	233852.2524452145	142123859.48000267	854194.4447248498	-968373.6812335054	844367.3439420045	-199.70099426355458	1599.565890624997	155.06763122754833	233080.27163218328	-965176.8900109478	233080.2560845474	143089216.9620786	850102.6230167171	-965176.8723515675	850102.5972349936	-198.7443726553135	-0.002637149351323878	0.0	0.0	0.0	0.0074389290970070234	0.0	0.0	0.0	-0.004132253935229678	143107148.53700784	0.007267201377563246
60	83.33333333333333	nan	nan	1	1	6.000000000000838e-05	6.000000000000867e-05	5.999999999999513e-05	0.9970477219085719	-1.2571663003148326e-20	2.7991050774965607e-19	4.457087368452128e-21	1.0083333333333737	-9.450177185926778e-20	-2.1006417091906648e-22	-8.998878031629687e-21	0.995347381155071	152.49853374908562	235049.54990658985	-988892.9067769748	237710.06516915982	143986115.7785246	850316.5131390856	-987206.4626800695	839365.5743347085	-142.15190239800373	1599.565890624997	151.94515819475566	236847.49741838948	-983624.1702138075	236847.48022588974	145087498.3538181	845786.0997117687	-983624.1598861143	845786.07267842	-141.3945292582477	-0.0029566446607282573	0.0	0.0	0.0	0.008298802814735584	0.0	0.0	0.0	-0.004663475965103865	145105470.43400285	0.008132500533057302
64	92.0	nan	nan	1	1	6.000000000000838e-05	6.000000000000867e-05	5.999999999999513e-05	0.9967281934815795	4.1811240342366775e-20	2.200286665105661e-19	-2.331712297201638e-20	1.0092000000000092	-2.339369475044817e-19	-2.120970499924768e-21	2.2609003428111785e-20	0.9948203759100538	148.3095980029356	237059.192924398	-1004410.0254681426	240025.4369847317	145809983.2335622	847015.4857680132	-1002487.4987057898	834946.7272203929	-102.06369501387019	1599.565890624997	147.72273643584742	239075.67283313023	-998520.6579035822	239075.6555411394	147050276.41964772	842049.0025568987	-998520.6523762293	842048.975732808	-101.46524358497915	-0.003277170580679036	0.0	0.0	0.0	0.009157937784774526	0.0	0.0	0.0	-0.005193084844018655	147068238.36056852	0.00899696860080198
68	100.66666666666666	nan	nan	1	1	6.000000000000838e-05	6.000000000000867e-05	5.999999999999513e-05	0.9964080463818219	-3.681713408535542e-20	3.974617401696079e-19	8.355132991716419e-21	1.0100666666666764	-7.657855469536679e-20	-2.562782885212611e-20	-5.1059146060489225e-20	0.994294991540548	143.69588851619883	238237.60619068396	-1018010.5436976166	241503.31704635065	147605674.479601	844825.2722631888	-1015851.675151995	831633.7301706793	-73.39096705222508	1599.565890624997	143.0800394344517	240468.30317950153	-1011497.9594157261	240468.28676415145	148987754.91122892	839420.6172494002	-1011497.9575349268	839420.5900512559	-72.92145830163692	-0.00359842017326366	0.0	0.0	0.0	0.010016335275498453	0.0	0.0	0.0	-0.005721344180123857	149005695.86753154	0.00986061669151487
72	109.33333333333333	nan	nan	1	1	6.000000000000838e-05	6.000000000000867e-05	5.999999999999513e-05	0.9960874926601155	5.671224395046442e-20	-2.916537725303897e-19	1.6945741142769533e-20	1.0109333333333477	8.881987484908593e-19	-2.456395547037471e-20	-3.5101045334218204e-20	0.9937710354333467	139.49019347715122	239142.22080868567	-1030689.8218339352	242706.41865828168	149378352.58640623	844047.4570035436	-1028292.8950082036	829718.3006496105	-52.19932082394243	1599.565890624997	138.84646441538692	241586.37456935446	-1023547.4572709206	241586.36017049462	150905074.4718263	838198.4668236678	-1023547.4573252938	838198.4389454359	-51.837595529514886	-0.003920181219339656	0.0	0.0	0.0	0.010873996551892744	0.0	0.0	0.0	-0.006248445505958847	150923007.32938877	0.010723458527293828
76	118.0	nan	nan	1	1	6.000000000000838e-05	6.000000000000867e-05	5.999999999999513e-05	0.9957666821733038	-1.421914208555794e-20	-4.535285450142646e-19	1.1919447633762514e-20	1.0117999999999725	5.279386953646603e-19	1.462317680139824e-20	-7.74865740148234e-20	0.9932483662760115	136.45678506516228	240138.36884824766	-1042921.5005391389	244004.94051679573	151130706.46326807	844829.5238236468	-1040283.9293075608	829339.3122952862	-35.46090850694821	1599.565890624997	135.7821248291366	242798.55963982662	-1035140.6289308494	242798.5480997239	152804893.37303454	838526.5469913867	-1035140.6291708492	838526.5188722432	-35.196347103177025	-0.004242303685571513	0.0	0.0	0.0	0.011730922875671707	0.0	0.0	0.0	-0.006774529115349473	152822841.3909	0.011585507093836484
80	126.66666666666666	nan	nan	1	1	6.000000000000838e-05	6.000000000000867e-05	5.999999999999513e-05	0.9954457226142157	3.5940454984947215e-20	-4.625308111776832e-19	2.0777718196147988e-20	1.01266666666664	-6.259234667030378e-20	-1.2549640146519714e-20	2.66103870709411e-20	0.9927268795979013	134.53858369022277	241401.15161868866	-1054908.9153540134	245577.31720051574	152864196.0897832	847181.690407944	-1052027.6612904698	830500.336518105	-21.548124438806088	1599.565890624997	133.82909941625564	244282.28380234085	-1046479.8323985464	244282.27424839057	154688636.2472936	840412.419011271	-1046479.832102799	840412.3905080373	-21.375947556246985	-0.00456467970241035	0.0	0.0	0.0	0.012587115505445048	0.0	0.0	0.0	-0.007299698491130288	154706625.7452722	0.012446773589625074
84	135.33333333333331	nan	nan	1	1	6.000000000000838e-05	6.000000000000867e-05	5.999999999999513e-05	0.995124692164911	-2.0164466342335875e-20	7.494344229398708e-19	-6.254491282525754e-21	1.0135333333333465	6.426608377407828e-20	-2.153496565099333e-20	-6.666488108070245e-20	0.9922064978087651	133.41957152454458	242971.45812340226	-1066727.234195142	247466.13691190965	154579657.99672973	850995.9580566769	-1063599.0647856495	833089.2160539496	-9.86164414170402	1599.565890624997	132.67204955757313	246079.64441602232	-1057639.942803763	246079.63588129447	156557101.67597586	843746.4494701808	-1057639.9415783738	843746.4204098347	-9.777634255164156	-0.004887230916579477	0.0	0.0	0.0	0.013442575696502066	0.0	0.0	0.0	-0.007824030246524226	156575157.80498713	0.013307267263611122
88	144.0	nan	nan	1	1	6.000000000000838e-05	6.000000000000867e-05	5.999999999999513e-05	0.9948036481696377	7.184364052021524e-20	-1.0297210133181078e-19	-2.0089927442977495e-20	1.014400000000002	4.652785860585762e-19	-1.746920750417269e-20	-1.6903389495406817e-20	0.9916871628457294	132.6638000747954	244816.17689049593	-1078399.5272436088	249638.73239602795	156277604.97406664	856090.9461010171	-1075021.1537560178	836922.6852030657	-0.1872579890389461	1599.565890624997	131.87683062807454	248157.8689064164	-1068644.0671588888	248157.86078671878	158410763.13151392	848346.5426191968	-1068644.065189975	848346.5130342502	-0.1855640084765764	-0.005209899820329757	0.0	0.0	0.0	0.014297304700826146	0.0	0.0	0.0	-0.008347581468243527	158428907.8340944	0.014166995635113663
92	152.66666666666666	nan	nan	1	1	6.000000000000838e-05	6.000000000000867e-05	5.999999999999513e-05	0.9944826333622002	8.900622209748187e-21	-8.87148427636264e-19	-1.2854572007531262e-20	1.0152666666666739	7.297832585635711e-19	5.654114329511905e-20	-1.7536970139953035e-20	0.9911688306166361	131.8303096891571	246877.2858022256	-1089940.7208440257	252036.8508931528	157958381.26005748	862264.7820255281	-1086308.8308891898	841798.4892637696	7.522712460889597	1599.565890624997	131.00489048173176	250458.79935180393	-1079507.2100029115	250458.79150607422	160249924.9349404	854010.7102405896	-1079507.2070719737	854010.6807803597	7.450700928047169	-0.005532643523138405	0.0	0.0	0.0	0.015151303767350415	0.0	0.0	0.0	-0.00887039527076828	160268176.67035696	0.01502596483810961
96	161.33333333333331	nan	nan	1	1	6.000000000000838e-05	6.000000000000867e-05	5.999999999999513e-05	0.9941616805083989	-9.063421942210464e-20	1.317102351662547e-19	-4.077108388313849e-20	1.0161333333333324	-1.9960161995458136e-19	4.567201651595188e-21	3.5053611489171966e-20	0.9906514667252895	130.67679480036372	249096.34314401718	-1101369.4012451742	254601.5350572588	159622248.89821127	869327.4524316523	-1097480.6520333174	847527.0501846889	13.528348856068332	1599.565890624997	129.81560108139257	252923.65291883485	-1090247.9753990758	252923.64539699702	162074809.16375196	860549.1435488509	-1090247.9720026574	860549.1143493116	13.391742075043922	-0.005855429105607191	0.0	0.0	0.0	0.01600457414171521	0.0	0.0	0.0	-0.009392505074359013	162093183.14672732	0.01588417997805935
100	170.0	nan	nan	1	1	6.000000000000838e-05	6.000000000000867e-05	5.999999999999513e-05	0.9938408157344987	3.587862157979765e-20	6.703689795113654e-19	-1.979177184554398e-20	1.0170000000000066	2.49366499671666e-21	1.5449880957918439e-21	-1.754035827174205e-20	0.990135043342891	129.0432412902358	251422.9807428364	-1112705.3240564433	257281.81021863155	161269436.5562997	877114.4845510938	-1108556.3331948386	853944.6995991817	17.971820536840067	1599.565890624997	128.15037418012827	255501.65090059055	-1100886.0903313379	255501.64363201978	163885604.88067728	867797.7131899289	-1100886.0865417488	867797.6845265619	17.780922602950245	-0.006178230286483819	0.0	0.0	0.0	0.01685711706642892	0.0	0.0	0.0	-0.009913937739085766	163904113.6867343	0.016741645433805286
104	208.75	nan	nan	1	1	6.000000000000838e-05	6.000000000000867e-05	5.999999999999513e-05	0.992407731300171	-1.6105484459093266e-20	1.7082282853866926e-19	6.453713431719965e-20	1.0208750000000066	1.13568822315141e-18	4.2243227145466466e-20	-1.1256051429472947e-19	0.987837673539405	9536.704931191165	262025.09514634652	-1162703.3670508992	269540.9433578842	168465829.91211596	917421.829128247	-1157349.2106396188	887731.0132951686	6630.031915904037	1599.565890624997	9456.712632467046	267280.43127895496	-1147641.4422406051	267280.0786446492	171844683.99688417	905537.3373470798	-1147641.5574770663	905535.8913645822	6544.144969123721	-0.007621236686804904	0.0	0.0	0.0	0.020660102696310075	0.0	0.0	0.0	-0.012236892769709509	171855961.12721953	0.020566157471113653
108	247.5	nan	nan	1	1	6.000000000000838e-05	6.000000000000867e-05	5.999999999999513e-05	0.9909778391071101	2.406590009738918e-20	-1.786697417620331e-19	-1.8228149024912544e-21	1.0247500000000076	-2.100885654679474e-18	1.0516761073109393e-20	9.22588286149384e-20	0.985556913637581	7828.314218680466	272724.15823049296	-1211755.56369799	282018.31575730164	175341171.3203732	963510.2534168267	-1205126.6956070454	926657.976677788	5269.896529554042	1599.565890624997	7751.194121641762	279240.21164914407	-1193254.697760567	279240.0317908769	179530504.77079237	948799.5522145173	-1193254.4731702697	948798.1233961014	5189.436697457352	-0.009063107054445933	0.0	0.0	0.0	0.02444868040231709	0.0	0.0	0.0	-0.014548403029409296	179544103.5077934	0.02437622195984912
112	286.25	nan	nan	1	1	6.000000000000838e-05	6.000000000000867e-05	5.999999999999513e-05	0.9895519503134483	3.1797616839926434e-20	4.2467521469899405e-19	8.131516293641283e-22	1.0286250000000077	1.556263798385693e-18	3.537209587733958e-20	-1.13061957799504e-19	0.9832924058246759	6898.626669033096	283279.1610739344	-1259099.8865682948	294464.68618305644	181924223.58078808	1012235.5915406917	-1251134.7295303661	967623.7466544629	4638.442786350613	1599.565890624997	6820.604741879011	291134.27895293274	-1236985.219570575	291134.3563366894	186968845.34489793	994456.8169820078	-1236984.6751194575	994455.2247048554	4556.973779242927	-0.010503013737637608	0.0	0.0	0.0	0.028222958943747833	0.0	0.0	0.0	-0.016848740377811592	186984045.88166222	0.028171803422903728
116	325.0	nan	nan	1	1	6.000000000000838e-05	6.000000000000867e-05	5.999999999999513e-05	0.9881303424097974	6.078308429496859e-21	-1.1422476462949471e-18	5.633107912419999e-20	1.0324999999999958	-1.0398854086851595e-18	5.125565770425222e-20	-1.1974335368744593e-19	0.9810437473865501	6313.313323705025	293855.8799269058	-1304331.599003197	307051.21132724435	188235304.05289727	1062256.2294132053	-1294976.5814271076	1009315.3162115349	4261.5605912963965	1599.565890624997	6232.738541772691	303131.99356013804	-1278449.919206773	303132.4157398533	194177305.52183172	1041178.0192307333	-1278449.2129430836	1041176.2528287256	4176.999006848634	-0.01194066441968561	0.0	0.0	0.0	0.031983045853047086	0.0	0.0	0.0	-0.019138225725511136	194193809.8703351	0.03195302670651538
120	363.75	nan	nan	1	1	6.000000000000838e-05	6.000000000000867e-05	5.999999999999513e-05	0.986713164893912	-2.4442660352327893e-19	1.858004039251987e-18	1.0710901024620078e-19	1.0363750000000043	-1.4145585744418377e-18	8.516408064873637e-20	4.3008944929784357e-20	0.978810659679469	5930.543217726026	304309.91014830116	-1347242.6281723	319626.7897898559	194292322.9338319	1112809.4782283232	-1336451.8745011752	1050997.85082558	4016.7531983316053	1599.565890624997	5846.269837694945	315084.09617549286	-1317461.5981098246	315084.87365583895	201171302.42524624	1088210.6332749946	-1317460.8120338367	1088208.7532028803	3927.962177878711	-0.01337589486089555	0.0	0.0	0.0	0.035729047454250054	0.0	0.0	0.0	-0.02141705691359543	201188926.63095757	0.03572000028416152
124	402.5	nan	nan	1	1	6.000000000000838e-05	6.000000000000867e-05	5.999999999999513e-05	0.985300519970874	1.395707009167746e-19	-6.526964840998517e-19	5.213318383760768e-20	1.0402500000000057	7.097187421090112e-19	-4.4831759832275606e-20	-1.200889431299257e-19	0.9765929036820341	5663.472720668938	314219.8823769951	-1387783.7021233528	331744.7788577386	200110613.64772418	1163188.5822929954	-1375518.2321603433	1092006.4524154312	3840.4169203138704	1599.565890624997	5574.8286631485025	326551.2763213213	-1353989.6558728323	326552.34575007175	207963849.38399857	1134863.6720869285	-1353988.7707669763	1134861.671036908	3746.898581088675	-0.014808587925364753	0.0	0.0	0.0	0.03946106888091906	0.0	0.0	0.0	-0.023685393731546434	207982469.45604482	0.0394728291125258
128	441.25	nan	nan	1	1	6.000000000000838e-05	6.000000000000867e-05	5.999999999999513e-05	0.983892490945673	7.983793747640133e-20	-7.586433651424196e-19	-1.43589025218549e-19	1.044125000000017	1.537561310910318e-18	-1.9933056941146e-19	6.675974877079494e-20	0.9743902527557033	5464.441837983743	323335.763072174	-1426152.1874757237	343131.1817336584	205703295.83096346	1212807.0895083458	-1412377.6852587685	1131804.4023024433	3705.8392699826713	1599.565890624997	5371.064682563816	337266.46927855833	-1388243.766031517	337267.70754248835	214565885.45816305	1180569.5746881492	-1388242.7755025127	1180567.4418801232	3607.334693763743	-0.016238645067914406	0.0	0.0	0.0	0.04317921409394965	0.0	0.0	0.0	-0.025943385406070572	214585407.0018063	0.04321161812406562
132	480.0	nan	nan	1	1	6.000000000000838e-05	6.000000000000867e-05	5.999999999999513e-05	0.982489125223235	1.0740377771184528e-19	-5.519009186293056e-18	-1.864150110317264e-20	1.048000000000005	1.5436870531848612e-18	-1.6284716630732277e-19	-1.1568437180420332e-19	0.9722025107144613	5308.24098930495	331755.00256866345	-1462465.7555179098	353877.217267624	211081645.70693403	1261279.4330643422	-1447152.777971477	1170054.1494406145	3601.7458719761976	1599.565890624997	5209.938661943746	347322.5572848909	-1420354.2363137754	347323.8309146672	220986620.8955265	1224961.0489470614	-1420353.224897594	1224958.7683652253	3498.0340483770024	-0.017666003775055707	0.0	0.0	0.0	0.04688358589885576	0.0	0.0	0.0	-0.028191151865926977	221006963.6577347	0.04693646892900612
136	518.75	nan	nan	1	1	6.000000000000838e-05	6.000000000000867e-05	5.999999999999513e-05	0.9810904234189659	-3.2618222359226403e-19	8.202260485395962e-19	-3.97089045672816e-20	1.0518750000000083	5.2583805365546964e-20	5.637851296924623e-21	-1.203057835644228e-19	0.970029523677882	5183.835692134879	339751.37888180296	-1496983.7438104148	364265.3047372145	216255404.18219563	1308464.5882417215	-1480105.6618896527	1206651.8745732505	3520.5707775086735	1599.565890624997	5080.449533700733	356999.19669895	-1450587.4454245586	357000.4158124434	227233825.59606612	1267911.0994584272	-1450586.5089790828	1267908.7612115203	3411.4570660490886	-0.019090648925597156	0.0	0.0	0.0	0.05057428596294132	0.0	0.0	0.0	-0.03042877116657658	227254922.076095	0.05064747757962469
140	557.5	nan	nan	1	1	6.000000000000838e-05	6.000000000000867e-05	5.999999999999513e-05	0.9796963639461446	-1.1180834903756764e-20	1.396310096626191e-18	-1.390421523576879e-19	1.0557500000000088	-1.7779289325503543e-18	2.5522119140308775e-19	3.230109322377439e-19	0.967871156671549	5077.912723334499	347569.65399029234	-1530192.7470494474	374552.59963928885	221233050.7290305	1354283.2428936048	-1511722.0161713643	1241552.7051055704	3449.501790684642	1599.565890624997	4969.430193133088	366549.64869750536	-1479427.0421457016	366550.80521779996	233314088.5402741	1309353.5151861692	-1479426.1816010226	1309351.0974597195	3335.0610509095363	-0.020512588033605245	0.0	0.0	0.0	0.05425141483192449	0.0	0.0	0.0	-0.03265630317653474	233335892.59415406	0.054344737844794384
144	596.25	nan	nan	1	1	6.000000000000838e-05	6.000000000000867e-05	5.999999999999513e-05	0.9783069442666584	1.142206988713479e-19	-2.369666149502209e-18	-1.93421667571414e-19	1.0596250000000145	2.8666034389973616e-18	-4.569912157026401e-20	2.8632424122626564e-19	0.9657272540361602	4985.643786277423	355187.26027942245	-1562563.6058707868	384712.06624729215	226022061.4452911	1398461.8399931765	-1542470.2788032247	1274535.9410739162	3384.389297227285	1599.565890624997	4872.081693239844	375947.98037173523	-1507337.043891007	375949.1643367897	239233066.67296103	1349035.2187711243	-1507336.169585216	1349032.6555659054	3264.772927957719	-0.021931809244183427	0.0	0.0	0.0	0.057915071946446656	0.0	0.0	0.0	-0.03487383035493615	239255540.13266042	0.058028346974364035
148	635.0	nan	nan	1	1	6.000000000000838e-05	6.000000000000867e-05	5.999999999999513e-05	0.9769221772535643	3.7228792097721007e-20	-2.450290133553662e-18	-9.129659918685751e-20	1.063500000000002	-4.9076953438642604e-18	4.98732999343332e-21	3.41144213572564e-19	0.9635976438328377	4897.659918575809	362306.0566356433	-1594343.5618944215	394416.0710691918	230629118.42462558	1440921.1470203467	-1572596.902389598	1305562.2803231822	3320.4393744685663	1599.565890624997	4779.20216347357	384875.1720526651	-1534562.0345904704	384876.48622013006	244995688.0607659	1386892.348615639	-1534561.1257462942	1386889.6146281569	3195.9361357249386	-0.02334828491896351	0.0	0.0	0.0	0.061565355658156816	0.0	0.0	0.0	-0.03708145341581145	245018800.78349116	0.06169840482990921
152	673.75	nan	nan	1	1	6.000000000000838e-05	6.000000000000867e-05	5.999999999999513e-05	0.9755420788275403	3.0777789171432256e-20	-9.394370420196928e-19	-1.5964876989849052e-19	1.0673749999999993	-3.819508728394871e-18	2.2459248003037223e-19	-7.704611688225115e-20	0.9614821509070826	4811.317397757922	368455.95522006374	-1625331.5460694754	403142.15397229383	235060284.05641264	1481789.7772480666	-1601905.7525677886	1334780.638364823	3256.68025785082	1599.565890624997	4688.195945100566	392824.30156880623	-1560913.8394559545	392825.75962100556	250606322.4188523	1423061.144702593	-1560913.0374814316	1423058.2097663842	3127.606362809769	-0.024761984198297053	0.0	0.0	0.0	0.0652023632456323	0.0	0.0	0.0	-0.03927927792479796	250630041.5897164	0.0653550116582417
156	712.5	nan	nan	1	1	6.000000000000838e-05	6.000000000000867e-05	5.999999999999513e-05	0.9741666652551025	5.991572255698019e-20	-1.4765003998086501e-18	9.428493142477068e-20	1.071250000000004	1.8262301393345838e-18	2.058899925549973e-19	-5.711034943567395e-20	0.9593806000120451	4735.212168439493	373351.72980630485	-1655066.6852269163	410560.8317704338	239321094.1507976	1521229.1063583267	-1629945.1049173018	1362365.9834577213	3200.744706593427	1599.565890624997	4607.418649594793	399479.01573421515	-1585956.96101056	399480.6496106041	256068868.85295898	1457707.965519277	-1585956.2796922382	1457704.8361978042	3067.092941420408	-0.026172875753019808	0.0	0.0	0.0	0.06882619092985626	0.0	0.0	0.0	-0.04146741107750532	256093146.45281732	0.06899826749059676
160	751.25	nan	nan	1	1	6.000000000000838e-05	6.000000000000867e-05	5.999999999999513e-05	0.9727959469014275	-2.5431317208363114e-19	-1.8454611753690452e-18	1.4367711664506344e-19	1.0751249999999626	2.2329956893968327e-18	-2.8297676701871664e-19	-1.8856986284954135e-19	0.9572928220738197	4681.871204982776	377135.3320604577	-1683106.4823906138	416808.3793078841	243416596.76329243	1559327.4469902632	-1656282.7148476269	1388424.2742891468	3159.9910678730575	1599.565890624997	4548.997510873163	404977.2867248511	-1609277.2785728239	404979.1625973649	261386787.5025629	1490927.7912899293	-1609276.6368979628	1490924.4709387275	3021.3785516399635	-0.02758093420425591	0.0	0.0	0.0	0.07243693388947216	0.0	0.0	0.0	-0.04364595515276966	261411560.2301502	0.07262827114757264
164	790.0	nan	nan	1	1	6.000000000000838e-05	6.000000000000867e-05	5.999999999999513e-05	0.9714299303039419	9.597899731927928e-20	-2.6490210036384658e-18	-1.1575213443998367e-19	1.0790000000000144	1.950533918410047e-18	-1.9851741778209586e-19	1.7084315732940336e-19	0.9552186523258461	4636.995535476484	380141.198695318	-1709168.121788643	422237.9187283263	247351456.23649818	1596025.9578011914	-1680644.7882569702	1412928.8529808957	3122.997212965687	1599.565890624997	4498.9631797145885	409666.7017931295	-1630616.5998674112	409668.8976524662	266563202.3256464	1522674.3276058682	-1630615.9802610977	1522670.7998386764	2979.467632167342	-0.02898613803193757	0.0	0.0	0.0	0.07603468627601075	0.0	0.0	0.0	-0.04581500939265355	266588415.3186985	0.07624512047650084
168	828.75	nan	nan	1	1	6.000000000000838e-05	6.000000000000867e-05	5.999999999999513e-05	0.9700686123851946	1.2712270472392539e-20	-3.089257907644416e-18	-2.1469913520644202e-19	1.082875000000011	-7.477606858360963e-18	9.307875650788056e-20	1.9540033653620003e-19	0.9531579369652916	4584.214366585081	382615.83786434925	-1733327.504411231	427111.63177157065	251130142.03949022	1631496.4157571523	-1703110.579450698	1436056.6750702895	3078.8922932463793	1599.565890624997	4441.418752027737	413804.89310339047	-1650060.4249343914	413807.3525502552	271601097.7531291	1553121.1858186102	-1650059.6742346426	1553117.3049050653	2930.985813582308	-0.03038847556854312	0.0	0.0	0.0	0.0796195412281774	0.0	0.0	0.0	-0.04797466296739043	271626715.00061506	0.07984891106343722
172	867.5	nan	nan	1	1	6.000000000000838e-05	6.000000000000867e-05	5.999999999999513e-05	0.9687119838207943	-2.224782857940255e-19	-4.927143220333219e-18	8.088148206741863e-20	1.086749999999997	1.0638191716427769e-18	1.279900664619138e-19	-2.0912904654529773e-19	0.9511105303066257	4522.251233474812	384638.3163562577	-1756017.37841348	431509.33197107696	254757020.7939983	1665962.2226385286	-1724109.6901598095	1458026.0555663859	3026.965592274935	1599.565890624997	4375.161079535595	417471.5482804359	-1668032.4237725192	417474.11570621916	276503414.7239643	1582489.4663923255	-1668031.5231936506	1582485.0748533942	2875.2999916892045	-0.03178794159215486	0.0	0.0	0.0	0.08319159088676184	0.0	0.0	0.0	-0.05012499784167664	276529412.96030813	0.08343973653835576
176	906.25	nan	nan	1	1	6.000000000000838e-05	6.000000000000867e-05	5.999999999999513e-05	0.9673600235578664	-4.635777439004896e-19	-5.839905924294453e-18	1.2630955309456127e-19	1.090625000000014	3.0862356940886125e-18	-6.667843360785852e-20	1.0570971181733669e-20	0.9490763002599409	4456.70635734826	386144.0447302448	-1777680.502177028	435350.7351894096	258236403.6512882	1699269.0108499501	-1744080.2837249087	1478721.8735491862	2971.9416792485445	1599.565890624997	4305.637303138486	420591.0982667649	-1684962.0520475924	420593.6436197215	281273100.30128735	1610640.2674700015	-1684961.163504248	1610635.3712165048	2816.9341702852967	-0.03318454303830425	0.0	0.0	0.0	0.08675092640866792	0.0	0.0	0.0	-0.052266082908765416	281299456.1369154	0.08701768769733215
180	945.0	nan	nan	1	1	6.000000000000838e-05	6.000000000000867e-05	5.999999999999513e-05	0.9660126955274696	-2.290919190461871e-19	2.732541840369529e-18	-4.561645115461199e-19	1.0944999999999918	-2.231017020432047e-18	1.4094628242311558e-19	-1.8417884405097506e-19	0.9470551312121991	4404.369217917425	387001.7638932953	-1798408.847802706	438478.5742741059	261572471.65512305	1731278.0427696365	-1763115.0901052067	1498045.297590216	2924.129446807384	1599.565890624997	4249.058313565441	423014.10522023693	-1700943.2753476417	423016.54088407167	285913025.1353219	1637450.6543403633	-1700942.5097486624	1637445.4854273787	2765.6549426288657	-0.034578302487998265	0.0	0.0	0.0	0.0902976379807729	0.0	0.0	0.0	-0.054397970793437264	285939700.8334136	0.09058285214007362
184	983.75	nan	nan	1	1	6.000000000000838e-05	6.000000000000867e-05	5.999999999999513e-05	0.9646699568854568	4.0863579880978664e-19	-3.785532542814607e-18	-1.7970651008947237e-20	1.0983749999999963	9.42876419302019e-19	2.5804011705155004e-19	3.7513395167998453e-19	0.9450469153090822	4365.447673372512	387405.26107068674	-1817963.8247957034	441103.01338667626	264769195.49031618	1762091.7072591735	-1780982.6799187257	1516106.8724258603	2881.920888521092	1599.565890624997	4205.56915343046	424945.65406776115	-1715757.256433351	424948.2218970416	290425893.14268	1663026.2890796023	-1715756.637548626	1663020.8499467988	2719.89827823036	-0.035969249733338225	0.0	0.0	0.0	0.09383181483386664	0.0	0.0	0.0	-0.056520706890991056	290452850.2767481	0.09413531577599266
188	1022.5	nan	nan	1	1	6.000000000000838e-05	6.000000000000867e-05	5.999999999999513e-05	0.9633317596652909	-2.6562953225894858e-20	5.595133731328694e-18	3.892285799222961e-19	1.1022499999999944	-8.60737262714517e-18	-1.446325698095663e-19	4.2010123678382085e-19	0.9430515512786728	4317.870111627963	387781.5675077967	-1836057.6166811993	443704.70717342687	267830449.6886316	1791837.1232675912	-1797404.2628846043	1533036.100605706	2836.097180587108	1599.565890624997	4153.88082668358	426850.55402463453	-1729140.6451632483	426853.15402923356	294814363.0678393	1687495.1914389494	-1729140.2734161296	1687489.4624024495	2670.946087983013	-0.037357420110545096	0.0	0.0	0.0	0.09735354525590488	0.0	0.0	0.0	-0.058634330527217296	294841577.6415357	0.09767516288206507
192	1061.25	nan	nan	1	1	6.000000000000838e-05	6.000000000000867e-05	5.999999999999513e-05	0.9619980699151713	1.4192206437835252e-19	-4.225325601556196e-18	7.283128093671376e-20	1.1061249999999974	-4.3961145487769745e-18	8.098990228466718e-20	2.6237692574149207e-20	0.9410689263297658	4271.056733984328	388382.00077963236	-1852409.7336448843	446572.38518853305	270760070.86451006	1820598.8788633295	-1812108.5537471059	1548923.5217570353	2792.4143296394445	1599.565890624997	4103.0772986306465	429006.09322072985	-1740839.1520459324	429008.8214663202	299081110.7841715	1710944.264074892	-1740838.84448851	1710938.2706530606	2624.227299975063	-0.03874283464362895	0.0	0.0	0.0	0.10086291660537522	0.0	0.0	0.0	-0.06073889411988919	299108549.6849371	0.10120247871796002
196	1100.0	nan	nan	1	1	6.000000000000838e-05	6.000000000000867e-05	5.999999999999513e-05	0.9606688739401441	-4.432760582206985e-19	1.0341391371709862e-18	-2.0800418679134404e-19	1.1100000000000056	-5.602262360612787e-18	-1.8344700758454734e-19	-1.5655879370690683e-19	0.9390989094114036	4221.025847637778	389119.4240589611	-1866820.4679786647	449609.0970416685	273561783.0720936	1848640.1100945214	-1824904.155451343	1564009.1670952628	2743.913731653843	1599.565890624997	4049.334900459277	431318.2700400767	-1750676.3121451982	431321.17023962	303228746.05677724	1733627.0444517955	-1750675.867288937	1733621.3166684113	2573.201255810968	-0.04012549344580189	0.0	0.0	0.0	0.10436001532424785	0.0	0.0	0.0	-0.06283447048477314	303256382.2465149	0.10471735075126923
200	1138.75	nan	nan	1	1	6.000000000000838e-05	6.000000000000867e-05	5.999999999999513e-05	0.9593441635087444	-1.4148838350935832e-19	-2.1312704205633802e-18	-1.607465245981321e-19	1.1138749999999926	-2.891241933367095e-18	5.2692225582795514e-20	3.14960731107039e-20	0.9371413660250091	4153.705002987561	389884.2717107111	-1879210.0448241832	452689.623509021	276239286.25003743	1875654.0115618135	-1835717.3798917604	1578047.7027447254	2677.7071885433115	1599.565890624997	3979.1845765624075	433666.79428038717	-1758589.3177598603	433669.59534712334	307259908.68193537	1755261.535362131	-1758588.604568439	1755256.4648686587	2505.833379738891	-0.04150539099416454	0.0	0.0	0.0	0.10784492695074062	0.0	0.0	0.0	-0.06492113723243131	307287721.5599953	0.10821986629643586
204	1177.5	nan	nan	1	1	6.000000000000838e-05	6.000000000000867e-05	5.999999999999513e-05	0.9580239264190175	-2.9227380064777984e-19	7.063387418362877e-18	1.1550818895117442e-19	1.1177499999999834	-7.495089618392292e-19	9.085614205428527e-20	-7.662598854041302e-20	0.935196168061699	4088.584049420537	390624.7051076042	-1889747.1053770387	455754.0464053249	278796333.2434758	1900925.5435278905	-1844717.2781464094	1590457.1746672643	2617.2056722524353	1599.565890624997	3911.3396706647322	435994.1203357993	-1764747.8222158437	435996.6336081001	311177353.8026777	1775186.8509760196	-1764746.8619844925	1775182.0807385892	2444.0878873456045	-0.042882525937960575	0.0	0.0	0.0	0.11131773613193828	0.0	0.0	0.0	-0.06699896628594605	311205293.9481165	0.11171011083123611
208	1216.25	nan	nan	1	1	6.000000000000838e-05	6.000000000000867e-05	5.999999999999513e-05	0.9567081351215314	2.414518238125218e-19	-1.4316076536041722e-18	4.385868838246987e-19	1.121624999999976	2.4740409373946725e-18	-2.05239471251506e-19	6.510634045775454e-20	0.9332632039120841	4050.3132084402123	391013.8194709843	-1898875.296125404	458418.85132787557	281236577.38355565	1924334.101221578	-1852340.5132801493	1601164.0831482906	2577.8197125055854	1599.565890624997	3869.3390327546435	437933.8314743764	-1769576.3150015324	437935.99741798313	314983782.5449542	1793301.568891746	-1769575.1121301085	1793297.0315498572	2402.28977484822	-0.044256913019094284	0.0	0.0	0.0	0.11477852663606285	0.0	0.0	0.0	-0.0690680129756271	315011785.71465623	0.11518816670952395
212	1255.0	nan	nan	1	1	6.000000000000838e-05	6.000000000000867e-05	5.999999999999513e-05	0.9553967626502128	1.0251131540850445e-19	1.2189685025254527e-18	-2.34783980451736e-19	1.1255000000000197	2.9240932591934053e-18	-4.380176776841438e-19	7.686451301835984e-19	0.9313423622411469	4006.089023532683	391043.23258707696	-1906966.1129804873	460668.3655764747	283563519.04774725	1946096.11008065	-1858952.009504169	1610375.4996206933	2532.5338541855645	1599.565890624997	3821.78049217859	439472.44676652306	-1773428.6119721362	439474.3508149611	318681780.2859923	1809818.4859040626	-1773427.0217375928	1809814.3684754216	2355.1902507492064	-0.04562856650782474	0.0	0.0	0.0	0.1182273813646676	0.0	0.0	0.0	-0.07112833327638021	318709820.15798974	0.1186541158397106
216	1293.75	nan	nan	1	1	6.000000000000838e-05	6.000000000000867e-05	5.999999999999513e-05	0.9540897951741376	-2.68475562961723e-19	7.487066522315899e-18	-2.8051020707631214e-19	1.1293749999999794	-7.359347506397107e-18	-4.058168731613243e-19	4.8246996675604945e-21	0.9294335211960983	3950.434527040612	391258.4019989915	-1914066.033704531	463142.0945256692	285780673.89406824	1966375.1684835514	-1864599.5981539441	1618249.6658900904	2488.5476325935833	1599.565890624997	3763.469204410558	441220.9184322491	-1776353.908429644	441222.6042686284	322274002.9645494	1824899.5355789056	-1776352.2261095701	1824895.261517084	2309.50303470739	-0.046997487042843226	0.0	0.0	0.0	0.12166438236433781	0.0	0.0	0.0	-0.07317999541540035	322302058.49274266	0.12210804094824053
220	1332.5	nan	nan	1	1	6.000000000000838e-05	6.000000000000867e-05	5.999999999999513e-05	0.9527872098334738	1.0207763453951024e-19	3.04828861805162e-18	1.256861368453821e-19	1.1332499999999819	-2.3012191111004833e-18	3.200564813177209e-19	-5.521841664468674e-19	0.9275365696609822	3896.556512920201	391772.51079827885	-1920260.1937718622	465977.87589935184	287891533.02956474	1985263.515169219	-1869367.9385697278	1624883.8155589632	2450.167799752393	1599.565890624997	3707.0138633501138	443309.4609467317	-1778436.7861227964	443311.02096060244	325763132.4321727	1838639.1995083215	-1778435.0980160243	1838634.2801560266	2269.2073508507556	-0.04836368479954075	0.0	0.0	0.0	0.1250896108388054	0.0	0.0	0.0	-0.07522305707190764	325791177.6894062	0.12555002240999552
224	1371.25	nan	nan	1	1	6.000000000000838e-05	6.000000000000867e-05	5.999999999999513e-05	0.9514889725829885	1.5363144784119598e-19	8.559234050686815e-19	-8.624828282122188e-20	1.1371249999999913	8.944613712896787e-18	6.6331488912663165e-19	5.414505649392609e-19	0.9256514088469231	3866.6288500334754	392218.35927545844	-1925940.9495830254	468742.01523842517	289899467.722528	2003129.5667710672	-1873640.4398629866	1630598.3178766053	2425.3203387843027	1599.565890624997	3673.4726675506563	445324.606489819	-1780045.076665755	445326.16082251124	329151767.9682993	1851386.4218040672	-1780043.343077701	1851380.83692146	2241.594961322675	-0.049727181821248884	0.0	0.0	0.0	0.1285031471600814	0.0	0.0	0.0	-0.07725756353987459	329179772.90875983	0.12898013813858442
228	1410.0	nan	nan	1	1	6.000000000000838e-05	6.000000000000867e-05	5.999999999999513e-05	0.9501950390826917	6.662422349923425e-20	-2.078578194980585e-18	-3.0338687291575627e-19	1.1409999999999973	2.0976601532163297e-18	1.3183898417423734e-19	4.141652298894627e-19	0.923777950708778	3834.3450146106193	392569.81891153165	-1931469.9297446513	471402.2385421696	291807683.22825736	2020734.9877674016	-1877770.0643487633	1636025.042002457	2392.4050523299193	1599.565890624997	3637.792738371239	447235.7964866885	-1781515.2655213967	447237.6986646297	332442371.6305496	1863849.9998582688	-1781513.7339988442	1863844.1558265286	2206.6644975413815	-0.051088011162023605	0.0	0.0	0.0	0.13190507087993628	0.0	0.0	0.0	-0.07928354930600771	332470345.6578466	0.13239846402473207
232	1448.75	nan	nan	1	1	6.000000000000838e-05	6.000000000000867e-05	5.999999999999513e-05	0.9489053559207398	1.1600963245594897e-20	-4.192718221218694e-18	1.3251661053204079e-19	1.14487500000002	6.678739592619331e-18	-4.520038857092068e-19	-9.440419366374409e-19	0.9219161181287493	3768.025989329895	392879.31771147193	-1937039.4798630443	474019.35322606104	293619491.91336536	2039173.8637278187	-1881944.1827927956	1642049.331361107	2333.726077082575	1599.565890624997	3569.968710054559	449101.8675442762	-1783025.2870953518	449103.6589899637	335637576.78518146	1877038.956411824	-1783024.2853060246	1877032.941336148	2148.171295345137	-0.052446215671488924	0.0	0.0	0.0	0.13529546074103246	0.0	0.0	0.0	-0.08130103773269204	335665571.87350106	0.13580507351792923
236	1487.5	nan	nan	1	1	6.000000000000838e-05	6.000000000000867e-05	5.999999999999513e-05	0.9476198941848507	-7.428953285870677e-19	2.646700133362989e-18	5.14101565138314e-19	1.1487500000000044	-3.4169173566966914e-18	-3.423910460709223e-19	-5.506120732967634e-19	0.9200658125503377	3694.8804980303976	392960.47938140837	-1942666.8566337659	476366.7702503453	295338248.2118456	2059346.3826310753	-1886178.7723215392	1649382.563486221	2270.356366619324	1599.565890624997	3495.8756703916665	450708.56540720706	-1784590.7467166842	450709.84114072425	338740115.4716127	1891775.981135568	-1784589.9166923082	1891770.0074235694	2085.6159406759157	-0.0538018126324776	0.0	0.0	0.0	0.13867439468776338	0.0	0.0	0.0	-0.08331007611678279	338768173.36253417	0.13920004252602955
240	1526.25	nan	nan	1	1	6.000000000000838e-05	6.000000000000867e-05	5.999999999999513e-05	0.9463386613626622	-4.972151163018524e-19	2.2575799736579418e-18	6.404924333958117e-20	1.1526250000000022	-4.543511834126379e-18	1.1254018550399536e-19	-2.0757050592234983e-19	0.9182269012123756	3617.3894954017715	392780.12053600594	-1948427.3382669522	478400.881970833	296967172.0700826	2081180.5853671047	-1890546.8103239692	1657946.0804059056	2204.8512190627644	1599.565890624997	3417.883267327612	452015.0593409003	-1786280.2501501397	452016.1214713973	341752616.5081275	1907985.842543041	-1786279.39217483	1907979.952997621	2021.3646717944307	-0.055154781010671075	0.0	0.0	0.0	0.1420419498771702	0.0	0.0	0.0	-0.08531074982622848	341780775.5844237	0.14258345173615217
244	1565.0	nan	nan	1	1	6.000000000000838e-05	6.000000000000867e-05	5.999999999999513e-05	0.9450616905070031	4.980824780398408e-19	7.642270063307199e-18	-2.9148775407272786e-19	1.156500000000007	-2.39944782792767e-18	5.464378949326942e-20	-9.21029745526436e-20	0.9163992281981516	3516.2643504825824	392464.9298952703	-1954405.657451032	480272.2146003243	298509476.4525461	2104032.6102225487	-1895130.6233136926	1667209.8493843097	2130.4476633319955	1599.565890624997	3317.807356405209	453164.60499589186	-1788170.456199707	453165.78273169225	344677749.9845567	1925070.6413670836	-1788169.9714971795	1925064.9810751565	1949.238918505036	-0.056505072659311824	0.0	0.0	0.0	0.14539820268936304	0.0	0.0	0.0	-0.0873031706138106	344706052.0233883	0.14595538478995002
248	1603.75	nan	nan	1	1	6.000000000000838e-05	6.000000000000867e-05	5.999999999999513e-05	0.9437890274667686	6.16911036144252e-20	-4.237116300181976e-18	9.378348791999613e-21	1.160374999999995	1.5270120237720343e-17	2.432949675057472e-19	8.662775358159181e-20	0.9145826272766938	3417.3888687952626	392240.5409351371	-1960437.6851985	482255.9942048973	299968387.3387661	2127524.859747872	-1899769.8634330602	1676865.1531225159	2069.1037861865884	1599.565890624997	3220.127660535661	454417.0391922297	-1790110.1495418358	454418.8343850277	347518250.1553073	1942680.3889722282	-1790109.8530965399	1942675.5230091482	1889.335078627107	-0.05785262566676738	0.0	0.0	0.0	0.1487432287379553	0.0	0.0	0.0	-0.08928746282521124	347546706.9742823	0.1493159261956076
252	1642.5	nan	nan	1	1	6.000000000000838e-05	6.000000000000867e-05	5.999999999999513e-05	0.9425207095485558	-4.5753331678888286e-20	5.310964341920244e-19	5.462210544981972e-19	1.1642499999999918	-4.68668073100309e-18	4.292356400870112e-19	-2.654126918244515e-19	0.9127769415042535	3337.6118535865894	392149.3708516774	-1966258.3577378262	484405.44413474895	301346951.6149371	2151377.3548702933	-1904207.517944655	1686685.2330797403	2029.4825277903094	1599.565890624997	3140.6889180252033	455822.71190738294	-1791857.3543268654	455824.96616262494	350276692.81177425	1960556.8719319946	-1791857.0857190606	1960552.5195840178	1849.4737370539501	-0.059197386905558765	0.0	0.0	0.0	0.15207710288034268	0.0	0.0	0.0	-0.09126374203264404	350305296.1405397	0.15266515863039432
256	1681.25	nan	nan	1	1	6.000000000000838e-05	6.000000000000867e-05	5.999999999999513e-05	0.9412567631093385	2.7538735181131813e-19	4.4370973908969266e-18	-2.2090619264392154e-19	1.1681249999999885	-7.742667184479357e-18	-5.074066167232161e-20	-3.2829641782861075e-19	0.9109820253590944	3245.509947469019	391831.0239755276	-1971586.54705581	486274.94222757855	302648038.3484205	2175036.9137635776	-1908172.0852928723	1696235.1121258698	1996.7760537711213	1599.565890624997	3049.887485228885	456962.85742445674	-1793157.4202303004	456964.81745091075	352955493.4022745	1978195.472582299	-1793157.3949222674	1978190.5879641178	1816.0672696335394	-0.060539314651522375	0.0	0.0	0.0	0.1553998992276804	0.0	0.0	0.0	-0.09323211258741884	352984242.27683175	0.15600316266514108
260	1720.0	nan	nan	1	1	6.000000000000838e-05	6.000000000000867e-05	5.999999999999513e-05	0.9399972059321726	-3.3469321064627524e-19	7.348776535215374e-18	-4.224051664003525e-19	1.1719999999999942	-3.1094918306884267e-18	-2.4416232924373557e-19	7.215365457891032e-19	0.9091977432990181	3098.772310097942	391266.2192315554	-1976273.401131853	487837.4174500469	303874479.211972	2197838.982082278	-1911519.9638935127	1705003.6020488117	1937.3450155510313	1599.565890624997	2908.062296727905	457812.28458541015	-1793877.7825223724	457814.0820468222	355557067.58549345	1994994.476604778	-1793877.891036706	1994988.4654324572	1758.5422029598978	-0.06187837613508742	0.0	0.0	0.0	0.15871169115481512	0.0	0.0	0.0	-0.09519266908006076	355585983.7183401	0.15933001673512528
264	1750.0	nan	nan	1	1	6.000000000000838e-05	6.000000000000867e-05	5.999999999999513e-05	0.9390250326655792	1.1005194151814112e-18	-1.1082823027364075e-17	-2.511012231476428e-19	1.1749999999999854	-7.580307909149652e-18	8.239936510889834e-20	9.44502722560747e-19	0.9078234899048181	1645.9148470406583	391066.9520382257	-1979367.705154844	489341.97131826385	304774917.6415744	2214825.51141385	-1913598.2591718305	1711205.954901785	1131.9915530673652	1599.565890624997	1543.0076538039307	458746.2537350443	-1793954.581726478	458746.9445513317	357520242.9450301	2007356.3712179181	-1793954.7513754403	2007352.7489061784	1025.9546156139852	-0.06291314127343318	0.0	0.0	0.0	0.16126814759611005	0.0	0.0	0.0	-0.09670531365583303	357550248.55768466	0.1618980940824191
268	1780.0	nan	nan	1	1	6.000000000000838e-05	6.000000000000867e-05	5.999999999999513e-05	0.9380555495413658	1.592692991381206e-19	4.951009220655056e-19	3.1349705817418363e-19	1.1779999999999877	-3.0765320846448675e-18	3.619066851756614e-19	-4.1492417141020254e-19	0.9064555858012473	1539.8097840403104	391335.6119664713	-1982051.9509284901	491435.8274666833	305634564.59811544	2231132.649087491	-1915283.3310859585	1716824.1497353027	1081.6565848251378	1599.565890624997	1442.0331852580039	460229.3214526044	-1793664.3893073753	460230.0745045354	359440807.2667417	2019070.7809725036	-1793664.4845511275	2019066.9832364232	978.8486607285081	-0.06394611046997009	0.0	0.0	0.0	0.16381808522938474	0.0	0.0	0.0	-0.0982132452426428	359470917.8979319	0.16445950769248366
272	1810.0	nan	nan	1	1	6.000000000000838e-05	6.000000000000867e-05	5.999999999999513e-05	0.937088652084516	4.1882729923115036e-19	9.747736472165424e-18	4.590240947760504e-19	1.1810000000000216	-4.643421064320919e-18	3.729655473350135e-20	-4.702184822069632e-19	0.9050939236577457	1408.7648299052685	392347.16967124114	-1984031.1403756344	494470.63517269405	306453849.0802659	2247009.0084922407	-1916291.018875395	1722057.89237143	1019.1013860216634	1599.565890624997	1317.9379205472098	462589.952955345	-1792742.4741108022	462590.7652272877	361318960.8269926	2030365.555890904	-1792742.51242473	2030361.733171109	920.8455971111025	-0.06497738853563091	0.0	0.0	0.0	0.16636153721524372	0.0	0.0	0.0	-0.09971655762006577	361349184.8829668	0.16701434468494256
276	1840.0	nan	nan	1	1	6.000000000000838e-05	6.000000000000867e-05	5.999999999999513e-05	0.9361243095836197	6.570265165262156e-19	-3.576782967029679e-19	-4.236519988987109e-19	1.1839999999999795	-1.581899758754113e-17	-3.9118014383277e-19	4.774284266539919e-19	0.9037384805269686	1286.2371109441954	394115.50478062034	-1984999.0037589562	498473.97326589585	307233968.26048046	2262408.6827856125	-1916326.7526795084	1726876.6355116377	959.9597538835229	1599.565890624997	1202.0611434372101	465851.20451001014	-1790915.385581858	465852.0495010726	363155756.22990024	2041201.2856439487	-1790915.460240663	2041197.4432243847	866.0995242384241	-0.06600700193872143	0.0	0.0	0.0	0.1688985364617968	0.0	0.0	0.0	-0.10121525189527339	363186074.7489099	0.16956263444314512
280	1870.0	nan	nan	1	1	6.000000000000838e-05	6.000000000000867e-05	5.999999999999513e-05	0.9351624912945448	9.421716878899033e-20	-7.57759740371844e-18	-1.9060274192295168e-19	1.186999999999969	-3.756543687227776e-18	1.3227266504323154e-20	3.3859633846722306e-19	0.9023892331687936	1145.0558873960026	396442.9830110492	-1984862.1757443827	503205.51140794676	307976019.1344371	2277249.680237871	-1915301.7007667162	1731223.2614881152	887.7588927780007	1599.565890624997	1069.0107197034317	469785.65474983	-1788103.1058244624	469786.7517473391	364952141.91314185	2051506.2837771068	-1788103.159088611	2051502.7085084338	799.755495771038	-0.06703497731194841	0.0	0.0	0.0	0.17142911562750485	0.0	0.0	0.0	-0.10270932963842952	364982552.90553916	0.17210440643088573
284	1900.0	nan	nan	1	1	6.000000000000838e-05	6.000000000000867e-05	5.999999999999513e-05	0.9342031801032128	-6.909078344163877e-19	7.072033930688448e-18	5.011453491771123e-19	1.1899999999999973	-8.495808223596413e-19	3.89011739487799e-19	1.4468677991819057e-19	0.9010461461940362	974.91407560998	399036.72835905186	-1983706.1717611805	508299.4267104183	308681182.6008023	2291668.769286598	-1913299.8688625982	1735206.4439669296	789.794820352972	1599.565890624997	909.227045898977	474050.3769580037	-1784386.963964019	474051.609000416	366709178.81044036	2061406.0367660017	-1784386.984664702	2061402.3983334426	710.4376654698501	-0.06806132682742407	0.0	0.0	0.0	0.1739533071234361	0.0	0.0	0.0	-0.10419880604377665	366739692.86715513	0.17463969162559115
288	1930.0	nan	nan	1	1	6.000000000000838e-05	6.000000000000867e-05	5.999999999999513e-05	0.933246369372984	-3.2959746043559335e-19	-5.035034889022682e-18	4.1974887107776306e-19	1.1929999999999779	6.740810166994127e-18	-7.676151381197371e-20	-1.0895147631306834e-18	0.8997091752538894	793.9322796828374	401691.97168651415	-1981645.9522228579	513497.5496383543	309350693.1640822	2305997.0045969677	-1910433.4845625537	1739080.2446300904	680.3385872817684	1599.565890624997	739.6748745288877	478403.8801603777	-1779874.2162209065	478405.07977754483	368428005.46558183	2071199.7552139943	-1779874.2841821262	2071195.8305967457	611.0663251650271	-0.06908605149987689	0.0	0.0	0.0	0.17647114311576123	0.0	0.0	0.0	-0.10568370648514493	368458624.0155062	0.1771685219916858
292	1960.0	nan	nan	1	1	6.000000000000838e-05	6.000000000000867e-05	5.999999999999513e-05	0.9322920509412469	-8.261620554339544e-20	-8.245140681317764e-18	-1.4745149545802861e-19	1.1960000000000082	-1.4103952380994934e-17	-5.637851296924623e-20	3.961674738262033e-19	0.8983782776865077	602.4970674063137	404310.84883682505	-1978714.3521158986	518675.32358528423	309985715.49405754	2320532.894560157	-1906735.22137321	1743070.3957832411	562.0575047175811	1599.565890624997	560.7438451226781	482729.86846632004	-1774597.8168039185	482730.972566399	370109691.83089405	2081155.6777281256	-1774597.9150842573	2081151.5330462283	504.07782190668473	-0.07010915400432154	0.0	0.0	0.0	0.17898265552844683	0.0	0.0	0.0	-0.10716405473878905	370140419.52527684	0.1796909291233834
296	1990.0	nan	nan	1	1	6.000000000000838e-05	6.000000000000867e-05	5.999999999999513e-05	0.9313402073689047	8.900757735019749e-19	3.3154902434606724e-19	-2.2719456524433745e-19	1.1990000000000174	3.1537272793258354e-18	4.705437428587089e-20	1.0021280680283518e-18	0.8970534200338243	402.27071218272636	406856.31717107183	-1974775.213954143	523784.8785209568	310587344.06148744	2335450.382628354	-1902075.106460369	1747305.665298794	434.16448744525536	1599.565890624997	374.0080285563113	486983.6772817345	-1768439.195512222	486984.8683248045	371755237.7701771	2091428.921443767	-1768439.3598362156	2091424.6683912992	388.80045256406385	-0.07113064700634965	0.0	0.0	0.0	0.18148787604539207	0.0	0.0	0.0	-0.10863986458978885	371786079.65234005	0.18220694307946783
300	2020.0	nan	nan	1	1	6.000000000000838e-05	6.000000000000867e-05	5.999999999999513e-05	0.9303908167856371	-6.440160904563897e-19	-7.062059270701581e-18	4.649058915617843e-19	1.2019999999999775	-1.8322583034136032e-17	1.244664094013359e-19	6.16911036144252e-20	0.8957345733919688	203.81038197155624	409409.33146316133	-1969743.1306195124	528929.976265813	311156605.1119947	2350814.642062537	-1896372.2109707356	1751831.5354451798	303.5367550725349	1599.565890624997	189.29646240800832	491261.7880576148	-1761325.861068781	491263.36156239745	373365574.36774	2102076.4379270272	-1761326.1281051247	2102072.0006621373	271.41972381241817	-0.07215054800520089	0.0	0.0	0.0	0.18398683611299751	0.0	0.0	0.0	-0.11011114494708311	373396527.9432137	0.18471659308652214
