6	header
postResults v2.0.3	--cr f,p,texture --time RVE_1_40_D_tensionX.spectralOut
addCauchy v2.0.3	RVE_1_40_D_tensionX.txt
addStrainTensors v2.0.3	--left --logarithmic RVE_1_40_D_tensionX.txt
addMises v2.0.3	-s Cauchy RVE_1_40_D_tensionX.txt
addMises v2.0.3	-e ln(V) RVE_1_40_D_tensionX.txt
inc	time	elem	node	ip	grain	1_pos	2_pos	3_pos	1_f	2_f	3_f	4_f	5_f	6_f	7_f	8_f	9_f	1_p	2_p	3_p	4_p	5_p	6_p	7_p	8_p	9_p	texture	1_Cauchy	2_Cauchy	3_Cauchy	4_Cauchy	5_Cauchy	6_Cauchy	7_Cauchy	8_Cauchy	9_Cauchy	1_ln(V)	2_ln(V)	3_ln(V)	4_ln(V)	5_ln(V)	6_ln(V)	7_ln(V)	8_ln(V)	9_ln(V)	Mises(Cauchy)	Mises(ln(V))
0	0.0	nan	nan	1	1	6.000000000000838e-05	6.000000000000867e-05	5.999999999999513e-05	1.0	0.0	0.0	0.0	1.0	0.0	0.0	0.0	1.0	2.7716487604837305e-06	-1.193192284640359e-09	-2.8066754232013673e-08	-1.19319228464005e-09	2.7018729684353462e-06	-1.6832583398956398e-08	-2.8066754232013544e-08	-1.6832583398956544e-08	2.6991213888906947e-06	1599.565890624997	2.7716487604837305e-06	-1.193192284640359e-09	-2.8066754232013673e-08	-1.19319228464005e-09	2.7018729684353462e-06	-1.6832583398956398e-08	-2.8066754232013544e-08	-1.6832583398956544e-08	2.6991213888906947e-06	0.0	0.0	0.0	0.0	0.0	0.0	0.0	0.0	0.0	9.102600058541354e-08	0.0
2	2.0	nan	nan	1	1	6.000000000000838e-05	6.000000000000867e-05	5.999999999999513e-05	0.9999331859138993	-2.721424215299461e-25	-2.2013261333506196e-22	-1.227536029028693e-24	1.000200000000001	1.2309440131524116e-22	-1.4227506535912075e-25	-1.6543612251060553e-24	0.9999338800589289	-1.412948913184664e-06	-494.1626033630911	2741.2009144846106	-494.2944617164548	14158906.776137965	727.4803459713659	2741.202817402716	727.2867876562045	4.806333317446843e-06	1599.565890624997	-1.4127597915034457e-06	-494.22830093810325	2740.8359103743255	-494.2283009380696	14160789.164310774	727.3834784579238	2740.8359103742996	727.3834784579005	4.8056933310062274e-06	-6.681631826113055e-05	0.0	0.0	0.0	0.0001999800026669107	0.0	0.0	0.0	-6.612212709141553e-05	14160790.04196457	0.00017763326904611057
4	4.0	nan	nan	1	1	6.000000000000838e-05	6.000000000000867e-05	5.999999999999513e-05	0.9998663539893818	2.786936919813661e-23	1.5729666528308374e-22	6.935082255644584e-24	1.0003999999999935	2.241659460018705e-22	-3.414601568618898e-24	-6.66641399268736e-23	0.9998677425139983	6.344085909404385e-07	-988.3614006186287	5482.594259835089	-988.8889062361568	28326310.375542253	1455.406311248183	5482.601873569631	1454.6319700802626	-4.240451380610466e-07	1599.565890624997	6.34238811800463e-07	-988.624261792071	5481.134630772591	-988.624261792095	28333843.94289924	1455.0188389587954	5481.134630772494	1455.0188389587342	-4.2393224467930846e-07	-0.00013365494204201233	0.0	0.0	0.0	0.0003999200213200107	0.0	0.0	0.0	-0.00013226623279418177	28333845.697194826	0.0003552546439162431
6	6.0	nan	nan	1	1	6.000000000000838e-05	6.000000000000867e-05	5.999999999999513e-05	0.9997995042228781	6.154554629639547e-23	-4.753972416464761e-23	2.4921297494997618e-23	1.000599999999987	-5.231487240479372e-22	7.040961374051372e-24	6.220398206398768e-23	0.9998015873617152	-2.0808056574423974e-06	-1482.596338721593	8224.179771050945	-1483.7833888284233	42502212.49604632	2183.7779609217796	8224.196906595082	2182.035450504775	-3.0690648964082357e-06	1599.565890624997	-2.0799706151465988e-06	-1483.1879358682954	8220.896477145605	-1483.1879358682882	42519172.06014647	2182.906143297492	8220.896477145852	2182.9061432974167	-3.0678396505659045e-06	-0.00020051587908716245	0.0	0.0	0.0	0.0005998200719549005	0.0	0.0	0.0	-0.00019843232467637293	42519174.690070756	0.0005328641403787144
8	8.0	nan	nan	1	1	6.000000000000838e-05	6.000000000000867e-05	5.999999999999513e-05	0.9997326366108245	5.2039586696936076e-23	9.340655825846796e-22	4.7050033242016216e-23	1.0008000000000166	3.48342299558331e-22	3.705769144237564e-24	6.313042435004707e-23	0.9997354145986069	-5.865539067599457e-06	-1976.8673654654663	10965.957183074053	-1978.977965613892	56686614.836114176	2912.59536012768	10965.987654515833	2909.4971322094652	-6.80101912257669e-06	1599.565890624997	-5.86240149313158e-06	-1977.919377367193	10960.121765230855	-1977.9193773672232	56716781.24713293	2911.0454533889656	10960.12176523061	2911.045453389021	-6.797400032361426e-06	-0.000267399137138421	0.0	0.0	0.0	0.0007996801705813279	0.0	0.0	0.0	-0.0002646204102855265	56716784.751673885	0.0007104617742035583
10	10.0	nan	nan	1	1	6.000000000000838e-05	6.000000000000867e-05	5.999999999999513e-05	0.9996657486137112	1.5716431638507525e-24	-1.961516547604146e-21	5.227781471335135e-23	1.0010000000000012	-9.863963368572345e-22	-2.1864037951001626e-23	-5.905407829138575e-23	0.9996692150059104	0.0004032716161909775	-2474.3676732357562	13686.839683074193	-2477.6702056095505	70877013.3135378	3663.9345614310832	13686.887142891983	3659.063523335836	0.00040626385685027343	1599.565890624997	0.0004030020544757145	-2476.014038888604	13677.738319552225	-2476.0140388881678	70924172.62682742	3661.49814797579	13677.738319552194	3661.4981479761304	0.00040599370280940963	-0.0003343072607345474	0.0	0.0	0.0	0.0009995003330845323	0.0	0.0	0.0	-0.00033083971551362413	70924176.99625324	0.0008880514707434784
12	12.0	nan	nan	1	1	6.000000000000838e-05	6.000000000000867e-05	5.999999999999513e-05	0.9995987773679075	-1.6845367738519898e-22	8.809142651444723e-23	3.7692966152816363e-23	1.0011999999999937	-1.9257294055826517e-21	-4.6507402760181425e-23	-8.221513544287052e-23	0.9996027529375392	0.005640066000074512	-3040.225972884472	15804.25112064624	-3045.0960054817174	85009608.29297477	5015.311305632949	15804.31397677	5007.310215691544	0.007050679323547229	1599.565890624997	0.005635544736427059	-3042.65495570551	15791.64471540395	-3042.654955701021	85077526.5595801	5011.310796766544	15791.644715407601	5011.310796767424	0.007045055284792872	-0.0004013031434288092	0.0	0.0	0.0	0.0011992805754753118	0.0	0.0	0.0	-0.00039732598597745823	85077531.55597726	0.00106573256714977
14	14.0	nan	nan	1	1	6.000000000000838e-05	6.000000000000867e-05	5.999999999999513e-05	0.9995310530479312	-3.4146015686188983e-23	2.9996083640234945e-21	6.024521837346211e-23	1.00139999999999	1.7570639699606392e-22	-5.01337625656139e-23	2.635860652736976e-22	0.9995333829414287	-3.8087530793419484	-4232.339627602348	10206.815754157224	-4240.2533599596145	98374162.09149644	13256.917788965215	10206.839541858502	13232.206797950183	-4.75367715964411	1599.565890624997	-3.8052038527793837	-4236.302032340126	10197.328195468546	-4236.302035328254	98466262.03626555	13244.595063780078	10197.328191222965	13244.595066265303	-4.749258466084291	-0.00046905694207837405	0.0	0.0	0.0	0.0013990209136974308	0.0	0.0	0.0	-0.0004667259581883667	98466270.8432366	0.0012446089701568888
16	16.0	nan	nan	1	1	6.000000000000838e-05	6.000000000000867e-05	5.999999999999513e-05	0.9994608661166823	-1.1943164556285634e-22	1.500254168264976e-21	2.625802136488331e-23	1.001599999999997	2.978273721664527e-21	-5.542771848595327e-23	3.500363654528396e-22	0.9994522636581968	89.88536081733679	-5643.798987515599	-30523.68435882396	-5655.878376114825	108703572.07006069	47670.19700224318	-30523.421649440646	47567.97752169217	208.6786849739666	1599.565890624997	89.79095574859944	-5649.938068531153	-30491.363406817774	-5649.938103060214	108821815.12533149	47619.71993232846	-30491.36341779189	47619.71991513986	208.45771906164518	-0.0005392792682467683	0.0	0.0	0.0	0.0015987213636939697	0.0	0.0	0.0	-0.0005478864041521315	108821710.51353116	0.0014282114451255855
18	18.0	nan	nan	1	1	6.000000000000838e-05	6.000000000000867e-05	5.999999999999513e-05	0.9993887495819507	2.1133472033994793e-22	9.71806194340779e-21	2.0582900618279498e-22	1.0017999999999798	-5.2270403175062876e-21	7.279189390466644e-24	1.6538318295140215e-22	0.9993547976344093	-87.62620148287223	-2899.3508699748318	-116432.85315531328	-2906.3441097119257	115114341.60326889	116298.65060318958	-116428.89812413698	116014.78842898873	291.5660366201429	1599.565890624997	-87.52522920391107	-2902.9972040080434	-116294.7357901326	-2902.995109261868	115259113.78170565	116160.69243451055	-116294.7362983179	116160.69304363377	291.2201691809895	-0.0006114373077475924	0.0	0.0	0.0	0.0017983819413590059	0.0	0.0	0.0	-0.0006454105982103986	115259363.65763317	0.0016179894914014354
20	20.0	nan	nan	1	1	6.000000000000838e-05	6.000000000000867e-05	5.999999999999513e-05	0.9993167797004455	-2.176874674443552e-22	1.1975563566518111e-20	1.6559494118821572e-22	1.0020000000000275	7.773856631663155e-21	-4.3622196783596465e-23	-4.366454843095918e-22	0.9992457261417895	-167.97477157848877	4994.362528454552	-218641.56354080164	5007.775607881507	119059910.09252825	207371.40776447556	-218626.0192622534	206801.38993375283	205.44857766822403	1599.565890624997	-167.7660341271353	5001.549649380662	-218354.3373501003	5001.552588153507	119231242.86350985	207098.987010855	-218354.33895198113	207098.98679194515	205.17868290808326	-0.0006834538009046375	0.0	0.0	0.0	0.00199800266269965	0.0	0.0	0.0	-0.0007545584658612486	119232363.87405041	0.0018118043434989975
22	22.0	nan	nan	1	1	6.000000000000838e-05	6.000000000000867e-05	5.999999999999513e-05	0.9992457431671502	1.0469327228063152e-21	-2.3283453412363022e-20	4.684092198316281e-22	1.0021999999999773	-2.1320666315337993e-20	5.9821701899834965e-22	3.4855405779514457e-22	0.9991301131095889	-96.83117303831489	17584.06275350983	-315030.0073142222	17636.051696949376	121791751.64856355	305839.2135210419	-314993.55450504285	304902.38229761884	238.67187392240263	1599.565890624997	-96.70273253101094	17612.656683328623	-314575.7335928086	17612.65857513004	121989800.57775381	305398.1929374318	-314575.7352153593	305398.1924777356	238.3277087386227	-0.0007545414276487944	0.0	0.0	0.0	0.0021975835434646027	0.0	0.0	0.0	-0.000870265461571045	121992097.18973693	0.0020077699854314174
24	24.0	nan	nan	1	1	6.000000000000838e-05	6.000000000000867e-05	5.999999999999513e-05	0.9991755461361648	-1.0503208545953324e-21	-7.323340982842274e-21	1.353558649712372e-21	1.0023999999999826	4.1081097941833565e-22	1.3209478812430815e-21	8.775261333554552e-22	0.9990108221336577	-61.181330698582954	34260.793788033174	-400210.0918354637	34371.35816139789	123903154.56560713	400897.05025131116	-400144.1145810799	399541.59235151403	227.1368517088766	1599.565890624997	-61.09528116549338	34323.015105803956	-399581.3236721543	34323.01597453023	124128176.13401344	400267.2028109165	-399581.3250203579	400267.20322130737	226.77999808628581	-0.0008247939128380144	0.0	0.0	0.0	0.0023971245997035087	0.0	0.0	0.0	-0.000989667425635852	124131972.97915585	0.0022049591782355
26	26.0	nan	nan	1	1	6.000000000000838e-05	6.000000000000867e-05	5.999999999999513e-05	0.9991059071139498	-1.2841019480375193e-21	5.702066982238339e-20	1.5949630396798475e-21	1.0025999999999864	-5.3087789969163274e-21	2.2459078596447773e-21	4.9398961483870795e-21	0.9988893363969165	-38.84116083161383	53376.1403643866	-475123.6603603501	53562.809312577054	125651228.97766724	487009.8849286985	-475020.6714923713	485207.4427665064	194.15781807881453	1599.565890624997	-38.78351113301273	53483.30826281351	-474315.62457592174	53483.309118788144	125903509.82923067	486181.6344178856	-474315.6256607197	486181.63575961906	193.8276167482489	-0.0008944928255011379	0.0	0.0	0.0	0.0025966258472519613	0.0	0.0	0.0	-0.0011112808469794697	125908962.71451533	0.00240293703096986
28	28.0	nan	nan	1	1	6.000000000000838e-05	6.000000000000867e-05	5.999999999999513e-05	0.9990365760105687	4.197895286592313e-21	2.6180941366683168e-20	-5.226193284559033e-22	1.0027999999999895	1.7977850788998897e-20	2.1074179727686992e-21	9.2080951696015e-21	0.9987664492669179	-9.103234303856546	72923.63499675621	-541029.7064424993	73198.34330309271	127152005.63336818	562105.8474296749	-540883.4196680097	559844.8970614478	154.96670590894908	1599.565890624997	-9.089028195279864	73084.11208810669	-540039.3399491858	73084.11317587765	127431818.67374021	561076.900607789	-540039.3407032528	561076.9020306437	154.68303602671557	-0.0009638883806173489	0.0	0.0	0.0	0.002796087301991002	0.0	0.0	0.0	-0.0012343121830436842	127438947.07039388	0.002601481038677465
30	30.0	nan	nan	1	1	6.000000000000838e-05	6.000000000000867e-05	5.999999999999513e-05	0.9989673529786566	3.765908483492619e-21	-3.1099714630948094e-20	-2.137911158869854e-21	1.002999999999994	-2.748113694071852e-20	1.733876443029553e-21	-6.04696821044845e-21	0.9986426277009199	29.98546770228821	91555.71580472961	-598435.878031302	91925.31039022793	128462324.26196413	625685.3033584129	-598241.3500301079	622967.1149491413	124.02781030470203	1599.565890624997	29.936415221960843	91774.93102332756	-597262.7017606061	91774.93206282363	128769906.33094986	624458.7071970364	-597262.7018947933	624458.7080308248	123.78466565161987	-0.0010331805686210668	0.0	0.0	0.0	0.0029955089797919507	0.0	0.0	0.0	-0.0013582943633437706	128778625.02759002	0.002800461946326834
32	32.0	nan	nan	1	1	6.000000000000838e-05	6.000000000000867e-05	5.999999999999513e-05	0.9988980804776596	6.921953244962143e-21	4.900667935017365e-20	-3.2610768469290564e-21	1.003200000000004	-3.764722637366463e-20	-1.6644197413547002e-22	8.658370786833458e-21	0.9985181841605264	65.88252895117783	108709.48597402904	-647677.1052666348	109177.66219754229	129615041.6195623	678097.1101614846	-647430.7830196584	674932.5113252107	99.94483218573095	1599.565890624997	65.76983612861272	108990.91168174088	-646323.345900543	108990.91255222715	129950587.35865813	676679.767620678	-646323.3452282514	676679.7678590406	99.7359298614652	-0.0011025270820195132	0.0	0.0	0.0	0.0031948908965228296	0.0	0.0	0.0	-0.0014829148143510778	129960748.5838647	0.0029997911919143767
34	34.0	nan	nan	1	1	6.000000000000838e-05	6.000000000000867e-05	5.999999999999513e-05	0.998828641913083	8.412731232129711e-21	-2.7481983973665775e-20	-1.3806637040245095e-21	1.003400000000008	-1.1540273334924128e-19	-1.108342611482252e-21	-1.3408531555035574e-20	0.9983933498369744	90.7402691326861	124178.99988825514	-689441.9152529738	124747.33298887458	130634471.23149721	720316.0597762103	-689141.4532551513	716721.909034872	74.9558076115915	1599.565890624997	90.57832530188762	124524.69617071039	-687911.5464366461	124524.6968739588	130998138.60767092	718717.1589676092	-687911.5449909496	718717.1586320708	74.7894266184525	-0.0011720446630042694	0.0	0.0	0.0	0.003394233068023805	0.0	0.0	0.0	-0.00160794220949515	131009566.46352689	0.0031993977382883763
36	36.0	nan	nan	1	1	6.000000000000838e-05	6.000000000000867e-05	5.999999999999513e-05	0.9987589608494705	2.422514229147299e-21	1.4240000271884076e-20	1.82789710017478e-21	1.0035999999999907	4.368911238642956e-20	-1.6008922703106276e-21	-8.573667492108028e-21	0.9982683011688075	101.6988703487361	137937.8277446661	-724811.768826865	138606.42082146148	131541906.36628176	753733.2213677859	-724455.6890968916	749728.957321159	49.25680330888592	1599.565890624997	101.50985219740379	138348.805166256	-723109.2131677547	138348.80606785978	131933827.52665775	751962.7303014279	-723109.2112588813	751962.7294401565	49.141100925411976	-0.0012418098773502033	0.0	0.0	0.0	0.003593535510121147	0.0	0.0	0.0	-0.0017331999548598678	131946342.86595626	0.0033992201699900365
38	38.0	nan	nan	1	1	6.000000000000838e-05	6.000000000000867e-05	5.999999999999513e-05	0.9986889957557442	-5.163512846462215e-21	8.66713757783754e-20	9.656175598699023e-22	1.00379999999999	-4.113361398456333e-20	1.7702988597614876e-22	8.551644635479416e-21	0.9981431697265871	101.19373528066637	150175.0219602746	-755022.3965487692	150943.57577180574	132356598.3140677	779878.9099687986	-754609.7425449563	775483.9667400024	25.90526928155066	1599.565890624997	100.99819129160618	150651.89550122293	-753151.5575811017	150651.89656016725	132776890.30991372	777946.4800680421	-753151.555446401	777946.4786833386	25.84107967941253	-0.0013118643621476724	0.0	0.0	0.0	0.003792798238686087	0.0	0.0	0.0	-0.0018585563197264315	132790327.81423518	0.0035992054897874375
40	40.0	nan	nan	1	1	6.000000000000838e-05	6.000000000000867e-05	5.999999999999513e-05	0.9986187300521641	2.361527856944989e-21	-1.2183425451774317e-19	1.6737371037744975e-21	1.0039999999999862	-1.8513175611663615e-19	1.709312487559178e-21	6.984633683058961e-21	0.998018050909888	94.73718800555848	161147.24363850532	-781149.2608346473	162015.62081215822	133095460.39845558	800168.1843644634	-780679.3893737637	795400.6870396329	7.235487892870442	1599.565890624997	94.54713662092031	161690.60190380772	-779113.2781421753	161690.60279424352	133544233.31475787	798082.6308651334	-779113.2757700927	798082.6288946217	7.216629361140242	-0.0013822247805260852	0.0	0.0	0.0	0.003992021269524187	0.0	0.0	0.0	-0.0019839157501860315	133558447.7050055	0.0037993091738424216
44	48.666666666666664	nan	nan	1	1	6.000000000000838e-05	6.000000000000867e-05	5.999999999999513e-05	0.9983107098256501	-1.4513062518255182e-20	-1.4253404568274375e-19	1.48908392127306e-21	1.00486666666666	7.129476317039446e-20	3.5626205761515876e-21	7.53012290109073e-21	0.9974774088168926	275.47229803560515	195449.4251405469	-860588.1690223501	196732.93957888818	135703457.3028994	843343.0896243242	-859869.7965366807	837141.5529360793	-593.0570335241205	1599.565890624997	274.8314463786394	196275.2769151076	-857869.4475330401	196275.26513681922	136276858.5341746	840678.8478148796	-857869.4175954405	840678.809884027	-591.1834812729198	-0.0016907186339450207	0.0	0.0	0.0	0.0048548627261756055	0.0	0.0	0.0	-0.0025257782771975776	136293319.34657806	0.004667043355521332
48	57.33333333333333	nan	nan	1	1	6.000000000000838e-05	6.000000000000867e-05	5.999999999999513e-05	0.9979984307496889	-7.3861273000575e-21	1.4245145997038646e-19	1.4496121859310097e-20	1.0057333333333551	1.3796133831699143e-19	2.512299721556255e-21	1.844837759119866e-21	0.9969399910746181	195.22889777540135	214354.90379003034	-909982.8280953919	216016.23044847394	137837728.77156365	854417.335500085	-909017.7149335543	846946.9532410452	-423.77207617082985	1599.565890624997	194.71178603880173	215444.0712430094	-906609.9774952562	215444.0583503177	138538101.68263826	851250.438352323	-906609.9580157759	851250.4099829238	-422.20136532079647	-0.0020035750670106363	0.0	0.0	0.0	0.005716960329250735	0.0	0.0	0.0	-0.003064700325622304	138555462.1416704	0.005534743143226825
52	66.0	nan	nan	1	1	6.000000000000838e-05	6.000000000000867e-05	5.999999999999513e-05	0.9976831313676151	1.530249722509619e-20	4.775199062122953e-19	1.570229677620022e-20	1.0065999999999966	-1.1238433144170057e-19	7.172674997349415e-21	-9.852687242462021e-21	0.9964057340202591	157.22274840139866	224993.3209124552	-943058.3315145666	227004.20248329872	139750845.94521624	853974.3636488355	-941850.8495729351	845325.7802424618	-289.99704584307466	1599.565890624997	156.75530223027886	226329.29912209895	-939050.6137108202	226329.28586749255	140580666.51146644	850345.2262489868	-939050.5895731904	850345.2040096832	-288.7646445325507	-0.0023195567252894695	0.0	0.0	0.0	0.006578315360119418	0.0	0.0	0.0	-0.0036007408733564673	140598402.33381256	0.00640185296567974
56	74.66666666666666	nan	nan	1	1	6.000000000000838e-05	6.000000000000867e-05	5.999999999999513e-05	0.9973657576435562	3.8929634255807644e-21	1.252524559763879e-19	-4.040347158403012e-21	1.0074666666666567	4.1590672962901755e-19	2.2714035513571317e-20	-1.2387009820646889e-20	0.9958741725467111	152.23230486546137	231027.05928599858	-966849.674784406	233366.79060318822	141549070.16841018	849739.3258576654	-965403.7095858306	839961.7091601487	-199.254029477112	1599.565890624997	151.73007331039332	232596.90262223003	-962218.7513883078	232596.8872226315	142510904.96490714	845669.3263248254	-962218.7337900416	845669.3015776338	-198.29966172901493	-0.002637718078110713	0.0	0.0	0.0	0.00743892909698873	0.0	0.0	0.0	-0.0041343621626235985	142528769.16300598	0.007268192995464953
60	83.33333333333333	nan	nan	1	1	6.000000000000838e-05	6.000000000000867e-05	5.999999999999513e-05	0.9970469876016368	1.5862386003231283e-20	-4.799068450576579e-19	-2.2039797287556894e-21	1.0083333333333457	-2.7634619310761e-19	4.350361217098087e-21	4.0806659266923175e-20	0.9953448349686362	149.4015675803774	234446.57813971373	-984873.7438058725	237100.44314184904	143278825.08706096	844835.4234942202	-983192.362993307	833952.9416048148	-140.83353272485343	1599.565890624997	148.85981086749044	236240.6916941405	-979627.1424752153	236240.67467501838	144375273.0889501	840334.8317331256	-979627.1322441401	840334.8060285115	-140.0832869143193	-0.0029573811422320137	0.0	0.0	0.0	0.008298802814707176	0.0	0.0	0.0	-0.004666034056620825	144393154.74511907	0.008133718121423116
64	92.0	nan	nan	1	1	6.000000000000838e-05	6.000000000000867e-05	5.999999999999513e-05	0.9967272772470667	2.6753535639027077e-20	3.2139818150617174e-20	-1.2210826967617994e-20	1.0092000000000156	6.617360197129496e-20	-2.515687853345272e-20	6.583478879239324e-20	0.9948173586693586	145.6043246330117	236344.78187577263	-999287.3597257793	239302.30668654057	144961693.8498741	840460.9203222764	-997372.530279648	828483.0436072348	-100.1775789140468	1599.565890624997	145.02860770609539	238356.12686873434	-993428.9421613357	238356.1095941342	146195349.08347875	835533.6379245529	-993428.9369174965	835533.6127303939	-99.59027829209697	-0.0032780898231966338	0.0	0.0	0.0	0.009157937784781127	0.0	0.0	0.0	-0.005196117798855351	146213196.88804215	0.008998426105342842
68	100.66666666666666	nan	nan	1	1	6.000000000000838e-05	6.000000000000867e-05	5.999999999999513e-05	0.9964069343203575	1.1569623026546489e-20	2.8600575683809804e-19	-2.072859028520724e-20	1.010066666666689	1.158605546572322e-19	-1.2427667402115095e-20	-1.0438834041961997e-20	0.9942914802462463	141.30209733425238	237431.46819106932	-1011743.6310771743	240686.39736104532	146608400.31135985	837169.6905406815	-1009595.6143180965	824094.7777764479	-71.09968176253844	1599.565890624997	140.69700438001732	239655.73084673952	-1005272.2604727228	239655.71454762033	147981830.6839408	831814.9394358638	-1005272.2588663716	831814.9138346806	-70.64491004328968	-0.003599536244223712	0.0	0.0	0.0	0.010016335275510544	0.0	0.0	0.0	-0.005724875627563783	147999633.83714518	0.00986232726007128
72	109.33333333333333	nan	nan	1	1	6.000000000000838e-05	6.000000000000867e-05	5.999999999999513e-05	0.9960861723925286	-3.1003946968349157e-20	5.824537358499471e-19	7.050702252944796e-21	1.0109333333333421	-6.304567870367428e-19	1.3444106938820255e-20	-5.4166062911018e-20	0.9937670075738448	137.35013298452645	238262.745273643	-1023238.6226410153	241814.15615268663	148224543.6513376	835271.4582705584	-1020856.2397005461	821087.9630037193	-49.753944809291106	1599.565890624997	136.71683415084246	240699.20496578174	-1016149.2394631488	240699.1909194394	149740278.41539973	829484.382515021	-1016149.2397733338	829484.3563352125	-49.40923071078197	-0.0039215066736512805	0.0	0.0	0.0	0.010873996551887252	0.0	0.0	0.0	-0.0062524986203289345	149758049.95253184	0.010725434733860353
76	118.0	nan	nan	1	1	6.000000000000838e-05	6.000000000000867e-05	5.999999999999513e-05	0.9957651427630592	-7.603814767501854e-21	-3.748967824547533e-20	1.0093244599482243e-20	1.0117999999999912	-6.24392031134402e-19	3.2620932864657615e-20	4.980553729855286e-22	0.9932437996684841	134.59333918612003	239195.06222744755	-1034244.8440120626	243046.82150532823	149813197.40151188	834908.2642744099	-1031626.0683689378	819596.1948358496	-32.8631893851005	1599.565890624997	133.9285078271242	241846.28911815237	-1026530.2928649716	241846.27807860213	151473719.87983826	828680.5875833777	-1026530.2934579607	828680.5607547495	-32.61805907883338	-0.004243849641528968	0.0	0.0	0.0	0.01173092287569014	0.0	0.0	0.0	-0.006779126775089119	151491482.81363398	0.011587761026139847
80	126.66666666666666	nan	nan	1	1	6.000000000000838e-05	6.000000000000867e-05	5.999999999999513e-05	0.9954439543248288	-6.43008121249157e-20	-9.205892883938637e-19	-1.5783611939136633e-20	1.0126666666666526	-7.503424422593274e-19	1.0476103491641187e-20	5.368833632876657e-20	0.9927217524616355	132.8893690892017	240388.5895803488	-1044964.6930111058	244547.6733598516	151376170.28413525	836082.1575560938	-1042107.0688710323	819615.1257174722	-18.872877770098334	1599.565890624997	132.18926460565024	243259.32527650692	-1036616.9092175711	243259.31655798721	153183914.05575517	829403.0485569191	-1036616.9093777736	829403.0212353742	-18.72211028078475	-0.0045664560835000706	0.0	0.0	0.0	0.012587115505457765	0.0	0.0	0.0	-0.007304863204216056	153201694.25121552	0.01244931688266385
84	135.33333333333331	nan	nan	1	1	6.000000000000838e-05	6.000000000000867e-05	5.999999999999513e-05	0.9951226861806219	2.357716208682345e-20	-5.4463540882093705e-19	-3.768618988923833e-20	1.0135333333333272	5.317876130769838e-19	-2.6095391039010485e-20	-3.836381624704177e-20	0.9922007889042342	131.9401616522576	241872.31836925936	-1055474.9346203697	246347.16169108555	152914617.33856738	838678.3416158515	-1052375.8296990306	821026.064525082	-7.15126456585218	1599.565890624997	131.20168341073273	244968.3473276076	-1046485.6094215561	244968.33953040116	154871964.4489224	831535.4411994638	-1046485.609144441	831535.4129634084	-7.090358294507786	-0.004889246730604243	0.0	0.0	0.0	0.013442575696482568	0.0	0.0	0.0	-0.007829784009443333	154889786.39432743	0.01331011111436035
88	144.0	nan	nan	1	1	6.000000000000838e-05	6.000000000000867e-05	5.999999999999513e-05	0.9948013963071295	5.866550192683285e-20	6.71866533762111e-20	-2.4977307548634808e-20	1.0144000000000097	-1.8730270156044891e-19	3.3203691532368573e-21	-1.13848004374556e-19	0.991680851636829	131.33164438986455	243608.46977076176	-1065803.5697377117	248407.79814947935	154429342.8830268	842510.0229988337	-1062460.30116937	823640.6037443131	2.5242175891640946	1599.565890624997	130.5534082254437	246935.8073190773	-1056164.4464579811	246935.80004161905	156538623.20328793	834890.3656748363	-1056164.4458675294	834890.3370139922	2.5013885752465406	-0.005212163447992435	0.0	0.0	0.0	0.014297304700834025	0.0	0.0	0.0	-0.00835394560122785	156556508.1169247	0.01417015080916471
92	152.66666666666666	nan	nan	1	1	6.000000000000838e-05	6.000000000000867e-05	5.999999999999513e-05	0.9944801278581207	-3.0754072248909137e-20	6.919310502166709e-19	3.1916201452542035e-21	1.0152666666666716	-3.218115335844318e-19	3.94920641327845e-20	2.6105555434377537e-20	0.9911618973862457	130.51736812464654	245538.00476424114	-1075969.8734679013	250670.21232359385	155920962.0281986	847371.001937833	-1072379.7392362987	827252.4341378082	10.144194686911069	1599.565890624997	129.70107679914503	249102.45907075462	-1065672.7841072483	249102.45224061565	158184453.3566012	839261.6160305331	-1065672.7829793706	839261.5872799766	10.047114200032434	-0.0055351629308703085	0.0	0.0	0.0	0.015151303767348011	0.0	0.0	0.0	-0.008877390299692794	158202419.0377764	0.015029441675213084
96	161.33333333333331	nan	nan	1	1	6.000000000000838e-05	6.000000000000867e-05	5.999999999999513e-05	0.9941589138776251	-8.907398473326222e-20	1.0184791920421487e-18	3.312068230353765e-20	1.016133333333334	9.583940628957177e-19	-1.895998549134026e-20	4.442857214938256e-20	0.9906438926322668	129.38938413161884	247602.35235891645	-1085994.0379199751	253075.23149390146	157389988.94171965	853069.0650289376	-1082154.3163302657	831670.0213853078	16.029401879433717	1599.565890624997	128.53765752376682	251409.32910167225	-1075030.8613474814	251409.32273409076	159809917.59641662	844457.2803764574	-1075030.8600188764	844457.252196716	15.867584082079858	-0.005858211987584698	0.0	0.0	0.0	0.016004574141716302	0.0	0.0	0.0	-0.00940015067145524	159827978.47380772	0.01588798840360456
100	170.0	nan	nan	1	1	6.000000000000838e-05	6.000000000000867e-05	5.999999999999513e-05	0.9938377806448513	-5.239745811715102e-20	5.613998849129942e-19	4.0405165649924633e-20	1.0170000000000143	1.2410049116812205e-19	-6.361556247058697e-20	-1.1729712253577552e-20	0.9901268104654488	127.86663130093538	249750.92349179398	-1095894.7047752826	255571.57107122152	158836886.7733256	859439.956110355	-1091802.6544622479	836730.1028507688	20.35907690937113	1599.565890624997	126.98296116073332	253805.35441771196	-1084257.3458357723	253805.3482205664	161415428.53367856	850313.5215974115	-1084257.3442047946	850313.4936875845	20.14288288576741	-0.006181284190322112	0.0	0.0	0.0	0.016857117066437433	0.0	0.0	0.0	-0.009922252677260003	161433596.2957138	0.0167457949717227
104	208.75	nan	nan	1	1	6.000000000000838e-05	6.000000000000867e-05	5.999999999999513e-05	0.9924033744287345	1.7181216302106227e-20	4.851533671329511e-19	-6.250425524378933e-20	1.0208750000000129	8.666434540491319e-19	5.358669237509606e-20	-2.0430434687773725e-20	0.9878262397778679	9253.960908674044	259268.57307771558	-1138879.950809681	266706.59778321406	165055508.94148594	892691.1339614094	-1133627.5446010365	863790.7952285373	6489.533458784081	1599.565890624997	9176.446432999219	264472.84493803	-1124131.5751370525	264472.5682373572	168368651.48852563	881130.8775938023	-1124131.8761410667	881129.5805484958	6405.494682509026	-0.007625626899479499	0.0	0.0	0.0	0.020660102696315512	0.0	0.0	0.0	-0.012248467371503036	168379658.4668064	0.02057197196135631
108	247.5	nan	nan	1	1	6.000000000000838e-05	6.000000000000867e-05	5.999999999999513e-05	0.990972014433833	9.095100974437776e-20	1.1921683800743265e-18	2.283600825797594e-21	1.024750000000017	-1.9351789051422208e-18	-1.6520530603247875e-20	-1.0057330402518661e-19	0.9855420283803973	7704.709947875581	268691.1398924112	-1180072.8948410703	277849.62920575053	170868457.60372165	931106.5381687116	-1173606.6983545648	895480.1952504318	5259.8154666546725	1599.565890624997	7628.922752424547	275116.60677112284	-1162062.584450232	275116.5679617748	174954597.60591483	916895.9603029978	-1162062.5440862575	916894.6651783492	5179.539994209608	-0.009068984774577706	0.0	0.0	0.0	0.02444868040232619	0.0	0.0	0.0	-0.014563506540315534	174967627.5662984	0.02438384883662329
112	286.25	nan	nan	1	1	6.000000000000838e-05	6.000000000000867e-05	5.999999999999513e-05	0.989544512631048	1.328350949202084e-19	-2.0556405427689382e-18	-6.554340945853776e-20	1.0286250000000332	-4.129997125540408e-19	-6.179952383167375e-20	-1.4799359654427137e-20	0.9832738815915236	6902.60079429114	278044.00103170093	-1218697.3304386951	289025.12498880795	176318103.78635377	971900.7941607223	-1210974.2352406045	929049.2215656276	4713.313090470595	1599.565890624997	6824.66249039768	285761.48312427365	-1197301.2878637318	285761.69882589637	181212047.92295977	954837.6315106343	-1197300.9429894583	954836.2218387746	4630.563875358637	-0.01051052997804286	0.0	0.0	0.0	0.02822295894377244	0.0	0.0	0.0	-0.016867579542574885	181226408.7638258	0.028181364623575372
116	325.0	nan	nan	1	1	6.000000000000838e-05	6.000000000000867e-05	5.999999999999513e-05	0.9881211622112774	-3.6374982886888676e-20	3.5969762324922217e-19	-6.611261559909266e-20	1.0325000000000093	-2.416781510160282e-18	2.7105054312137612e-21	2.032879073410321e-23	0.9810214336190396	6422.307247213385	287460.6243404384	-1254361.3467174715	300371.67866228835	181436316.56280738	1013815.0402137795	-1245348.1904051905	963266.5503551908	4403.65780457297	1599.565890624997	6340.485624862145	296544.3595550428	-1229482.642518557	296544.876687472	187169691.21803606	993707.2741670231	-1229482.1775520456	993705.7046031454	4316.316704498489	-0.011949954936098649	0.0	0.0	0.0	0.03198304585305999	0.0	0.0	0.0	-0.01916097091025596	187185094.9370727	0.03196462544892786
120	363.75	nan	nan	1	1	6.000000000000838e-05	6.000000000000867e-05	5.999999999999513e-05	0.986702144804621	-1.211731453024112e-19	2.1454734690229404e-18	-1.0200648377194088e-19	1.0363750000000074	-5.418300356996309e-20	1.6805133673525319e-21	-2.3575976240697295e-19	0.9787844201161279	6116.60120493263	296561.91285249224	-1287074.804171752	311492.40053665504	186251218.2419728	1056034.0941021948	-1276746.2309181795	997349.3826470927	4207.492874757409	1599.565890624997	6029.84557526088	307073.44000492606	-1258637.8512850525	307074.3064937201	192852823.6837955	1032701.8124947884	-1258637.3303240042	1032700.0620897779	4114.531474019247	-0.013387063406347637	0.0	0.0	0.0	0.03572904745425305	0.0	0.0	0.0	-0.021443864871597655	192869100.84836444	0.03573372605424953
124	402.5	nan	nan	1	1	6.000000000000838e-05	6.000000000000867e-05	5.999999999999513e-05	0.985287582461916	-4.240585747133929e-20	1.193435541363419e-18	-1.5920153650234026e-19	1.0402500000000061	-1.2835056368426523e-18	-2.721347452938616e-20	2.858363502486472e-19	0.9765626241410834	5909.009313858132	304916.98661871115	-1317170.2037573336	321927.4036296073	190787342.58526573	1097821.8821317672	-1305505.754581925	1030608.0013631602	4069.430701969952	1599.565890624997	5816.702492869026	316897.2797017615	-1285112.5473791028	316898.4565354415	198283442.7732359	1071102.7864814936	-1285111.9661162647	1071100.9435471485	3970.3877607261884	-0.014821718532356896	0.0	0.0	0.0	0.039461068880919485	0.0	0.0	0.0	-0.023716399496854706	198300480.77977479	0.03948875752649892
128	441.25	nan	nan	1	1	6.000000000000838e-05	6.000000000000867e-05	5.999999999999513e-05	0.9838775618739907	9.546400128734866e-20	-1.7893537129429205e-18	3.6747677383680566e-20	1.0441250000000233	6.57297567069337e-20	-3.5832881800645923e-20	-1.684646888135133e-19	0.9743558533974896	5755.542802738548	312428.31252566044	-1345015.1485742321	331561.1822464099	195066120.9008443	1138547.8735627073	-1331997.7743193326	1062467.5420605775	3961.2932786818346	1599.565890624997	5657.3909983782405	325905.52902545006	-1309283.289755548	325906.92348947073	203480685.89945942	1108301.0529825964	-1309282.6300776543	1108299.1921200568	3856.0570125153868	-0.016253818661659487	0.0	0.0	0.0	0.043179214093955386	0.0	0.0	0.0	-0.025978689500441125	203498403.07468075	0.04322980999504038
132	480.0	nan	nan	1	1	6.000000000000838e-05	6.000000000000867e-05	5.999999999999513e-05	0.9824721352457156	8.982614999042404e-20	1.5568736621077161e-18	1.2896584841715075e-19	1.047999999999983	-9.339588564333257e-19	4.412702842016003e-20	-2.6773017396813926e-20	0.9721639412607838	5637.424465249412	319094.1777462908	-1370825.6727347593	340378.2360786081	199106385.63396865	1177752.062612979	-1356442.1066294378	1092525.0543631269	3878.824657316585	1599.565890624997	5533.245566596453	334086.656147095	-1331375.9414996195	334088.0888706602	208461298.36588597	1143858.6192263935	-1331375.2262435027	1143856.7909543847	3767.1995300061926	-0.01768329671396655	0.0	0.0	0.0	0.04688358589883457	0.0	0.0	0.0	-0.028230824895302535	208479619.90275297	0.04695697176972339
136	518.75	nan	nan	1	1	6.000000000000838e-05	6.000000000000867e-05	5.999999999999513e-05	0.981071314380139	-5.038829596626382e-20	-1.0245236191537555e-18	-8.433060022863814e-20	1.0518749999999986	-3.546587936525958e-18	7.892991815694472e-20	-1.7770751233395222e-19	0.9699867541166952	5546.606507829711	324841.7333274388	-1394952.9929020966	348286.8339341342	202924782.3981837	1215081.976856668	-1379191.4903276933	1120486.2704401885	3817.877154238742	1599.565890624997	5436.224955020589	341354.3471431595	-1351745.281158197	341355.66953688447	213240016.6233464	1177445.6464079937	-1351744.564336351	1177443.721319648	3699.6210291984444	-0.019110126462498878	0.0	0.0	0.0	0.05057428596293182	0.0	0.0	0.0	-0.030472863127744932	213258873.02850407	0.05067032770836209
140	557.5	nan	nan	1	1	6.000000000000838e-05	6.000000000000867e-05	5.999999999999513e-05	0.9796750999004306	-8.104411239329145e-21	2.153686300479518e-18	-1.0937567041305328e-19	1.0557500000000064	-1.0515947921480028e-18	-1.7255077575106802e-19	-4.985974740717713e-20	0.9678241637114627	5464.253614935329	329798.0673578232	-1417712.4769481295	355409.2544207988	206536120.0616992	1250600.594858527	-1400561.9771456094	1146444.9660930398	3762.978605058785	1599.565890624997	5347.7771000137855	347832.03330178326	-1370708.1705662333	347833.31921664777	217829895.62936848	1209136.8887277509	-1370707.473763179	1209134.6890522544	3638.21691879539	-0.020534292999822422	0.0	0.0	0.0	0.054251414831922605	0.0	0.0	0.0	-0.032704857264154244	217849240.40428156	0.05436996308676799
144	596.25	nan	nan	1	1	6.000000000000838e-05	6.000000000000867e-05	5.999999999999513e-05	0.9782835092839293	-7.394258816351141e-20	-1.8577194361817096e-18	-1.96376118491437e-20	1.0596249999999958	-6.6079411907560285e-19	-1.424641654645953e-19	1.2771901591879242e-19	0.9656760209974767	5391.62867299265	334176.0538531073	-1439187.2140740529	361963.2048400115	209953675.4655522	1284548.8435049534	-1420639.3023397035	1170655.0881786272	3713.712379893481	1599.565890624997	5269.098661859174	353735.9067631296	-1388354.470632899	353737.2385858595	222242596.1188253	1239177.997265516	-1388353.890993725	1239175.3818056749	3582.5423786766355	-0.021955764162994114	0.0	0.0	0.0	0.057915071946428844	0.0	0.0	0.0	-0.03492688301292631	222262387.70191893	0.05805596722265755
148	635.0	nan	nan	1	1	6.000000000000838e-05	6.000000000000867e-05	5.999999999999513e-05	0.9768965621113764	-1.2423601643968274e-19	-1.9077621427054936e-18	8.715630214067849e-20	1.0635000000000339	8.839418997111382e-18	7.302101631689872e-20	5.918388609055247e-20	0.9635421714882868	5321.387511374196	338037.7828365883	-1459282.6956076466	368006.7867010381	213189408.75179935	1317136.7429324784	-1439333.487972522	1193336.80488297	3667.6167131351563	1599.565890624997	5192.980174531482	359125.24564669153	-1404602.2413537018	359126.6269082544	226488584.04172456	1267782.607757101	-1404601.7606506448	1267779.505582678	3530.1882707180534	-0.02337450551115386	0.0	0.0	0.0	0.06156535565818646	0.0	0.0	0.0	-0.0371390230266157	226508786.72875768	0.06172843092386934
152	673.75	nan	nan	1	1	6.000000000000838e-05	6.000000000000867e-05	5.999999999999513e-05	0.9755142639537756	-2.60587992156891e-19	-1.4350228904475015e-18	5.85198122599051e-20	1.0673750000000084	1.4702865661075926e-18	1.973247953923618e-20	1.4887451080941582e-19	0.9614224720164384	5252.840649736311	341457.93548805837	-1477901.2249043921	373613.46069873875	216254146.567591	1348583.3072969965	-1456551.7301493816	1214713.3584413107	3621.6597261477414	1599.565890624997	5118.738350160277	364073.7081497763	-1419367.1789205314	364075.3026670884	230577300.63028964	1295171.0521393514	-1419366.7193163782	1295167.4299637496	3478.2195602043494	-0.02479049682825721	0.0	0.0	0.0	0.06520236324564103	0.0	0.0	0.0	-0.039341349532460775	230597881.97538128	0.06538744368103083
156	712.5	nan	nan	1	1	6.000000000000838e-05	6.000000000000867e-05	5.999999999999513e-05	0.9741366150307529	-1.6666897896533417e-19	-1.3138429688815124e-18	-2.9300563711420756e-20	1.0712499999999978	3.1296850961509693e-18	8.250778532614689e-20	6.457779189866785e-20	0.9593167828932455	5196.031793255239	344531.9194994959	-1494937.76528657	378880.8896673986	219157744.88672715	1378702.7259723274	-1472194.2721561405	1234640.4447239228	3580.3767091531063	1599.565890624997	5056.1380417247865	368678.28096617165	-1432558.648044918	368680.2074645741	234517314.86196765	1321173.7364840412	-1432558.1059608324	1321169.6536952988	3430.9786915930044	-0.026203723336818596	0.0	0.0	0.0	0.06882619092985066	0.0	0.0	0.0	-0.04153393237408067	234538230.44833934	0.06903309468865171
160	751.25	nan	nan	1	1	6.000000000000838e-05	6.000000000000867e-05	5.999999999999513e-05	0.9727636159312075	1.0058685655234267e-19	1.9000507547536906e-18	-6.015966804578943e-20	1.075125000000039	-2.4580760604048235e-18	1.877296061658651e-19	7.514876308040153e-20	0.9572249627047491	5143.3897851968795	347365.39145992184	-1510255.3774516892	383919.8935870334	221909236.44827628	1407138.9149909676	-1486130.302151644	1252825.7249794006	3540.988635268501	1599.565890624997	4997.772253758663	373048.4267026417	-1444056.253795314	373050.5118156837	238316463.19136912	1345459.7020406635	-1444055.5936359323	1345455.4688706957	3385.7762466673835	-0.02761416985618921	0.0	0.0	0.0	0.07243693388954299	0.0	0.0	0.0	-0.043716844407117435	238337665.65217975	0.0726654735391684
164	790.0	nan	nan	1	1	6.000000000000838e-05	6.000000000000867e-05	5.999999999999513e-05	0.9713952527682093	-1.5146304349622497e-19	-4.209652103900202e-19	-6.274820073259857e-20	1.0790000000000008	-9.880605448403524e-19	3.158280928450274e-19	-1.0855574252011113e-19	0.9551468835677667	5088.148320911025	349902.8564281123	-1523965.2859448988	388665.0001841187	224516957.38585764	1433586.1233498813	-1498473.3953803475	1269027.8180501387	3499.454409111873	1599.565890624997	4937.057154636024	377121.5482073751	-1453977.3896742784	377123.6998004896	241981970.17451164	1367748.877697791	-1453976.6396530028	1367744.5801578343	3338.742446413306	-0.029021836082424497	0.0	0.0	0.0	0.076034686275999	0.0	0.0	0.0	-0.04589014554514804	242003413.85923833	0.07628466770195719
168	828.75	nan	nan	1	1	6.000000000000838e-05	6.000000000000867e-05	5.999999999999513e-05	0.9700314910489822	-3.166412444743916e-19	9.727800704718847e-19	-4.555004377154726e-20	1.082875000000002	6.398012545108522e-18	3.353979420583908e-19	4.0007060164715113e-19	0.9530824376906146	5023.334928993991	352024.55692986614	-1536317.6153045325	392977.6683467382	226988696.03319654	1457859.4408769547	-1509473.1195637889	1283117.194185002	3446.9845434635713	1599.565890624997	4867.246496730528	380764.6835751043	-1462570.6343236736	380766.80265017645	245520595.98906025	1387878.643034051	-1462569.7583292765	1387873.9503135427	3281.5209042812958	-0.030426743012734465	0.0	0.0	0.0	0.0796195412281692	0.0	0.0	0.0	-0.04805387572116439	245542243.34585792	0.07989076136028737
172	867.5	nan	nan	1	1	6.000000000000838e-05	6.000000000000867e-05	5.999999999999513e-05	0.9686722962601069	-2.959871930885427e-19	7.327143313742498e-18	-2.113652135260491e-19	1.0867500000000108	-2.7909261273578733e-18	-1.9737900550098608e-19	-1.4799359654427135e-19	0.9510315176658298	4963.647507569405	353688.33739850094	-1547570.6216718038	396803.82395495864	229331763.47142386	1480013.975104261	-1519386.5225362661	1295177.9400486678	3395.2332769213726	1599.565890624997	4802.599527555295	383927.2608396067	-1470090.0853553638	383929.3290976255	248938702.42008585	1405915.7239866308	-1470089.2809529423	1405910.4195525474	3225.2478226025837	-0.031828911843747164	0.0	0.0	0.0	0.0831915908867741	0.0	0.0	0.0	-0.05020807538147005	248960508.12770244	0.08348383830446482
176	906.25	nan	nan	1	1	6.000000000000838e-05	6.000000000000867e-05	5.999999999999513e-05	0.9673176490598765	2.389852638701173e-19	-1.3040139985615734e-18	1.8187491443444338e-20	1.0906250000000064	1.2055081325540451e-17	-2.811336233254913e-19	-2.65710847421885e-19	0.9489940008624251	4909.339294817185	354990.49363290047	-1557926.9420934063	400244.3506638198	231552905.16236392	1500408.6245907238	-1528414.9505383603	1305556.6028807645	3344.843341359473	1599.565890624997	4743.338653762976	386708.8795842431	-1476734.8617534651	386710.7945580803	252242147.67962834	1422214.137866707	-1476734.2973282512	1422208.031452028	3170.525289621272	-0.033228348266013716	0.0	0.0	0.0	0.08675092640866079	0.0	0.0	0.0	-0.05235280192809625	252264075.51445767	0.08706398453821883
180	945.0	nan	nan	1	1	6.000000000000838e-05	6.000000000000867e-05	5.999999999999513e-05	0.9659675357577308	4.619785456960735e-19	-8.682372312426855e-18	2.7476393556213897e-19	1.0945000000000082	2.3946231282601095e-18	2.1011838102769075e-19	-3.9424301497004155e-19	0.9469697591430112	4854.329029845935	356332.354094309	-1567447.3987574705	403748.06925353047	233658381.79275227	1519633.0393413613	-1536619.9530648368	1314792.0701158955	3292.9232435851654	1599.565890624997	4683.573429838664	389544.08640999947	-1482568.1934406466	389545.85028705944	255436363.89359862	1437343.0404203562	-1482567.8975787917	1437336.4357390201	3114.6073981498607	-0.03462505221039788	0.0	0.0	0.0	0.09029763798078831	0.0	0.0	0.0	-0.05448811962905185	255458394.21267834	0.0906312866981577
184	983.75	nan	nan	1	1	6.000000000000838e-05	6.000000000000867e-05	5.999999999999513e-05	0.9646219443055924	-2.4123498337802473e-21	-4.268910528890113e-18	-1.9122615817213084e-19	1.098375000000008	2.36242232373729e-18	-7.3075226425523e-20	-6.343395860669565e-19	0.9449586629528973	4784.7426007370195	358149.1707979034	-1576167.3718080781	407811.4320220827	235654028.83224446	1537930.5301862378	-1544037.9749165478	1323112.6476171277	3227.3122217971263	1599.565890624997	4609.9384754349185	392910.83184111974	-1487628.7261949717	392912.5907235269	258526413.13927734	1451539.7771321791	-1487628.6275052682	1451532.8622332672	3046.0231923454135	-0.03601902196308177	0.0	0.0	0.0	0.09383181483387776	0.0	0.0	0.0	-0.056614095352129884	258548545.08966058	0.09418583139076962
188	1022.5	nan	nan	1	1	6.000000000000838e-05	6.000000000000867e-05	5.999999999999513e-05	0.9632808708087977	1.1820514185523211e-19	1.7409847435229107e-18	-3.876022766635678e-21	1.1022499999999904	2.0867639213828504e-18	-3.3046482217358176e-19	-9.383769802862041e-20	0.9429605755634829	4726.212328237277	360394.4430468713	-1583922.9622811985	412389.0963524193	237545311.39043355	1555234.261517623	-1550510.2614055919	1330476.086364739	3169.7980065727643	1599.565890624997	4547.15319112767	396763.4101541197	-1491767.0537907009	396765.1610279109	261517039.5430682	1464747.5208750814	-1491767.0204749797	1464740.2015738816	2985.372613429672	-0.03741024739476424	0.0	0.0	0.0	0.09735354525590124	0.0	0.0	0.0	-0.05873080468447795	261539245.42914644	0.09772770591921467
192	1061.25	nan	nan	1	1	6.000000000000838e-05	6.000000000000867e-05	5.999999999999513e-05	0.9619443102045221	7.356311740314147e-20	1.0052722543285597e-18	3.7226081592289795e-19	1.1061250000000147	6.8877195613659124e-18	2.410181429435276e-19	3.0162504438546734e-19	0.9409753614060106	4675.724152473461	362631.4994302807	-1590532.5038992427	416986.23606096325	239337275.32781357	1571580.338449621	-1555861.0954991179	1336929.4810884022	3114.079364306941	1599.565890624997	4492.275904163035	400624.3512427646	-1494818.3153487204	400626.1189795323	264412608.41117558	1477006.6428678615	-1494818.146155611	1476999.3970734538	2926.6820123472307	-0.03879871959238703	0.0	0.0	0.0	0.10086291660539087	0.0	0.0	0.0	-0.06083832315505296	264434860.40330392	0.10125699722401024
196	1100.0	nan	nan	1	1	6.000000000000838e-05	6.000000000000867e-05	5.999999999999513e-05	0.9606122455976034	7.023461673361097e-19	-1.2865278503984557e-18	6.581107186987012e-20	1.110000000000022	7.465978790061057e-18	4.2869353900076847e-19	8.586881206085196e-20	0.939002897341807	4595.6572424713495	364429.2663249316	-1596109.6944966915	421104.59794257086	241034736.1944058	1587074.9223044773	-1560203.935154295	1342577.6672165208	3033.227619502746	1599.565890624997	4409.178887194657	404015.65696836734	-1496896.0351053535	404017.4026447869	267217307.42929032	1488422.8614135727	-1496895.4140063298	1488416.1300259216	2844.683177391177	-0.040184441969244145	0.0	0.0	0.0	0.10436001532426226	0.0	0.0	0.0	-0.06293671421760469	267239609.7204646	0.10477378991813467
200	1138.75	nan	nan	1	1	6.000000000000838e-05	6.000000000000867e-05	5.999999999999513e-05	0.959284651574486	4.1037052228576344e-19	-1.9479047281417693e-18	-1.09910995235718e-19	1.1138749999999986	-1.472942861430182e-18	2.1141942363467337e-20	2.737068384439656e-19	0.9370430705441172	4508.942737219291	365638.29162668914	-1600844.8514503695	424563.56795831944	242642356.41256085	1601967.6911677655	-1563727.2030909294	1347643.6293731942	2953.165078459175	1599.565890624997	4319.94989632348	406765.9785358201	-1498184.470422103	406767.93835607043	269935227.79381734	1499235.303690456	-1498183.4018670358	1499229.1348391648	2763.7819212348422	-0.041567426895856095	0.0	0.0	0.0	0.1078449269507462	0.0	0.0	0.0	-0.06502603137098421	269957567.41539246	0.10827816629914745
204	1177.5	nan	nan	1	1	6.000000000000838e-05	6.000000000000867e-05	5.999999999999513e-05	0.9579614997098661	-6.69494841509799e-21	2.3512821464150013e-18	-4.0576266305270006e-20	1.1177500000000054	3.551141585650397e-18	-2.6964108029714496e-19	2.0984733048456938e-19	0.9350957717674648	4444.421220881662	366400.7959189801	-1604935.9936804054	427519.1669134283	244164462.5168429	1616390.1762288443	-1566626.3876440804	1352246.7493370236	2892.454665857091	1599.565890624997	4252.207418009944	409027.2665981781	-1498873.5065571384	409029.6762038426	272570157.64169127	1509570.7373680407	-1498872.4100882562	1509564.9294656534	2701.306273048854	-0.042947690013137876	0.0	0.0	0.0	0.11131773613195795	0.0	0.0	0.0	-0.06710632524119	272592504.82877034	0.11177020775452041
208	1216.25	nan	nan	1	1	6.000000000000838e-05	6.000000000000867e-05	5.999999999999513e-05	0.9566427729469623	-1.5891693343206282e-19	5.491592423856329e-18	1.5298092653770468e-19	1.1216249999999917	-1.768604793866979e-18	6.7220534694101274e-21	-4.2598303356955467e-19	0.933160880855014	4383.947570130207	367024.2262480192	-1608647.747757561	430323.9902694341	245605048.41529697	1629945.1181351198	-1569160.6220756073	1356063.9817410312	2833.837795572835	1599.565890624997	4188.525332249819	411138.7512246185	-1499213.4837675819	411141.5352225163	275125579.3989216	1519062.021076845	-1499212.5044363549	1519056.2697540743	2641.0554080937854	-0.04432523522211401	0.0	0.0	0.0	0.11477852663607749	0.0	0.0	0.0	-0.06917765907161055	275147920.4177452	0.11524999712580815
212	1255.0	nan	nan	1	1	6.000000000000838e-05	6.000000000000867e-05	5.999999999999513e-05	0.9553284573781922	1.9851741778209586e-19	2.964019004195184e-18	4.0576266305270005e-19	1.125500000000018	5.648693318649478e-18	-2.5912431922403557e-19	-1.2435798918408736e-19	0.9312382757080477	4314.943751063371	367614.1858683635	-1612063.5089664694	433100.11923720234	246967902.82235008	1642518.3092216353	-1571412.0535718966	1359014.0858683956	2773.2552064322317	1599.565890624997	4116.88581179042	413217.52228700457	-1499284.0928903054	413220.6209021782	277604806.37494266	1527608.285653651	-1499283.5042710123	1527602.7283581633	2579.239213221065	-0.0457000632058677	0.0	0.0	0.0	0.11822738136466582	0.0	0.0	0.0	-0.07124009921132765	277627135.20195705	0.11871761707551616
216	1293.75	nan	nan	1	1	6.000000000000838e-05	6.000000000000867e-05	5.999999999999513e-05	0.954018525016764	-1.2354483755472323e-19	-1.120956626132763e-18	3.4640259410911865e-19	1.1293749999999945	5.628960839110242e-18	-2.574980159653073e-19	1.4230153513872246e-19	0.9293278492896228	4239.451542837335	368048.2334499438	-1615083.523942313	435702.16360554687	248256678.69089857	1654644.083384466	-1573283.5280645303	1361551.0626830654	2708.7693928893736	1599.565890624997	4039.2669288232873	415125.085243878	-1498994.3951440302	415128.5425686878	280011057.077761	1535711.4168914873	-1498993.9288987205	1535706.3275704377	2514.068206062573	-0.04707218946581641	0.0	0.0	0.0	0.12166438236435158	0.0	0.0	0.0	-0.07329369683858178	280033373.43701875	0.1221731474119094
220	1332.5	nan	nan	1	1	6.000000000000838e-05	6.000000000000867e-05	5.999999999999513e-05	0.9527129512417297	-5.865533753146579e-20	2.518601646683827e-18	-6.899591575154628e-19	1.133250000000005	8.72262331808038e-18	-4.800847219765814e-19	7.515689459669517e-19	0.9274294922985886	4168.317652407018	368261.21214085777	-1617819.632968027	438049.3662544772	249474826.43502638	1667140.046376147	-1574884.7166983716	1364350.189173211	2645.493630292608	1599.565890624997	3966.0134022298344	416785.88910694805	-1498450.1676465268	416789.1706622514	282347377.1268454	1544131.5156990353	-1498449.5938753346	1544126.5273147672	2450.298100627713	-0.04844162611206179	0.0	0.0	0.0	0.12508961083882617	0.0	0.0	0.0	-0.07533850647522311	282369686.6674548	0.12561666784399603
224	1371.25	nan	nan	1	1	6.000000000000838e-05	6.000000000000867e-05	5.999999999999513e-05	0.9514117229314641	-4.3064510291124236e-19	-2.6008925915754767e-18	4.394271405083749e-19	1.137124999999977	7.76299597521346e-18	-2.3874131838130807e-19	2.6915318931952647e-19	0.9255430851110158	4101.553425025838	368281.62508146785	-1620540.8342744396	440172.29176529904	250625581.35731396	1680982.2142497504	-1576478.187257923	1368201.701928818	2587.5830928558753	1599.565890624997	3897.1177196475865	418229.74011603906	-1497901.5589922161	418232.5719494013	284616621.136918	1553768.8567349443	-1497901.0246982332	1553763.7591813873	2391.760001867576	-0.04980837329040843	0.0	0.0	0.0	0.1285031471600691	0.0	0.0	0.0	-0.07737459471772656	284638945.9750973	0.1290482592674722
228	1410.0	nan	nan	1	1	6.000000000000838e-05	6.000000000000867e-05	5.999999999999513e-05	0.9501148285591478	-3.620693155015342e-19	4.446475739688926e-18	4.6517694210490565e-19	1.1410000000000187	-1.0040471058736511e-17	-5.776629175002768e-19	-1.6094981250547313e-19	0.9236685074323026	4033.04118028766	368164.7650028129	-1623429.818690524	442134.54159165866	251711983.22422737	1696760.268813775	-1578241.4530949271	1373566.103597334	2531.058364650757	1599.565890624997	3826.756913802083	419517.410647522	-1497517.0579132468	419519.9945233185	286821470.8986982	1565160.0189207026	-1497516.668512989	1565154.924942252	2334.7501887675166	-0.05117242952447843	0.0	0.0	0.0	0.13190507087995515	0.0	0.0	0.0	-0.07940202989971666	286843849.0519736	0.1324680022844858
232	1448.75	nan	nan	1	1	6.000000000000838e-05	6.000000000000867e-05	5.999999999999513e-05	0.9488222583251661	1.1996697038552107e-19	3.2396503014953117e-18	-6.549665323984933e-19	1.1448750000000067	1.3717759567155596e-17	-3.9421590991572943e-19	-5.29849601693666e-19	0.9218056382375027	3977.4444046431427	368147.8635025363	-1626352.7685023565	444220.2516370198	252736838.74888438	1714441.5190222184	-1580044.1160852695	1380392.4969115856	2482.4592730350914	1599.565890624997	3768.831193309088	420918.5445952631	-1497172.4160936726	420921.31799876766	288964388.70968807	1578264.3230899272	-1497172.290970321	1578259.3310262219	2285.2788273522124	-0.05253379156489216	0.0	0.0	0.0	0.13529546074102045	0.0	0.0	0.0	-0.08142088216257716	288986846.34096175	0.13587597719694133
236	1487.5	nan	nan	1	1	6.000000000000838e-05	6.000000000000867e-05	5.999999999999513e-05	0.9475340117671048	-3.1273811665344376e-19	5.63882707887986e-18	-2.05239471251506e-19	1.1487499999999973	6.246739236992482e-18	-9.69276742202041e-20	1.2204321754583082e-18	0.9199543482794462	3904.8526909781967	368425.5192932021	-1628945.8297883035	446666.3072576705	253702775.66347235	1733749.2355857966	-1581532.6762631517	1388435.5554985588	2420.74749486623	1599.565890624997	3694.9864834073264	422657.53894702153	-1496533.0412209872	422660.2380478315	291047674.95927924	1592817.2495355285	-1496533.243202952	1592812.452295265	2223.971199208666	-0.05389244634569207	0.0	0.0	0.0	0.13867439468775739	0.0	0.0	0.0	-0.08343123160562	291070253.2793503	0.1392722651909699
240	1526.25	nan	nan	1	1	6.000000000000838e-05	6.000000000000867e-05	5.999999999999513e-05	0.9462501055218546	-9.40708014957048e-19	1.2422300601361292e-17	2.6516874633564223e-19	1.1526249999999856	1.5448092024333836e-17	1.9992688060632703e-19	4.2869353900076847e-19	0.9181144938985565	3813.5661981175654	369063.88058260566	-1630958.3469041213	449558.3800674769	254612425.11286408	1754258.240136936	-1582463.9925842972	1397336.6548472263	2351.617841005375	1599.565890624997	3603.681589321236	424813.94007069396	-1495370.7924132054	424816.34601595293	293073674.21705943	1608420.312897898	-1495371.0148403298	1608415.5648441717	2156.11921728861	-0.05524836271465423	0.0	0.0	0.0	0.14204194987715574	0.0	0.0	0.0	-0.08543317511627374	293096402.7652013	0.1426569489159777
244	1565.0	nan	nan	1	1	6.000000000000838e-05	6.000000000000867e-05	5.999999999999513e-05	0.9449705682152317	-7.194765616613808e-19	9.632594201447463e-19	3.022484606346465e-19	1.1564999999999848	-3.554014721407484e-18	3.252606517456513e-20	-3.306274524994546e-19	0.9162859214420924	3711.61466836229	370006.28747137805	-1632414.9558568783	452833.57755505573	255468358.53870416	1775320.8526964174	-1582862.833201603	1406568.5302417695	2287.7249709543757	1599.565890624997	3502.5652252286136	427326.4824948172	-1493711.228313125	427328.611205226	295044702.5890445	1624474.6361926664	-1493711.1772772046	1624469.6448911445	2093.3405836220913	-0.05660149671918849	0.0	0.0	0.0	0.14539820268934345	0.0	0.0	0.0	-0.08742682170164308	295067591.52435863	0.1460301119663526
248	1603.75	nan	nan	1	1	6.000000000000838e-05	6.000000000000867e-05	5.999999999999513e-05	0.9436954163158694	-4.5775015722338e-19	1.6503183368488106e-18	3.8559650264446968e-19	1.160375000000031	2.0529368136013025e-18	-4.2674197509029454e-19	4.743384504624082e-20	0.9144684901381278	3592.612000332323	370832.66420188773	-1633265.735027821	455980.287777833	256273027.09630543	1796238.7993546764	-1582682.3812278488	1415575.2705238163	2219.9719454552746	1599.565890624997	3385.658944620692	429711.90924845036	-1491511.6222182673	429713.4618887135	296962976.54750305	1640339.9569704742	-1491511.6800817854	1640334.3364879997	2027.2965302787295	-0.05795181710782464	0.0	0.0	0.0	0.1487432287379867	0.0	0.0	0.0	-0.08941226758066831	296986029.8046859	0.14939183552579005
252	1642.5	nan	nan	1	1	6.000000000000838e-05	6.000000000000867e-05	5.999999999999513e-05	0.9424246539541858	-3.1989385099184807e-19	-4.9442329570770215e-18	7.101795280323176e-19	1.1642500000000082	-3.339993212558845e-18	2.3960868011929648e-20	3.0265503644932857e-19	0.9126620727488288	3455.9578852281757	371257.6214232479	-1633359.405427271	458643.96718696266	257028806.17825714	1816655.7926381314	-1581776.9175395002	1424081.0269917315	2150.839273290797	1599.565890624997	3252.4617050339184	431637.0702242018	-1488637.2163781386	431637.76558056514	298830662.2142786	1655692.8091173049	-1488637.5994897676	1655686.3126368457	1960.2662941355682	-0.05929930560974298	0.0	0.0	0.0	0.1520771028803566	0.0	0.0	0.0	-0.09138959532566517	298853873.89969414	0.15274219812449946
256	1681.25	nan	nan	1	1	6.000000000000838e-05	6.000000000000867e-05	5.999999999999513e-05	0.9411582833384622	-1.331942368898442e-19	-1.3573669098432272e-17	-6.78168458889683e-20	1.1681250000000096	7.296355360175699e-18	4.44739731153554e-19	3.7464606070236603e-19	0.9108665451264029	3302.372090798446	371500.38297185936	-1632691.2437658417	461090.3456803687	257737959.33415163	1836522.307758074	-1580142.8672209964	1432055.2603675595	2077.2601452868807	1599.565890624997	3103.7157154016027	433353.0380508276	-1485087.6139759796	433353.151238054	300649831.91938126	1670491.3084186648	-1485088.3288526572	1670484.1399422176	1889.4652155150068	-0.060643945956028754	0.0	0.0	0.0	0.15539989922769828	0.0	0.0	0.0	-0.09335888517951794	300673197.4632187	0.1560812773382457
260	1720.0	nan	nan	1	1	6.000000000000838e-05	6.000000000000867e-05	5.999999999999513e-05	0.9398963057609617	5.676882575134101e-19	1.958069123508821e-18	-7.887570804832045e-20	1.1720000000000024	2.0161498338888694e-17	-3.3512689151526944e-19	-2.1174468428641902e-19	0.9090817847728022	3122.6307864422483	371957.2600413295	-1631266.4611062305	463810.4665737542	258402559.72114092	1855622.4458138847	-1577786.6667532835	1439338.4131428432	1991.6282250940526	1599.565890624997	2930.8262291836195	435321.5244543549	-1480871.4244512024	435321.3600231677	302422370.2696799	1684542.85065883	-1480872.6561763326	1684534.9171177186	1808.0095416613754	-0.061985722823269675	0.0	0.0	0.0	0.1587116911548227	0.0	0.0	0.0	-0.09532021660461118	302445891.67349005	0.15940915014318296
264	1750.0	nan	nan	1	1	6.000000000000838e-05	6.000000000000867e-05	5.999999999999513e-05	0.9389222552385178	-1.0018028073766061e-18	3.4567075764269095e-18	-2.637863885657232e-19	1.1750000000000136	1.0075490788907792e-18	-2.9999874112673907e-19	-7.954249238439903e-19	0.9077072507993513	1632.8087384209975	372693.89154470543	-1629537.233668375	466401.7800040152	258887643.1752489	1870016.6846083992	-1575362.996091771	1444615.930084308	1159.6483680851125	1599.565890624997	1530.9169966493869	437297.3412456395	-1477055.4123401647	437297.0302487299	303763706.91953313	1695032.3123020835	-1477056.0261342542	1695028.3320411958	1051.1357845046557	-0.06302259847473596	0.0	0.0	0.0	0.16126814759613367	0.0	0.0	0.0	-0.09683336338037908	303788320.1508405	0.1619779796864657
268	1780.0	nan	nan	1	1	6.000000000000838e-05	6.000000000000867e-05	5.999999999999513e-05	0.9379508966818537	-6.563217851141001e-19	-5.948421009233096e-18	1.443615192664449e-19	1.178000000000008	5.245586950919367e-18	5.290906601729262e-19	2.461138931542095e-20	0.9063391443950086	1512.092898047618	373721.439176734	-1627152.8597995508	469367.4885084599	259348910.7644538	1883739.7701769387	-1572313.691747338	1449323.5854315867	1109.2544389384966	1599.565890624997	1416.2582273176704	439619.7270786877	-1472661.5926019566	439619.5287299074	305079894.8531987	1704886.6634067544	-1472662.2978896147	1704882.7610203773	1003.9354316405118	-0.06405768029941429	0.0	0.0	0.0	0.16381808522940208	0.0	0.0	0.0	-0.09834171142191751	305104588.27149105	0.16454011215480024
272	1810.0	nan	nan	1	1	6.000000000000838e-05	6.000000000000867e-05	5.999999999999513e-05	0.9369821288443492	-4.607859233063394e-20	1.2262163940485182e-17	-1.0698364937000715e-19	1.1809999999999925	9.246726648259873e-18	1.6479873021779667e-20	-4.2733828628516157e-19	0.9049773496524233	1339.5452820643904	374972.6968323413	-1623846.4855860278	472626.66960443533	259786233.51251206	1896823.3479660572	-1568381.0590510783	1453495.693195911	1027.0182054112386	1599.565890624997	1253.3425732982403	442212.10747654294	-1467451.5269565866	442212.09556911077	306370620.54234564	1714137.6004734605	-1467452.2606909822	1714133.8532806078	928.1046251111842	-0.06509106966375641	0.0	0.0	0.0	0.1663615372152187	0.0	0.0	0.0	-0.09984536360378908	306395415.24820477	0.16709563743357983
276	1840.0	nan	nan	1	1	6.000000000000838e-05	6.000000000000867e-05	5.999999999999513e-05	0.9360159301882934	6.468892262134762e-19	-1.1298362419254194e-17	-5.64706701539075e-19	1.1840000000000097	-7.70607536115797e-18	-6.849989325763417e-19	9.54314752221741e-19	0.9036218334334625	1152.4567535120673	376369.0124296828	-1619545.7874275502	476082.7775201508	260200461.66698933	1909539.571885991	-1563496.6632335691	1457346.1093711278	928.7289983398786	1599.565890624997	1077.1748850090266	444983.49577412824	-1461363.608934069	444983.64868549333	307636673.6123132	1723033.4960804947	-1461364.45753663	1723029.6461294037	838.0193825155477	-0.06612278321743646	0.0	0.0	0.0	0.1688985364618225	0.0	0.0	0.0	-0.10134433196056684	307661569.04503304	0.16964458673146698
280	1870.0	nan	nan	1	1	6.000000000000838e-05	6.000000000000867e-05	5.999999999999513e-05	0.9350522782207741	4.150325916274511e-19	-2.965943463051346e-18	7.291259609965017e-20	1.1870000000000134	7.86480255920985e-18	-3.1051550219984846e-19	5.785302792382652e-19	0.9022725637023228	959.4141830355198	377893.24547298165	-1614305.798652487	479716.33448067645	260592398.2153357	1922192.4116900607	-1557714.861754001	1461109.8392000715	819.0514301232729	1599.565890624997	895.8136254948804	447914.87472289975	-1454451.3366897472	447915.44298479205	308878797.9109499	1731849.8916941187	-1454452.3340066553	1731845.8014843978	737.9459631222517	-0.06715283872091035	0.0	0.0	0.0	0.17142911562754226	0.0	0.0	0.0	-0.10283862751223104	308903792.8404011	0.17218699098452406
284	1900.0	nan	nan	1	1	6.000000000000838e-05	6.000000000000867e-05	5.999999999999513e-05	0.9340911477391969	5.220433460517704e-19	4.6549136073492645e-18	2.228577565543954e-19	1.1899999999999777	-4.887366553130157e-18	3.3046482217358176e-19	-4.809520837145698e-19	0.900929511427318	775.849146649711	379553.4972094128	-1608209.1344658593	483539.44324522157	260962817.1671444	1934962.471493978	-1551116.5136947515	1464924.9992696703	711.1341461693576	1599.565890624997	723.6682387970443	451017.01658926735	-1446792.6933268139	451018.266622085	310097712.4563747	1740749.6982964752	-1446793.8264567037	1740745.659189927	639.7573951069165	-0.06818125692888681	0.0	0.0	0.0	0.1739533071234195	0.0	0.0	0.0	-0.10432825814418434	310122796.59252584	0.17472288050474977
288	1930.0	nan	nan	1	1	6.000000000000838e-05	6.000000000000867e-05	5.999999999999513e-05	0.9331325071932711	-3.686287386450715e-19	-1.0149108116419558e-17	5.230733381156316e-19	1.1929999999999856	5.697482416411326e-19	2.3071822230491536e-19	4.774826367626161e-19	0.8995926536908193	588.1292434105663	381316.4524881594	-1601433.2508304145	487510.955393345	261312432.68991506	1947853.2225835708	-1543873.652682331	1468793.5533165259	598.2569039201061	1599.565890624997	548.0074092984254	454251.45255493064	-1438550.389265178	454253.2422302936	311294074.37184304	1749735.7508506966	-1438551.4921588341	1749732.0158722175	537.407788659676	-0.06920806550387548	0.0	0.0	0.0	0.176471143115767	0.0	0.0	0.0	-0.10581322512549639	311319249.1382407	0.17725228461920053
292	1960.0	nan	nan	1	1	6.000000000000838e-05	6.000000000000867e-05	5.999999999999513e-05	0.9321763252746128	-3.0813025742038037e-19	-5.1243731480354885e-18	4.540638698369292e-19	1.196000000000009	6.993104012531504e-20	-8.901299836105992e-19	3.002155815612362e-19	0.898261967460569	372.24604628575815	383104.9077353655	-1594190.7753888255	491533.36355015496	261641895.58520097	1960822.5403171475	-1536192.1089037813	1472682.9877043287	462.41746893408117	1599.565890624997	346.494146353271	457526.90154815384	-1429917.7041794402	457529.1931420979	312468473.7397635	1758769.9718496609	-1429918.675350076	1758766.517270694	414.76775286785835	-0.0702332919819445	0.0	0.0	0.0	0.1789826555284472	0.0	0.0	0.0	-0.10729352999285327	312493761.54110134	0.1797752325862947
296	1990.0	nan	nan	1	1	6.000000000000838e-05	6.000000000000867e-05	5.999999999999513e-05	0.9312225765959515	-8.729995892853281e-19	4.347217030797878e-18	4.423002762654616e-19	1.1990000000000112	-2.5297689290604273e-18	-7.22078646875346e-20	-7.555804940051481e-19	0.8969374241083261	80.5066096528591	384889.0050321097	-1586658.3053283682	495568.901698803	261951812.65919483	1973800.770183212	-1528242.773081973	1476540.746451093	267.2140260844773	1599.565890624997	74.8600666766367	460807.8442917923	-1421054.4854849272	460810.87234961055	313621455.85255337	1767789.8439147368	-1421055.443575654	1767786.4253990806	239.32417526610735	-0.07125695767262326	0.0	0.0	0.0	0.18148787604538724	0.0	0.0	0.0	-0.10876918066298734	313646918.5059827	0.18229175443888607
300	2020.0	nan	nan	1	1	6.000000000000838e-05	6.000000000000867e-05	5.999999999999513e-05	0.9302712423585243	1.3118846287074603e-19	3.015383082116685e-18	-1.6680450423689485e-19	1.2019999999999893	-1.0409425058033329e-18	5.377642775528102e-20	-2.1293730667615307e-19	0.8956189899020298	-251.56441633874462	386751.0836280424	-1578956.1148529625	499723.55179211346	262242834.39695898	1986628.0382514126	-1520141.686056872	1480248.1287506153	31.045203247415717	1599.565890624997	-233.67994907291828	464193.06737777503	-1412069.2512783788	464196.7088702738	314753625.3929188	1776652.5238755865	-1412070.2639559784	1776648.982904461	27.763898244534246	-0.07227907690886688	0.0	0.0	0.0	0.18398683611300767	0.0	0.0	0.0	-0.11024019092937011	314779299.2371853	0.18480188058014316
