6	header
postResults v2.0.3	--cr f,p,texture --time RVE_1_40_D_tensionX.spectralOut
addCauchy v2.0.3	RVE_1_40_D_tensionX.txt
addStrainTensors v2.0.3	--left --logarithmic RVE_1_40_D_tensionX.txt
addMises v2.0.3	-s Cauchy RVE_1_40_D_tensionX.txt
addMises v2.0.3	-e ln(V) RVE_1_40_D_tensionX.txt
inc	time	elem	node	ip	grain	1_pos	2_pos	3_pos	1_f	2_f	3_f	4_f	5_f	6_f	7_f	8_f	9_f	1_p	2_p	3_p	4_p	5_p	6_p	7_p	8_p	9_p	texture	1_Cauchy	2_Cauchy	3_Cauchy	4_Cauchy	5_Cauchy	6_Cauchy	7_Cauchy	8_Cauchy	9_Cauchy	1_ln(V)	2_ln(V)	3_ln(V)	4_ln(V)	5_ln(V)	6_ln(V)	7_ln(V)	8_ln(V)	9_ln(V)	Mises(Cauchy)	Mises(ln(V))
0	0.0	nan	nan	1	1	6.000000000000838e-05	6.000000000000867e-05	5.999999999999513e-05	1.0	0.0	0.0	0.0	1.0	0.0	0.0	0.0	1.0	2.7716487604837305e-06	-1.193192284640359e-09	-2.8066754232013673e-08	-1.19319228464005e-09	2.7018729684353462e-06	-1.6832583398956398e-08	-2.8066754232013544e-08	-1.6832583398956544e-08	2.6991213888906947e-06	1599.565890624997	2.7716487604837305e-06	-1.193192284640359e-09	-2.8066754232013673e-08	-1.19319228464005e-09	2.7018729684353462e-06	-1.6832583398956398e-08	-2.8066754232013544e-08	-1.6832583398956544e-08	2.6991213888906947e-06	0.0	0.0	0.0	0.0	0.0	0.0	0.0	0.0	0.0	9.102600058541354e-08	0.0
4	3.0	nan	nan	1	1	6.000000000000838e-05	6.000000000000867e-05	5.999999999999513e-05	0.9998904999999914	2.3166020235160093e-23	-1.3201802576346322e-23	-1.3036366453835716e-23	1.0002964000000167	1.1695010372519725e-22	-4.4601578628859255e-24	-4.84396966711053e-23	0.9999072045656956	-834078.1617085076	-779.16011545629	4406.589430579674	-779.4764111873808	20707817.6562782	856.1134459326796	4406.663048802806	855.7803492131775	-0.0002804605298970273	1599.565890624997	-833908.3970877638	-779.3177599622836	4405.766135881506	-779.3177599681079	20712007.390351947	855.9534960049248	4405.766135880769	855.9534959999734	-0.000280408130718264	-0.00010950599557132536	0.0	0.0	0.0	0.00029635608221489923	0.0	0.0	0.0	-9.279974006731269e-05	21141301.57993975	0.00026518143858877757
8	6.0	nan	nan	1	1	6.000000000000838e-05	6.000000000000867e-05	5.999999999999513e-05	0.9997809999999978	9.324972481432792e-23	-6.397745729730138e-22	-8.973255284975245e-24	1.0005927999999777	3.3947492339176255e-23	-5.4660094877504066e-24	1.5220123270975708e-23	0.9998143509175599	-1664680.4663748748	-1558.1898514633956	8812.081263598004	-1559.4550670785225	41435234.47767521	1713.9498958615736	8812.375218968702	1712.6164635872244	-0.0005374521262165217	1599.565890624997	-1664003.1490941013	-1558.8205633968662	8808.7896816005	-1558.8205634083845	41452006.308673	1713.3096831294074	8808.7896815992	1713.3096831201512	-0.0005372513714015971	-0.0002190239840039183	0.0	0.0	0.0	0.0005926243634656573	0.0	0.0	0.0	-0.00018566631736437932	42308560.02548562	0.0005303294903989425
12	9.0	nan	nan	1	1	6.000000000000838e-05	6.000000000000867e-05	5.999999999999513e-05	0.9996714999999893	1.6801030857687055e-22	2.9169697121069967e-22	-2.5781565332052766e-23	1.000889199999972	4.093022019810389e-22	1.4320150764518016e-23	1.3232242822888272e-22	0.9997214390393795	-2491807.9990791837	-2337.0891699896965	13216.475518313382	-2339.9359786658506	62182256.96990282	2573.5103913484727	13217.135753290395	2570.5078162587147	-0.0006166158297128277	1599.565890624997	-2490287.94887375	-2338.5085732600755	13209.07304945436	-2338.5085732773186	62220022.62302209	2572.0689835764892	13209.073049452674	2572.0689835636613	-0.0006162704668760327	-0.0003285539679550299	0.0	0.0	0.0	0.0008888048958522346	0.0	0.0	0.0	-0.00027859976593149887	63501803.765897684	0.0007954442043348155
16	12.0	nan	nan	1	1	6.000000000000838e-05	6.000000000000867e-05	5.999999999999513e-05	0.9995619999999978	2.3027384764496207e-22	-6.491184051724127e-22	9.052664623780336e-24	1.001185600000009	-8.392773018310032e-22	1.2679024429212808e-23	-3.5342449724185682e-22	0.9996284319535005	-3313385.209143428	-3110.971776481799	17523.90245048296	-3116.0249653637975	82938882.27958636	3554.3718227546574	17525.06710648443	3548.8436188085966	-1.307927318088754	1599.565890624997	-3310691.6588075	-3113.491853288415	17510.820454354147	-3113.491855096674	83006067.83079563	3551.7184024587486	17510.820453163957	3551.7183985033776	-1.3069509202709533	-0.0004380959500205881	0.0	0.0	0.0	0.0011848977313475564	0.0	0.0	0.0	-0.00037163709501055955	84709955.51502916	0.0010605371736201379
20	15.0	nan	nan	1	1	6.000000000000838e-05	6.000000000000867e-05	5.999999999999513e-05	0.9994525000000012	9.703821201982078e-23	1.842826055870137e-22	-3.917527381051139e-23	1.0014820000000133	-1.300195574035351e-22	-4.624270496416446e-23	-4.2139889125901444e-23	0.9995329046223045	-4008546.307519229	-3530.069321930009	14907.898880098353	-3537.2371880563974	103061599.19281913	12073.557361388172	14909.098428156321	12050.059884650216	168.02834153329496	1599.565890624997	-4004484.909320769	-3533.6536469086113	14893.992528990862	-3533.6533130950056	103166244.80474144	12062.294934057916	14893.992756211557	12062.295148804915	167.87160173165256	-0.0005476499328518011	0.0	0.0	0.0	0.0014809029217930322	0.0	0.0	0.0	-0.0004672045007231222	105225577.35649386	0.0013263668573547153
24	18.0	nan	nan	1	1	6.000000000000838e-05	6.000000000000867e-05	5.999999999999513e-05	0.999342999999997	-4.1674021004911576e-22	-5.366641935125637e-21	-8.639736061993863e-23	1.0017783999999856	-4.166766825780717e-21	1.4240741425712925e-23	1.6390087529370712e-22	0.9994147995700627	-3942139.9819516833	923.4217906574381	-59180.77695101031	925.6636831051684	117579593.10458961	77819.4283794213	-59185.03090289509	77635.8076557112	6104.67475692568	1599.565890624997	-3937445.9209521837	924.5699363543054	-59114.55495904648	924.5614589798429	117725786.86482818	77732.35014513184	-59114.55696067401	77732.33691177226	6097.843759707959	-0.0006572159190807539	0.0	0.0	0.0	0.0017768205190614279	0.0	0.0	0.0	-0.0005853717265404616	119740294.30134396	0.001599280892247606
28	21.0	nan	nan	1	1	6.000000000000838e-05	6.000000000000867e-05	5.999999999999513e-05	0.9992334999999984	6.153694361802492e-22	-2.5552866436294106e-21	-5.124549330888517e-22	1.0020748000000075	-1.5405835244661214e-20	-7.962109704190423e-23	1.4831546906422798e-21	0.9992647010377059	-3520902.501927784	15679.016859032597	-210768.81169783452	15723.599142893903	124866870.93421939	210326.94270515098	-210775.38979286051	209737.1295760916	5093.537283286707	1599.565890624997	-3516197.9154767133	15702.590142529702	-210493.75747035615	15702.589463855866	125054607.33213218	210052.46511865407	-210493.75431942844	210052.46776724342	5086.890194700398	-0.0007667939113248422	0.0	0.0	0.0	0.0020726505750585772	0.0	0.0	0.0	-0.0007355694271656464	126847873.5116346	0.0018826411436275385
32	24.0	nan	nan	1	1	6.000000000000838e-05	6.000000000000867e-05	5.999999999999513e-05	0.9991240000000052	5.336307567702092e-23	-1.2937157719888556e-20	-1.1689054672109344e-21	1.002371199999995	1.0009388337704067e-20	-6.945140771893229e-22	1.723712047662501e-22	0.9990988544382443	-3307243.225857643	37438.047079093165	-353515.3029151522	37559.72725267246	128965617.46537124	367342.7624546649	-353506.400333609	366143.5511111535	2056.8173045987473	1599.565890624997	-3302395.5811236342	37504.668728351455	-352988.24810361053	37504.6734808169	129195114.00174253	366795.0923288168	-352988.24266482395	366795.109863371	2053.7508023910304	-0.000876383912215877	0.0	0.0	0.0	0.0023683931414814224	0.0	0.0	0.0	-0.0009015518375112706	130879562.04797517	0.002171622625202113
36	27.0	nan	nan	1	1	6.000000000000838e-05	6.000000000000867e-05	5.999999999999513e-05	0.9990144999999888	-1.6940658945086007e-24	-2.4835006013496085e-21	-2.668153783851046e-22	1.0026676000000052	3.0346649401279817e-20	-1.793592265810981e-22	2.0142443485707263e-21	0.9989263804916094	-3259537.7542890445	66377.6147746178	-469780.6945247872	66620.34838707696	131783632.30260429	517401.5823372158	-469739.2562993223	515471.02787939465	760.968328867586	1599.565890624997	-3254359.688877423	66514.50571512	-468993.03428688995	66514.5160428314	132055410.45296347	516534.0782907918	-468993.0337429725	516534.0867742893	759.6924473723824	-0.0009859859244147624	0.0	0.0	0.0	0.0026640482701194845	0.0	0.0	0.0	-0.0010741962506528703	133717440.1529837	0.0024632860969764593
40	30.0	nan	nan	1	1	6.000000000000838e-05	6.000000000000867e-05	5.999999999999513e-05	0.998905000000007	1.311207002349657e-21	-6.542461308768535e-20	7.555533889508359e-22	1.002963999999994	4.678417077569677e-20	-1.755264024947724e-21	3.802330900224554e-21	0.9987506681573519	-3276914.8637842597	97670.2151987643	-565788.1547166286	98067.10227630813	133944567.68442121	645734.7494993869	-565700.7457137532	643022.0946056057	293.12461104079057	1599.565890624997	-3271317.753154064	97899.59039747677	-564734.4988293108	97899.599474606	134259131.97371396	644532.2106784804	-564734.5046641801	644532.2102578187	292.5787309802659	-0.0010955999504968104	0.0	0.0	0.0	0.0029596160126165	0.0	0.0	0.0	-0.001250112908282718	135932386.83050668	0.002756425557737494
44	33.0	nan	nan	1	1	6.000000000000838e-05	6.000000000000867e-05	5.999999999999513e-05	0.9987954999999973	-3.203478606515764e-21	3.298219241666157e-20	-2.0667603913004928e-21	1.003260400000025	-7.863430365835297e-20	-1.5466821616863525e-21	-3.7100043089738355e-22	0.998573096970383	-3297743.527437589	126272.34693124096	-644403.1038924986	126836.82808052993	135680684.0559718	747843.9167459562	-644259.626526238	744349.9367732328	187.6105606531134	1599.565890624997	-3291723.476417801	126605.27884848102	-643083.5139826669	126605.28667354057	136038422.16231897	746312.5037519685	-643083.5266296243	746312.5030640325	187.22637721060622	-0.0012052259931587784	0.0	0.0	0.0	0.003255096420677338	0.0	0.0	0.0	-0.0014279220251993594	137724447.59420893	0.0030504910833240115
48	36.0	nan	nan	1	1	6.000000000000838e-05	6.000000000000867e-05	5.999999999999513e-05	0.9986859999999971	9.486769009248163e-21	-6.965151925272112e-21	-5.753047777751208e-21	1.0035568000000035	-5.57822017743792e-20	9.313127255061032e-22	-5.3735770173812816e-21	0.9983943344237791	-3292417.110358009	150450.72040252757	-706909.5271605363	151184.50509217163	137104208.3334656	824271.1616727142	-706703.0892931786	820030.9781793562	175.05115328781974	1599.565890624997	-3286024.4016189016	150890.9531677974	-705330.9074606398	150890.9582921991	137505387.96626022	822430.4583805975	-705330.9220180585	822430.4648961028	174.6602415962208	-0.0013148640549980435	0.0	0.0	0.0	0.003550489545805707	0.0	0.0	0.0	-0.0016069560387447072	139190309.46336436	0.003345186536749372
52	39.0	nan	nan	1	1	6.000000000000838e-05	6.000000000000867e-05	5.999999999999513e-05	0.9985764999999884	4.428288248245482e-21	-2.477529019071466e-20	-3.6253010142484054e-22	1.0038531999999725	2.186903544539043e-19	3.3406979439709605e-21	-1.0525231402581936e-20	0.9982147739479875	-3253237.6871349886	170228.84764362045	-756114.0854372088	171128.37436392243	138291260.99679232	879156.2868916036	-755840.2021635614	874218.2670713515	162.12560394077136	1599.565890624997	-3246546.246525859	170776.38830104237	-754285.5351514206	170776.3879849003	138736074.48763153	877030.1772070862	-754285.5479055062	877030.1879138438	161.73352710325543	-0.0014245141386684237	0.0	0.0	0.0	0.0038457954395924297	0.0	0.0	0.0	-0.0017868214671077922	140402035.15285304	0.0036403236384998684
56	42.0	nan	nan	1	1	6.000000000000838e-05	6.000000000000867e-05	5.999999999999513e-05	0.9984669999999991	-1.7005033449077334e-20	-9.776623683798585e-20	3.9979955110402974e-21	1.0041496000000092	1.4180602086457868e-19	1.3179832659276914e-21	2.510605655661746e-21	0.998034674250977	-3184023.5744228843	186521.87265548558	-795686.5340740146	187583.42935296535	139301168.43007642	917721.030867869	-795342.019061045	912132.4347258249	141.9037104624511	1599.565890624997	-3177109.8056154903	187176.11173427274	-793615.0094925348	187176.1118716934	139789777.44311157	915331.7964231813	-793615.0183922165	915331.80579867	141.53427223289975	-0.0015341762467788002	0.0	0.0	0.0	0.004141014153619332	0.0	0.0	0.0	-0.0019672595357686207	141420974.8148286	0.003935771975114707
60	45.0	nan	nan	1	1	6.000000000000838e-05	6.000000000000867e-05	5.999999999999513e-05	0.9983574999999979	-1.0965688535154172e-20	1.0385259208048163e-19	-3.930232875259953e-21	1.0044459999999842	-8.678699577567562e-21	-7.436949276892756e-21	1.2654672231979247e-21	0.9978542093621023	-3092446.976231634	200480.30344180818	-828566.8069611497	201702.93931516862	140179251.91781795	944250.3688077016	-828149.1174646058	938053.6252593967	119.6315959283181	1599.565890624997	-3085379.39275757	201241.95719474726	-826256.4308403339	201241.96055901507	140711813.2292008	941617.4205821193	-826256.4373114327	941617.4270487546	119.29801512323908	-0.0016438503819979598	0.0	0.0	0.0	0.004436145739216959	0.0	0.0	0.0	-0.0021480961453099676	142296508.68077055	0.004231439414083456
64	48.0	nan	nan	1	1	6.000000000000838e-05	6.000000000000867e-05	5.999999999999513e-05	0.9982480000000006	2.6071674116487363e-21	-1.0159736685841705e-19	-6.7508525896167735e-21	1.004742400000015	1.6749907125364338e-19	1.2993485410880967e-21	7.750351467376848e-21	0.9976734973010569	-2986114.3092533243	212631.6421572227	-856403.3835791657	214014.9839011868	140958846.13141456	961846.0222506437	-855910.5186834326	955078.9241543837	96.90451415904693	1599.565890624997	-2978950.3385443473	213501.5385190424	-853857.1037257102	213501.54170937274	141535522.23743528	958986.2377197285	-853857.1083815052	958986.243276522	96.61639524587677	-0.0017535365469485255	0.0	0.0	0.0	0.0047311902479168725	0.0	0.0	0.0	-0.002329213211172139	143065981.39888144	0.004527260202395973
68	51.0	nan	nan	1	1	6.000000000000838e-05	6.000000000000867e-05	5.999999999999513e-05	0.9981385000000077	1.1265538198482195e-21	1.2149840595415684e-19	1.5602346888424213e-21	1.0050387999999808	4.682059319242871e-20	1.318322079106593e-20	1.894643296418419e-20	0.9974926199046932	-2871133.9312047134	223049.88563783222	-880081.8942968858	224591.86689601914	141664005.29053974	972808.3827083446	-879512.4105263271	965504.206668874	76.0137232914801	1599.565890624997	-2863920.3295815038	224027.58966903805	-877302.6693842944	224027.58940342543	142284967.13794556	969736.3353114818	-877302.6730831338	969736.3422393852	75.77367831971155	-0.001863234744269221	0.0	0.0	0.0	0.005026147730964182	0.0	0.0	0.0	-0.002510528837274533	143756658.5218039	0.004823186457729906
72	54.0	nan	nan	1	1	6.000000000000838e-05	6.000000000000867e-05	5.999999999999513e-05	0.9980289999999917	9.83066438583341e-21	1.261570871640555e-20	5.6751207466038124e-21	1.0053352000000044	-1.090978436063539e-19	-6.435756333238174e-21	-2.0515137982499153e-20	0.9973116343632717	-2752059.490379642	231827.64854975767	-900259.7044490249	233524.76883959593	142311884.68644342	978941.7894475609	-899612.6174381543	971128.8767203359	57.65372331915685	1599.565890624997	-2744833.7391807325	232911.6348728064	-897250.6091492962	232911.63097527417	142977310.65082872	975669.7012681421	-897250.6129205443	975669.7087861738	57.461017206693754	-0.0019729449766277816	0.0	0.0	0.0	0.005321018239806516	0.0	0.0	0.0	-0.0026919857812634836	144388088.4113948	0.00511918293226808
76	57.0	nan	nan	1	1	6.000000000000838e-05	6.000000000000867e-05	5.999999999999513e-05	0.9979194999999926	1.6703489719854802e-21	1.835350990110618e-20	6.46455545344482e-21	1.0056315999999894	-1.4624362647524397e-19	-1.346274166365985e-20	-1.8939656700606157e-21	0.9971305811780931	-2632180.6312051606	239232.39020012412	-917536.932703213	241081.21446416405	142914736.79806462	981666.1213268533	-916811.5662559775	973367.6997815839	40.97476260821644	1599.565890624997	-2624972.399878203	240421.01945790363	-914300.8713252717	240421.01313077533	143624810.53592235	978203.8826876956	-914300.87615574	978203.8899210967	40.83024870145074	-0.0020826672466251815	0.0	0.0	0.0	0.005615801825622517	0.0	0.0	0.0	-0.002873543496263347	144974252.82340792	0.0054152233008810235
80	60.0	nan	nan	1	1	6.000000000000838e-05	6.000000000000867e-05	5.999999999999513e-05	0.9978099999999953	-3.0781177303221273e-21	-3.710792049614782e-19	-7.740187072009796e-21	1.0059280000000144	4.783364459734485e-20	-1.0089856467693226e-20	1.4399560103323105e-21	0.9969494905122847	-2513722.6119758924	245605.21073451138	-932430.8123410782	247603.4024268143	143481479.9734652	982018.6959199883	-931626.6910729748	973253.5982845342	25.279399168281934	1599.565890624997	-2506555.3498319527	246897.42963011775	-928970.3812467289	246897.42218680307	144236388.54823357	978374.2345984433	-928970.3865613316	978374.2416379834	25.185582428454612	-0.002192401556918436	0.0	0.0	0.0	0.005910498539725067	0.0	0.0	0.0	-0.00305517177576641	145525238.37587672	0.005711287199393482
84	87.1	nan	nan	1	1	6.000000000000838e-05	6.000000000000867e-05	5.999999999999513e-05	0.9968208500000011	-4.469623456071492e-20	-1.481799437926673e-20	-2.6256327298988803e-20	1.0086054799999646	-1.4710590601554885e-19	1.6019087098473327e-20	1.0953830073892612e-20	0.995314376710777	-1665318.4593785333	280200.9980051397	-1002626.025266943	283512.91674545966	147621357.22047377	943335.5501917587	-1001110.5559451613	930904.321647775	-9371.424835642563	1599.565890624997	-1658882.7661683445	282417.9441262833	-997241.9440452848	282417.2691574419	148789335.19920275	938269.8576069708	-997241.722106648	938269.6227699181	-9321.100476204227	-0.003184214233513872	0.0	0.0	0.0	0.008568663919538007	0.0	0.0	0.0	-0.004696635234042497	149649849.75892207	0.00838498292315637
88	114.2	nan	nan	1	1	6.000000000000838e-05	6.000000000000867e-05	5.999999999999513e-05	0.9958316999999911	5.552978595609743e-20	2.9249402921406595e-19	1.0781035352652735e-20	1.0112829600000068	-1.1249952792252716e-19	-8.246712774467869e-21	-4.3456178325934626e-20	0.9936849571776217	-1112370.3070848628	301553.6546951446	-1034778.0162484602	306233.1468406768	150970783.96179527	901825.4999628209	-1032547.7302046574	886131.877611639	12171.95348032588	1599.565890624997	-1106949.9442551804	304740.33037266665	-1027515.9147271988	304740.93264205987	152566171.44185698	895496.4629786995	-1027516.3271718476	895496.0980662598	12086.530364934748	-0.004177011579198662	0.0	0.0	0.0	0.011219782184513201	0.0	0.0	0.0	-0.006335067052396884	153135777.5330171	0.011054322365867368
92	141.3	nan	nan	1	1	6.000000000000838e-05	6.000000000000867e-05	5.999999999999513e-05	0.99484255	-9.463052086725044e-21	-1.168837704575154e-19	-1.4834935038211816e-20	1.0139604399999977	-1.4770221721041588e-19	1.7489536294906793e-20	-4.6159907493570353e-20	0.9920626350154259	-788439.4839877682	319445.08200180944	-1056346.0284194497	325584.122674961	153795986.11220223	877523.2360248533	-1053394.5093032105	858572.0263298299	7002.3443896796025	1599.565890624997	-783805.4179369517	323670.23388359544	-1047202.9105634348	323670.4966323613	155830174.26141727	869927.9044265781	-1047203.1657279385	869927.9601572156	6941.736162544939	-0.005170795551035042	0.0	0.0	0.0	0.01386389060122451	0.0	0.0	0.0	-0.007969033554000946	156238907.98162517	0.013718001069187977
96	168.4	nan	nan	1	1	6.000000000000838e-05	6.000000000000867e-05	5.999999999999513e-05	0.9938533999999981	2.1904272015996206e-20	8.027161834539554e-20	-3.381355525439167e-20	1.0166379200000015	-9.748468308631852e-19	4.5428071027142634e-20	-1.1166604750242892e-19	0.9904485513598056	-593478.6473204271	334854.74296047725	-1074137.0835629506	342532.10182710853	156230467.97486454	867698.7260883009	-1070457.0266313767	845346.6964481873	6004.818609263399	1599.565890624997	-589395.5769726121	340174.85304670804	-1063092.55824771	340175.51718087116	158712628.6905864	858776.8475935226	-1063092.3954626177	858777.4080647366	5943.0756789072	-0.006165568111990389	0.0	0.0	0.0	0.016501026141619284	0.0	0.0	0.0	-0.009597356282618172	159023900.27961132	0.01637530139005134
100	195.5	nan	nan	1	1	6.000000000000838e-05	6.000000000000867e-05	5.999999999999513e-05	0.9928642499999952	-2.9673258208212646e-20	-8.305598504960987e-19	3.891269359686256e-21	1.0193153999999853	1.2209065139087705e-18	2.862293735361732e-20	5.723232218007856e-20	0.9888429337391803	-491497.1132395691	347265.01365854003	-1090455.593915829	356514.84762637573	158326061.66187233	867152.3082045517	-1086037.8831454471	841227.4714435956	-10860.604932842385	1599.565890624997	-487623.9984518914	353707.15357512265	-1077480.7643531791	353705.4253710403	161263180.5812869	856834.4617314006	-1077479.6449139675	856833.1468199275	-10731.379590025004	-0.007161331230856368	0.0	0.0	0.0	0.019131225485815827	0.0	0.0	0.0	-0.011219773177663908	161531647.52351144	0.019026020834668502
104	222.60000000000002	nan	nan	1	1	6.000000000000838e-05	6.000000000000867e-05	5.999999999999513e-05	0.9918750999999895	-7.318364664277155e-20	-4.737421392675412e-19	5.063647661980933e-20	1.0219928799999742	5.940072652504957e-19	-2.7836890778565324e-20	-7.322430422423975e-20	0.9872464111278058	-435452.1779555943	356812.32399464305	-1105483.6867481177	367643.0060366466	160152108.70699242	872843.517278684	-1100323.5254613156	843166.2273323602	-7600.420782203864	1599.565890624997	-431585.6868191938	364382.3182807928	-1090554.766238485	364378.6098614476	163549834.81200486	861056.2682735608	-1090553.471770591	861054.5206842351	-7497.781476841475	-0.0081580868823236	0.0	0.0	0.0	0.021754525025321454	0.0	0.0	0.0	-0.012835614043250839	163788687.2639057	0.021669852751700778
108	249.70000000000002	nan	nan	1	1	6.000000000000838e-05	6.000000000000867e-05	5.999999999999513e-05	0.9908859500000061	-1.9542744159051217e-20	-8.703703990170507e-19	3.413881590613732e-20	1.024670359999997	1.3833335518742551e-18	-7.003946034256359e-20	2.59801945581839e-20	0.9856589060245162	-424523.57164284476	364508.0208517485	-1118985.7786292806	376932.43024719995	161730996.26077986	882829.4212394739	-1113081.9611963984	849216.9818064682	-6358.569224814197	1599.565890624997	-420330.5782202199	373213.00463621	-1102089.139645888	373209.49162524234	165593368.6074984	869498.7334867899	-1102088.1185598688	869497.5233397952	-6262.555092468203	-0.009155837046966002	0.0	0.0	0.0	0.024370960865998683	0.0	0.0	0.0	-0.014444921324352622	165826139.50868067	0.024306804264582663
112	276.8	nan	nan	1	1	6.000000000000838e-05	6.000000000000867e-05	5.999999999999513e-05	0.9898968000000016	1.5741260291773918e-19	3.7224048713216384e-19	4.845028458294598e-20	1.0273478399999996	1.428436362249652e-19	-2.5153490401663704e-20	-1.242089113853706e-19	0.9840805656772008	-447295.66677938256	371326.1379699274	-1130878.398877418	385371.178171958	163098452.79701173	895794.642148992	-1124232.6235516432	858066.9660745617	-5663.469251242001	1599.565890624997	-442431.99262343964	381184.2476377437	-1112009.4453014978	381180.84059677937	167428453.48889497	880848.112501732	-1112008.2682481233	880847.259161763	-5568.973027345234	-0.010154583711361392	0.0	0.0	0.0	0.02698056883096113	0.0	0.0	0.0	-0.01604750959330309	167672185.31747773	0.02693680531530647
116	303.9	nan	nan	1	1	6.000000000000838e-05	6.000000000000867e-05	5.999999999999513e-05	0.9889076499999973	1.0833890208561403e-19	1.3658914494243946e-19	1.777413936518424e-20	1.030025319999991	3.1229088325729347e-19	5.860112742284151e-20	2.3418766925686896e-20	0.9825114798161062	-497118.1283833597	377809.0150763839	-1141266.0280752294	393514.5520977145	164283479.05349478	910827.7230629692	-1133882.7837028117	868811.8620641956	-5239.477710396778	1599.565890624997	-491217.767240281	388847.1736771287	-1120426.1920589192	388843.8755726314	169083224.49341762	894195.7547744237	-1120424.578226534	894195.2773480635	-5143.8033859100215	-0.01115432886798006	0.0	0.0	0.0	0.029583384463661485	0.0	0.0	0.0	-0.017643251015779533	169351470.12386224	0.02955981693237255
120	331.0	nan	nan	1	1	6.000000000000838e-05	6.000000000000867e-05	5.999999999999513e-05	0.9879184999999958	-1.0217250222960272e-19	2.8849264557123665e-19	-4.216530011431907e-20	1.0327028000000065	2.0376089053877887e-18	6.3425827090402e-20	-2.99781900692242e-20	0.9809517117959142	-569198.2803799415	384000.9642681757	-1150255.8064084535	401405.38347449765	165311132.7413148	927240.5887193201	-1142142.117910272	880774.4336239203	-4980.245965670824	1599.565890624997	-561876.1467402551	396244.79216062685	-1127451.7407450192	396241.72792106215	170582059.76059505	908857.8471124949	-1127449.6680011277	908857.8281485004	-4881.511531653211	-0.01215507451529313	0.0	0.0	0.0	0.032179443030758884	0.0	0.0	0.0	-0.019232044077916892	170885907.3062249	0.03217581545528681
124	358.1	nan	nan	1	1	6.000000000000838e-05	6.000000000000867e-05	5.999999999999513e-05	0.9869293499999968	-9.69276742202041e-20	-1.2505052332176248e-18	-1.2679236187449621e-20	1.0353802799999925	3.4602447860146434e-18	4.819278656698067e-20	1.376259132698787e-19	0.9794013053322125	-659816.1082250499	389650.5728165101	-1157954.809935559	408776.73816920863	166203062.40655136	944477.9523274858	-1149119.7602320807	893414.0073406012	-4790.00336910233	1599.565890624997	-650672.3414114816	403114.644820455	-1133197.629702489	403111.8883329638	171946079.75499946	924284.9269250231	-1133195.197316072	924285.232390311	-4687.592656949859	-0.013156822657780776	0.0	0.0	0.0	0.034768779524874595	0.0	0.0	0.0	-0.020813806927170622	172294701.2329862	0.03478478808448347
128	385.20000000000005	nan	nan	1	1	6.000000000000838e-05	6.000000000000867e-05	5.999999999999513e-05	0.9859402000000062	9.641267818827348e-20	-2.6842135285309877e-19	-1.623846863181219e-20	1.0380577600000156	-5.071626712344068e-19	2.461138931542095e-20	2.6481638062958445e-20	0.9778602865069439	-766087.2193511706	394514.39942519466	-1164522.653849115	415366.14356943587	166977787.6478736	962020.2819069419	-1154976.4270874066	906232.675360042	-4647.319789171616	1599.565890624997	-754709.6256316399	409199.8595531716	-1137825.9844289953	409197.3065140627	173193392.56960374	939965.9772039545	-1137823.2202317105	939966.4093886607	-4540.780032567473	-0.014159575305946748	0.0	0.0	0.0	0.03735142866762194	0.0	0.0	0.0	-0.022388475484625445	173594502.9021792	0.03738673108837582
132	412.3	nan	nan	1	1	6.000000000000838e-05	6.000000000000867e-05	5.999999999999513e-05	0.984951050000001	7.16386585469797e-20	1.6464016565007067e-18	-4.8307983047807254e-20	1.040735240000008	2.485533480423019e-19	1.4148838350935833e-20	-1.2343641733747469e-19	0.9763286660852395	-885847.7027337251	398548.87514007906	-1170164.1388460356	421118.80282149406	167651045.48056373	979396.2234555312	-1159917.1778721856	918786.240657272	-4552.639451339115	1599.565890624997	-871811.8384740566	414448.81224836374	-1141541.9522183198	414446.36202229577	174339412.31723398	955440.2154395371	-1141538.8042411085	955440.8252104799	-4441.28200010716	-0.015163334476378052	0.0	0.0	0.0	0.039927424912157825	0.0	0.0	0.0	-0.023956001217784625	174799644.13094226	0.039981648269427045
136	439.40000000000003	nan	nan	1	1	6.000000000000838e-05	6.000000000000867e-05	5.999999999999513e-05	0.9839618999999975	-1.5691115941296462e-19	5.83436294068762e-20	-1.1904201040711937e-20	1.0434127199999848	-4.126744519022951e-19	-1.4040418133687283e-20	-1.842059491052872e-19	0.9748064425538953	-1017432.9439962603	401893.7746716609	-1175120.8868941658	426173.7563289145	168236196.17398942	996253.6172789872	-1164183.1119685732	930748.9855692561	-4490.202375485414	1599.565890624997	-1000302.3248509819	419000.562302491	-1144585.2273381976	418998.2266269687	175397244.84193248	970365.8455374466	-1144581.6457253376	970366.730946755	-4373.523919162843	-0.01616810219170095	0.0	0.0	0.0	0.042496802446150665	0.0	0.0	0.0	-0.025516348149627315	175922394.3970872	0.042569549348023365
140	466.5	nan	nan	1	1	6.000000000000838e-05	6.000000000000867e-05	5.999999999999513e-05	0.9829727499999861	5.827586677109586e-20	2.683698532499057e-18	4.8573951393245104e-20	1.0460901999999939	4.8696398476100185e-18	4.049495114233359e-20	7.98921475850256e-20	0.973293605471268	-1159365.879101352	404753.58954238554	-1179644.7261252082	430740.7805523957	168744643.333943	1012318.5575474867	-1168024.9219759281	941873.2400965884	-4428.04002944158	1599.565890624997	-1138695.2552622266	423063.30753818096	-1147203.909678165	423060.995587643	176378094.67958456	984479.2939251206	-1147199.9138985793	984480.4803027897	-4306.266727163428	-0.017173880480670495	0.0	0.0	0.0	0.045059595194449104	0.0	0.0	0.0	-0.027069489517569507	176973210.4549825	0.04515044834085363
144	493.6	nan	nan	1	1	6.000000000000838e-05	6.000000000000867e-05	5.999999999999513e-05	0.9819835999999909	-9.503032041835446e-20	-1.2987522298932297e-18	1.2904716358008717e-19	1.0487676799999812	2.7541445686563025e-19	8.46761896711179e-20	-3.7291133722638923e-19	0.9717901361500022	-1310399.6964026412	407328.5450575368	-1183937.8508642393	435028.15695892606	169186081.4139671	1027446.40207737	-1171643.587761991	952035.2174279903	-4363.105536304245	1599.565890624997	-1285736.5859473362	426842.9616781922	-1149596.3477654718	426840.4661988474	177291498.329106	997644.1166153406	-1149592.0142622786	997645.6026952486	-4236.54855344753	-0.0181806713781352	0.0	0.0	0.0	0.04761583682164545	0.0	0.0	0.0	-0.028615407144165838	177961011.1982902	0.047724363119819445
148	520.7	nan	nan	1	1	6.000000000000838e-05	6.000000000000867e-05	5.999999999999513e-05	0.9809944499999952	-4.927698873946618e-20	-1.8489170697938427e-18	6.263978051535002e-20	1.0514451599999866	1.3434620169811006e-18	-1.1850329745266563e-19	-1.7024684613453633e-19	0.9702960080317908	-1469650.4036080278	409749.6226720987	-1188104.3133784311	439173.0943851877	169568706.94934052	1041682.4446514176	-1175142.5666990785	961288.3607889758	-4312.985486960876	1599.565890624997	-1440532.853386694	430474.8341040112	-1151864.5061303377	430471.9470917734	178145523.39847597	1009908.8279893039	-1151859.9733564148	1009910.5032438363	-4181.429897984994	-0.019188476925137286	0.0	0.0	0.0	0.05016556073491331	0.0	0.0	0.0	-0.030154091118069923	178893437.7009091	0.05029131515075031
152	547.8	nan	nan	1	1	6.000000000000838e-05	6.000000000000867e-05	5.999999999999513e-05	0.9800052999999912	2.7156553915330673e-19	7.743914016977716e-20	-3.2620932864657615e-20	1.0541226399999875	5.904266875758624e-18	-4.0115480381963664e-20	-1.7797178661349555e-19	0.9688111892557357	-1636392.961023752	412048.6431483427	-1192202.2052118848	443208.20963768073	169899518.0404836	1055197.1243016599	-1178579.4750814144	969800.3582710958	-4259.901316732027	1599.565890624997	-1602349.745219195	433991.1944677719	-1154065.2264981007	433987.78820687265	178947063.65370256	1021442.757724904	-1154060.526168363	1021444.4893338047	-4123.632682830149	-0.020197299168887187	0.0	0.0	0.0	0.05270880008648223	0.0	0.0	0.0	-0.031685537206589676	179777019.8983612	0.052851328352866885
156	574.9	nan	nan	1	1	6.000000000000838e-05	6.000000000000867e-05	5.999999999999513e-05	0.9790161499999928	1.960237527853792e-19	8.930708820034661e-19	6.257201787956967e-20	1.056800120000003	-4.463145348090891e-18	1.8800065670898647e-19	2.846572803860692e-19	0.9673356443928139	-1809853.9911795997	414176.4194704571	-1196293.957153825	447079.13736972987	170184543.09210804	1068297.3319335913	-1182016.1102725063	977861.2680128556	-4203.39218177809	1599.565890624997	-1770408.5364321794	437339.1155632533	-1156259.193893677	437335.12488718744	179702064.28844702	1032546.0598322398	-1156254.2735631885	1032547.8757170242	-4062.722900719936	-0.0212071401627752	0.0	0.0	0.0	0.05524558777631598	0.0	0.0	0.0	-0.03320974510543803	180617325.4922105	0.055404428322733755
160	602.0	nan	nan	1	1	6.000000000000838e-05	6.000000000000867e-05	5.999999999999513e-05	0.9780269999999966	-1.6707555478001623e-19	-3.103027275234982e-18	6.96870946365058e-20	1.059477600000027	-2.510822496096243e-18	1.7347234759768072e-19	-8.632959798415829e-20	0.9658693354899093	-1989182.3613646196	416000.95721578045	-1200390.2029593159	450640.9927099818	170429024.56959704	1081411.6210410297	-1185463.0759644615	985867.0274420712	-4138.830568937733	1599.565890624997	-1943857.5790530797	440377.48546135094	-1158456.7351103402	440372.85174314555	180415703.34815302	1043634.4554738348	-1158451.5475595961	1043636.1624019045	-3994.2479839024318	-0.022218001966436158	0.0	0.0	0.0	0.05777595645461003	0.0	0.0	0.0	-0.03472671738655001	181419114.9488618	0.05795064185838285
164	603.31	nan	nan	1	1	6.000000000000838e-05	6.000000000000867e-05	5.999999999999513e-05	0.9780913013407817	-2.0789576657409547e-19	-1.881266952115379e-18	-4.674266616128131e-20	1.059348172000005	6.071288220430016e-18	2.4123498337802474e-20	-5.803192128228663e-20	0.9658832412948847	414.813400285561	412922.0854663391	-1193088.3885304178	447225.49852675287	159964311.39867494	1067452.818610696	-1178196.8800569726	973272.4964026827	691.2518902184045	1599.565890624997	405.40530292150214	437083.1705311189	-1151474.967398109	437082.2846601471	169324216.01764783	1030221.4080071347	-1151475.0071522447	1030221.0598350274	667.1418944354475	-0.022152258150467417	0.0	0.0	0.0	0.057653786900233955	0.0	0.0	0.0	-0.0347123202995291	169346518.70457926	0.057847035354864004
168	604.62	nan	nan	1	1	6.000000000000838e-05	6.000000000000867e-05	5.999999999999513e-05	0.9781316531278633	-2.244840598131237e-19	-3.1514504547636158e-18	-3.2004292879056483e-20	1.0592187440000078	4.306749184709857e-18	-9.882502802205373e-20	-2.499899159208452e-19	0.9659195648591982	68.99869368712487	410707.2278265181	-1187838.6530827845	444754.6932681033	151118742.47906166	1058204.6028856288	-1173008.3243730029	964994.6300334538	119.28452179700564	1599.565890624997	67.43948547947107	434704.43370004534	-1146501.118337853	434704.283164945	159948457.0029813	1021378.4148966254	-1146501.0948983936	1021378.2854327265	115.13334516075186	-0.0221110033568917	0.0	0.0	0.0	0.05753160241865788	0.0	0.0	0.0	-0.0346747144277466	159972246.45107898	0.057740408259671736
172	605.93	nan	nan	1	1	6.000000000000838e-05	6.000000000000867e-05	5.999999999999513e-05	0.9781719812993623	-5.57822017743792e-20	-4.045334488396446e-18	4.146395683399251e-20	1.059089315999991	5.343544617203433e-18	-4.0766001685454967e-20	-1.2912847874302358e-19	0.9659579725693134	13.88379785115557	409356.2904353915	-1185466.6534454143	443219.4579215159	142717213.8518585	1052935.4131419444	-1170664.240457775	960345.196927385	23.725989010864637	1599.565890624997	13.57117539707602	433239.47248954664	-1144304.3168844723	433239.4541704664	151043801.91298345	1016374.8892953082	-1144304.311302641	1016374.8701215001	22.902163944112996	-0.022069774407770484	0.0	0.0	0.0	0.05740940300619043	0.0	0.0	0.0	-0.03463495237308661	151068908.20858195	0.05763291246595238
176	607.24	nan	nan	1	1	6.000000000000838e-05	6.000000000000867e-05	5.999999999999513e-05	0.9782122859910898	-1.2739375526704676e-20	-3.2756322610946744e-18	9.389190813724468e-20	1.0589598880000004	2.8071891599451558e-18	6.369687763352339e-20	2.0057740190981833e-19	0.9659968849602996	2.948576187897241	408581.9614773133	-1184603.5794597014	442308.805048	134424442.38785434	1049754.1679555902	-1169810.871697306	957599.3092614997	5.321300087698997	1599.565890624997	2.8824190412351953	432384.7318431332	-1143563.8485771746	432384.73097886244	142255610.75892586	1013386.1970219233	-1143563.847886992	1013386.1980864604	5.136947509899258	-0.02202857116114147	0.0	0.0	0.0	0.05728718865922735	0.0	0.0	0.0	-0.034594669453597494	142282193.51290643	0.05752520690472883
180	608.55	nan	nan	1	1	6.000000000000838e-05	6.000000000000867e-05	5.999999999999513e-05	0.9782525698699889	-6.510634045775454e-20	2.037852850876598e-18	-1.3857459017080353e-20	1.0588304599999963	-3.0528964772846835e-18	1.7618285302889448e-20	6.516055056637881e-20	0.9660359391365879	0.6225280895678443	408150.88648777944	-1184442.7242849087	441769.95218714623	126163631.95926167	1047609.2276579749	-1169651.1461953018	955798.1232944059	1.6132211188212968	1599.565890624997	0.608610221930698	431893.2961728718	-1143501.2420029333	431893.2963019475	133502654.69938672	1011397.5360723918	-1143501.2421117271	1011397.5385370766	1.557458469856606	-0.021987390887665964	0.0	0.0	0.0	0.057164959374078575	0.0	0.0	0.0	-0.03455424138653095	133530931.541246	0.05741744232003161
184	609.86	nan	nan	1	1	6.000000000000838e-05	6.000000000000867e-05	5.999999999999513e-05	0.9782928357932082	-8.635670303847043e-20	3.2890086053977142e-18	-1.0681424278055629e-19	1.0587010319999905	-6.677059079251979e-18	2.3798237686056822e-20	-2.4492127076447544e-19	0.9660750420380476	-0.062301812830381095	407913.38177719375	-1184589.923039623	441440.74479867	117915409.33921342	1045981.9968675727	-1169795.7071210716	954468.7996352682	0.5656706228997791	1599.565890624997	-0.06091391105662439	431606.7390970397	-1143736.08762217	431606.7389067862	124764441.63822214	1009908.4362889072	-1143736.0875420598	1009908.4378787498	0.5461619185969042	-0.02194623066403046	0.0	0.0	0.0	0.05704271514710425	0.0	0.0	0.0	-0.03451376451760776	124794666.67993104	0.057309656809127744
188	611.17	nan	nan	1	1	6.000000000000838e-05	6.000000000000867e-05	5.999999999999513e-05	0.9783330862675329	1.9190378452993427e-20	-5.620504062164855e-19	4.9629354445523964e-20	1.0585716039999888	-3.4147218472974082e-18	7.676151381197371e-20	-9.492190020110591e-20	0.966114165352038	-0.2811705994461081	407787.8828003644	-1184854.7240824061	441232.8263972357	109674164.27284446	1044618.2474196042	-1170056.444594897	953379.5201810871	0.1320461055143387	1599.565890624997	-0.27492942070986404	431438.726895681	-1144084.5565695597	431438.72651989775	116035036.3583229	1008673.5361662848	-1144084.5562971565	1008673.537846907	0.12750247520082383	-0.02190508792552688	0.0	0.0	0.0	0.056920455974655663	0.0	0.0	0.0	-0.034473268158507396	116067511.18740463	0.05720186154013793
192	612.48	nan	nan	1	1	6.000000000000838e-05	6.000000000000867e-05	5.999999999999513e-05	0.9783733235437	5.388484797252957e-20	-2.977991659693091e-18	7.47286347385634e-20	1.058442175999984	2.31005535880624e-18	4.185020385794047e-20	-3.5101045334218204e-19	0.9661532983591831	-0.34610237332957333	407728.5167172504	-1185133.9683311514	441096.509255997	101438020.0754231	1043386.5773319089	-1170331.4722352952	952410.4455021566	-0.04906465008866508	1599.565890624997	-0.3384475694497882	431340.70492948167	-1144447.0563651219	431340.704242688	107312452.50703539	1007566.0043394567	-1144447.056003291	1007566.0055683347	-0.047380208370098334	-0.02186396036957776	0.0	0.0	0.0	0.05679818185307036	0.0	0.0	0.0	-0.03443276340656707	107347545.44862865	0.057094060406793656
196	613.79	nan	nan	1	1	6.000000000000838e-05	6.000000000000867e-05	5.999999999999513e-05	0.978413549665529	-1.8610330290713683e-19	8.451355934524507e-19	-7.276351830093341e-20	1.0583127479999934	-1.0980257501846947e-19	-6.25584653524136e-20	-1.0364972768961422e-19	0.9661924360680617	-0.3752652590046637	407701.8616376477	-1185361.3771369366	440995.60620693205	93206298.86420034	1042216.4853490646	-1170555.3306646724	951497.265110041	-0.13597342607323662	1599.565890624997	-0.3669954667909612	431277.3028698501	-1144759.579625503	431277.30177173036	98595971.63272208	1006517.7832339101	-1144759.5791843063	1006517.7836970763	-0.13131597255837185	-0.021822845905467868	0.0	0.0	0.0	0.056675892778710574	0.0	0.0	0.0	-0.03439225542894446	98634143.83110821	0.05698625496799346
200	615.1	nan	nan	1	1	6.000000000000838e-05	6.000000000000867e-05	5.999999999999513e-05	0.978453766558865	-1.4853569763051412e-20	-3.643922186560844e-18	-1.329164100831448e-19	1.0581833200000241	-2.4077690796014962e-18	-1.1319070680748667e-19	3.1143707404646115e-20	0.9662315756860851	-0.38444538048439425	407681.16824131855	-1185486.599989816	440901.1701786292	84978776.79480326	1041072.0836206883	-1170678.2932149752	950607.2349116027	-0.17895646415103691	1599.565890624997	-0.37600403843674673	431220.2188420487	-1144973.4821214452	431220.21737306996	89885355.47144446	1005494.2238342025	-1144973.4820834573	1005494.2239293518	-0.17284076083923886	-0.021781742563398404	0.0	0.0	0.0	0.05655358874792315	0.0	0.0	0.0	-0.03435174711628592	89927198.21565379	0.056878445897464894
204	616.41	nan	nan	1	1	6.000000000000838e-05	6.000000000000867e-05	5.999999999999513e-05	0.9784939761521271	2.386871082726838e-19	7.087971702623986e-21	4.481820730511954e-20	1.0580538920000038	7.380706289195071e-20	1.6664187391102202e-19	1.406752318799942e-20	0.9662707154979765	-0.39022916569164956	407651.726161488	-1185467.567393561	440797.2919213198	76755463.91425632	1039943.0215445961	-1170658.8116756715	949730.9119426665	-0.18625674317599625	1599.565890624997	-0.3816920537089297	431153.8927576015	-1145048.1024745724	431153.8921613277	81180613.09014921	1004485.332415667	-1145048.1032832959	1004485.332644207	-0.17990617053817687	-0.021740648371264205	0.0	0.0	0.0	0.05643126975698223	0.0	0.0	0.0	-0.03431124024384898	81226904.69385046	0.056770633420080666
208	617.72	nan	nan	1	1	6.000000000000838e-05	6.000000000000867e-05	5.999999999999513e-05	0.9785341801581827	5.469799960189369e-20	2.1204555038928373e-18	1.594251532004154e-19	1.0579244639999765	6.757290040015906e-19	1.2750217548429531e-19	-6.830473686658678e-21	0.9663098546613184	-0.35053389487788084	407613.3971154677	-1185268.600400173	440683.82456368353	68536511.71761154	1038844.8450638017	-1170461.6495506768	948882.5026760271	-0.15306260311513326	1599.565890624997	-0.3428932609077022	431078.1802564388	-1144948.9394919497	431078.18057213764	72481903.10090019	1003506.1278522881	-1144948.9411537373	1003506.1296449113	-0.14785582361126043	-0.02169956157756462	0.0	0.0	0.0	0.0563089358022691	0.0	0.0	0.0	-0.0342707356833129	72533699.72482273	0.056662817454154024
212	619.03	nan	nan	1	1	6.000000000000838e-05	6.000000000000867e-05	5.999999999999513e-05	0.9785743799770159	1.7390602846667492e-19	-5.158091835599788e-19	4.5346755864206224e-20	1.0577950360000141	1.146543797403421e-19	-2.4719809532669502e-20	4.182309880362833e-20	0.9663489931187627	-0.2843504222566844	407574.27087062196	-1184862.4974784763	440569.5151762073	60322171.8555726	1037809.7504327773	-1170059.9429597205	948091.4333719547	-0.1215862313612015	1599.565890624997	-0.2781751650435935	431001.63781160535	-1144649.6708219266	431001.6374337804	63789489.97582302	1002587.719449905	-1144649.672616635	1002587.7239640033	-0.11745973899939798	-0.02165848075082084	0.0	0.0	0.0	0.056186586880189536	0.0	0.0	0.0	-0.03423023349380894	63848277.65006609	0.05655499767296592
216	620.34	nan	nan	1	1	6.000000000000838e-05	6.000000000000867e-05	5.999999999999513e-05	0.9786145773311408	-1.592692991381206e-19	7.990570011218168e-19	-1.7293024651143796e-20	1.057665608000001	-2.80876125309526e-18	-1.3509159069169385e-19	-3.6578270794229704e-19	0.9663881312000842	-0.12626848290581255	407547.4714125279	-1184235.3044122385	440468.54981696303	52112840.00797745	1036854.872159189	-1169439.911508483	947373.3838899548	-0.05916899792279583	1599.565890624997	-0.12353641452360971	430938.1419406301	-1144136.7639209598	430938.14150713495	55103790.40373258	1001746.6745569479	-1144136.765903385	1001746.6783993266	-0.05716551901115338	-0.021617404130211047	0.0	0.0	0.0	0.05606422298697144	0.0	0.0	0.0	-0.03418973333387082	55171754.4209336	0.056447173504166566
220	621.65	nan	nan	1	1	6.000000000000838e-05	6.000000000000867e-05	5.999999999999513e-05	0.9786547751754562	-3.6212352561015847e-19	-2.282462413516484e-18	1.1980434005964824e-20	1.057536180000001	4.787321797664057e-18	-4.298861613905025e-20	1.6672318907395844e-19	0.9664272692276445	0.10022832661872963	407562.28222752706	-1183381.066280358	440412.5671442572	43909156.20651918	1035959.3274014263	-1168595.6718023252	946709.3070322415	0.045677517288771924	1599.565890624997	0.09806771802166665	430918.6496556729	-1143404.4094580838	430918.65247908945	46425479.307406075	1000962.8316035552	-1143404.411575317	1000962.8319213435	0.0441344518427105	-0.021576328695938715	0.0	0.0	0.0	0.055941844119010986	0.0	0.0	0.0	-0.03414923486975771	46506022.14425327	0.056339344057209105
224	622.96	nan	nan	1	1	6.000000000000838e-05	6.000000000000867e-05	5.999999999999513e-05	0.9786949782969364	-6.960577947356939e-20	-1.06715309332317e-18	8.063753657860939e-21	1.057406752000009	-6.834105763936504e-18	6.066111155056397e-20	5.564667650281851e-20	0.9664664074598839	0.4613571242043981	407665.42708920443	-1182288.769327281	440452.0235477875	35712111.52301197	1035077.5598074811	-1167516.342838738	946057.5950561288	0.19562978525654762	1599.565890624997	0.45144868122509285	430992.54533206124	-1142441.905735307	430992.5537964274	37755602.56454466	1000192.1786698169	-1142441.9080788682	1000192.1767939077	0.18903644395964786	-0.021535249556745975	0.0	0.0	0.0	0.055819450272637704	0.0	0.0	0.0	-0.034108737833923534	37854450.70625712	0.056231507991080815
228	624.27	nan	nan	1	1	6.000000000000838e-05	6.000000000000867e-05	5.999999999999513e-05	0.9787351940312976	-1.8572383214676692e-19	2.62477214442447e-18	9.165574115649333e-20	1.0572773240000046	3.233632979438017e-19	3.426078865054194e-20	8.145068820797352e-20	0.9665055458798645	1.0102022367625032	407894.3094751254	-1180927.0192876628	440627.2690286244	27523147.638985362	1034174.0162943697	-1166170.91657633	945385.759791631	0.4759295656654867	1599.565890624997	0.988587369858503	431199.343416166	-1141218.849390769	431199.3550661186	29095682.17793544	999400.3538484544	-1141218.8542781975	999400.3579547468	0.45992663598084305	-0.02149415921806072	0.0	0.0	0.0	0.05569704144416656	0.0	0.0	0.0	-0.034068242243783534	29223620.968452245	0.05612366341727914
232	625.58	nan	nan	1	1	6.000000000000838e-05	6.000000000000867e-05	5.999999999999513e-05	0.9787754327954226	4.174178364069192e-21	-1.9932108264245075e-18	8.868773770931426e-20	1.05714789600001	-4.528333003711582e-18	-4.7596475372113645e-20	-1.272582299954861e-19	0.9665446846882	1.6151571520479047	408274.995131206	-1179255.1425929987	440966.380290919	19344361.7987274	1033227.2836346132	-1164519.2135800966	944674.2114534181	0.9483329242985928	1599.565890624997	1.580727825421021	431566.55945312156	-1139695.85560611	431566.56707751256	20447932.804727092	998566.6464580729	-1139695.8629113806	998566.6624281616	0.9165201528664247	-0.021453047038561747	0.0	0.0	0.0	0.05557461762994749	0.0	0.0	0.0	-0.03402774789167486	20629221.508908063	0.056015807556438944
236	626.89	nan	nan	1	1	6.000000000000838e-05	6.000000000000867e-05	5.999999999999513e-05	0.9788157077150007	2.1250362580715888e-20	-9.804846821601098e-19	1.7401444868392347e-20	1.0570184679999861	-1.416211982754878e-18	-7.280417588240162e-20	5.247809565372963e-19	0.9665838263586514	2.519214698189113	408830.7835901075	-1177240.4874875864	441494.43458291976	11178845.171782937	1032197.6562955707	-1162528.970200343	943886.6157770244	1.777355504519539	1599.565890624997	2.4657161647053067	432118.77397326444	-1137841.277034564	432118.7728701883	11815619.23407148	997652.656253738	-1137841.2788002347	997652.6806461615	1.717871988351005	-0.021411899611246232	0.0	0.0	0.0	0.05545217882627575	0.0	0.0	0.0	-0.03398725221822814	12125962.609941717	0.05590793597574105
240	628.2	nan	nan	1	1	6.000000000000838e-05	6.000000000000867e-05	5.999999999999513e-05	0.9788560351276449	2.739236788784627e-19	1.5130583418121458e-18	-6.104058231093389e-20	1.0568890399999784	2.9501141113330577e-19	-2.1141942363467337e-20	4.3747557659790107e-20	0.9666229768007406	3.6988373114457938	409537.0886523998	-1174819.3509739684	442184.7864067296	3031016.2464673608	1031011.8641662707	-1160137.273809082	942955.9294811382	2.7726532836059343	1599.565890624997	3.6205847798877446	432829.94716026774	-1135593.4379863825	432829.9335060703	3203408.5267278105	996587.5234032193	-1135593.4317894403	996587.5532171794	2.6800774706886314	-0.021370700250017985	0.0	0.0	0.0	0.055329725029523144	0.0	0.0	0.0	-0.03394674911009627	4203820.737127288	0.05580004197090354
244	631.21	nan	nan	1	1	6.000000000000838e-05	6.000000000000867e-05	5.999999999999513e-05	0.9791570350960701	1.109138822452671e-19	-1.120143474503399e-18	-1.313375406694628e-19	1.0567361024857698	-8.98369920121489e-18	1.702197410802242e-20	-1.3392607335627193e-19	0.9665442605686249	20811618.570558105	411216.7864111477	-1166360.5347796825	443797.36034626554	-61.72888444430608	1032383.3081996966	-1151335.9841669938	944270.392704096	-122.31200125617656	1599.565890624997	20375935.93184922	434506.96249332256	-1127233.5928439468	434506.64591422054	-65.22503692537363	997750.7905939954	-1127233.2408881986	997751.2437831528	-118.2089006895084	-0.021063245743841535	0.0	0.0	0.0	0.05518500919377532	0.0	0.0	0.0	-0.03402818669153057	20555957.23972497	0.05565944143704809
248	634.22	nan	nan	1	1	6.000000000000838e-05	6.000000000000867e-05	5.999999999999513e-05	0.9794580350960713	-5.93058588349571e-20	-5.142099853555626e-19	-1.0352775494520961e-19	1.0566256903902331	3.1551638472043786e-18	8.153200337090993e-20	-1.0497787535090897e-19	0.9664434907577287	42128864.46528989	407840.2639720946	-1134344.1317484817	439971.8948991177	-83.84513783695677	1033534.5851845073	-1119271.690276335	945322.9767672466	-193.51732673949	1599.565890624997	41255525.39645078	430851.689732942	-1096068.8352789267	430851.1970145793	-88.5759021463724	998660.8272548924	-1096068.983339639	998660.5979428528	-186.9876212950474	-0.02075588570464678	0.0	0.0	0.0	0.05508051965865691	0.0	0.0	0.0	-0.03413244996057456	41342263.048830345	0.05555587137288451
252	637.23	nan	nan	1	1	6.000000000000838e-05	6.000000000000867e-05	5.999999999999513e-05	0.9797590350960641	-1.4951147958575106e-19	-5.460042140637e-19	-8.70004480783837e-20	1.0565144063428336	1.5846698953048132e-18	1.282069068964109e-19	3.957337929572091e-19	0.966339344674986	62525916.182496145	397629.75223508145	-1078328.6304790732	428779.5866400114	-146.00016821053595	1038077.216681699	-1063558.441487537	949475.5947921303	-279.15757601716314	1599.565890624997	61242791.56681261	419981.2803244739	-1041733.0330952492	419980.3930270048	-154.2071166153522	1002847.6449155052	-1041732.6434855126	1002847.4320550576	-269.6837125122779	-0.020448620106627638	0.0	0.0	0.0	0.05497519389471511	0.0	0.0	0.0	-0.034240217973549765	61298510.278747	0.055454384868318524
256	640.24	nan	nan	1	1	6.000000000000838e-05	6.000000000000867e-05	5.999999999999513e-05	0.9800600350960682	3.312237636943216e-20	2.639571504078897e-18	-1.3803248908456078e-20	1.0563997698424388	-1.2749404396800168e-18	9.860818758755663e-20	1.7095157754665192e-19	0.9662322088383832	81570057.93153037	378927.0665799672	-1002027.7198695397	408442.5476033657	-186.68742196509888	1037436.9190063034	-987889.9537765237	948888.2416041214	-393.6898470530889	1599.565890624997	79913649.12532243	400148.7251300548	-967829.2829392317	400148.47683970246	-197.14277623761788	1002029.9932892891	-967829.2886195449	1002030.3474116148	-380.25351476649246	-0.020141448891744712	0.0	0.0	0.0	0.05486668357110676	0.0	0.0	0.0	-0.03435109183642758	79953361.96279034	0.05535330028673245
260	643.25	nan	nan	1	1	6.000000000000838e-05	6.000000000000867e-05	5.999999999999513e-05	0.9803610350960689	2.473065155439436e-19	9.091374029469857e-18	-5.3119130188211686e-20	1.0562780468253377	2.22928229695607e-18	-3.561604136614882e-20	1.230840516314169e-19	0.9661230547690355	98699365.28686987	353849.3458070937	-915261.5120060993	381250.9177289366	-77.79033588955731	1010678.2216905823	-901968.9037815827	924414.8968595136	-483.3128365670648	1599.565890624997	96717187.79377267	373594.0143687536	-883854.7590042196	373594.2627327419	-82.13100916658539	975997.2907690562	-883854.679284262	975996.9217190498	-466.7281919801539	-0.019834372002047313	0.0	0.0	0.0	0.05475145254413707	0.0	0.0	0.0	-0.03446406699324156	96746511.69592367	0.05524990120673714
264	646.26	nan	nan	1	1	6.000000000000838e-05	6.000000000000867e-05	5.999999999999513e-05	0.9806620350960782	9.112719259740665e-20	-2.202692238675863e-18	-1.383713022634625e-20	1.0561467987969884	2.6515790431391737e-18	4.163336342344337e-20	2.802662615875029e-20	0.9660123221771091	113498964.53284186	326910.30191086006	-827074.2983827782	352074.5864249266	165.439353954766	945419.6518669792	-814720.2356408775	864736.5677056182	-414.0141512442974	1599.565890624997	111246138.81469676	345085.3941017717	-798547.722922359	345086.3051990316	174.63721493546228	912811.233139083	-798548.9629997609	912812.9566937743	-399.7344112617525	-0.01952738937961071	0.0	0.0	0.0	0.05462718963481668	0.0	0.0	0.0	-0.034578688974050274	111267688.08370976	0.05514250626365681
268	649.2700000000001	nan	nan	1	1	6.000000000000838e-05	6.000000000000867e-05	5.999999999999513e-05	0.9809630350960734	-1.7916440900322962e-19	-4.070162718146364e-18	-1.5653168865259471e-21	1.0560068995929295	-7.150096487107404e-18	4.233809483555895e-20	9.410874857174178e-20	0.9658989647829528	125905102.55894491	299956.10978310194	-742518.8592368655	322905.72559806023	320.53828254183077	847822.1108934829	-731116.7874898938	775479.6567757789	-162.81609249491535	1599.565890624997	123436862.61881807	316572.63374425215	-716783.6502204781	316575.49121821346	338.2949872016286	818437.1613246823	-716783.995417905	818438.5293505597	-157.17299519245142	-0.019220500966599042	0.0	0.0	0.0	0.05449471896815103	0.0	0.0	0.0	-0.034696041561667834	123452372.24256144	0.055032147717141336
272	652.2800000000001	nan	nan	1	1	6.000000000000838e-05	6.000000000000867e-05	5.999999999999513e-05	0.9812640350960705	3.382710778154774e-20	2.992980754727703e-18	4.019679554490008e-20	1.0558614072372816	3.126324069416264e-18	3.2959746043559334e-20	-2.762005034406822e-20	0.9657810393645128	136105114.7092303	271835.49757593166	-667142.0286664855	292503.16811035015	360.28810914552713	728353.681527197	-656614.7267673356	666216.9613744068	244.6742674109848	1599.565890624997	133471596.34427898	286841.2536346258	-643910.4946355545	286843.48025313247	380.1765914257944	702990.6064818803	-643909.789518405	702993.2076472334	236.15410479851508	-0.018913706705190197	0.0	0.0	0.0	0.054356933524421155	0.0	0.0	0.0	-0.03481813778706012	133482426.02480145	0.054921622924760015
276	655.2900000000001	nan	nan	1	1	6.000000000000838e-05	6.000000000000867e-05	5.999999999999513e-05	0.9815650350960688	2.120157348295404e-19	6.0956556642566275e-19	3.8489177123235404e-21	1.0557134513565154	3.701032535996518e-18	-5.908901840045999e-21	1.194790794079026e-19	0.9656570635051211	144407451.35346675	241548.74206783177	-605699.23182245	259796.4379602531	249.53731406128955	600434.7884423335	-595881.9840472076	549217.2262283913	582.4852227955791	1599.565890624997	141651320.179258	254837.17308790796	-584509.9224305027	254838.01611359912	263.26522403280114	579429.6462305591	-584509.1019902981	579431.5637707664	562.1080141851003	-0.018607006537632226	0.0	0.0	0.0	0.05421679557912725	0.0	0.0	0.0	-0.03494651452290076	141658768.14988053	0.054813586199635674
280	658.3000000000001	nan	nan	1	1	6.000000000000838e-05	6.000000000000867e-05	5.999999999999513e-05	0.9818660350960752	1.842059491052872e-19	-1.337024566581968e-18	-1.129399850550994e-19	1.0555653232600666	-5.8150099319087545e-18	-8.315830662963819e-20	-1.6534083130403942e-21	0.9655264874873406	151159135.28370854	207514.74685531663	-559587.5360916324	223090.7601257703	74.28223011201591	476770.7461005621	-550273.4629286684	436103.6050985381	782.4009101751464	1599.565890624997	148315005.37837565	218893.33366313262	-539921.5737522843	218893.20301957047	78.35532282670604	460015.27008906414	-539919.8100773928	460016.32842549763	754.9044670962987	-0.018300400406218727	0.0	0.0	0.0	0.05407647484226147	0.0	0.0	0.0	-0.03508174353094863	148320161.69567233	0.05470976644741676
284	661.3100000000001	nan	nan	1	1	6.000000000000838e-05	6.000000000000867e-05	5.999999999999513e-05	0.9821670350960704	1.7401444868392347e-20	1.9814607853801956e-18	1.6689937192698734e-20	1.0554185143261792	6.087524147962986e-19	-1.3926576905576304e-19	1.6859343782149594e-20	0.9653893251105976	156669742.3770334	170264.69060308358	-526019.7197652193	182963.19567127022	-62.574808051080964	362920.68864474713	-517032.3634050727	331964.43798304774	861.32638450989	1599.565890624997	153765154.39857975	179571.22596791096	-507448.48888348235	179571.13865641077	-65.99509831802891	350107.701512651	-507446.81124654686	350109.3555875809	830.9170851049088	-0.0179938882533227	0.0	0.0	0.0	0.05393738430872947	0.0	0.0	0.0	-0.035223813295024685	153768794.1825252	0.05461114547919602
288	664.32	nan	nan	1	1	6.000000000000838e-05	6.000000000000867e-05	5.999999999999513e-05	0.9824680350960754	-1.4864411784776266e-19	3.19011581473988e-18	1.0144066576317501e-19	1.055273741075282	-5.42643187328995e-19	-6.505213034913026e-20	9.46237446036724e-20	0.9652460977558408	161203898.61023214	131659.66298223837	-497721.038661679	141416.08028329044	-142.33467962500995	260162.47106603943	-488995.29390720115	237968.25392082764	796.0353611274292	1599.565890624997	158260434.83830395	138834.13383972444	-480067.6460681281	138833.9274155835	-150.09085936790527	250934.91208604016	-480066.60207860376	250935.75105768527	767.8012226105645	-0.017687470021329435	0.0	0.0	0.0	0.05380020348499334	0.0	0.0	0.0	-0.03537218657495459	158263089.82337785	0.05451799256908405
292	667.33	nan	nan	1	1	6.000000000000838e-05	6.000000000000867e-05	5.999999999999513e-05	0.9827690350960733	-1.3492896036582102e-19	-4.197624236049191e-19	-6.46455545344482e-21	1.0551311230494878	1.1780127654598127e-18	9.063930161978817e-20	-2.4513811119897257e-19	0.9650976642392385	164979288.10485005	92707.13018227526	-468263.1220175899	99533.29117512892	-176.85725878129446	169344.03153078712	-459842.5590762033	154894.17645331266	678.9614739115618	1599.565890624997	162013695.08598915	97744.06767825922	-451577.2541051073	97744.12577840581	-186.46621719086824	163309.70593684496	-451576.637343623	163309.84290478495	654.7676799981318	-0.017381145652715587	0.0	0.0	0.0	0.05366504645570888	0.0	0.0	0.0	-0.03552597629864737	162015684.30845627	0.05443004650669578
296	670.34	nan	nan	1	1	6.000000000000838e-05	6.000000000000867e-05	5.999999999999513e-05	0.9830700350960638	1.8366384801904445e-19	5.42377557796736e-18	-1.5134107075182035e-19	1.0549904930455163	3.0486138787033657e-18	1.037039377982385e-19	-1.5642326843534615e-19	0.9649449040660262	168159128.91924524	53939.56685726632	-433590.81247006496	57885.54989696808	-175.91205840061983	89462.1840262681	-425596.5932619709	81826.70096112242	562.9957334957483	1599.565890624997	165184535.3451987	56861.783724336296	-418068.1345185198	56861.603199216326	-185.44222733096282	86259.41166222615	-418068.14744050667	86259.72442899762	542.8403215086647	-0.0170749150899937	0.0	0.0	0.0	0.05353175555616314	0.0	0.0	0.0	-0.03568427350518629	165186040.71109673	0.05434684903844832
300	673.35	nan	nan	1	1	6.000000000000838e-05	6.000000000000867e-05	5.999999999999513e-05	0.9833710350960678	-2.566848643359432e-19	2.830228456110473e-18	-6.963288452788152e-20	1.0548515904848454	-1.0911681714437237e-18	-5.421010862427522e-22	-1.0329736198355643e-19	0.9647886025286191	170866184.58673355	16235.16873852222	-394009.14252395736	17415.211005073048	-152.46586302889023	17293.925602096835	-386563.40163844894	15817.6311807245	460.2052715218999	1599.565890624997	167893002.35347903	17112.254489468356	-379837.22556462476	17112.17505870428	-160.70265059310248	16671.889077858337	-379836.9481827363	16672.159959930632	443.6523792451453	-0.01676877827570779	0.0	0.0	0.0	0.05340008450650957	0.0	0.0	0.0	-0.0358462663785171	167894154.97649223	0.054267917681640264
304	676.36	nan	nan	1	1	6.000000000000838e-05	6.000000000000867e-05	5.999999999999513e-05	0.9836720350960684	-1.8111597291370353e-19	3.7513395167998453e-19	6.1799523831673755e-21	1.054714129065954	3.603345920255574e-19	-6.727474480272556e-20	4.163336342344337e-20	0.9646294271910562	173191380.9649929	-19067.33265118453	-351689.1954005435	-20444.877988434047	-123.91877931054833	-48978.215464971385	-344880.535848086	-44794.726425744084	372.674884782349	1599.565890624997	170228003.1714318	-20094.58826340603	-338979.8922055369	-20095.05747724338	-130.59492346952123	-47208.24641719972	-338979.48398471274	-47208.04951401117	359.2072031878985	-0.01646273515249289	0.0	0.0	0.0	0.05326976249965103	0.0	0.0	0.0	-0.036011264668646945	170228924.5887266	0.054192799946685334
308	679.37	nan	nan	1	1	6.000000000000838e-05	6.000000000000867e-05	5.999999999999513e-05	0.9839730350960623	-2.9118959847529436e-19	-1.1372332112472016e-18	-1.4338573731120797e-20	1.0545778478181285	-3.498611990393474e-18	-1.457167719820518e-19	3.580577674633378e-20	0.9644679210118504	175202843.74343187	-50953.84635229388	-307152.78291748906	-54610.77491819479	-106.2485130588517	-110970.57726219189	-301063.7850772477	-101488.64106987813	306.3365293162961	1599.565890624997	172256143.26551363	-53691.555831494574	-296000.61472100613	-53692.287563123165	-111.95716082885625	-106941.43407574967	-296000.25539692957	-106941.54471854829	295.2139978281804	-0.016156785663022793	0.0	0.0	0.0	0.05314054260073762	0.0	0.0	0.0	-0.03617870689724525	172256939.28667262	0.0541211097966356
312	682.3800000000001	nan	nan	1	1	6.000000000000838e-05	6.000000000000867e-05	5.999999999999513e-05	0.9842740350960673	1.021860547567588e-20	-4.9252594190585255e-18	-7.87469590403378e-20	1.054442548959513	2.3863289816405953e-19	-4.662069341687669e-21	-6.776263578034403e-21	0.9643045003577394	176953291.47795478	-78532.9509866951	-260251.9470308778	-84132.39988013581	-90.569794467618	-170319.5525302773	-254971.60736417273	-155759.88980074623	255.80112970491197	1599.565890624997	174028961.8247948	-82741.17704543046	-250758.1379957493	-82742.02804977262	-95.42302059021091	-164106.41435737003	-250757.94721746782	-164106.35862599508	246.46968337340599	-0.015850929750002584	0.0	0.0	0.0	0.05301223766920873	0.0	0.0	0.0	-0.03634816250817341	174029719.40861073	0.05405255364018086
316	685.3900000000001	nan	nan	1	1	6.000000000000838e-05	6.000000000000867e-05	5.999999999999513e-05	0.9845750350960536	-1.3045662640431831e-19	-3.323648864808626e-18	-7.123208273229764e-20	1.0543080888865275	-1.3721391644433422e-18	7.990570011218168e-20	1.9927635930283572e-19	0.9641394794255416	178483659.42028284	-102084.5946622927	-211587.77628735648	-109315.63043846255	-78.77089459148667	-227400.6910020203	-207195.95677666913	-207952.40419242549	224.5908011879481	1599.565890624997	175586473.4820393	-107540.36903509837	-203832.86845963812	-107541.1951295653	-82.98069950335272	-219066.22372029434	-203832.706525167	-219066.141787305	216.3593192340918	-0.015545167356238164	0.0	0.0	0.0	0.05288471185297006	0.0	0.0	0.0	-0.03651930663715057	175587270.49220154	0.05398691489476104
320	688.4000000000001	nan	nan	1	1	6.000000000000838e-05	6.000000000000867e-05	5.999999999999513e-05	0.9848760350960671	1.8862407295816562e-19	3.3685212822223698e-18	-3.894996304654175e-20	1.0541743673998172	2.921464068925128e-18	4.683753385137379e-20	-2.5690170477044027e-19	0.9639730972931676	179826977.34861416	-122554.38974016819	-161794.93891019814	-131178.26154921512	-69.5300538596802	-282126.8738331542	-158360.93657263767	-257986.53014372685	198.35048479063832	1599.565890624997	176960965.32840145	-129086.96440236339	-155837.11891141997	-129087.59373099438	-73.23624724098543	-271738.03755411046	-155837.04191322037	-271738.1083089616	191.0465697670114	-0.015239498424511111	0.0	0.0	0.0	0.05275787040215186	0.0	0.0	0.0	-0.0366918921332424	176961879.434786	0.05392403582988464
324	763.4100000000001	nan	nan	1	1	6.000000000000838e-05	6.000000000000867e-05	5.999999999999513e-05	0.9923770350960681	-9.630425797102493e-20	-2.81396542352319e-18	2.1829055490280024e-19	1.0509426394479982	2.7662605279338282e-18	4.244109404194507e-19	-1.9744676813676644e-19	0.9596856243424586	191579830.37153578	-227958.83952740955	695467.0870178621	-241407.72616017988	-633.4365312679682	-948275.9345775046	672556.2271200831	-865935.5150914476	-952.466448781292	1599.565890624997	189951086.59514812	-239359.5405450136	666838.8032365263	-239355.36328464773	-665.1160244676456	-909240.9995462814	666838.3925909043	-909242.7714739997	-913.2590149617645	-0.0076521682060558096	0.0	0.0	0.0	0.04968751328649282	0.0	0.0	0.0	-0.041149522795057576	189962367.78092578	0.053043543878191095
328	838.4200000000001	nan	nan	1	1	6.000000000000838e-05	6.000000000000867e-05	5.999999999999513e-05	0.9998780350960647	1.041376186672327e-19	-8.232347095682435e-19	1.2447996192849198e-19	1.0477712148135507	-3.6783862631187266e-18	-1.6544925152128798e-19	-3.9678411381180445e-19	0.9553894983804967	194955424.546771	-220001.1820692036	1010109.232935703	-230539.25317355915	1367.9971304691765	-1153487.8305525512	965162.8364180998	-1051778.5670300042	911.9471001822099	1599.565890624997	194754901.91256404	-230301.90109712127	964172.7426332107	-230302.1305674971	1432.0483957370557	-1101030.9468665936	964170.1120820259	-1101024.1001524306	870.4747051599852	-0.00012197234225905717	0.0	0.0	0.0	0.0466652555909041	0.0	0.0	0.0	-0.04563616994298026	194770655.32152364	0.053291942347985316
332	913.4300000000001	nan	nan	1	1	6.000000000000838e-05	6.000000000000867e-05	5.999999999999513e-05	1.0073790350960599	1.5178830414797062e-21	-2.7617881939723253e-18	-2.5545836062831893e-19	1.0446406352972109	1.2295950390685261e-17	-3.704447772839847e-19	1.0309068594442638e-19	0.951131299304275	196757582.82510954	-221685.51596246116	1132586.506733036	-229871.69437542633	4075.6741948946033	-1242036.385187278	1069344.1578646053	-1130852.712420158	2071.854731641556	1599.565890624997	198026854.81184047	-231368.34348100683	1076246.0227461595	-231354.5836141727	4253.692366625908	-1180251.3200688427	1076242.436265181	-1180246.3397652032	1968.7903761709142	0.007351943209607188	0.0	0.0	0.0	0.04367293660542208	0.0	0.0	0.0	-0.050103161503807996	198043473.6939976	0.054598046760911956
336	988.44	nan	nan	1	1	6.000000000000838e-05	6.000000000000867e-05	5.999999999999513e-05	1.014880035096067	1.146543797403421e-19	1.2252026650172442e-18	5.1350525394344706e-20	1.0415454599960392	4.614598227191749e-18	-1.5265227775417e-19	5.626263886206184e-19	0.9469178288728459	197804767.58809888	-238197.53042914104	1188364.6444735124	-244450.7585988896	2799.4023966814198	-1281070.9321724419	1108782.4593873494	-1164679.3535482534	1812.4689985305235	1599.565890624997	200560882.11908078	-247862.1724043567	1124234.1753220346	-247856.8154705162	2912.985530225005	-1211937.539254195	1124231.6898850636	-1211935.1288188456	1714.6585430118232	0.014770413484943668	0.0	0.0	0.0	0.04070562934628894	0.0	0.0	0.0	-0.054542959494423636	200579464.7752278	0.056860985983749245
340	1063.45	nan	nan	1	1	6.000000000000838e-05	6.000000000000867e-05	5.999999999999513e-05	1.022381035096066	-2.659547929106942e-19	1.4678742162738123e-18	2.290377089375628e-20	1.0384828909713135	1.0335800107225037e-17	2.509928029303943e-20	4.576010794246632e-19	0.9427514196982171	198393003.8759822	-267091.3922075907	1213610.4540084498	-271293.19341104914	2350.9021069413375	-1295552.8680221166	1119090.4043834764	-1176119.0233425316	1565.3091894533682	1599.565890624997	202642162.8489228	-277108.54111185065	1143055.1324841976	-277103.72041834664	2439.0716891578368	-1220233.6839684078	1143058.9564010177	-1220228.866376328	1474.3072598127878	0.022134255071659607	0.0	0.0	0.0	0.03776088944753857	0.0	0.0	0.0	-0.058952636933144856	202661466.85490113	0.05994957499970449
344	1138.46	nan	nan	1	1	6.000000000000838e-05	6.000000000000867e-05	5.999999999999513e-05	1.0298820350960687	-4.523291463609524e-19	2.5849548196399395e-18	-2.651551938084862e-19	1.0354516215177196	3.992791340612367e-18	1.3818156688327754e-19	3.3450347526609024e-19	0.9386324680713558	198677379.79959017	-303196.4535264988	1221783.4996607308	-304829.60239098244	2036.8492375455094	-1297083.1999327296	1113537.6877313629	-1175792.1848895436	1169.207439404979	1599.565890624997	204419837.39818457	-313646.94503053755	1145715.9537489	-313640.2232492419	2107.054793726644	-1216327.537501746	1145722.7455506497	-1216319.0647253243	1096.41324910687	0.029444266649650885	0.0	0.0	0.0	0.034837680837147285	0.0	0.0	0.0	-0.06333128419863561	204439444.6659254	0.06372429756031078
348	1213.4700000000003	nan	nan	1	1	6.000000000000838e-05	6.000000000000867e-05	5.999999999999513e-05	1.037383035096066	-5.810781543436061e-19	-4.752600223090208e-19	3.0344108302438054e-20	1.032450306440387	6.9003640692025245e-18	2.364644938190885e-19	4.881078180529741e-19	0.9345611730481779	198752423.4807849	-340509.00809454406	1222889.9974107982	-338886.0703018043	614.8170780580982	-1292050.41379198	1101685.2038727563	-1169544.9874626496	-114.45519603565661	1599.565890624997	205984974.17642835	-351222.0149462025	1141771.2251541447	-351218.0491555975	634.1602948693294	-1206343.977822745	1141775.2513202552	-1206340.9111127262	-106.86296370039793	0.03670122951059026	0.0	0.0	0.0	0.03193491533923851	0.0	0.0	0.0	-0.06767819350326733	206005698.3746164	0.0680531706384464
352	1288.48	nan	nan	1	1	6.000000000000838e-05	6.000000000000867e-05	5.999999999999513e-05	1.0448840350960498	1.362842130814279e-19	4.1063073080716e-18	4.0706370565968266e-19	1.029477638908191	-1.1403936605799969e-17	-1.6582872228165791e-19	-2.0166160408230384e-19	0.9305376222797878	198680870.936088	-377634.23488197365	1227482.4895468373	-372067.0304822406	55.79998640446656	-1282019.7881908012	1093156.5982242012	-1158808.5479271442	-726.9536029075962	1599.565890624997	207398303.99945426	-388391.15292672755	1141117.311787013	-388392.0516985899	57.389450031471384	-1191817.3878782825	1141120.5487942698	-1191817.2304781543	-675.8054377216001	0.04390590805906278	0.0	0.0	0.0	0.029051526908089022	0.0	0.0	0.0	-0.07199277139071787	207419394.09713036	0.07282110005009947
356	1363.4900000000002	nan	nan	1	1	6.000000000000838e-05	6.000000000000867e-05	5.999999999999513e-05	1.052385035096065	-8.4893030105615e-20	2.580021699755131e-18	1.396723448704451e-19	1.02653215417565	-2.9902838018236456e-18	-2.6660531421418555e-19	-2.008484524529397e-19	0.9265619674674396	198503870.78112155	-411165.36595979397	1234075.976176517	-401063.0791004059	-351.13429507357455	-1265940.625287439	1086532.7591519072	-1142654.2544513608	-1251.8130906172944	1599.565890624997	208699761.4629942	-421664.8421818093	1142338.1391613255	-421663.1575520341	-360.1008240837492	-1171834.0573001553	1142341.0876796742	-1171832.9552074207	-1158.7567249660221	0.05105905029580714	0.0	0.0	0.0	0.026186281073598727	0.0	0.0	0.0	-0.07627435209618802	208721046.430964	0.07793249409735838
360	1438.5	nan	nan	1	1	6.000000000000838e-05	6.000000000000867e-05	5.999999999999513e-05	1.0598860350960708	-1.4994516045474526e-19	6.214430012252414e-18	-4.1198327301733563e-19	1.0236128529844921	1.9781106006672155e-17	2.392834194675508e-19	-4.6674903525500965e-20	0.9226339231162413	198250795.5330602	-439882.49378402677	1241019.3871597056	-424832.3142240245	-690.5347041091306	-1243141.927458721	1080314.005735754	-1120504.1971249217	-1730.346314430127	1599.565890624997	209918053.03261366	-449829.6622965691	1143888.425623918	-449834.120601928	-706.1499312723084	-1145844.8408951738	1143891.564914785	-1145842.427732673	-1594.917163967648	0.058161388283614356	0.0	0.0	0.0	0.02333838187227121	0.0	0.0	0.0	-0.08052273949444948	209939380.2946515	0.08331074574499109
364	1513.5100000000002	nan	nan	1	1	6.000000000000838e-05	6.000000000000867e-05	5.999999999999513e-05	1.0673870350961017	-4.999256217330661e-19	-2.0111950299606108e-18	2.8229914066091324e-20	1.02071942073717	-1.6462444471856962e-17	3.2330908783517744e-19	-6.438534601305168e-19	0.9187525762334321	197941978.76628184	-468244.0792616338	1252058.2975355722	-447778.2857965166	-1772.078196472839	-1216197.6961150724	1077719.1783753973	-1094701.9873078577	-2510.342249940989	1599.565890624997	211073134.51258123	-477476.2796908228	1149201.6724015807	-477483.1844100016	-1807.0176261647678	-1116287.0204186176	1149213.3529321277	-1116285.8334357028	-2304.117561946486	0.06521363859708118	0.0	0.0	0.0	0.020507693127045933	0.0	0.0	0.0	-0.0847384243954222	211095050.03228608	0.08889567919712363
368	1588.5200000000002	nan	nan	1	1	6.000000000000838e-05	6.000000000000867e-05	5.999999999999513e-05	1.0748880350960663	-2.904577620088666e-19	1.3811109374206598e-18	3.1699361018044937e-19	1.0178516091413705	2.13645019644243e-17	-9.107298248878237e-20	4.960224939121183e-19	0.9149169785296628	197591898.52796996	-498882.43752701714	1266823.014812632	-472407.001492973	-2091.9636899660045	-1188622.1966879133	1078297.2247451083	-1068420.4657591863	-2952.307197878957	1599.565890624997	212179283.95921394	-507286.4939249206	1157892.5203953083	-507282.839331136	-2127.2044190644338	-1086415.967367261	1157903.409735385	-1086418.8260450768	-2698.4467304131504	0.07221650275627615	0.0	0.0	0.0	0.017694140451582446	0.0	0.0	0.0	-0.08892195167054381	212201337.3079629	0.09463999693075784
372	1663.5300000000002	nan	nan	1	1	6.000000000000838e-05	6.000000000000867e-05	5.999999999999513e-05	1.0823890350960916	2.892651396191326e-19	2.5290099875396877e-18	-3.5805776746333786e-19	1.015009050389692	4.03111788740973e-18	-4.946130310878872e-19	4.413787044188488e-19	0.911126276071284	197209560.98095196	-527375.6141651712	1280015.8373410034	-494536.79613783973	-2785.407285031284	-1163162.5259905579	1077488.8096204298	-1044119.6353839972	-3408.846759482853	1599.565890624997	213245305.97979024	-534758.9828816965	1165096.8936074863	-534749.1768964727	-2824.403568626306	-1058734.5923839568	1165102.8974173388	-1058737.528295878	-3102.8028360240933	0.07917066764583171	0.0	0.0	0.0	0.014897529094088539	0.0	0.0	0.0	-0.09307377873604733	213267713.2277941	0.10050648289012289
376	1738.5400000000002	nan	nan	1	1	6.000000000000838e-05	6.000000000000867e-05	5.999999999999513e-05	1.0898900350960696	1.8767539605724083e-19	4.6988237953349275e-18	1.384526174263989e-19	1.012191516143936	1.4685518426316158e-19	2.3744027577432547e-19	-1.3520001090894241e-19	0.9073795212861842	196801876.76760775	-550053.9619412317	1291492.4906680349	-510829.77071348124	-2764.605807142561	-1141908.2035175979	1075229.26242449	-1023653.3144945144	-3867.8766070630436	1599.565890624997	214277992.71754253	-556203.4033343524	1170702.4052357632	-556191.7380396829	-2795.5132863398853	-1035108.3649932899	1170710.2180511595	-1035097.4572512397	-3506.1237132719484	0.08607680591883128	0.0	0.0	0.0	0.01211779816217697	0.0	0.0	0.0	-0.09719448056967196	214300402.51156744	0.10646592940785153
380	1813.5500000000002	nan	nan	1	1	6.000000000000838e-05	6.000000000000867e-05	5.999999999999513e-05	1.0973910350960667	-8.350525132483355e-19	6.141896886913134e-18	3.867078098712673e-19	1.0093986705836169	-4.350523847423959e-18	2.1120258320017626e-19	-4.494018004952415e-19	0.9036759478116013	196379177.96632007	-569180.4112137074	1300478.3442719819	-523547.686530823	332.738315115671	-1121529.6234614006	1070905.773099535	-1004071.4301345748	4396.5068487696535	1599.565890624997	215288080.72025794	-573952.3174973727	1174029.4422225945	-573958.8981174115	335.52793335522637	-1012480.3723706823	1174020.8453382151	-1012489.3845692524	3969.023018432786	0.09293557638763351	0.0	0.0	0.0	0.009354777886915215	0.0	0.0	0.0	-0.10128444766400417	215304968.9472001	0.11249514147646418
384	1888.5600000000002	nan	nan	1	1	6.000000000000838e-05	6.000000000000867e-05	5.999999999999513e-05	1.10489203509605	1.4766833589252571e-19	-5.062031523117572e-18	-7.128629284092192e-19	1.006630051799712	-1.2810390769002478e-17	-3.3003114130458755e-19	-5.339695699491109e-19	0.9000147170737541	195935432.02499604	-585321.908704405	1304831.824650478	-533269.5303157918	876.2604239101821	-1099391.0629322508	1062880.3896146289	-982966.0758318007	4621.589688366967	1599.565890624997	216268603.60169768	-588606.8692757387	1173180.4197790367	-588609.4999398403	881.1781980443246	-988467.6663658711	1173180.6507985718	-988482.7065166376	4155.292987352752	0.09974762440076415	0.0	0.0	0.0	0.006608169672785081	0.0	0.0	0.0	-0.10534416348735226	216284810.77896342	0.11857573705926687
388	1963.5700000000002	nan	nan	1	1	6.000000000000838e-05	6.000000000000867e-05	5.999999999999513e-05	1.1123930350960625	5.638935499097108e-19	1.1541332126108194e-18	-3.4827284285665617e-19	1.0038847843555019	-1.0815106405923092e-17	-2.7885679876327175e-19	6.133331689750499e-19	0.8963955903388995	195478505.44637772	-599921.2708830106	1308062.6664175387	-541401.9254080913	1616.772830570218	-1078191.5036006114	1054080.411901807	-962757.9696663036	5046.868917445397	1599.565890624997	217227811.4291623	-601639.4259065627	1171349.2877303003	-601639.3213738556	1621.403215415058	-965503.3219763975	1171359.3800244723	-965515.2772036947	4519.390747469614	0.10651358220746257	0.0	0.0	0.0	0.003877258066467842	0.0	0.0	0.0	-0.10937345636811191	217243151.49194878	0.12469264682770961
392	2038.5800000000002	nan	nan	1	1	6.000000000000838e-05	6.000000000000867e-05	5.999999999999513e-05	1.1198940350960618	-4.435471087638199e-19	5.9154070530809124e-18	2.4174997940995536e-19	1.0011619378925203	-1.6776917311986382e-17	4.744468706796568e-19	-8.098990228466718e-20	0.8928183342025744	195010544.41644698	-613685.9503854701	1311537.693360434	-548630.1032897651	3247.605043193729	-1058763.4587620895	1045626.4099735538	-944186.2372189212	5810.359209186302	1599.565890624997	218167806.13889134	-613770.6956094122	1169767.4026419993	-613779.2516535664	3248.0535120180507	-944316.7264183427	1169793.2570131097	-944316.6219443104	5182.290097307184	0.11323406930967746	0.0	0.0	0.0	0.0011612633651428507	0.0	0.0	0.0	-0.11337215194478022	218181720.00792962	0.13083373381345148
396	2113.59	nan	nan	1	1	6.000000000000838e-05	6.000000000000867e-05	5.999999999999513e-05	1.1273950350960684	-6.565928356572215e-19	-5.1165668923935925e-18	5.229920229526952e-20	0.9984606607517535	-9.46882546329353e-18	4.412702842016003e-19	-6.770842567171975e-19	0.8892826410354073	194530831.10288075	-627307.593074393	1316863.387107908	-555561.3195964661	3733.3290815219802	-1039804.8012243797	1038750.9512773154	-926100.6268312364	5061.876132546938	1599.565890624997	219087534.96359223	-625697.7763736313	1169859.3401171404	-625692.9009219031	3723.74849367127	-923729.3484804807	1169878.2350653484	-923724.0379422798	4496.808955393049	0.11990969280258792	0.0	0.0	0.0	-0.001540525248167233	0.0	0.0	0.0	-0.11734016257431225	219101316.8559708	0.13698921721216092
400	2188.6000000000004	nan	nan	1	1	6.000000000000838e-05	6.000000000000867e-05	5.999999999999513e-05	1.1348960350960717	9.584347204771859e-20	6.924257174578674e-18	-3.1650571920283087e-19	0.9957803362808784	-2.5806722210586218e-18	-3.7535079211448166e-19	4.544975507059235e-19	0.8857880838931412	194043788.05912554	-641201.8869304775	1325961.589005814	-562592.5930596819	6382.666272025357	-1019930.6293418126	1034935.8504705011	-907268.4960452238	6509.973272049768	1599.565890624997	219991734.8568367	-637835.782357554	1173306.0733096993	-637823.6675481418	6349.159318032195	-902507.8944093648	1173329.6669160442	-902505.6269775311	5760.492038767737	0.1265410477036202	0.0	0.0	0.0	-0.0042285916240949566	0.0	0.0	0.0	-0.121277539950715	220003394.24458304	0.14315120774998558
