6	header
postResults v2.0.3	--cr f,p,texture --time RVE_1_40_D_tensionX.spectralOut
addCauchy v2.0.3	RVE_1_40_D_tensionX.txt
addStrainTensors v2.0.3	--left --logarithmic RVE_1_40_D_tensionX.txt
addMises v2.0.3	-s Cauchy RVE_1_40_D_tensionX.txt
addMises v2.0.3	-e ln(V) RVE_1_40_D_tensionX.txt
inc	time	elem	node	ip	grain	1_pos	2_pos	3_pos	1_f	2_f	3_f	4_f	5_f	6_f	7_f	8_f	9_f	1_p	2_p	3_p	4_p	5_p	6_p	7_p	8_p	9_p	texture	1_Cauchy	2_Cauchy	3_Cauchy	4_Cauchy	5_Cauchy	6_Cauchy	7_Cauchy	8_Cauchy	9_Cauchy	1_ln(V)	2_ln(V)	3_ln(V)	4_ln(V)	5_ln(V)	6_ln(V)	7_ln(V)	8_ln(V)	9_ln(V)	Mises(Cauchy)	Mises(ln(V))
0	0.0	nan	nan	1	1	6.000000000000838e-05	6.000000000000867e-05	5.999999999999513e-05	1.0	0.0	0.0	0.0	1.0	0.0	0.0	0.0	1.0	2.7716487604837305e-06	-1.193192284640359e-09	-2.8066754232013673e-08	-1.19319228464005e-09	2.7018729684353462e-06	-1.6832583398956398e-08	-2.8066754232013544e-08	-1.6832583398956544e-08	2.6991213888906947e-06	1599.565890624997	2.7716487604837305e-06	-1.193192284640359e-09	-2.8066754232013673e-08	-1.19319228464005e-09	2.7018729684353462e-06	-1.6832583398956398e-08	-2.8066754232013544e-08	-1.6832583398956544e-08	2.6991213888906947e-06	0.0	0.0	0.0	0.0	0.0	0.0	0.0	0.0	0.0	9.102600058541354e-08	0.0
4	3.0	nan	nan	1	1	6.000000000000838e-05	6.000000000000867e-05	5.999999999999513e-05	0.9998904999999916	-4.019766904762693e-23	-6.58700465388227e-22	-5.816734067472891e-24	1.0002964000000167	-8.590105225240682e-22	1.376428539288238e-24	-2.5622746654442585e-23	0.9999072045656957	-834078.1617107099	-779.1601154654454	4406.589430568454	-779.4764111965308	20707817.656269934	856.1134459378255	4406.663048791497	855.780349218332	-0.00028233300336887626	1599.565890624997	-833908.3970899656	-779.3177599714408	4405.766135870289	-779.3177599772561	20712007.390343677	855.9534960100697	4405.766135869462	855.9534960051288	-0.0002822802543509672	-0.0001095059955711033	0.0	0.0	0.0	0.00029635608221445525	0.0	0.0	0.0	-9.279974006720167e-05	21141301.579933528	0.0002651814385883685
8	6.0	nan	nan	1	1	6.000000000000838e-05	6.000000000000867e-05	5.999999999999513e-05	0.9997809999999979	1.324812469064929e-23	9.404050947992862e-22	-9.754113783225302e-24	1.0005927999999777	-4.354278744479138e-23	1.326135958045014e-23	2.0355260513704905e-23	0.9998143509175601	-1664680.4663916528	-1558.18985145775	8812.08126357916	-1559.4550670729543	41435234.47760051	1713.9498958684965	8812.375218949595	1712.6164635942177	-0.0005437486372284184	1599.565890624997	-1664003.1491108723	-1558.8205633912178	8808.789681581664	-1558.8205634028184	41452006.30859826	1713.3096831363275	8808.7896815801	1713.309683127147	-0.0005435455304739604	-0.00021902398400380728	0.0	0.0	0.0	0.0005926243634663232	0.0	0.0	0.0	-0.00018566631736371305	42308560.02542276	0.0005303294903991389
12	9.0	nan	nan	1	1	6.000000000000838e-05	6.000000000000867e-05	5.999999999999513e-05	0.9996714999999897	3.340155313489126e-23	1.830623487473755e-21	-5.149695621510129e-23	1.000889199999972	3.961731912985973e-22	-6.829203137237797e-24	-1.3240183756768782e-22	0.9997214390393795	-2491807.9990709736	-2337.089169986682	13216.475518277866	-2339.935978662772	62182256.96991225	2573.5103913608596	13217.135753254746	2570.5078162711134	-0.0006124645214440534	1599.565890624997	-2490287.9488655445	-2338.5085732570583	13209.073049418857	-2338.5085732742414	62220022.6230315	2572.068983588868	13209.07304941705	2572.0689835760663	-0.0006121214837301818	-0.00032855396795458566	0.0	0.0	0.0	0.0008888048958524564	0.0	0.0	0.0	-0.00027859976593127677	63501803.76590079	0.0007954442043347367
16	12.0	nan	nan	1	1	6.000000000000838e-05	6.000000000000867e-05	5.999999999999513e-05	0.9995619999999966	-2.1142736456855386e-23	1.6908365813971937e-21	7.768880313098036e-23	1.001185600000009	-7.24371988580037e-22	2.4775713707188286e-23	-2.338340330013903e-22	0.9996284319534965	-3313385.2086956096	-3110.9717758299316	17523.902448318793	-3116.0249647108785	82938882.2779175	3554.3718455508824	17525.06710432005	3548.8436415693113	-1.3079277363998116	1599.565890624997	-3310691.658360059	-3113.491852636036	17510.82045219162	-3113.4918544442985	83006067.82912587	3551.71842523796	17510.82045100141	3551.7184212825487	-1.3069513382697338	-0.00043809595002180986	0.0	0.0	0.0	0.0011848977313475564	0.0	0.0	0.0	-0.0003716370950145578	84709955.51312384	0.0010605371736218186
20	15.0	nan	nan	1	1	6.000000000000838e-05	6.000000000000867e-05	5.999999999999513e-05	0.999452499999997	3.1393158607612505e-23	-1.3313505046265482e-21	3.864587821847745e-23	1.0014820000000055	1.7644755082491143e-21	7.755645423297187e-24	6.935082255644584e-24	0.9995329045892334	-4008543.86358071	-3530.0639980076935	14907.867532221644	-3537.2318528550977	103061589.58411849	12073.690221703206	14909.067076746016	12050.192485920195	168.05404407659125	1599.565890624997	-4004482.467990937	-3533.6483176974784	14893.961210356185	-3533.6479834161946	103166235.18969826	12062.42767043865	14893.961437058932	12062.427885113344	167.89728029916503	-0.0005476499328560222	0.0	0.0	0.0	0.0014809029217852721	0.0	0.0	0.0	-0.0004672045338096782	105225566.44492207	0.0013263668677042145
24	18.0	nan	nan	1	1	6.000000000000838e-05	6.000000000000867e-05	5.999999999999513e-05	0.9993430000000054	-3.8370592510619807e-22	1.1383911052860983e-20	-7.538593230563273e-23	1.0017784000000012	2.6838238933752505e-21	-3.3351922298138076e-23	-1.3383120566617945e-22	0.999414797086626	-3942015.135712845	922.8991954253167	-59185.12873033772	925.1398072026477	117578928.23031752	77825.50021582971	-59189.38285046771	77641.86496093536	6108.600460620049	1599.565890624997	-3937321.2331564208	924.0466936443354	-59118.90186882681	924.0382091730671	117725121.45641111	77738.41518728658	-59118.90387311474	77738.40194157808	6101.765070625812	-0.0006572159190723107	0.0	0.0	0.0	0.0017768205190760568	0.0	0.0	0.0	-0.00058537421143208	119739561.92123312	0.0015992816830642062
28	21.0	nan	nan	1	1	6.000000000000838e-05	6.000000000000867e-05	5.999999999999513e-05	0.9992335000000017	7.928228386300252e-22	-9.123603633112883e-22	4.150461441546072e-23	1.0020747999999957	6.560693692958183e-21	-3.6766523866756974e-23	3.273782341137871e-22	0.9992646830445315	-3520263.14319684	15673.819245066317	-210794.6687169013	15718.386744394185	124862341.05230436	210348.0011315176	-210801.24382721196	209758.1251102665	5104.109185764704	1599.565890624997	-3515559.474351674	15697.384996643626	-210519.580745901	15697.384312752461	125050072.89127693	210073.49606368333	-210519.57759864363	210073.49865071528	5097.448300799147	-0.0007667939113216202	0.0	0.0	0.0	0.0020726505750466116	0.0	0.0	0.0	-0.0007355874335805235	126843003.17504282	0.0018826470459623278
32	24.0	nan	nan	1	1	6.000000000000838e-05	6.000000000000867e-05	5.999999999999513e-05	0.999124000000006	-2.5673568631277844e-21	1.3599537484641418e-20	-9.1394855008739e-22	1.0023712000000138	1.367958209815695e-21	8.474829335075293e-22	-2.118429401083005e-21	0.9990987988133937	-3305687.8973006327	37418.55764197656	-353575.2845630593	37540.17447258931	128952063.96830532	367355.9637910199	-353566.36079486687	366156.68890464696	2067.240547580623	1599.565890624997	-3300842.716088799	37485.14669643234	-353048.14032506756	37485.15144752028	129181543.57818045	366808.2739833354	-353048.1348940313	366808.2914578536	2064.158505393917	-0.0008763839122150991	0.0	0.0	0.0	0.002368393141500473	0.0	0.0	0.0	-0.0009016075125345116	130865185.12160774	0.002171641398457316
36	27.0	nan	nan	1	1	6.000000000000838e-05	6.000000000000867e-05	5.999999999999513e-05	0.9990145000000028	-2.1599340154984657e-21	-3.2587475063241067e-20	-1.2934193104573165e-21	1.002667600000015	3.187850848638922e-20	1.8724722090240376e-21	-3.3796614595446585e-22	0.9989262613223682	-3256699.430626293	66333.36106939084	-469879.39043250313	66575.93293499116	131755108.01974611	517347.9321943165	-469837.8874598637	515417.51628733275	769.7933889508541	1599.565890624997	-3251526.2620424046	66470.16867493183	-469091.56471558916	66470.17907835229	132026843.09475793	516480.51810067054	-469091.564180512	516480.52643969626	768.5027108728742	-0.0009859859244007597	0.0	0.0	0.0	0.0026640482701296713	0.0	0.0	0.0	-0.0010743155479807258	133687408.36951499	0.002463327279207722
40	30.0	nan	nan	1	1	6.000000000000838e-05	6.000000000000867e-05	5.999999999999513e-05	0.9989049999999936	-1.616138863361205e-21	-5.346980182837496e-20	1.0892843701690303e-21	1.0029640000000233	-2.1793310699905893e-20	-4.866204281975956e-22	3.515186731105347e-21	0.9987504581301966	-3272393.083106997	97588.90053573065	-565911.0987303292	97985.45735439582	133894781.87465815	645529.3154234623	-565823.5517362918	642817.3882669078	300.8571712956466	1599.565890624997	-3266804.382847238	97818.10533986444	-564857.2138868413	97818.11457586594	134209257.46650973	644327.1591782885	-564857.2197125228	644327.158668692	300.29689104386415	-0.0010955999505102589	0.0	0.0	0.0	0.0029596160126459446	0.0	0.0	0.0	-0.001250323198181558	135880183.3904185	0.0027564995495523237
44	33.0	nan	nan	1	1	6.000000000000838e-05	6.000000000000867e-05	5.999999999999513e-05	0.9987954999999983	3.438953765852459e-21	4.0787812783846767e-20	1.3654171109739322e-21	1.003260400000031	1.3691864075892139e-19	-1.2671612890924333e-21	-1.1707689396948939e-20	0.9985727682860758	-3291030.858101995	126139.60897279906	-644513.0108322898	126703.49701711883	135603121.17137152	747374.5839371082	-644369.2969577604	743882.5518091226	195.8942759659612	1599.565890624997	-3285024.1423799624	126472.23253961382	-643193.195858223	126472.24063564322	135960699.52604172	745844.1320291733	-643193.2085667012	745844.1312819697	195.49312937247356	-0.001205225993157778	0.0	0.0	0.0	0.0032550964206839775	0.0	0.0	0.0	-0.0014282511792313326	137643268.5277851	0.0030506087192440343
48	36.0	nan	nan	1	1	6.000000000000838e-05	6.000000000000867e-05	5.999999999999513e-05	0.998686000000003	1.212951180468158e-21	1.0100317324591816e-19	-3.008661028647275e-21	1.0035567999999897	9.889956692141211e-21	1.0799670077492329e-21	3.9556438636775825e-21	0.9983938591833488	-3282878.8526535514	150265.5456721977	-706957.9231254515	150998.42733365667	136992190.3022929	823406.5453314616	-706751.1348012079	819170.4197660373	184.1743785616359	1599.565890624997	-3276506.22346754	150705.3083354673	-705379.1953511598	150705.31356727734	137393107.5597053	821567.7728386074	-705379.2100025695	821567.7794791803	183.76309353711463	-0.0013148640549921517	0.0	0.0	0.0	0.0035504895457917677	0.0	0.0	0.0	-0.001607432043593201	139073117.3190625	0.003345358868338133
52	39.0	nan	nan	1	1	6.000000000000838e-05	6.000000000000867e-05	5.999999999999513e-05	0.9985764999999899	-6.4238978719766135e-21	-5.603969979034451e-21	-4.558731322122644e-21	1.0038532000000124	1.730462900252118e-19	8.538092108323347e-22	-4.655293078109635e-21	0.9982141245707093	-3240154.455564718	170005.16791907678	-756057.5402009026	170903.51280616602	138138080.1675023	877770.8015423338	-755783.1857551158	872839.9957114425	171.8646505163012	1599.565890624997	-3233492.028786904	170552.10006196148	-754229.1266613893	170552.0998856533	138582491.10585657	875648.0424495495	-754229.1394267536	875648.0529904846	171.4490212324715	-0.0014245141386669783	0.0	0.0	0.0	0.003845795439631802	0.0	0.0	0.0	-0.0017874720059563095	140241714.95679694	0.003640561726439048
56	42.0	nan	nan	1	1	6.000000000000838e-05	6.000000000000867e-05	5.999999999999513e-05	0.9984669999999934	6.4679435852338375e-21	-2.2889794850126584e-20	3.156044761469523e-21	1.0041496000000139	-1.1316698988496355e-19	-2.944286524655948e-21	1.5329602279408327e-20	0.9980338238809345	-3166666.2524985834	186281.8287586916	-795492.4935580041	187342.019548461	139100254.10763252	915698.3353368363	-795147.3849362966	910121.281199483	151.91324723703775	1599.565890624997	-3159792.86555548	186935.38514327898	-793421.4741499589	186935.38554020607	139588277.334458	913314.366864783	-793421.4829252616	913314.3761891574	151.5177497484821	-0.001534176246784471	0.0	0.0	0.0	0.004141014153623976	0.0	0.0	0.0	-0.001968111580719494	141210540.14677438	0.003936086697129611
60	45.0	nan	nan	1	1	6.000000000000838e-05	6.000000000000867e-05	5.999999999999513e-05	0.9983574999999936	1.4535085374883794e-21	-1.052184327079292e-20	4.807759008615409e-21	1.0044460000000017	9.464746152619552e-20	-1.0062751413381088e-21	9.374960660210596e-21	0.9978531322005677	-3070136.754145613	200243.65989103122	-828196.1763236258	201464.8529019242	139924307.14604732	941475.2922600495	-827777.7798524057	935295.7508480877	129.38023418737353	1599.565890624997	-3063123.4657856687	201004.6315808472	-825886.833669464	201004.6352566069	140456051.50446147	938850.0820593614	-825886.839893389	938850.0885404167	129.01947027423807	-0.0016438503820022966	0.0	0.0	0.0	0.004436145739234645	0.0	0.0	0.0	-0.00214917562376052	142029269.6057993	0.00423184130893751
64	48.0	nan	nan	1	1	6.000000000000838e-05	6.000000000000867e-05	5.999999999999513e-05	0.9982479999999935	9.40714791220626e-21	-1.2758433768017899e-20	1.6567964448294114e-21	1.0047423999999965	-9.272639080182276e-20	2.123511598766531e-21	6.422203806082105e-21	0.9976721690016551	-2958241.8207276617	212393.38152631593	-855795.0794835014	213775.1733094371	140643955.48018378	958211.6885784657	-855301.4255869003	951468.8933903525	105.96037753045387	1599.565890624997	-2951148.647905561	213262.58707828124	-853250.6082549436	213262.59038307396	141219531.35771453	955362.7097388969	-853250.612572167	955362.7154987156	105.64533349893634	-0.0017535365469556435	0.0	0.0	0.0	0.004731190247897867	0.0	0.0	0.0	-0.0023305446089591795	142735662.12830713	0.004527759296116395
68	51.0	nan	nan	1	1	6.000000000000838e-05	6.000000000000867e-05	5.999999999999513e-05	0.9981384999999933	-4.596000771801834e-21	-1.3500011113339038e-19	-4.2910689107902854e-21	1.0050388000000041	3.084046960952907e-20	-2.9578390518120168e-21	1.631893676180135e-20	0.9974910177070383	-2837165.765086458	222786.4607020741	-879165.2844933643	224326.62077192828	141283671.40473482	968228.4785579375	-878594.9824089456	960957.1465747566	84.44245103590389	1599.565890624997	-2830042.0527171977	223763.3694659152	-876388.954157756	223763.36911324397	141903194.04694557	965170.8941147922	-876388.9576426888	965170.9011054684	84.17578884784992	-0.0018632347442836808	0.0	0.0	0.0	0.00502614773098738	0.0	0.0	0.0	-0.0025121350636363913	143357437.77793655	0.00482379219210476
72	54.0	nan	nan	1	1	6.000000000000838e-05	6.000000000000867e-05	5.999999999999513e-05	0.9980289999999938	1.6093625997831707e-22	1.8804131429045467e-20	-1.4653669987499396e-21	1.0053351999999953	-2.885841251295401e-20	-8.605854744103692e-22	-3.373901635503329e-20	0.997309736948574	-2711559.755628547	231516.91277711446	-898965.1142397576	233211.7580994313	141861020.522726	973354.6722999954	-898317.248426395	965584.5131457268	65.61076230116497	1599.565890624997	-2704445.484993216	232599.88868111008	-895960.3460750768	232599.8845978362	142524609.4808694	970101.258918383	-895960.3495941176	970101.2663645936	65.3914599870927	-0.001972944976625668	0.0	0.0	0.0	0.00532101823979724	0.0	0.0	0.0	-0.0026938883124658524	143914603.35546914	0.005119904203477349
76	57.0	nan	nan	1	1	6.000000000000838e-05	6.000000000000867e-05	5.999999999999513e-05	0.9979194999999931	3.2085608041992895e-21	-4.870439446712227e-22	8.649900457360915e-21	1.0056316000000036	2.0562910640724298e-19	7.375962904690448e-21	8.029872339970767e-22	0.9971283685933118	-2584821.641738243	238863.247155519	-915793.8627712355	240709.21870535164	142388661.91545472	975031.6462057548	-915067.8438000436	966787.1631414602	48.08082612196921	1599.565890624997	-2577748.822988505	240050.57498193163	-912563.9490273268	240050.56874366643	143096439.36749533	971592.8066995627	-912563.9538223355	971592.8137163643	47.91124983693067	-0.0020826672466247365	0.0	0.0	0.0	0.00561580182563709	0.0	0.0	0.0	-0.002875762450608804	144421601.09856597	0.005416068478082805
80	60.0	nan	nan	1	1	6.000000000000838e-05	6.000000000000867e-05	5.999999999999513e-05	0.9978100000000087	7.050702252944796e-21	-7.185973414621308e-20	1.1130012926921507e-21	1.0059279999999988	1.5253708127334342e-19	7.414926420264145e-21	-1.4379231312589002e-20	0.9969469442701866	-2459265.790642932	245169.85538696867	-930162.9470477455	247164.5051116858	142875922.49257195	974308.1099977525	-929358.407985276	965609.3673084514	31.43013513890514	1599.565890624997	-2452260.0618929486	246460.4131868431	-926710.9324401496	246460.40574754847	143628011.83853176	970692.2641519398	-926710.93777582	970692.2707455187	31.313491828222215	-0.0021924015569049727	0.0	0.0	0.0	0.005910498539709836	0.0	0.0	0.0	-0.0030577258122280794	144888969.6239946	0.005712264078653986
84	87.1	nan	nan	1	1	6.000000000000838e-05	6.000000000000867e-05	5.999999999999513e-05	0.9968208500000024	3.581255300991182e-20	1.7470562756888297e-19	-1.3508481442811582e-20	1.0086054799999717	-5.0371355307318736e-20	-4.380854403199241e-21	4.072873223577578e-20	0.9953082440529996	-1534526.01738989	278358.32694123924	-994202.9905431102	281648.72857233434	146176070.67017344	925291.3494279505	-992694.4495119794	913092.1811617212	-4553.507294572029	1599.565890624997	-1528605.1956156564	280562.42256970983	-988864.1408454048	280562.0139087063	147333521.36292437	920322.553831707	-988864.2329856877	920322.2234852406	-4529.055053657078	-0.0031842142335125356	0.0	0.0	0.0	0.00856866391954417	0.0	0.0	0.0	-0.004702796781403149	148125247.67508215	0.008387396721962525
88	114.2	nan	nan	1	1	6.000000000000838e-05	6.000000000000867e-05	5.999999999999513e-05	0.9958316999999948	-2.5853139616095754e-20	1.6221358566277656e-19	2.1021663684957227e-20	1.0112829600000035	-5.441068602618504e-19	1.2563192673675783e-20	2.861616109003928e-20	0.9936746500721872	-935280.8976575506	296283.79740596155	-1018371.7949091475	300881.11379060184	148578850.75689808	873852.313055251	-1016165.9606907937	858636.155959753	11258.742073967136	1599.565890624997	-930733.1109964163	299417.8894813743	-1011224.832715428	299418.08474840585	150150518.87647834	867719.592691705	-1011224.8718552336	867718.8152061144	11179.72790217474	-0.004177011579194983	0.0	0.0	0.0	0.011219782184509907	0.0	0.0	0.0	-0.006345439715096653	150631079.20108792	0.011058434279017275
92	141.3	nan	nan	1	1	6.000000000000838e-05	6.000000000000867e-05	5.999999999999513e-05	0.9948425499999911	1.9231036034461635e-20	-1.6829528222406242e-19	-2.1665408724870494e-20	1.013960440000024	-1.4082769781049997e-18	-1.3200161450011016e-20	-3.4558944247975454e-21	0.9920482367822145	-581237.5823369633	311000.93334298435	-1032283.0998530422	316977.67119888676	150484620.9507983	842228.4750165947	-1029383.986740304	824027.1012791274	7026.953543238351	1599.565890624997	-577829.735167542	315118.9718460731	-1023348.2567345719	315119.20317756286	152477224.1772159	834938.6343757347	-1023348.6177069456	834938.2432303117	6966.132313559639	-0.00517079555104397	0.0	0.0	0.0	0.013863890601251008	0.0	0.0	0.0	-0.007983547090936419	152781597.5308668	0.013723794274953016
96	168.4	nan	nan	1	1	6.000000000000838e-05	6.000000000000867e-05	5.999999999999513e-05	0.9938533999999948	4.179260561752718e-20	1.4907779871675686e-19	-1.2463242785899776e-20	1.0166379200000022	7.13621869929959e-19	1.4907779871675686e-21	2.3737251313854513e-20	0.9904303070228186	-371359.4114825426	323479.29104062467	-1043471.4287073128	330894.7949647897	152070880.72304744	826557.0124094174	-1039877.8384285026	805249.2764876934	4636.69441391639	1599.565890624997	-368811.29159992345	328624.72341388953	-1032742.2147303987	328624.32711064565	154489800.43251657	818058.162506794	-1032742.6122469001	818057.9965836811	4589.018852186731	-0.00616556811199374	0.0	0.0	0.0	0.016501026141619936	0.0	0.0	0.0	-0.009615776729593259	154690129.32051206	0.016382686164069134
100	195.5	nan	nan	1	1	6.000000000000838e-05	6.000000000000867e-05	5.999999999999513e-05	0.9928642500000012	6.939571530265032e-20	1.6545738303758162e-18	6.37127595012844e-20	1.0193154000000002	7.4277335584266305e-19	-1.260385025514399e-20	-9.289579739127362e-20	0.9888212460726438	-262553.0546402954	332863.67303291516	-1054037.1977592774	341730.9066628138	153411768.46628037	821241.4250040399	-1049743.9986633696	796673.5332154469	-10912.628978978426	1599.565890624997	-260489.78694118137	339046.0886578151	-1041495.6939420218	339045.42146641295	156261149.1324478	811469.8510136039	-1041494.6073632065	811470.4825335192	-10782.784625964037	-0.007161331230850329	0.0	0.0	0.0	0.019131225485830204	0.0	0.0	0.0	-0.01124170578559482	156414755.37288618	0.019034839106961375
104	222.60000000000002	nan	nan	1	1	6.000000000000838e-05	6.000000000000867e-05	5.999999999999513e-05	0.991875099999997	-4.5319650809894083e-20	-1.117371982699983e-18	6.252331348510255e-20	1.0219928800000158	3.8463427321638877e-19	-1.1519648082658485e-21	2.7023739149201198e-20	0.9872216305567778	-209733.7973656953	339435.85934520187	-1064134.3565696601	349740.979712977	154574702.7803614	823034.4249423182	-1059140.8983537534	795034.4462269113	-10736.070121119858	1599.565890624997	-207876.73524708618	346645.9022325014	-1049763.8349497665	346644.24121442327	157858063.11385098	811919.8190426674	-1049762.8655077983	811921.9738594791	-10591.08567734568	-0.008158086882315988	0.0	0.0	0.0	0.021754525025361866	0.0	0.0	0.0	-0.012860715053251034	157985253.3140553	0.021679964680954376
108	249.70000000000002	nan	nan	1	1	6.000000000000838e-05	6.000000000000867e-05	5.999999999999513e-05	0.9908859499999907	-4.682398132421772e-21	-1.3271176692308818e-18	-4.6740972095386803e-20	1.0246703599999971	-1.9290667153948338e-19	-3.4071053270356974e-20	5.0659346509385195e-20	0.9856314984998464	-201151.7762145651	344317.5274061671	-1073205.191591926	356055.62851597136	155587590.54189485	829707.3060283908	-1067512.3648331033	798100.0727787446	-8665.641722104583	1599.565890624997	-199170.55058602846	352550.13583936665	-1056999.8375796287	352548.691865071	159307679.14628768	817178.7600186246	-1056998.0015210386	817182.5907068684	-8534.790890455017	-0.009155837046981577	0.0	0.0	0.0	0.024370960865998034	0.0	0.0	0.0	-0.0144727280083496	159429582.25790247	0.02431802108706842
112	276.8	nan	nan	1	1	6.000000000000838e-05	6.000000000000867e-05	5.999999999999513e-05	0.9898967999999971	-1.5842904245444434e-20	-2.437693059562096e-19	-7.317687037919351e-20	1.027347840000006	1.1230708203691097e-18	-3.857049228617182e-20	9.98821251402271e-21	0.9840509013101164	-228407.0766279343	348625.8971477923	-1081293.277013559	361814.54487891693	156472526.78812814	839580.2641586892	-1074906.0168333834	804200.128589699	-7595.487009782395	1599.565890624997	-225930.30036700677	357892.14044731576	-1063251.6620475478	357891.13896328426	160631461.95264736	825571.6837106087	-1063250.0657808776	825575.2304223125	-7468.754646765849	-0.010154583711365878	0.0	0.0	0.0	0.026980568830967614	0.0	0.0	0.0	-0.016077654294085312	160766376.13136074	0.026948976060354818
116	303.9	nan	nan	1	1	6.000000000000838e-05	6.000000000000867e-05	5.999999999999513e-05	0.9889076499999948	-2.122325752640375e-20	1.0204375322162007e-18	3.1340219048409114e-21	1.0300253200000073	-2.337607646514528e-18	9.934002405398434e-20	1.165246284878796e-19	0.9824798984467633	-283119.4604663723	352801.1890202876	-1088544.8258721642	367469.42387858394	157249788.1549924	851521.4451273838	-1081467.422382489	812218.8123407551	-6932.173532524759	1599.565890624997	-279768.07068593235	363120.38495454815	-1068667.6937140694	363119.552379881	161849238.0012315	835972.4260167674	-1068665.6924650858	835975.6627337812	-6805.590110166898	-0.01115432886798253	0.0	0.0	0.0	0.029583384463678083	0.0	0.0	0.0	-0.01767539504419103	162010963.37704825	0.029572802189926844
120	331.0	nan	nan	1	1	6.000000000000838e-05	6.000000000000867e-05	5.999999999999513e-05	0.9879184999999896	-8.914852363262061e-20	3.8041943727085136e-20	3.6205576297437814e-20	1.0327028000000058	-7.320533068622126e-19	3.3501847129802087e-20	-1.130416290087699e-19	0.980918514517767	-359648.0434925451	356898.60707972466	-1095057.8532710643	373076.5317433361	157934978.45317352	864716.5226577376	-1087296.7214756107	821359.4270654176	-6541.027313984824	1599.565890624997	-355033.5669503461	368290.74299941154	-1073348.09875201	368289.7605226267	162976233.04291043	847573.3339399969	-1073346.1236440865	847577.0643619263	-6411.350058244538	-0.012155074515299423	0.0	0.0	0.0	0.032179443030759744	0.0	0.0	0.0	-0.019265886559141424	163175677.01077518	0.03218949114429269
124	358.1	nan	nan	1	1	6.000000000000838e-05	6.000000000000867e-05	5.999999999999513e-05	0.9869293499999996	3.016792544940916e-20	-2.510375262700093e-18	3.3249431311520304e-20	1.0353802799999818	-7.811405602214938e-19	-1.316763538483645e-19	-8.665485863590394e-20	0.9793667549142622	-453560.11135363154	360654.5364390665	-1100930.1775329057	378359.7968722542	158540940.25263685	878685.7836716388	-1092490.6268614528	831153.6973811501	-6195.328407503876	1599.565890624997	-447290.4302438309	373129.8359250211	-1077392.1891802207	373129.62955423706	164024985.26137233	859899.4008802426	-1077388.8406275944	859903.900819781	-6062.871716904598	-0.013156822657777964	0.0	0.0	0.0	0.0347687795248643	0.0	0.0	0.0	-0.020849084629166174	164270729.99531353	0.034799045490937555
128	385.20000000000005	nan	nan	1	1	6.000000000000838e-05	6.000000000000867e-05	5.999999999999513e-05	0.9859401999999916	4.724410966605586e-20	3.3377163879966254e-19	9.754939640348875e-20	1.03805776	-1.1421256735505425e-18	-1.420304845956011e-20	-4.186375638509654e-20	0.977824610901135	-561586.819005129	363836.7168352862	-1106237.1803579947	383068.3050382541	159078059.03610405	892963.3783389912	-1097127.5214408736	841152.7586021918	-5921.987758560996	1599.565890624997	-553266.5611733531	377393.99513441185	-1080876.7047960898	377392.9099662225	165005623.2918401	872492.2024138487	-1080872.895185762	872495.7801082094	-5786.22625235282	-0.0141595753059615	0.0	0.0	0.0	0.03735142866760654	0.0	0.0	0.0	-0.022424959486583802	165304632.0989273	0.03740147557035284
132	412.3	nan	nan	1	1	6.000000000000838e-05	6.000000000000867e-05	5.999999999999513e-05	0.9849510499999913	5.906191334614785e-20	2.003592062226056e-18	6.437640981545815e-20	1.0407352399999878	-5.421281912970644e-19	-5.898059818321145e-20	1.0936889414947527e-20	0.9762920616421245	-681239.5766147791	366353.2676182222	-1111100.507582951	387101.6557452282	159554981.72480986	907206.4432567586	-1101329.0619751827	851033.8769860232	-5692.885358964978	1599.565890624997	-670470.7746765775	380983.0585078545	-1083923.0159521499	380982.4853332786	165926580.46394166	885016.195524216	-1083919.6293110813	885018.6909914854	-5553.637520319893	-0.015163334476387971	0.0	0.0	0.0	0.03992742491213884	0.0	0.0	0.0	-0.023993493847663354	166284564.01415285	0.03999679803746491
136	439.40000000000003	nan	nan	1	1	6.000000000000838e-05	6.000000000000867e-05	5.999999999999513e-05	0.9839619000000035	1.0570971181733668e-21	1.7657316581098927e-18	7.137523130038362e-20	1.0434127200000087	-2.40541093987634e-18	-8.4893030105615e-20	2.4135695612242937e-19	0.9747690774514154	-810767.7141560223	368180.5709477631	-1115664.236596734	390424.0455472326	159978921.4672233	921186.5166225282	-1105237.1538625697	860585.4496211482	-5537.222881006802	1599.565890624997	-797147.2932201634	383867.05496516405	-1086673.5653496555	383865.1511179326	166794888.93736085	897249.3726462101	-1086669.819462446	897251.0451639538	-5393.3374691603585	-0.016168102191694858	0.0	0.0	0.0	0.042496802446173855	0.0	0.0	0.0	-0.02555467967574777	167216702.58700076	0.04258503412656866
140	466.5	nan	nan	1	1	6.000000000000838e-05	6.000000000000867e-05	5.999999999999513e-05	0.9829727500000021	3.6253010142484055e-19	-1.0158432255102934e-18	3.0694779942601335e-20	1.0460901999999785	2.609674629172609e-19	7.486416001012408e-20	-8.223673478302551e-20	0.973255623269127	-948907.9027165871	369463.8605584683	-1120054.1517791108	393185.7982729759	160355975.9081447	934695.6973096476	-1108976.9243724642	869618.9198650777	-5383.266068425076	1599.565890624997	-932025.9584624257	386192.25848093303	-1089252.105752958	386190.661327684	167616492.72887474	908991.1009352246	-1089247.2050152856	908993.0857453826	-5235.223575169485	-0.01717388048065423	0.0	0.0	0.0	0.04505959519443361	0.0	0.0	0.0	-0.02710851468229227	168106330.97271252	0.0451662079546234
144	493.6	nan	nan	1	1	6.000000000000838e-05	6.000000000000867e-05	5.999999999999513e-05	0.9819835999999932	1.1367859778510514e-19	1.9670002389046705e-18	-6.917887486815321e-20	1.0487676800000119	4.795426208903386e-19	1.431146867680866e-19	-2.7994100093575723e-19	0.9717516580925261	-1094665.4752374052	370376.6351879772	-1124393.0890019967	395564.44541960687	160691287.10114568	947772.003548624	-1112671.535236832	878173.5338825292	-5249.365163024151	1599.565890624997	-1074105.2405888494	388136.11702277366	-1091778.7514148937	388134.8717275261	168396400.55365726	920280.7672704144	-1091773.1070240699	920281.770312914	-5097.101182375882	-0.018180671378132826	0.0	0.0	0.0	0.047615836821674036	0.0	0.0	0.0	-0.028655002955890414	168957978.16866258	0.04774034658362991
148	520.7	nan	nan	1	1	6.000000000000838e-05	6.000000000000867e-05	5.999999999999513e-05	0.9809944499999941	-2.270048298641525e-19	-6.522966845487477e-19	6.840976895204631e-20	1.0514451599999841	-7.962814435602539e-18	2.3527187142935446e-20	2.4370154332042925e-19	0.9702571397968123	-1247093.5195393707	371056.51348939864	-1128753.1609514721	397703.1786936109	160989385.45667207	960515.2547683847	-1116392.8558459042	886350.3215493417	-5103.287025245304	1599.565890624997	-1222434.361393117	389840.2365950836	-1094323.6950174286	389839.2732005441	169139033.63542292	931217.4167757973	-1094318.081537222	931219.387067291	-4947.625492798987	-0.019188476925138417	0.0	0.0	0.0	0.050165560734911414	0.0	0.0	0.0	-0.0301941500415032	169775585.01518095	0.05030747789911532
152	547.8	nan	nan	1	1	6.000000000000838e-05	6.000000000000867e-05	5.999999999999513e-05	0.9800052999999905	-1.8531725633208484e-19	3.732704791960251e-18	1.4870510421996497e-19	1.0541226400000026	8.908347150227147e-19	-1.2587587222556707e-19	-1.9217483507305565e-20	0.9687720214823221	-1405443.834961045	371609.16617651976	-1133135.2647856267	399712.8441681897	161254079.90357944	973067.9720137125	-1120141.1455449723	894281.5545723748	-4995.31015644728	1599.565890624997	-1376260.882394783	391414.045384826	-1096887.7597197345	391413.11657942453	169848102.50855455	941940.8088751641	-1096882.28232696	941942.2146921232	-4835.516762111626	-0.020197299168887867	0.0	0.0	0.0	0.05270880008649592	0.0	0.0	0.0	-0.031725966720225124	170562518.85000336	0.052867632042153674
156	574.9	nan	nan	1	1	6.000000000000838e-05	6.000000000000867e-05	5.999999999999513e-05	0.9790161499999928	-2.850909612550634e-19	-3.042217085885701e-18	7.129984536807799e-20	1.0568001199999772	-4.55581752878409e-19	-5.9631119486702744e-21	3.0401028916493542e-19	0.9672962565490257	-1568920.362485282	372039.42760375945	-1137520.3974789712	401596.119726212	161488832.1577935	985526.4091591988	-1123896.4789832195	902061.3790815047	-4824.278145708021	1599.565890624997	-1534788.5078228232	392861.62113883346	-1099452.5300085244	392859.39814412396	170526991.73835263	952545.120370317	-1099446.11668724	952547.6856988656	-4662.830507935195	-0.0212071401627752	0.0	0.0	0.0	0.055245587776291606	0.0	0.0	0.0	-0.03325046380109737	171321723.01423457	0.05542083923814263
160	602.0	nan	nan	1	1	6.000000000000838e-05	6.000000000000867e-05	5.999999999999513e-05	0.9780270000000012	5.391195302684171e-20	-8.391182713951561e-19	-3.2654814182547786e-20	1.059477599999979	4.407281831153575e-20	-8.109832250191573e-20	-3.710681935331639e-20	0.965829794208371	-1737002.5625561117	372278.7758744042	-1141792.9186444923	403280.73685077927	161696469.9869939	997886.7201316712	-1127548.319630183	909682.2047857061	-4729.723430953448	1599.565890624997	-1697493.3498790243	394109.437096829	-1101906.4412923143	394107.86356649175	171178452.5385293	963027.3464110642	-1101901.525938408	963026.5405891661	-4564.499068960774	-0.022218001966431502	0.0	0.0	0.0	0.05777595645456476	0.0	0.0	0.0	-0.03476765676570705	172055754.9262275	0.05796713162034024
164	603.31	nan	nan	1	1	6.000000000000838e-05	6.000000000000867e-05	5.999999999999513e-05	0.9780878602336912	2.45029690981724e-20	5.40557453399676e-18	1.5165277887640993e-20	1.0593481720000084	-8.982886049585525e-19	1.2197274440461925e-20	3.8142232428040044e-19	0.9658455152747096	510.97693005619954	369345.7508445892	-1134774.091684234	400030.3296840339	151150202.39777067	984254.1153144069	-1120570.5465911822	897379.2581157143	769.3987710983199	1599.565890624997	499.407319965184	390973.72391794994	-1095198.452931709	390972.7878131843	160001184.1676071	949927.9127743439	-1095198.4337991166	949927.5665414572	742.565722965867	-0.022155776342622915	0.0	0.0	0.0	0.05765378690023731	0.0	0.0	0.0	-0.03475137963438768	160021699.35853106	0.05786369118615729
168	604.62	nan	nan	1	1	6.000000000000838e-05	6.000000000000867e-05	5.999999999999513e-05	0.9781280932029999	9.768661574094395e-20	1.266917343603624e-18	8.770517949049927e-20	1.0592187439999985	-4.092321100046536e-18	1.5910666881224778e-19	-7.814387158189273e-20	0.965881898018521	73.50372514668325	367217.88931407355	-1129649.0171202323	397661.505592088	142305188.48372084	975047.4883680496	-1115505.747770203	889127.5566162032	123.58622658198802	1599.565890624997	71.84551549879707	388690.629247623	-1090340.486739549	388690.4480865087	150626357.99213824	941118.6456582745	-1090340.4600309469	941118.500811852	119.28578204690875	-0.022114642878555562	0.0	0.0	0.0	0.057531602418649075	0.0	0.0	0.0	-0.03471371102383165	150648424.5292007	0.05775707510325432
172	605.93	nan	nan	1	1	6.000000000000838e-05	6.000000000000867e-05	5.999999999999513e-05	0.9781683697686512	-3.3507268140664515e-19	2.9595195651793693e-18	1.256251504731798e-19	1.0590893160000003	1.1278142048737339e-18	8.044780119842443e-20	2.6028983655945747e-19	0.9659203173496803	14.824162457999249	365938.63733163144	-1127304.4821616889	396211.61797693477	133907310.04753304	969764.2265891031	-1113189.027477252	884453.210481366	24.48865346171506	1599.565890624997	14.49093063697455	387305.21974902257	-1088165.6977959254	387305.1910983638	141725947.61279473	936095.0683885431	-1088165.690892935	936095.0446256798	23.63843407341998	-0.022073466537014957	0.0	0.0	0.0	0.057409403006199025	0.0	0.0	0.0	-0.0346739353875286	141749320.8956948	0.057649592030569755
176	607.24	nan	nan	1	1	6.000000000000838e-05	6.000000000000867e-05	5.999999999999513e-05	0.978208644396814	-1.0768838078212272e-19	-1.0937160465490647e-18	1.6831561101479652e-19	1.058959887999994	9.062032808176967e-19	-6.185373394029803e-20	1.8583225236401546e-19	0.9659592266026656	3.1314105544351043	365232.60105428065	-1126431.8812773763	395382.5921968725	125619350.8288451	966564.2309888621	-1112326.3669584924	881678.0013828059	5.345850722716772	1599.565890624997	3.0612704970023583	386526.47374846874	-1087411.5147511656	386526.468976048	132943238.28235978	933081.7886049155	-1087411.513441999	933081.7891731556	5.160666817625232	-0.02203229387154518	0.0	0.0	0.0	0.05728718865922106	0.0	0.0	0.0	-0.03463365414627586	132968082.77314436	0.057541899578181704
180	608.55	nan	nan	1	1	6.000000000000838e-05	6.000000000000867e-05	5.999999999999513e-05	0.9782489067715602	4.955346029344998e-19	-3.733558601171083e-18	-1.131568254895965e-19	1.0588304599999827	-2.459322892903182e-18	-9.600610237359141e-20	-1.8168517905425841e-19	0.9659982713295195	0.6815012564514181	364870.70811098814	-1126244.0488192178	394926.29651657137	117363730.51838693	964401.9064169407	-1112140.0663961554	879848.6750880994	1.521903013513249	1599.565890624997	0.6662909051602673	386111.9819958717	-1087318.3351755324	386111.98010996694	124196164.82641695	931069.8479825649	-1087318.3350499715	931069.8508891268	1.469302370731031	-0.021991135427061853	0.0	0.0	0.0	0.0571649593740662	0.0	0.0	0.0	-0.03459323428517493	124222710.46963584	0.05743414846278132
184	609.86	nan	nan	1	1	6.000000000000838e-05	6.000000000000867e-05	5.999999999999513e-05	0.9782891553933141	1.328960812924107e-19	-2.1716569514884655e-18	-1.8044512281947812e-19	1.0587010319999888	-3.0075497214204772e-18	3.572446158339737e-20	5.466276303128792e-19	0.966037361437779	-0.014676413136068732	364701.8248200035	-1126351.2641178807	394679.01137183537	109120835.56501485	962759.3132090437	-1112245.1854292182	878493.0210584248	0.5414490649042418	1599.565890624997	-0.014350025372338546	385901.7730963372	-1087510.0400113491	385901.77147441736	115463979.23036496	929559.4123998682	-1087510.0398147407	929559.4137663597	0.5227776742451368	-0.021949992734734126	0.0	0.0	0.0	0.05704271514710216	0.0	0.0	0.0	-0.03455276908090919	115492499.66082957	0.05732637671187032
188	611.17	nan	nan	1	1	6.000000000000838e-05	6.000000000000867e-05	5.999999999999513e-05	0.9783293910873373	-2.100641709190665e-20	4.078755020363312e-18	-3.9641141931501253e-20	1.0585716040000157	-5.654385380055027e-19	1.1053441148489718e-19	1.5886272332343853e-19	0.9660764699195302	-0.2731841814867803	364641.59543332283	-1126564.6710523139	394549.36211397074	100884995.02944076	961387.2458495237	-1112455.2015340573	877383.8198321353	0.1389002566578274	1599.565890624997	-0.2671307010600085	385806.55550227547	-1087804.3392915898	385806.5541308414	106740681.59426396	928309.9715862995	-1087804.3386743772	928309.9723733034	0.13412128553612548	-0.0219088649491458	0.0	0.0	0.0	0.056920455974680206	0.0	0.0	0.0	-0.0345122864953372	106771507.87804177	0.05721859539922524
192	612.48	nan	nan	1	1	6.000000000000838e-05	6.000000000000867e-05	5.999999999999513e-05	0.9783696153466345	7.762887554996211e-20	-4.2012834183813297e-22	6.187406273103213e-20	1.0584421759999882	1.4389802283770736e-18	-4.640385298237959e-20	-4.919838408196098e-19	0.9661155867564798	-0.3437001441854518	364648.893086737	-1126785.838548021	394492.7976050328	92654327.4629322	960164.9097975192	-1112672.903836952	876410.9247609503	-0.04644031439878745	1599.565890624997	-0.33611159016514836	385782.79403043876	-1088106.2041538386	385782.7928061411	98024280.3566083	927204.9395897393	-1088106.203529993	927204.9406513817	-0.04484613889514143	-0.021867750542514455	0.0	0.0	0.0	0.05679818185307477	0.0	0.0	0.0	-0.034471796900299286	98057825.35932873	0.05711080832887347
196	613.79	nan	nan	1	1	6.000000000000838e-05	6.000000000000867e-05	5.999999999999513e-05	0.9784098298441182	-9.131692797759162e-20	-6.52319723844913e-18	2.4530074152484537e-21	1.0583127480000039	2.732731575749714e-19	-1.576972059880166e-19	-4.412973892559124e-19	0.9661547074030653	-0.38052845353935844	364703.29789680586	-1126957.709319759	394487.1937272404	84428173.29844382	959034.9403610538	-1112841.9424955433	875522.0276935232	-0.13157025470386724	1599.565890624997	-0.3721572075898005	385808.87075245765	-1088360.5314641895	385808.86944152595	89314076.36785915	926188.9499066612	-1088360.531161318	926188.950775316	-0.12706410466906654	-0.021826647803431413	0.0	0.0	0.0	0.056675892778720226	0.0	0.0	0.0	-0.03443130500151152	89350869.56117195	0.057003016973372636
200	615.1	nan	nan	1	1	6.000000000000838e-05	6.000000000000867e-05	5.999999999999513e-05	0.9784500362817817	1.894643296418419e-19	-2.5897524142531883e-19	-3.7960628564148726e-20	1.0581833200000117	2.027051486733211e-18	8.581460195222767e-20	-2.8568727244993043e-20	0.9661938293830216	-0.3823436587496544	364790.8584867685	-1127042.8950356178	394517.4367623138	76206329.00216486	957969.635960243	-1112925.3928022431	874691.8745167383	-0.17139427498207077	1599.565890624997	-0.37396307366719367	385870.0162421951	-1088531.1970095455	385870.014817431	80609852.81211482	925235.2675517706	-1088531.1973423006	925235.2683035564	-0.16553763492831064	-0.021785554991048464	0.0	0.0	0.0	0.0565535887479114	0.0	0.0	0.0	-0.03439081336222693	80650591.9525162	0.056895221934765726
204	616.41	nan	nan	1	1	6.000000000000838e-05	6.000000000000867e-05	5.999999999999513e-05	0.9784902363793071	-9.313296661650483e-20	-2.0808956771242727e-18	-5.951592300587616e-20	1.0580538919999942	-7.538728755834833e-19	4.3530717225293006e-20	1.268245491264919e-19	0.9662329512339984	-0.3512577067707898	364901.36692644795	-1127012.3827288658	394572.4712922941	67988814.81132835	956953.9115379998	-1112894.6011794517	873906.7173257584	-0.16918059291836107	1599.565890624997	-0.3435866084557277	385955.4249175406	-1088590.1546439328	385955.42414871725	71911629.52106851	924329.3352517539	-1088590.1553756506	924329.3366224698	-0.16341286984065684	-0.021744470346726278	0.0	0.0	0.0	0.05643126975697342	0.0	0.0	0.0	-0.03435032349593564	71957262.46421778	0.05678742338839405
208	617.72	nan	nan	1	1	6.000000000000838e-05	6.000000000000867e-05	5.999999999999513e-05	0.9785304318118457	2.5186016466838268e-19	9.630154746559373e-19	7.02969583585289e-20	1.0579244639999927	-6.273817186250308e-18	-1.5021621099786663e-19	-2.5855511308348066e-19	0.9662720722823331	-0.2751894914770964	365033.0890399504	-1126835.849023607	394650.4090810424	59775809.179408245	955984.152437705	-1112719.6211280387	873163.2762936102	-0.13070554017051472	1599.565890624997	-0.2692016751886251	386063.2563661787	-1088508.0833091682	386063.25651407783	63219593.61114251	923467.6713077358	-1088508.083698923	923467.6743191894	-0.12625977167148317	-0.021703392157622185	0.0	0.0	0.0	0.056308935802284216	0.0	0.0	0.0	-0.03430983609966628	63271455.67350728	0.056679621192974004
212	619.03	nan	nan	1	1	6.000000000000838e-05	6.000000000000867e-05	5.999999999999513e-05	0.9785706244792017	9.687346411157982e-20	-2.575156342506102e-18	9.721905355405957e-20	1.0577950360000075	-1.3589661080476434e-18	-1.3487475025719675e-19	1.325979256949772e-19	0.9663111924125609	-0.14957043605361833	365194.6326067453	-1126484.8937489332	394760.5409483681	51567651.470484	955069.9397270748	-1112372.4072064436	872470.3229467097	-0.11280285824785824	1599.565890624997	-0.14632792876276798	386202.60734498774	-1088257.5100963379	386202.60687543784	54534102.29608797	922659.540614217	-1088257.5103564453	922659.5449883925	-0.10897488135835141	-0.0216623184816028	0.0	0.0	0.0	0.056186586880183235	0.0	0.0	0.0	-0.03426935129267475	54594162.68838248	0.05657181491610596
216	620.34	nan	nan	1	1	6.000000000000838e-05	6.000000000000867e-05	5.999999999999513e-05	0.9786108170716954	4.8518047218726324e-20	-1.420711421770693e-19	1.7539680645384248e-19	1.0576656079999898	-4.349602275577347e-18	-7.37257477290143e-21	5.865533753146579e-20	0.9663503116797214	0.04058199738356052	365409.19815852755	-1125942.4990699557	394927.9271664452	43364874.13401904	954216.543182385	-1111836.1519044805	871832.6959358294	-0.04867133265483426	1599.565890624997	0.03970547947097042	386398.002210197	-1087821.9492445886	386398.00195990875	45855716.867346644	921910.0450187396	-1087821.9493999525	921910.04952477	-0.04702348832607414	-0.021621246569059564	0.0	0.0	0.0	0.05606422298696073	0.0	0.0	0.0	-0.0342288690177572	45927056.34141973	0.05646400384851046
220	621.65	nan	nan	1	1	6.000000000000838e-05	6.000000000000867e-05	5.999999999999513e-05	0.9786510135564909	2.621871903613071e-19	1.3144053987584892e-18	6.311411896581243e-20	1.0575361799999692	-4.241317583600357e-18	1.1362438767648087e-19	-6.578396681555798e-20	0.9663894303081885	0.3126230867182021	365710.5929028777	-1125210.0936466795	395189.0719497215	35168298.673610926	953413.5706300834	-1111112.263486961	871240.9267897396	0.1031690558778646	1599.565890624997	0.3058958896148895	386685.1717436083	-1087202.7316165995	386685.17414920224	37185304.107795626	921209.1539189875	-1087202.7330766693	921209.1581258103	0.09968421008826635	-0.0215801723661378	0.0	0.0	0.0	0.05594184411898096	0.0	0.0	0.0	-0.03418838904249455	37273144.63588546	0.05635618687798552
224	622.96	nan	nan	1	1	6.000000000000838e-05	6.000000000000867e-05	5.999999999999513e-05	0.9786912199256471	1.341158087364569e-19	2.4422873662680034e-18	-1.385271563257573e-19	1.0574067520000052	-3.755622115381163e-18	1.3931997916438732e-20	-1.2370746788059606e-19	0.9664285489179903	0.826601357558975	366117.7204902583	-1124288.8821373058	395564.3487540999	26979229.573553864	952640.9843583752	-1110201.9252237251	870676.7271281588	0.38791313939567773	1599.565890624997	0.8088803478857441	387084.07707042596	-1086400.9698110663	387084.0824377094	28524241.23466625	920537.5110720989	-1086400.973443009	920537.5169926254	0.37484068155208655	-0.021539089750666537	0.0	0.0	0.0	0.055819450272633714	0.0	0.0	0.0	-0.03414791072510777	28638519.08986858	0.056248362199959
228	624.27	nan	nan	1	1	6.000000000000838e-05	6.000000000000867e-05	5.999999999999513e-05	0.9787314454735858	-2.2085198253529724e-19	5.5239694112321766e-18	-1.1099519740820351e-20	1.0572773239999995	5.856914345875319e-18	-3.4423418976414766e-20	-7.743914016977716e-20	0.966467668539391	1.5433870189021108	366621.36149484327	-1123151.7186899518	396043.73587301077	18799711.06322856	951882.4125751342	-1109078.3209417462	870125.1484135167	0.8538759020830039	1599.565890624997	1.51042301781468	387584.94014687045	-1085390.375805966	387584.94622556	19874687.218197968	919879.2935233191	-1085390.3810259327	919879.3059767828	0.8251678476123481	-0.021497989227355536	0.0	0.0	0.0	0.05569704144416131	0.0	0.0	0.0	-0.034107432999450696	20038127.7185674	0.05614052697910331
232	625.58	nan	nan	1	1	6.000000000000838e-05	6.000000000000867e-05	5.999999999999513e-05	0.9787717039341061	1.4284363622496522e-20	3.2733147789509863e-18	1.513885045968666e-19	1.0571478959999954	4.153090631814349e-18	4.499439015814843e-20	3.6987557114342986e-19	0.9665067912965072	2.440300440708059	367213.76098115684	-1121710.6726117393	396618.7967114146	10632889.572760342	951125.5115501329	-1107654.6064611108	869574.9128465436	1.5392751256123303	1599.565890624997	2.3883756707074077	388179.53198914643	-1084085.902185601	388179.53265516355	11239965.75460085	919222.5619818678	-1084085.9057728027	919222.5852222219	1.487644277624874	-0.02145685676681456	0.0	0.0	0.0	0.05557461762993342	0.0	0.0	0.0	-0.03406695366779502	11526034.608975118	0.05603267676854023
236	626.89	nan	nan	1	1	6.000000000000838e-05	6.000000000000867e-05	5.999999999999513e-05	0.9788120144345251	-6.717716660720185e-19	-2.1775523008013555e-18	-3.449118161219511e-20	1.0570184679999997	-2.8458680724485763e-18	1.9857162789072013e-19	-5.920285962857097e-19	0.9665459218069866	3.8323853529083425	367934.8807096835	-1119802.7635675808	397332.63053312	2483483.2407840723	950337.3643178127	-1105769.8328251026	868995.9149531922	2.67558022166515	1599.565890624997	3.751147173011161	388910.060016531	-1082329.929826975	388910.04857782554	2625061.299870291	918535.4834784486	-1082329.9330409712	918535.5103780775	2.5860451927574615	-0.021415672831694404	0.0	0.0	0.0	0.05545217882628793	0.0	0.0	0.0	-0.034026467952925965	3659251.276197768	0.055924804676642126
240	628.2	nan	nan	1	1	6.000000000000838e-05	6.000000000000867e-05	5.999999999999513e-05	0.9788524021266939	-2.160543879220489e-19	-3.0636436313194458e-18	-1.3877787807814457e-20	1.0568890400000093	-9.200539635711991e-19	1.362842130814279e-19	-6.099450371860327e-19	0.9665850683352926	5.748472782953119	368856.7805574013	-1117219.2270513836	398262.9676986814	-5641862.104118278	949426.1587092832	-1103217.8318830307	868304.1861038696	4.28324079959112	1599.565890624997	5.627078882040683	389852.6390640059	-1079920.5263112783	389852.61297236034	-5963005.010242537	917729.2801458995	-1079920.5281940796	917729.3093307754	4.140243514085962	-0.021374411733180478	0.0	0.0	0.0	0.05532972502955151	0.0	0.0	0.0	-0.03398596730551887	6483734.141345031	0.0558169007216413
244	631.21	nan	nan	1	1	6.000000000000838e-05	6.000000000000867e-05	5.999999999999513e-05	0.9791534020568162	3.482999479109683e-20	-1.5386048555013354e-18	-2.5682038960750387e-21	1.0568582515979985	3.578138219745286e-19	-1.9136168344369152e-19	1.0516761073109393e-20	0.9664504853593167	23911726.90234194	370580.32505066256	-1107886.7259093735	399989.0460684884	-89.47572401571786	953417.0785476593	-1093513.4540389809	871858.2507465545	-120.09789053513907	1599.565890624997	23410710.306272864	391608.41204373556	-1070601.5779224834	391608.1729034255	-94.5529048080693	921330.497821007	-1070601.3326879845	921330.686013647	-116.05608055872592	-0.02106695612518349	0.0	0.0	0.0	0.055300593446855284	0.0	0.0	0.0	-0.034125212521092574	23548067.252599016	0.05577633002698498
248	634.22	nan	nan	1	1	6.000000000000838e-05	6.000000000000867e-05	5.999999999999513e-05	0.9794544020568084	5.0361190911951684e-20	1.191429767344321e-18	5.013079795029851e-20	1.0567479177270263	1.538130517050873e-18	-9.557242150459721e-20	3.8283178710463163e-19	0.9663490087879558	45095907.75060996	367299.96192111267	-1072734.9754503923	396284.72413675865	-108.35550065003301	957172.1872123718	-1058381.1324025288	875291.2246675148	-217.91110111664673	1599.565890624997	44160270.72158927	388063.3740158299	-1036422.463569962	388062.7217327249	-114.48082094943639	924771.5223555429	-1036422.1426030772	924771.3071200271	-210.53472239379013	-0.02075959494574809	0.0	0.0	0.0	0.05519619001288144	0.0	0.0	0.0	-0.03423021727897026	44231027.14021794	0.05567329552518179
252	637.23	nan	nan	1	1	6.000000000000838e-05	6.000000000000867e-05	5.999999999999513e-05	0.9797554020568057	1.1993986533120892e-19	1.1901693823188065e-18	1.6105145645914365e-19	1.0566361042080197	-1.418759857860219e-18	-4.2067044292437573e-20	-1.9629480332850058e-19	0.9662440860162936	65217547.10368311	355919.2379000778	-1012534.8283230957	383846.93082469987	-191.37726094069978	963393.7462852456	-998571.3532686059	880978.5644173649	-339.64255793280796	1599.565890624997	63878125.85510274	375964.59365466825	-978063.063048562	375963.5810487325	-202.1556198221404	930594.9899758958	-978062.9510334644	930595.2382451288	-328.0794213306902	-0.020452328208175198	0.0	0.0	0.0	0.05509037534034621	0.0	0.0	0.0	-0.03433879965158387	63924492.36235354	0.05557199832110822
256	640.24	nan	nan	1	1	6.000000000000838e-05	6.000000000000867e-05	5.999999999999513e-05	0.9800564020568133	5.480641981914224e-20	2.6339472053091284e-18	1.755729893068714e-20	1.0565195368767086	-2.855110895969015e-18	1.2988742026376343e-19	3.158009877907153e-19	0.9661363768607456	83741085.48838429	334802.74612914654	-934598.6109695884	360924.60371937294	-203.44899733287068	959988.8894581133	-921324.1080653465	877863.1403507495	-474.57724479320586	1599.565890624997	82039427.18133326	353589.6198105164	-902602.4934534717	353590.4457423622	-214.8651839014855	927123.5321156685	-902602.3681591537	927122.9033544213	-458.3300247388926	-0.0201451558544394	0.0	0.0	0.0	0.05498004997749766	0.0	0.0	0.0	-0.03445027785965855	82072654.79140452	0.05547014533149311
260	643.25	nan	nan	1	1	6.000000000000838e-05	6.000000000000867e-05	5.999999999999513e-05	0.9803574020568049	-2.439454888092385e-22	1.4435338775015127e-18	-5.642594681429247e-20	1.0563940603248019	1.8023505864855906e-18	7.714098457234364e-20	2.4774019641293777e-20	0.9660270052891944	100051315.47953726	309137.87542111403	-848726.8369485664	333115.7509319933	12.197714715148846	925449.9472243881	-836320.5327738142	846284.465994722	-502.45287565777323	1599.565890624997	98040966.7788484	326421.3212310434	-819516.2168350591	326422.39748775907	12.879671078462724	893598.7488581049	-819516.197035069	893598.9909065593	-485.1599618051294	-0.01983807782660136	0.0	0.0	0.0	0.054861278862369765	0.0	0.0	0.0	-0.034563489374459015	98065322.6219197	0.055364691534527985
264	646.26	nan	nan	1	1	6.000000000000838e-05	6.000000000000867e-05	5.999999999999513e-05	0.9806584020567958	-9.494900525541805e-20	-2.209956393231516e-18	-8.881648671729691e-20	1.0562582645940928	2.308266425221639e-19	-2.005774019098183e-21	-1.8331148231298666e-19	0.9659159237588233	113836396.50129129	281742.3429048926	-759020.9956992285	303464.288545016	270.2158823698915	853224.207358082	-747611.2281877416	780249.0707615842	-339.26136045792896	1599.565890624997	111576232.75190824	297437.03445928806	-732767.0217458516	297439.15945377696	285.2684828529006	823711.8140997983	-732767.7875262788	823713.4942307272	-327.5265613267873	-0.0195310940667323	0.0	0.0	0.0	0.054732724126416124	0.0	0.0	0.0	-0.03467848400377554	111593782.04214443	0.05525480824493475
268	649.2700000000001	nan	nan	1	1	6.000000000000838e-05	6.000000000000867e-05	5.999999999999513e-05	0.9809594020568037	2.621058751983707e-20	2.891838244561962e-19	-9.521327953496139e-20	1.056114605824278	-1.831027733947832e-18	-4.548228113576691e-20	-1.7073473711215482e-19	0.9658012227735101	125165127.93602923	253491.30526545853	-675381.9242156121	272915.3429066906	380.9046700111432	751130.1209081769	-664945.7038850458	686899.371066423	48.93544457908224	1599.565890624997	122711297.4013459	267561.90702048584	-651909.5604844993	267564.90694380575	402.04763549764755	725025.1886095698	-651909.6122914386	725027.256699159	47.234731969934444	-0.019224204516954512	0.0	0.0	0.0	0.05459670763799384	0.0	0.0	0.0	-0.03479723947028298	122723567.80982037	0.05514289370685257
272	652.2800000000001	nan	nan	1	1	6.000000000000838e-05	6.000000000000867e-05	5.999999999999513e-05	0.9812604020568149	2.7007476116613917e-19	-4.876334796025117e-19	-9.530137096147584e-20	1.0559668485679363	5.860166952392776e-18	-1.4951147958575106e-19	5.608035737181272e-20	0.965680640654799	134299207.813585	224365.55872720966	-606081.6368371093	241448.73785690358	332.82760874671015	634571.4424945387	-596457.7803192185	580316.9909659151	488.3317925122316	1599.565890624997	131701172.64961675	236776.38879233532	-584920.1305745759	236777.88147985996	351.2380408850963	612415.2068685085	-584919.229107191	612417.3525349548	471.2815542978389	-0.018917409119475478	0.0	0.0	0.0	0.054456791389711136	0.0	0.0	0.0	-0.03492209916599222	131709567.97096626	0.05503233288171154
276	655.2900000000001	nan	nan	1	1	6.000000000000838e-05	6.000000000000867e-05	5.999999999999513e-05	0.9815614020568115	2.1263915107871955e-19	3.3984317096558135e-18	-2.3100282537519278e-20	1.055818044923142	1.0731704153804645e-18	-1.7466496998741476e-19	4.0690107533380983e-19	0.9655530518964668	141611741.06830797	191914.92877321647	-553759.2928485078	206433.82866801144	165.10144340630518	516009.02270432597	-544726.6418760173	471895.7137558198	767.7133555229705	1599.565890624997	138910169.48462793	202495.39253707445	-534336.0489652671	202495.6257956185	174.20365265332734	497909.87886443984	-534334.7209416095	497911.80083997454	740.7856200803025	-0.018610707816560133	0.0	0.0	0.0	0.05431586449370082	0.0	0.0	0.0	-0.0350542310348693	138915914.80892688	0.054925582745182576
280	658.3000000000001	nan	nan	1	1	6.000000000000838e-05	6.000000000000867e-05	5.999999999999513e-05	0.9818624020568162	-2.065405138584886e-20	1.6473096758201632e-19	-6.567554659830943e-20	1.0556701602388268	-2.3203823844991644e-18	-2.6237692574149207e-20	-1.7889335846010824e-21	0.9654183371298422	147479599.91529632	156408.26610139318	-515732.40620954416	168165.64662701063	-7.85636086024472	403722.4409721007	-507093.15968139755	369209.1163242002	889.980502862155	1599.565890624997	144706540.62922487	165003.6411409661	-497560.09867758024	165003.62755288056	-8.288105100644376	389496.9079891699	-497558.2857316076	389498.90600052435	858.6212180843593	-0.018304100550485373	0.0	0.0	0.0	0.05417578823450529	0.0	0.0	0.0	-0.03519376160234327	144710536.42622125	0.054823983735369404
284	661.3100000000001	nan	nan	1	1	6.000000000000838e-05	6.000000000000867e-05	5.999999999999513e-05	0.9821634020568174	-4.683211284051136e-19	-6.507923540344241e-19	-7.304812137121086e-20	1.0555242202627488	1.679374955071422e-18	-9.324138683375337e-21	-1.219998494589314e-19	0.9652769824498378	152222905.24894923	118630.75327245542	-484860.2531287171	127491.35899554688	-123.31006517619308	300597.2156901187	-476522.8643384323	274896.7846449656	837.5957678287033	1599.565890624997	149403183.96213713	125130.04206691212	-467697.05317557143	125129.75580411898	-130.0657141351328	289956.60309101024	-467695.92950868193	289957.2436135764	807.946351217653	-0.017997587263615757	0.0	0.0	0.0	0.05403753476276666	0.0	0.0	0.0	-0.03534019038250671	149406042.44415456	0.05472801931255486
288	664.32	nan	nan	1	1	6.000000000000838e-05	6.000000000000867e-05	5.999999999999513e-05	0.9824644020568071	-1.9762295098979533e-19	-2.736661808624974e-18	-5.627686901557571e-20	1.0553804706557082	2.522965560428081e-18	-2.3527187142935446e-20	-1.7095157754665192e-19	0.9651299345839791	156104971.57875225	80166.59391990588	-454629.023980717	86116.20123321183	-164.157310989514	208416.2323792945	-446606.6345321168	190593.57274936457	713.5477046441983	1599.565890624997	153257555.8310766	84545.56339380002	-438461.31414758187	84545.40803526586	-173.12413642877087	201004.4460834714	-438460.3548119886	201004.43588050545	688.172219067465	-0.017691167898365435	0.0	0.0	0.0	0.053901337607223106	0.0	0.0	0.0	-0.035492539469992694	153259645.3108627	0.054637473776999186
292	667.33	nan	nan	1	1	6.000000000000838e-05	6.000000000000867e-05	5.999999999999513e-05	0.982765402056791	5.789639601072594e-20	-1.4631308317691881e-18	8.302278135807751e-20	1.0552387325123953	-2.9371036852632316e-19	4.8626467435974875e-20	-2.5600723797813974e-19	0.964978246208791	159325627.84465823	41971.481697003706	-420422.74055368564	45066.60188841486	-158.1039269903266	127506.80652784774	-412813.2889083284	116600.66187007281	578.8609161833239	1599.565890624997	156465067.54058892	44257.50420027237	-405401.7474833442	44257.46820323656	-166.7152297211719	122951.20410074358	-405401.5666184604	122951.44402389975	558.1791952106904	-0.017384842397187353	0.0	0.0	0.0	0.05376702807065398	0.0	0.0	0.0	-0.03564972068606097	156466611.10041276	0.05455180903039956
296	670.34	nan	nan	1	1	6.000000000000838e-05	6.000000000000867e-05	5.999999999999513e-05	0.9830664020567965	2.1141942363467336e-21	-4.592165406616666e-18	8.558420899057451e-20	1.0550986984357775	-5.172755669982654e-18	-5.5836411883003475e-21	-5.063224145507306e-20	0.9648228531374876	162031908.47057888	5135.617119962748	-381481.5774726588	5511.738068829637	-139.69366714868724	54679.26486497953	-374401.89439674304	50001.38385604126	463.73575602502433	1599.565890624997	159169509.6081772	5414.547931012123	-367788.0624359961	5414.369637346041	-147.28085033739944	52716.51913926772	-367787.84185167373	52717.10939140926	447.08967683494353	-0.01707861070256531	0.0	0.0	0.0	0.05363431557191269	0.0	0.0	0.0	-0.03581076637278256	159170660.9204127	0.05447044924125019
300	673.35	nan	nan	1	1	6.000000000000838e-05	6.000000000000867e-05	5.999999999999513e-05	0.9833674020567942	-2.8980724070537534e-19	1.267283261836838e-18	-7.337338202295651e-20	1.054960064890585	8.894482914946489e-18	-1.7780915628762273e-20	9.104587743447023e-20	0.964664505381592	164329751.00317055	-29346.008969768518	-338882.3462049125	-31483.162233155083	-117.74072280956915	-11994.78554296914	-332436.7396991471	-10967.80310496371	371.49977055243426	1599.565890624997	161474473.90411246	-30935.485718078784	-326660.8724783664	-30936.133155453117	-124.11794914477026	-11562.204861176082	-326660.55490026553	-11561.855537556636	358.10198003289184	-0.016772472757093843	0.0	0.0	0.0	0.05350291302730036	0.0	0.0	0.0	-0.035974900908882106	161475358.2876652	0.054392896351695114
304	676.36	nan	nan	1	1	6.000000000000838e-05	6.000000000000867e-05	5.999999999999513e-05	0.9836684020567997	1.153862162067698e-19	-3.0316325621768113e-18	-1.789272397779984e-19	1.0548225822540553	-2.6518094361008272e-18	1.0869126779167181e-19	3.166141394200794e-19	0.9645037743334719	166295985.74971572	-60398.340288600404	-293188.1564751796	-64768.12327505619	-101.89689172394289	-74365.35446404813	-287475.81955552276	-67997.82759629612	307.85815136377283	1599.565890624997	163455077.36121124	-63660.83814907436	-282564.945398266	-63661.660579097144	-107.40098984402051	-71670.84297088705	-282564.74209574185	-71670.8220194833	296.70339612739394	-0.016466428503374153	0.0	0.0	0.0	0.05337258430655758	0.0	0.0	0.0	-0.036141533390021324	163455799.74388486	0.054318760273783365
308	679.37	nan	nan	1	1	6.000000000000838e-05	6.000000000000867e-05	5.999999999999513e-05	0.9839694020568142	2.6806898714704097e-20	-1.9370491538897583e-18	9.532169975220994e-20	1.0546860754331087	5.6673415960162286e-18	4.716279450311944e-20	-1.2305694657710476e-20	0.9643410788534329	167988544.10122666	-86873.54472652469	-244796.44974493515	-93117.92190007324	-87.47124648118351	-133965.24095184696	-239913.02124697785	-122489.68374918537	256.2315396905432	1599.565890624997	165167953.15434724	-91553.56959224609	-235884.9914602914	-91554.43690823174	-92.18347055188684	-129088.43143284238	-235884.7912305313	-129088.41029528323	246.9038036080081	-0.01616047788407512	0.0	0.0	0.0	0.05324316381744078	0.0	0.0	0.0	-0.03631023071179483	165168608.5712469	0.054247761842534464
312	682.3800000000001	nan	nan	1	1	6.000000000000838e-05	6.000000000000867e-05	5.999999999999513e-05	0.9842704020568013	-3.366447745567491e-20	-1.3200432500554138e-18	1.3810025172034112e-19	1.0545504167074464	-5.0293428276171335e-20	-8.885036803518709e-20	-7.391548310919926e-19	0.9641767376798096	169452636.97970447	-109131.1426270776	-194551.96842157745	-116924.25635080473	-77.04931105906103	-190977.70267705686	-190580.07217809386	-174611.21602695773	223.6373967085057	1599.565890624997	166657297.38057908	-114994.6478189725	-187436.3661432391	-114995.4400768223	-81.1890921018615	-183992.82667037458	-187436.20831112194	-183992.89890034057	215.4580152175283	-0.01585462084195603	0.0	0.0	0.0	0.053114530801318595	0.0	0.0	0.0	-0.03648066333379336	166657970.1729257	0.05417969344767156
316	685.3900000000001	nan	nan	1	1	6.000000000000838e-05	6.000000000000867e-05	5.999999999999513e-05	0.984571402056798	-1.4663834382866448e-20	2.6912608426521435e-19	-1.7489536294906793e-20	1.0544155071842618	-8.165533136803016e-19	-1.1167282376600696e-19	-3.10623922417097e-20	0.964011003818982	170724710.73354453	-128460.34488321397	-142939.98540604088	-137573.66440921708	-69.20484092548949	-245191.04784644808	-139955.00191285252	-224168.73015288002	198.04219595702668	1599.565890624997	167958740.74140263	-135344.27042065153	-137687.56893677163	-135344.78596607948	-72.91338594141921	-236181.35406364984	-137687.54259851054	-236181.47110883245	190.76501533678172	-0.01554885731975434	0.0	0.0	0.0	0.05298659177504892	0.0	0.0	0.0	-0.0366525696867579	167959512.89008307	0.05411439267549902
320	688.4000000000001	nan	nan	1	1	6.000000000000838e-05	6.000000000000867e-05	5.999999999999513e-05	0.984872402056806	-1.46936499426098e-19	-2.5914871377291647e-18	-9.459325141757125e-20	1.0542812581343348	-3.717702144398482e-18	-2.721347452938616e-20	7.047314121155779e-20	0.9638440951658198	171835521.08842778	-145445.71204898314	-90319.92492233255	-155696.39986302936	-62.02082325832872	-296374.8981596507	-88391.51095050013	-270951.705710761	171.15157069851202	1599.565890624997	169102359.34323302	-153219.54318306316	-86985.55000944014	-153219.94190326217	-65.33573299347671	-285433.51367461734	-86985.58338209274	-285433.6232318291	164.8331032714189	-0.015243187260296002	0.0	0.0	0.0	0.05285926284628485	0.0	0.0	0.0	-0.036825724457224915	169103307.64225462	0.05405171714819235
324	763.4100000000001	nan	nan	1	1	6.000000000000838e-05	6.000000000000867e-05	5.999999999999513e-05	0.9923734020568085	1.8081781731627e-19	2.6767054284865255e-18	-2.198016616807019e-19	1.0510368790737719	2.6834003769016235e-18	-3.5653988442185813e-19	-6.434739893701469e-20	0.9595577508093668	181421771.8239207	-234733.3885015172	723599.7786092198	-248607.3156096747	2446.336850629857	-890253.4152111358	699671.6296195955	-812765.5071454081	3697.125766181242	1599.565890624997	179887228.7620943	-246506.64712448505	693753.7676792843	-246504.4884382017	2569.0350172827666	-853533.5129305224	693753.5072575695	-853530.4727795518	3544.6319992001672	-0.007655829159283632	0.0	0.0	0.0	0.04977718078801381	0.0	0.0	0.0	-0.04128277690439713	179894766.56937182	0.053168992929677916
328	838.4200000000001	nan	nan	1	1	6.000000000000838e-05	6.000000000000867e-05	5.999999999999513e-05	0.9998744020567953	-4.98732999343332e-21	-1.1092201376156075e-18	2.1509215849396802e-19	1.0478617317177314	-6.505213034913026e-21	2.6186192970956145e-19	-3.563908066231414e-19	0.9552623836461559	184195539.10505176	-224875.7854538123	995608.8315701952	-235668.26235472006	-2198.5243995599994	-1069795.1436565407	951184.0786514748	-975256.869592431	-799.0240801875559	1599.565890624997	184014671.8988099	-235436.91951872737	950253.1331752553	-235436.85251483435	-2301.7765611116897	-1021059.8328181127	950250.0820532765	-1021059.1267216702	-762.6239458756431	-0.00012560583128681848	0.0	0.0	0.0	0.04675164181076802	0.0	0.0	0.0	-0.04576922896406526	184032514.20910326	0.0534185323815934
332	913.4300000000001	nan	nan	1	1	6.000000000000838e-05	6.000000000000867e-05	5.999999999999513e-05	1.007375402056785	1.5997403055023618e-19	-2.3348022733932215e-18	-1.9962872500889352e-20	1.044731157110342	-1.2783658409187132e-17	3.147167856182298e-19	4.2468876722615013e-19	0.9510033720599698	185804470.09642437	-225062.7802781017	1102884.949186503	-233402.1582359465	4686.245000530024	-1147651.7189334263	1041166.2680663163	-1044688.0436252594	1108.7967680527186	1599.565890624997	187012034.23463756	-234925.56530930146	1047934.9406984079	-234919.06510003333	4891.607375360078	-1090471.256235767	1047932.9246843279	-1090468.7523955363	1053.5522098048154	0.007348336775783034	0.0	0.0	0.0	0.04375958639510165	0.0	0.0	0.0	-0.05023767063864895	187027849.76743156	0.05472641385137594
336	988.44	nan	nan	1	1	6.000000000000838e-05	6.000000000000867e-05	5.999999999999513e-05	1.014876402056816	4.0229321610074643e-19	2.001762471059987e-18	1.5154435865916139e-19	1.041637216562703	-3.735232338274857e-18	-2.630545520992955e-19	-3.0550784341568105e-19	0.9467886560165467	186828960.3177448	-242513.83432642	1149393.0303285415	-248906.96441815715	-3826.1741738008413	-1184884.1717865241	1072288.599291707	-1076987.4704741128	1147.2402310007278	1599.565890624997	189441298.9358817	-252388.93905297254	1087273.7839655813	-252387.30961928077	-3981.9750615038347	-1120846.7974188197	1087281.890015766	-1120842.1400011375	1085.2373332394086	0.01476683370642	0.0	0.0	0.0	0.04079372202078669	0.0	0.0	0.0	-0.054679382807678055	189462558.3622704	0.056989842465397136
340	1063.45	nan	nan	1	1	6.000000000000838e-05	6.000000000000867e-05	5.999999999999513e-05	1.022377402056787	8.245357521752261e-20	1.954708096774116e-18	1.630097966331956e-19	1.038577083081323	-7.424407260042762e-18	-2.1663037032618183e-19	2.9742376096708602e-19	0.9426203065498188	187483065.66647288	-267891.9452937927	1173012.8376103684	-272135.7551581626	-6257.38675316002	-1199430.7351548637	1081513.7515774262	-1088611.6683823778	-2378.0488200574496	1599.565890624997	191507823.10371232	-277978.7661583342	1104721.4539570205	-277977.7782796538	-6492.993460894581	-1129601.3335713786	1104730.9445525054	-1129600.6980375266	-2239.6017041266714	0.02213070155725618	0.0	0.0	0.0	0.03785158698275733	0.0	0.0	0.0	-0.059091721599350805	191532346.5472506	0.06007815898355242
344	1138.46	nan	nan	1	1	6.000000000000838e-05	6.000000000000867e-05	5.999999999999513e-05	1.029878402056782	3.1821333762449553e-20	-2.692534780204814e-18	1.4864411784776266e-19	1.0355488362740164	6.669185060974303e-18	-4.274738115567223e-19	-7.143537063963867e-20	0.9384991169189812	187882590.0874309	-294900.4137883252	1182514.8151895227	-296526.54942637816	-6636.977653310938	-1200972.293154006	1077600.5560409282	-1088419.4480192312	-2929.748117593505	1599.565890624997	193322358.72890773	-305109.3826204033	1108791.9266049212	-305111.8889417868	-6866.738938252666	-1126098.6886764201	1108800.3479432093	-1126098.7448310417	-2747.095442734904	0.02944073901680464	0.0	0.0	0.0	0.0349315627636357	0.0	0.0	0.0	-0.06347336390542377	193347264.911	0.06385175410451269
348	1213.4700000000003	nan	nan	1	1	6.000000000000838e-05	6.000000000000867e-05	5.999999999999513e-05	1.037379402056809	5.139118297581291e-20	-2.6079941158052567e-18	-6.982261990806649e-20	1.032550850221795	-6.581513762801694e-19	-7.554178636792752e-20	9.841845220737166e-20	0.9344254411983125	188100233.9984321	-322254.4669198991	1182690.9597829396	-320759.8715137586	-7011.701595335477	-1195854.1281524664	1065324.352947236	-1082206.447047381	-2940.267412704682	1599.565890624997	194954485.96956107	-332442.600782117	1104135.079400681	-332448.15565273835	-7233.377822628739	-1116423.932911085	1104144.0895890372	-1116420.601639114	-2744.971005597052	0.03669772738505344	0.0	0.0	0.0	0.032032294249815296	0.0	0.0	0.0	-0.06782343996899305	194979294.008402	0.06817886337139534
352	1288.48	nan	nan	1	1	6.000000000000838e-05	6.000000000000867e-05	5.999999999999513e-05	1.0448804020567835	2.629190268277348e-19	-2.601597322987592e-18	-2.63352707696729e-19	1.0295815729387843	1.6323205807855512e-18	6.826678979054979e-19	2.916503843986007e-20	0.9303995182225107	188185793.003611	-350420.3368174962	1184323.957939714	-345298.64457052766	-7365.452261616856	-1186133.1061765119	1054571.879989663	-1071866.148850582	-3017.891028416113	1599.565890624997	196452063.7636287	-360456.8161418707	1100888.0818906673	-360466.2724957256	-7576.4080811613285	-1102569.775247381	1100895.125526738	-1102565.7439115802	-2805.279960229586	0.04390243107457426	0.0	0.0	0.0	0.029152479838518174	0.0	0.0	0.0	-0.07214119559541081	196476781.21494424	0.07294456500217295
356	1363.4900000000002	nan	nan	1	1	6.000000000000838e-05	6.000000000000867e-05	5.999999999999513e-05	1.0523814020568316	-8.59772322781005e-20	-1.9548707270999888e-18	-8.46761896711179e-20	1.0266394852161718	-2.2443798122079305e-18	-6.203262729875813e-19	3.5906065447288693e-19	0.9264215268303877	188174184.97748938	-376585.672189351	1187311.1294159226	-367387.4977364283	-7343.585795307251	-1171382.2218368882	1045205.9905874261	-1057030.9150248128	-3489.646047555046	1599.565890624997	197848809.8786922	-386262.00459640956	1098938.555880974	-386276.0409997704	-7532.278521724671	-1084195.2503918083	1098943.3079810587	-1084191.222104086	-3229.908734976998	0.05105559809401474	0.0	0.0	0.0	0.026290832528099058	0.0	0.0	0.0	-0.07642593535394895	197873388.6830273	0.07805349929932472
360	1438.5	nan	nan	1	1	6.000000000000838e-05	6.000000000000867e-05	5.999999999999513e-05	1.059882402056812	3.039560790563112e-19	-3.0436807588185566e-18	1.2858637765678082e-19	1.0237235496254269	7.180318622665438e-18	1.1731067506293159e-19	3.488962591058353e-19	0.9224912031626518	188090785.36196667	-402846.2224745185	1193879.9092819626	-389115.28596083145	-6642.760582950292	-1151342.7322391493	1039117.0907296281	-1037486.8914251946	-3934.849697722742	1599.565890624997	199169389.66707915	-412021.02748947515	1100323.1966746852	-412034.29432126135	-6794.049163330284	-1061119.3854225008	1100321.402534267	-1061115.6097880725	-3626.5007595585307	0.05815796051367959	0.0	0.0	0.0	0.02344651909964796	0.0	0.0	0.0	-0.08067743897996539	199193475.31607854	0.08342921279446003
364	1513.5100000000002	nan	nan	1	1	6.000000000000838e-05	6.000000000000867e-05	5.999999999999513e-05	1.0673834020568045	-3.8489177123235405e-19	1.2113790873180541e-18	-2.4505679603603615e-19	1.0208332492749064	1.4966868890076147e-18	4.399692415946177e-19	-7.154650136231844e-19	0.9186078073014899	187952650.2686413	-433328.68174516934	1206405.9604965483	-414442.2826208668	-5714.988460894281	-1128884.7910302188	1038257.4190147237	-1015835.0714494318	-3896.3881483387268	1599.565890624997	200430363.85397536	-441943.60938863456	1107179.9746229413	-441956.0851280616	-5828.607093004115	-1036034.8632317936	1107184.7721741349	-1036030.7012493941	-3575.913144049111	0.06521023491560428	0.0	0.0	0.0	0.020619204859783868	0.0	0.0	0.0	-0.08489600799582941	200453733.66732576	0.08901149022756157
368	1588.5200000000002	nan	nan	1	1	6.000000000000838e-05	6.000000000000867e-05	5.999999999999513e-05	1.0748844020568147	1.4755991567527715e-19	-1.6390968443635856e-18	-3.3556057238426364e-19	1.0179683268667696	-3.63828433526392e-18	2.229119666630197e-19	1.0357925454840266e-18	0.9147703753489759	187771580.82201466	-464782.2754160272	1223458.3644321368	-440174.3365122127	-4525.584057078141	-1109157.9503441742	1041214.2910759379	-996715.1353339867	-3372.1282464663377	1599.565890624997	201643164.93393168	-472689.2279996508	1118132.2351629867	-472692.1185221757	-4602.574038076207	-1013671.8128064418	1118133.7671434076	-1013671.4172993683	-3081.8255880964984	0.0722131228271368	0.0	0.0	0.0	0.017808804546832743	0.0	0.0	0.0	-0.0890822011040762	201665611.9714094	0.0947531277216773
372	1663.5300000000002	nan	nan	1	1	6.000000000000838e-05	6.000000000000867e-05	5.999999999999513e-05	1.0823854020568047	6.713379852030244e-19	-2.0058282292068074e-18	2.222614453595284e-21	1.015128726729551	1.4642231654579673e-17	-8.164042358815848e-20	4.404029224636119e-19	0.9109777827060401	187556652.9161127	-491535.5120677615	1242590.7113635398	-460992.3900262402	-2900.126246933204	-1091565.8428227794	1045811.6951291688	-979570.6638711457	-2319.0581465668924	1599.565890624997	202816633.92316198	-498500.0292573664	1130902.2251680284	-498499.64453744685	-2941.2178437820885	-993452.0106070037	1130901.0073795803	-993450.1019981365	-2110.6129268974164	0.07916731113974533	0.0	0.0	0.0	0.015015428816310121	0.0	0.0	0.0	-0.09323676982852347	202837754.7568368	0.10061717287884782
376	1738.5400000000002	nan	nan	1	1	6.000000000000838e-05	6.000000000000867e-05	5.999999999999513e-05	1.089886402056821	4.809520837145698e-19	-6.737774400911167e-19	1.4219311492147392e-19	1.012314284243432	-1.2445936208721475e-17	4.079852775062953e-19	2.117988943950433e-19	0.9072290135111951	187313913.0306884	-510905.9663067901	1260479.9774678638	-474537.9813020417	-1183.452596352084	-1074018.701670775	1049239.1585715197	-962526.9026651062	-1042.9111742794635	1599.565890624997	203956589.3074678	-516705.1730355784	1142455.656345232	-516700.2631959252	-1196.885765491939	-973453.5753667867	1142463.1341454287	-973452.3818309209	-945.2587834951131	0.0860734725134539	0.0	0.0	0.0	0.012239080205057167	0.0	0.0	0.0	-0.09736036513645048	203976191.36859208	0.10657446921877661
380	1813.5500000000002	nan	nan	1	1	6.000000000000838e-05	6.000000000000867e-05	5.999999999999513e-05	1.0973874020568188	-9.085614205428527e-20	-1.574369974666201e-18	-8.565197162635485e-21	1.0095247215656473	-2.7356968686914617e-17	2.430781270712501e-19	3.273206358733738e-19	0.9035231711036102	187047211.31227753	-525852.4256280046	1274843.7688811463	-483745.4524508765	-113.88615084166568	-1055710.6977747295	1049641.734938972	-944849.5482681952	-96.44668310425197	1599.565890624997	205066625.31043506	-530352.4954906458	1150747.4913878099	-530347.6418996438	-114.86075057760407	-952945.3465201862	1150760.2110654758	-952935.2559110078	-87.0583371422042	0.09293226576712951	0.0	0.0	0.0	0.009479647391805629	0.0	0.0	0.0	-0.10145352334222403	205085111.66246203	0.11260189744845814
384	1888.5600000000002	nan	nan	1	1	6.000000000000838e-05	6.000000000000867e-05	5.999999999999513e-05	1.1048884020568182	-5.811323644522304e-20	-6.028651969997023e-18	-4.586175189613684e-19	1.0067595136266358	7.429712227391416e-18	-1.498367402374967e-19	-1.89681170076339e-19	0.8998596133681626	186760175.87609202	-538630.641207895	1282489.339104954	-490791.8729721127	610.992948095637	-1037241.2018814121	1044523.6879448575	-927096.5493646873	638.2187323759575	1599.565890624997	206150205.13958403	-541748.7027972729	1152947.6980529302	-541747.4299294328	614.5299055152175	-932471.5766210064	1152969.4247335114	-932463.3887515743	573.7535556129109	0.09974433625577851	0.0	0.0	0.0	0.00673677054499188	0.0	0.0	0.0	-0.10551651297126032	206167744.84535995	0.11868091971054297
388	1963.5700000000002	nan	nan	1	1	6.000000000000838e-05	6.000000000000867e-05	5.999999999999513e-05	1.112389402056818	1.310041485014235e-18	3.3646588119828902e-18	3.163701939312702e-19	1.0040176321793564	-7.534717207796638e-18	-6.983346192979134e-19	-9.17885559226228e-19	0.896238176532117	186455837.43974796	-550975.7171217464	1286174.3292574764	-497297.19145140145	2268.0173205596843	-1020354.220657153	1036279.4285064274	-910818.621810325	1695.408896754676	1599.565890624997	207210236.00541157	-552652.548241689	1151599.9964168982	-552651.339965538	2274.919769988045	-913593.0411012861	1151627.687804399	-913590.5933550118	1518.0157425121563	0.10651031623485879	0.0	0.0	0.0	0.004009583046958374	0.0	0.0	0.0	-0.1095490793091685	207226192.45704785	0.12479639640721507
392	2038.5800000000002	nan	nan	1	1	6.000000000000838e-05	6.000000000000867e-05	5.999999999999513e-05	1.1198904020567966	-5.048045315092508e-19	-6.749158523722265e-19	1.1041514924592376e-18	1.001297788182107	2.41834005078323e-18	1.6349768761081407e-19	-1.3379054808471125e-19	0.8926589474513655	186137337.76981878	-563932.4354112991	1292857.8951251237	-504212.23075999547	3806.3748288147563	-1003028.9382326883	1030559.6047412587	-894216.8237510835	3702.3694708142248	1599.565890624997	208249841.17351747	-564112.8457164114	1152954.0852705918	-564110.9851015584	3807.5925442734115	-894488.3396238072	1152986.695622594	-894502.8969043185	3301.7255977256923	0.11323082521242868	0.0	0.0	0.0	0.0012969467829177064	0.0	0.0	0.0	-0.11355068880242628	208263916.46995693	0.13093597047470387
396	2113.59	nan	nan	1	1	6.000000000000838e-05	6.000000000000867e-05	5.999999999999513e-05	1.1273914020568137	-1.0020196478111033e-18	4.736879291589169e-19	4.9548039282587555e-20	0.998598716810866	5.293075006074233e-18	9.269928574751064e-19	9.449906135383656e-19	0.889121888318944	185797037.07278705	-576220.383710901	1301818.1533358046	-510395.50076635095	-4668.129697515695	-983716.586447004	1026711.1593604219	-875873.0374696349	-3947.992883671236	1599.565890624997	209260124.088507	-574847.434039216	1156337.4766572858	-574849.9949584269	-4657.007031055497	-873784.3702695905	1156367.765577705	-873786.1109511954	-3506.797103164776	0.11990647028963068	0.0	0.0	0.0	-0.001402265904571123	0.0	0.0	0.0	-0.11752094564615892	209281631.34657705	0.13708969902132634
400	2188.6000000000004	nan	nan	1	1	6.000000000000838e-05	6.000000000000867e-05	5.999999999999513e-05	1.134892402056794	-2.0274580625478934e-19	2.6073978046103896e-18	-6.3339090916603165e-19	0.9959197819608405	2.7192603637565814e-18	1.507041019754851e-19	5.183570586653196e-19	0.885626881109245	185457506.3476306	-585791.3225587839	1310850.727749315	-514051.6767180436	7264.844877333261	-962424.5266641063	1022961.1192995565	-855843.537816409	6659.967640787795	1599.565890624997	210266103.662647	-582824.038075771	1159776.1997845105	-582816.2217502748	7228.0453198016685	-851505.8476798305	1159802.3341816922	-851508.3229508887	5892.411544358404	0.1265378464896056	0.0	0.0	0.0	-0.004088564841034419	0.0	0.0	0.0	-0.12145954449231171	210276734.73495445	0.1432495197860945
