6	header
postResults v2.0.3	--cr f,p,texture --time RVE_1_40_D_tensionX.spectralOut
addCauchy v2.0.3	RVE_1_40_D_tensionX.txt
addStrainTensors v2.0.3	--left --logarithmic RVE_1_40_D_tensionX.txt
addMises v2.0.3	-s Cauchy RVE_1_40_D_tensionX.txt
addMises v2.0.3	-e ln(V) RVE_1_40_D_tensionX.txt
inc	time	elem	node	ip	grain	1_pos	2_pos	3_pos	1_f	2_f	3_f	4_f	5_f	6_f	7_f	8_f	9_f	1_p	2_p	3_p	4_p	5_p	6_p	7_p	8_p	9_p	texture	1_Cauchy	2_Cauchy	3_Cauchy	4_Cauchy	5_Cauchy	6_Cauchy	7_Cauchy	8_Cauchy	9_Cauchy	1_ln(V)	2_ln(V)	3_ln(V)	4_ln(V)	5_ln(V)	6_ln(V)	7_ln(V)	8_ln(V)	9_ln(V)	Mises(Cauchy)	Mises(ln(V))
0	0.0	nan	nan	1	1	6.000000000000838e-05	6.000000000000867e-05	5.999999999999513e-05	1.0	0.0	0.0	0.0	1.0	0.0	0.0	0.0	1.0	2.7716487604837305e-06	-1.193192284640359e-09	-2.8066754232013673e-08	-1.19319228464005e-09	2.7018729684353462e-06	-1.6832583398956398e-08	-2.8066754232013544e-08	-1.6832583398956544e-08	2.6991213888906947e-06	1599.565890624997	2.7716487604837305e-06	-1.193192284640359e-09	-2.8066754232013673e-08	-1.19319228464005e-09	2.7018729684353462e-06	-1.6832583398956398e-08	-2.8066754232013544e-08	-1.6832583398956544e-08	2.6991213888906947e-06	0.0	0.0	0.0	0.0	0.0	0.0	0.0	0.0	0.0	9.102600058541354e-08	0.0
4	3.0	nan	nan	1	1	6.000000000000838e-05	6.000000000000867e-05	5.999999999999513e-05	0.9998904999999915	2.6433383654744552e-23	4.35619780350026e-22	-4.235164736271502e-25	1.0002964000000167	6.027962908694432e-22	-4.956466230417742e-24	-1.4571613670734135e-23	0.9999072045656952	-834078.1616649893	-779.1601154732422	4406.589430580938	-779.4764112043254	20707817.656398587	856.1134459682023	4406.6630488040755	855.7803492486921	-0.00027885153023362365	1599.565890624997	-833908.3970442549	-779.3177599792396	4405.76613588277	-779.3177599850495	20712007.390472367	855.9534960404409	4405.7661358820405	855.9534960354956	-0.0002787994316685012	-0.00010950599557121432	0.0	0.0	0.0	0.00029635608221489923	0.0	0.0	0.0	-9.279974006731269e-05	21141301.580036312	0.00026518143858873827
8	6.0	nan	nan	1	1	6.000000000000838e-05	6.000000000000867e-05	5.999999999999513e-05	0.9997809999999977	6.066873484708926e-23	-4.90776183595062e-22	-3.983701830055381e-24	1.0005927999999777	9.04962059912614e-22	-3.771943593241806e-24	2.0095856673608275e-22	0.9998143509175601	-1664680.4664079794	-1558.1898514659104	8812.081263590451	-1559.4550670810868	41435234.47756585	1713.9498958671265	8812.375218961237	1712.6164635927673	-0.0005419251219936996	1599.565890624997	-1664003.1491271923	-1558.820563399382	8808.789681592953	-1558.8205634109474	41452006.3085636	1713.3096831349585	8808.789681591737	1713.3096831256964	-0.0005417226963779805	-0.00021902398400402935	0.0	0.0	0.0	0.0005926243634652136	0.0	0.0	0.0	-0.00018566631736437932	42308560.02539589	0.0005303294903986862
12	9.0	nan	nan	1	1	6.000000000000838e-05	6.000000000000867e-05	5.999999999999513e-05	0.99967149999999	3.325266062463171e-24	-7.207191589950028e-22	3.552244422547722e-23	1.000889199999972	6.79399833036754e-22	1.580245842221304e-23	-1.087907941629742e-22	0.9997214390393796	-2491807.9990777145	-2337.0891700001625	13216.475518307996	-2339.9359786762598	62182256.969922826	2573.5103913566713	13217.135753284714	2570.507816266944	-0.000611288415690069	1599.565890624997	-2490287.9488722812	-2338.5085732705456	13209.073049448967	-2338.508573287721	62220022.62304205	2572.068983584681	13209.073049446997	2572.068983571893	-0.0006109460367059926	-0.0003285539679542525	0.0	0.0	0.0	0.0008888048958526783	0.0	0.0	0.0	-0.0002785997659311657	63501803.76591434	0.0007954442043347317
16	12.0	nan	nan	1	1	6.000000000000838e-05	6.000000000000867e-05	5.999999999999513e-05	0.9995619999999972	1.172611236355172e-22	1.845896550303934e-21	1.1593763465543236e-23	1.001185600000009	-3.2602827535410054e-22	2.3611043404713622e-23	-1.2345505206231427e-22	0.9996284319535003	-3313385.2090727505	-3110.971776396264	17523.902450169026	-3116.0249652781167	82938882.2793605	3554.3718260718656	17525.067106170703	3548.8436221206066	-1.3079208826718314	1599.565890624997	-3310691.6587368804	-3113.491853202813	17510.82045404046	-3113.4918550110638	83006067.83056967	3551.718405773483	17510.820452850494	3551.7184018180737	-1.3069444896582183	-0.00043809595002125453	0.0	0.0	0.0	0.0011848977313473345	0.0	0.0	0.0	-0.00037163709501078165	84709955.51476294	0.001060537173620295
20	15.0	nan	nan	1	1	6.000000000000838e-05	6.000000000000867e-05	5.999999999999513e-05	0.999452499999994	-9.791171474667678e-23	2.1955888086219516e-21	-5.9292306307801025e-24	1.0014820000000169	5.2968146565363605e-21	1.2361387073992446e-23	5.108667463127499e-23	0.999532904617528	-4008545.9362541474	-3530.0678935585624	14907.88802952603	-3537.235756682205	103061597.77744074	12073.575959753218	14909.087576574299	12050.078447036292	168.03884366487688	1599.565890624997	-4004484.53845097	-3533.652217103752	14893.981688540198	-3533.651883187934	103166243.38841966	12062.313515074124	14893.981915695314	12062.313730096403	167.88209406666147	-0.0005476499328590215	0.0	0.0	0.0	0.0014809029217965797	0.0	0.0	0.0	-0.00046720450550208895	105225575.74007943	0.0013263668588550256
24	18.0	nan	nan	1	1	6.000000000000838e-05	6.000000000000867e-05	5.999999999999513e-05	0.9993429999999958	7.602120701607345e-23	-7.357539938087666e-22	1.7893571010747094e-22	1.0017783999999685	-4.4956273675521995e-22	-4.9339669177563e-23	2.219226321806267e-22	0.9994147991976318	-3942121.2091289973	923.3428642366646	-59181.4352254889	925.5845623185514	117579493.34105444	77820.34337649062	-59185.689202961155	77636.72046305373	6105.269000384543	1599.565890624997	-3937427.1719503812	924.4909121440909	-59115.21249693144	924.4824327499792	117725687.02112153	77733.26411834093	-59115.21449890655	77733.25088303021	6098.437338221531	-0.0006572159190819761	0.0	0.0	0.0	0.0017768205190432525	0.0	0.0	0.0	-0.0005853720991897332	119740184.38531312	0.00159928101083042
28	21.0	nan	nan	1	1	6.000000000000838e-05	6.000000000000867e-05	5.999999999999513e-05	0.999233499999993	-2.2488724749601675e-22	-3.015024363663523e-20	1.7660636950252161e-22	1.0020747999999793	4.747619669360354e-21	1.5161889755851975e-22	1.2506441466209744e-21	0.9992646982745439	-3520803.97909476	15678.205144572245	-210772.77660090098	15722.785114818413	124866174.91268763	210330.19630805677	-210779.35423542795	209740.37346087178	5095.195850574391	1599.565890624997	-3516099.534011483	15701.777251081352	-210497.71719921377	15701.77656689356	125053910.60993648	210055.71447560078	-210497.71404682987	210055.7171100261	5088.5465975506395	-0.0007667939113302865	0.0	0.0	0.0	0.002072650575030436	0.0	0.0	0.0	-0.0007355721923613724	126847125.01426554	0.0018826420500136023
32	24.0	nan	nan	1	1	6.000000000000838e-05	6.000000000000867e-05	5.999999999999513e-05	0.9991240000000037	2.442843019881402e-21	-4.087368074887467e-20	1.6178329292557137e-22	1.0023712000000018	4.725596812731741e-21	8.542856668651653e-22	-9.524885491874608e-22	0.9990988456695864	-3306997.011427441	37434.96850488376	-353524.7422600341	37556.638683384204	128963479.80668895	367344.87193348666	-353515.8363374893	366145.65047513694	2058.513261006911	1599.565890624997	-3302149.756567693	37501.58500490148	-352997.673375402	37501.5897677835	129192973.67293079	366797.1986626216	-352997.66793583566	366797.21618242963	2055.4442303033084	-0.0008763839122174327	0.0	0.0	0.0	0.0023683931414878465	0.0	0.0	0.0	-0.0009015606140786288	130877294.02168526	0.0021716255845749496
36	27.0	nan	nan	1	1	6.000000000000838e-05	6.000000000000867e-05	5.999999999999513e-05	0.9990144999999949	-3.1950082770432207e-21	-6.294428885988794e-20	3.032377951170395e-22	1.0026675999999828	1.2154075760151956e-20	7.672000919755826e-22	8.022249043445479e-21	0.9989263612007134	-3259075.942000502	66370.44213198256	-469796.7178988604	66613.14953577328	131779012.3200637	517392.9778665309	-469755.2691940123	515462.4455333355	762.560177946983	1599.565890624997	-3253898.6730569014	66507.3195646665	-469009.0307952975	66507.3299119092	132050783.49272104	516525.48824684566	-469009.0302570951	516525.49670375383	761.2816274697769	-0.00098598592440865	0.0	0.0	0.0	0.0026640482700966747	0.0	0.0	0.0	-0.0010742155622830575	133712574.84064306	0.0024632927633346556
40	30.0	nan	nan	1	1	6.000000000000838e-05	6.000000000000867e-05	5.999999999999513e-05	0.9989049999999943	-8.097634975751111e-22	9.376442967868292e-20	-7.8435250915748215e-22	1.0029640000000082	8.598231447578403e-21	1.4941661189565858e-21	-3.542291785417484e-21	0.9987506332453171	-3276159.2830937323	97656.70323606099	-565808.8480780792	98053.53545906857	133936287.82837838	645700.7806543829	-565721.4160970403	642988.2459740327	294.65548266209385	1599.565890624997	-3270563.5773524595	97886.05012406308	-564755.1536539303	97886.05925174501	134250837.36554363	644498.3050929717	-564755.1594829767	644498.3046627803	294.1067516901754	-0.0010955999505095919	0.0	0.0	0.0	0.0029596160126311114	0.0	0.0	0.0	-0.0012501478639889796	135923702.93910587	0.002756437856774469
44	33.0	nan	nan	1	1	6.000000000000838e-05	6.000000000000867e-05	5.999999999999513e-05	0.9987955000000087	-3.974278588517177e-21	9.327950331637983e-22	-5.251604272976662e-23	1.0032603999999967	-7.963634363495481e-20	3.0874350927419248e-21	-3.65579420034956e-21	0.9985730408912479	-3296593.57549927	126249.65839977635	-644422.5463290043	126814.03822834669	135667445.86349776	747764.3843879001	-644279.0284482451	744270.7341877917	189.24035015016625	1599.565890624997	-3290575.8085202165	126582.53760481185	-643102.9166055281	126582.54553315892	136025156.70486286	746233.1342579714	-643102.9292495123	746233.1335595436	188.8528292721929	-0.0012052259931473292	0.0	0.0	0.0	0.003255096420649894	0.0	0.0	0.0	-0.0014279781844692137	137710589.9111255	0.0030505111531920924
48	36.0	nan	nan	1	1	6.000000000000838e-05	6.000000000000867e-05	5.999999999999513e-05	0.9986859999999983	-1.1401063470042883e-21	5.729648492583308e-20	-5.421010862427522e-23	1.0035568000000004	-9.047836535980985e-20	-9.651940433962752e-22	-1.0899619965268337e-20	0.9983942512567917	-3290745.2513072486	150418.0701165684	-706919.305038732	151151.695566659	137084602.9587185	824121.0560485752	-706712.805405923	819881.5764723707	176.94466493367693	1599.565890624997	-3284356.0623159967	150858.21991067377	-705340.66350358	150858.22503777503	137485736.6770313	822280.6879615835	-705340.6780209538	822280.6945224523	176.5495247875572	-0.0013148640549968207	0.0	0.0	0.0	0.003550489545803052	0.0	0.0	0.0	-0.0016070393394880492	139169797.1240505	0.0033452166932069136
52	39.0	nan	nan	1	1	6.000000000000838e-05	6.000000000000867e-05	5.999999999999513e-05	0.9985765000000041	8.31786354203723e-21	1.566627670011823e-19	-9.690056916589195e-22	1.0038531999999736	-2.0228840846327202e-20	-3.992913313356772e-21	-9.63584680796492e-21	0.9982146574741966	-3250894.8107696124	170188.1479446374	-756106.0020389211	171087.45963233663	138263791.2678886	878910.0749449566	-755832.0334981154	873973.3360634374	164.19264548239752	1599.565890624997	-3244208.5676602307	170735.5776133628	-754277.4713016257	170735.57733079963	138708532.58721432	876784.5606876676	-754277.4840525028	876784.5713910096	163.79556981008065	-0.0014245141386527473	0.0	0.0	0.0	0.0038457954395933144	0.0	0.0	0.0	-0.0017869381492096829	140373286.74681824	0.003640366339819535
56	42.0	nan	nan	1	1	6.000000000000838e-05	6.000000000000867e-05	5.999999999999513e-05	0.9984669999999948	-9.335997144636899e-21	-7.936656364125432e-20	-1.9193766584782446e-21	1.0041495999999779	6.825137379090976e-20	1.4399560103323105e-21	-4.4367585777180255e-21	0.9980345180306915	-3180851.08720395	186476.81041325477	-795653.9971759076	187538.11070910675	139264277.9233849	917353.2202203888	-795309.3717454767	911766.7212297912	144.06458024012875	1599.565890624997	-3173944.7039264357	187130.92072415253	-793582.5573024174	187130.92092367215	139752779.41548756	914964.9433498095	-793582.5661846726	914964.9527534222	143.68951630916598	-0.0015341762467831366	0.0	0.0	0.0	0.004141014153588153	0.0	0.0	0.0	-0.0019674160636949187	141382343.6814379	0.003935829787953547
60	45.0	nan	nan	1	1	6.000000000000838e-05	6.000000000000867e-05	5.999999999999513e-05	0.9983575000000062	-5.231275482242559e-21	-1.6004518131780555e-19	-6.710195008148567e-21	1.004446	7.01300928679198e-20	5.612440308506994e-21	1.5175442283008045e-20	0.9978540068086437	-3088287.242366877	200434.73936746214	-828501.4222343435	201657.09738777656	140131352.1786194	943734.2755558707	-828083.5975736906	937540.7285680575	121.65880165551044	1599.565890624997	-3081229.791145833	201196.2608565059	-826191.2284323145	201196.26424095413	140663760.06514418	941102.7664049609	-826191.2348696489	941102.7728220198	121.31956818891136	-0.0016438503819896193	0.0	0.0	0.0	0.004436145739233539	0.0	0.0	0.0	-0.002148299134360759	142246315.55238977	0.004231514981428957
64	48.0	nan	nan	1	1	6.000000000000838e-05	6.000000000000867e-05	5.999999999999513e-05	0.9982480000000046	-1.0052587018014037e-20	3.307028384317602e-20	-6.971081155902892e-21	1.0047423999999914	1.143392834839635e-19	-5.961417882775766e-21	3.100140586950739e-22	0.9976732417798878	-2980814.0632110653	212585.18354857826	-856292.5571279988	213968.22309623333	140898341.60336283	961154.9181026773	-855799.5367250096	954392.4379119261	98.83317919566308	1599.565890624997	-2973663.569899677	213454.94451323632	-853746.6067865227	213454.94775746527	141474806.41368514	958297.1883798332	-853746.6113383622	958297.1939894867	98.5393259276091	-0.0017535365469445218	0.0	0.0	0.0	0.0047311902478930044	0.0	0.0	0.0	-0.0023294693282314466	143002540.86654374	0.004527356202321925
68	51.0	nan	nan	1	1	6.000000000000838e-05	6.000000000000867e-05	5.999999999999513e-05	0.9981384999999929	1.3930303850544225e-20	-2.6782588869117897e-19	-2.727446090158847e-22	1.0050387999999901	6.957528628746823e-20	-1.4404642301006632e-20	1.744549058164957e-20	0.9974923047811531	-2864546.0651981086	222998.677283707	-879910.2878141735	224540.3046361637	141589306.01117542	971918.1076813992	-879340.6371336221	964620.3113009933	77.80440421122866	1599.565890624997	-2857349.917989	223976.22760876184	-877131.6048204869	223976.2274491459	142209985.35242292	968848.8716985136	-877131.6083633597	968848.878529969	77.55870441909109	-0.0018632347442840145	0.0	0.0	0.0	0.005026147730974124	0.0	0.0	0.0	-0.0025108447529851134	143678292.87862542	0.004823305581975494
72	54.0	nan	nan	1	1	6.000000000000838e-05	6.000000000000867e-05	5.999999999999513e-05	0.9980290000000067	5.934312828463628e-21	1.8002414744469272e-19	1.0299920638612292e-21	1.0053352000000055	1.1718700825263245e-19	3.0222135558033437e-21	-5.5938055836673995e-21	0.9973112530048471	-2744048.142673518	231767.63234421538	-900011.2189305057	233464.31320987074	142221412.04960796	977831.9183739228	-899363.9665879296	970027.4924519535	59.27105952165398	1599.565890624997	-2736844.4724377026	232851.4270810005	-897002.9541873254	232851.42311583745	142886469.617304	974563.5399104897	-897002.9579246624	974563.547293705	59.07294750382623	-0.0019729449766127637	0.0	0.0	0.0	0.005321018239807179	0.0	0.0	0.0	-0.0026923681677557196	144293136.03717583	0.005119327882259443
76	57.0	nan	nan	1	1	6.000000000000838e-05	6.000000000000867e-05	5.999999999999513e-05	0.9979194999999941	1.677972268510769e-20	1.7514269656966618e-19	-2.693564772268675e-22	1.0056315999999939	-2.509572275466096e-19	6.61024512037256e-21	1.7618285302889448e-20	0.9971301269652659	-2622625.078023032	239161.76222098566	-917194.919287885	241010.0408752026	142806930.01694614	980319.8765343887	-916469.4056632789	972032.3925089577	42.41717314256588	1599.565890624997	-2615444.2059822935	240350.15004700466	-913960.0641571905	240350.14393508696	143516533.4900401	976862.3859665265	-913960.0688974306	976862.3931370949	42.26757199750469	-0.002082667246623735	0.0	0.0	0.0	0.005615801825626712	0.0	0.0	0.0	-0.0028739990162718345	144861076.61411294	0.0054153967816290526
80	60.0	nan	nan	1	1	6.000000000000838e-05	6.000000000000867e-05	5.999999999999513e-05	0.99781	3.865858371268627e-21	1.7951169251160388e-20	-4.296151108473811e-21	1.0059280000000148	1.240327285323417e-19	-1.9681657562400923e-20	1.968504569418994e-21	0.9969489568739609	-2502515.708251244	245523.08211588144	-931976.4265405745	247520.60572823795	143354802.4987609	980421.2626100557	-931172.198866537	971669.9028387866	26.406359483958106	1599.565890624997	-2495381.735544477	246815.0010157234	-928517.6817598129	246814.9936756121	144109121.71443388	976782.7296724926	-928517.6872364559	976782.736634562	26.308360376423746	-0.0021924015569137626	0.0	0.0	0.0	0.005910498539725508	0.0	0.0	0.0	-0.0030557070470827678	145392231.35251045	0.00571149190415224
84	87.1	nan	nan	1	1	6.000000000000838e-05	6.000000000000867e-05	5.999999999999513e-05	0.9968208499999879	-1.5173748217113538e-20	2.038029033729627e-19	1.6447685769784003e-20	1.008605479999982	-5.271255437352962e-20	-2.916503843986007e-20	5.4921616299968834e-21	0.9953127976777733	-1635446.8793402596	279706.7271942321	-1000386.320409783	283012.8310292105	147248772.90628213	938752.4030704504	-998872.6638417622	926380.1340759448	-9336.095580241332	1599.565890624997	-1629129.2106662134	281920.20990908204	-995014.2663573342	281919.56329943397	148414038.45738408	933711.3218918365	-995014.0569879219	933711.1211949408	-9285.960938180911	-0.003184214233527126	0.0	0.0	0.0	0.008568663919554739	0.0	0.0	0.0	-0.004698221701889304	149259350.42619717	0.00838560429927284
88	114.2	nan	nan	1	1	6.000000000000838e-05	6.000000000000867e-05	5.999999999999513e-05	0.9958316999999898	2.6244468837727243e-20	5.165850657396637e-19	2.478079590487181e-20	1.0112829599999889	5.604579842756474e-19	1.3200161450011016e-20	-1.532790821351382e-20	0.9936819550771759	-1063423.2335573572	300225.15462854365	-1029999.9933613534	304884.03816491837	150270041.45129678	893845.2048455136	-1027776.8977821644	878287.8107344602	12174.997072035238	1599.565890624997	-1058244.5773853078	303398.70797077555	-1022771.4241405008	303399.3145326159	151858482.60931742	887572.1737993025	-1022771.832059287	887571.8203326783	12089.552596631238	-0.0041770115792	0.0	0.0	0.0	0.011219782184495635	0.0	0.0	0.0	-0.006338088236283021	152403335.81299642	0.011055519729804352
92	141.3	nan	nan	1	1	6.000000000000838e-05	6.000000000000867e-05	5.999999999999513e-05	0.994842549999995	3.393552799879629e-20	4.668777842629923e-19	1.2419197072642552e-20	1.0139604399999884	6.023556219786341e-19	2.6156377411212794e-20	-5.706969185420574e-20	0.9920579835157728	-722730.1116041933	317138.59002726595	-1048653.7524744458	323233.31707350304	152720285.6172378	866246.9643675532	-1045718.8610329778	847535.3231556833	7018.482503153452	1599.565890624997	-718485.6222464594	321334.7416571334	-1039577.2144925154	321335.014578069	154740971.51153877	858749.2336292029	-1039577.5054901954	858749.3060624124	6957.734593879233	-0.005170795551040064	0.0	0.0	0.0	0.01386389060121575	0.0	0.0	0.0	-0.007973722280693507	155116589.48177904	0.013719872136971525
96	168.4	nan	nan	1	1	6.000000000000838e-05	6.000000000000867e-05	5.999999999999513e-05	0.9938533999999866	1.526692184131151e-20	-7.394800917437383e-19	-7.930769485142014e-21	1.0166379199999955	8.647596527744383e-19	-2.3079953746785177e-20	-9.040213239455696e-20	0.9904421576980973	-514194.60793691064	331430.7470742591	-1063503.437777437	339029.6356381242	154763173.91949955	853281.343624693	-1059853.0386072146	831295.3723241688	5948.86045933447	1599.565890624997	-510660.2998730428	336698.63084572833	-1052568.2500615483	336699.32109061535	157223037.46417224	844507.7079827605	-1052568.1564185552	844508.2906783697	5887.69290358646	-0.006165568112002006	0.0	0.0	0.0	0.016501026141613823	0.0	0.0	0.0	-0.009603811622813447	157494484.30509004	0.016377888672806228
100	195.5	nan	nan	1	1	6.000000000000838e-05	6.000000000000867e-05	5.999999999999513e-05	0.9928642499999911	-5.3457943367113405e-20	1.904875454421251e-19	3.3398191472881843e-20	1.0193154000000122	-4.756259405422347e-19	-1.7455654977016622e-20	3.4050724479622876e-20	0.9888348119726297	-401646.77175764274	342594.5773605292	-1076973.4726406701	351719.9840803611	156473226.3625468	849820.4835711771	-1072601.5616315987	824406.9838760288	-10643.735919961437	1599.565890624997	-398484.9720654916	348952.9417464547	-1064159.0606380184	348951.21257369075	159377282.22215682	839708.8605076376	-1064157.9451859177	839707.5179538619	-10517.091001780322	-0.007161331230860505	0.0	0.0	0.0	0.01913122548584197	0.0	0.0	0.0	-0.011227986615438315	159600552.52999282	0.01902932231016389
104	222.60000000000002	nan	nan	1	1	6.000000000000838e-05	6.000000000000867e-05	5.999999999999513e-05	0.9918750999999805	-1.0487623139723845e-19	-7.542116887623851e-19	4.035434367308938e-20	1.0219928800000142	-1.3698758924082787e-18	1.9922214919421143e-21	-8.525217207525082e-20	0.987236640316	-338100.683849231	350792.23671148886	-1089300.4960167443	361440.0823708042	157934628.35259607	852898.1687566076	-1084205.0894125071	823890.8756822693	-7340.157691777352	1599.565890624997	-335101.9180153749	358238.05661448406	-1074590.120177541	358234.30899684964	161286905.5015544	841380.2701961491	-1074588.79067567	841378.5576719268	-7241.033089557943	-0.008158086882332665	0.0	0.0	0.0	0.021754525025360995	0.0	0.0	0.0	-0.012845511126741595	161476822.5648839	0.021673838807363923
108	249.70000000000002	nan	nan	1	1	6.000000000000838e-05	6.000000000000867e-05	5.999999999999513e-05	0.9908859500000002	7.117109636009533e-20	3.3264881192478225e-18	4.3154634596712094e-20	1.0246703600000064	9.545993552920184e-19	-1.2793585635328952e-20	-1.2780033108172883e-20	0.9856476086333817	-322188.3522133917	357132.3669258947	-1100243.8037823255	369305.18404865795	159178492.5425707	860543.695190186	-1094426.1811995546	827770.2333170557	-6107.829205655281	1599.565890624997	-319009.77392615436	365665.40049587423	-1083630.1678440731	365661.770401588	162981775.4322628	847549.520979252	-1083629.0208657107	847548.3095802747	-6015.601237229604	-0.00915583704697194	0.0	0.0	0.0	0.024370960866007787	0.0	0.0	0.0	-0.014456383155428656	163163142.67169154	0.024311426719433045
112	276.8	nan	nan	1	1	6.000000000000838e-05	6.000000000000867e-05	5.999999999999513e-05	0.9898967999999979	1.70179083498756e-19	-1.5562163645406469e-18	1.2644507836612196e-20	1.027347839999996	-1.7265919596831658e-19	3.1550283219328177e-20	8.925694384986916e-20	0.9840678871838481	-341872.5792972097	362691.39572538424	-1109756.0256182994	376409.57924518356	160244897.3340164	871329.1971981922	-1103219.9725580234	834621.1614271336	-5457.496815595872	1599.565890624997	-338159.5809065833	372325.0638070345	-1091239.503462808	372321.4825489618	164501260.10106397	856790.87885416	-1091238.1576051088	856790.0447749988	-5366.437286864589	-0.010154583711365094	0.0	0.0	0.0	0.026980568830958104	0.0	0.0	0.0	-0.01606039326915977	164692070.7071177	0.02694200586188512
116	303.9	nan	nan	1	1	6.000000000000838e-05	6.000000000000867e-05	5.999999999999513e-05	0.9889076500000064	-1.8005887579553014e-19	7.551468131361538e-20	-3.129447926925738e-20	1.0300253199999967	2.1793818919674246e-18	1.2495430037895439e-20	-7.44169266139738e-20	0.9824975728820755	-389977.2818448199	368066.55070422665	-1117996.6899163476	383366.8415863367	161163803.8078409	884235.2914824395	-1110748.0689045968	843434.2219758255	-5072.4736274869565	1599.565890624997	-385354.04413466883	378825.4332093966	-1097581.7585055295	378821.9716122218	165874751.93919718	868088.9084122092	-1097579.988101673	868088.4853901867	-4979.8488441380205	-0.011154328867970853	0.0	0.0	0.0	0.029583384463667307	0.0	0.0	0.0	-0.01765740559080463	166089228.36705807	0.029565533760048245
120	331.0	nan	nan	1	1	6.000000000000838e-05	6.000000000000867e-05	5.999999999999513e-05	0.9879185000000008	9.820161177287457e-20	-2.3113835064675347e-19	-1.0972464798732207e-20	1.0327028000000014	2.3134163855409452e-20	-9.194034422677077e-20	2.1961870256409497e-19	0.9809367260744335	-461268.5217485391	373270.4418827	-1125114.112405239	390188.289795459	161959122.88631007	898529.4222894394	-1117160.5507508486	853489.0269103501	-4839.066805393279	1599.565890624997	-455341.746386005	385178.0125217882	-1102808.4861652309	385174.8144905699	167125724.5777977	880715.885655015	-1102806.3095312524	880715.8837339486	-4743.131278213031	-0.012155074515288073	0.0	0.0	0.0	0.03217944303075458	0.0	0.0	0.0	-0.01924732091139153	167375403.35887438	0.03218198755875931
124	358.1	nan	nan	1	1	6.000000000000838e-05	6.000000000000867e-05	5.999999999999513e-05	0.9869293500000068	-1.292911090688964e-20	-2.783987233453966e-18	-6.609228680835855e-20	1.0353802800000103	8.269616545361624e-19	-1.198585501682725e-19	-2.6522295644426653e-20	0.9793853820620707	-551565.6709808224	377996.9138165279	-1131250.5285111102	396550.80143732525	162650172.87913507	913676.7230313283	-1122600.8611785327	864263.9751389482	-4669.57399971169	1599.565890624997	-543930.8878185082	391064.660706608	-1107064.2882685408	391061.73723136744	168273158.71082354	894142.23074131	-1107061.7973755149	894142.4806518585	-4569.738078542107	-0.013156822657770652	0.0	0.0	0.0	0.03476877952489132	0.0	0.0	0.0	-0.0208300652264993	168567438.4338208	0.03479135759153273
128	385.20000000000005	nan	nan	1	1	6.000000000000838e-05	6.000000000000867e-05	5.999999999999513e-05	0.9859401999999945	1.8431436932253577e-20	1.5224637956584574e-18	-9.29610189282122e-20	1.0380577600000214	1.7369596429575583e-18	8.342935717275956e-20	-8.691235665186925e-20	0.9778435558229776	-657538.9332616339	381956.6666642889	-1136565.2721872914	402144.39010393614	163252566.2424956	929188.8576022562	-1127228.8548279675	875290.0933668053	-4541.600372421445	1599.565890624997	-647784.5346683848	396181.45442137716	-1110509.5254436168	396178.69518507423	169332400.18250784	907887.2129513196	-1110506.743026523	907887.5498080306	-4437.484232318855	-0.014159575305958572	0.0	0.0	0.0	0.03735142866762708	0.0	0.0	0.0	-0.022405585114013162	169679003.35880604	0.03739364445172893
132	412.3	nan	nan	1	1	6.000000000000838e-05	6.000000000000867e-05	5.999999999999513e-05	0.9849510499999914	-2.4882439858542328e-20	-8.414764111203121e-20	-9.522619678740702e-20	1.0407352400000112	1.5111338829559839e-18	1.0245710529988016e-19	-1.4391428587029464e-19	0.9763112454455026	-776698.8661981918	385085.6417946949	-1141217.380529138	406892.84662383085	163778924.97958794	944617.6900496687	-1131203.648414861	886144.0456560742	-4462.58955056839	1599.565890624997	-764406.0561838386	400455.6142928831	-1113303.2309120586	400452.95508101286	170315854.17016307	921512.3641224027	-1113300.0925546947	921512.8263451981	-4353.434717738537	-0.015163334476387859	0.0	0.0	0.0	0.039927424912161454	0.0	0.0	0.0	-0.023973844384498354	170721264.31085783	0.039988856982837336
136	439.40000000000003	nan	nan	1	1	6.000000000000838e-05	6.000000000000867e-05	5.999999999999513e-05	0.9839619000000033	-7.573152174811249e-20	5.3022500669588915e-18	2.445917749479935e-19	1.0434127200000047	-3.8762938171788e-19	-1.16605943650816e-19	-4.485886488658775e-21	0.9747884367729616	-907136.5131995906	387516.69280808285	-1145398.0976436092	410927.773461289	164239569.64317274	959624.387392971	-1134715.9524156854	896511.3528438774	-4405.301095586381	1599.565890624997	-891879.4399977216	404018.9762308153	-1115634.788391085	404016.4045227084	171233663.00167876	934688.4306570555	-1115631.2346279828	934689.0228924135	-4290.828809375881	-0.016168102191695084	0.0	0.0	0.0	0.04249680244616982	0.0	0.0	0.0	-0.025534819454743653	171703401.34719998	0.04257700998563146
140	466.5	nan	nan	1	1	6.000000000000838e-05	6.000000000000867e-05	5.999999999999513e-05	0.9829727499999985	-1.2278589603398338e-20	1.5905381395633911e-18	1.064398542178699e-19	1.0460901999999812	5.647880167020114e-19	-1.6859343782149594e-20	3.87832669625221e-19	0.9732751065224591	-1047297.5662847268	389463.0127060547	-1149323.677837278	414468.0688498426	164643016.30292895	973989.9372101508	-1137980.8395238814	906194.2600867436	-4347.046064198678	1599.565890624997	-1028644.5873664282	407088.7727669938	-1117716.70529273	407086.15142785345	172094194.4800334	947204.7297027267	-1117712.7387544236	947205.5039681856	-4227.500136232103	-0.017173880480657846	0.0	0.0	0.0	0.04505959519443701	0.0	0.0	0.0	-0.027088496243297167	172633002.2168413	0.04515812268126067
144	493.6	nan	nan	1	1	6.000000000000838e-05	6.000000000000867e-05	5.999999999999513e-05	0.9819835999999935	-7.399679827213568e-21	-2.7968892393065436e-18	7.955333440612388e-21	1.048767680000019	5.051840022696208e-19	1.6019087098473328e-19	1.6414820891430537e-19	0.9717712235477229	-1195999.085161505	391133.3290976726	-1153165.0713639883	417731.2293961451	164996304.39960995	987654.9009885716	-1141168.096889717	915146.0705168515	-4299.900335976692	1599.565890624997	-1173511.9538337148	409879.8374360118	-1119716.1687524363	409877.0620044687	172904361.23372865	959006.8145893598	-1119711.8958104511	959007.823442178	-4175.176693933543	-0.018180671378132486	0.0	0.0	0.0	0.04761583682168123	0.0	0.0	0.0	-0.028634868945241414	173516402.64679763	0.04773221802238472
148	520.7	nan	nan	1	1	6.000000000000838e-05	6.000000000000867e-05	5.999999999999513e-05	0.9809944499999962	2.1385887852276574e-19	3.0188660815957944e-18	-4.667829165728998e-20	1.0514451600000065	6.1552325736347056e-18	1.253879812479486e-19	-3.515525544284248e-20	0.9702767508340239	-1352362.642643273	392653.6490242872	-1157018.1966164408	420849.23747310176	165305316.48118588	1000703.8417624298	-1144372.7852545173	923453.6047049854	-4261.621600400696	1599.565890624997	-1325595.1730168515	412522.3301754197	-1121726.584629348	412519.32001890056	173669936.63412017	970180.1630504169	-1121722.0828432678	970181.3131455925	-4131.63272347812	-0.019188476925136266	0.0	0.0	0.0	0.05016556073493274	0.0	0.0	0.0	-0.03017393803973737	174358943.76854742	0.05029932175160108
152	547.8	nan	nan	1	1	6.000000000000838e-05	6.000000000000867e-05	5.999999999999513e-05	0.980005299999993	1.096941548012209e-19	-2.134739867515334e-18	-1.7726027893780193e-19	1.054122639999992	2.5611565819538827e-18	1.0842021724855045e-22	-4.489139095176231e-19	0.9687916474814058	-1515638.1528751382	394062.8329796185	-1160957.9869053364	423862.31477361714	165575041.80374768	1013335.8314728048	-1147668.9813355647	931307.7213708094	-4216.987534224562	1599.565890624997	-1484137.0340637746	415055.9700012453	-1123820.469594382	415052.7337321169	174395816.68795872	980920.5525328268	-1123815.75695705	980921.815793786	-4082.0916557183978	-0.020197299168885373	0.0	0.0	0.0	0.052708800086486235	0.0	0.0	0.0	-0.031705708290116284	175165147.8463263	0.05285946149639359
156	574.9	nan	nan	1	1	6.000000000000838e-05	6.000000000000867e-05	5.999999999999513e-05	0.9790161500000029	-1.8287780144399246e-19	-7.536966927304545e-19	8.828793815821023e-20	1.056800120000006	-5.825418272764616e-19	6.06069014419397e-20	3.171833455606343e-19	0.9673158703076301	-1685024.1774526944	395336.09862781386	-1165010.077418827	426742.409055173	165809785.4714671	1025832.3880836719	-1151081.9816442109	938971.4998785151	-4168.80265773905	1599.565890624997	-1648333.061808371	417453.68874995806	-1126022.2497479983	417450.1654835402	175086228.69541648	991502.2332283828	-1126017.3667444699	991503.4767022143	-4029.290937828672	-0.021207140162764877	0.0	0.0	0.0	0.0552455877763185	0.0	0.0	0.0	-0.033230187117897915	175938851.71264172	0.05541266604215019
160	602.0	nan	nan	1	1	6.000000000000838e-05	6.000000000000867e-05	5.999999999999513e-05	0.9780269999999943	-5.773376568485311e-21	-1.513695310588481e-18	6.433384640985862e-20	1.0594776000000006	2.881267273380228e-20	-1.0299920638612292e-20	-1.4750570556665288e-19	0.9658493744193717	-1859685.674424118	396351.05240603024	-1169088.7756395142	429355.27485716384	166013293.1410171	1038459.9065825978	-1154527.0054045678	946690.0710973991	-4117.071222187053	1599.565890624997	-1817349.1144122418	419584.8208240093	-1128248.7667282596	419580.8137154794	175744854.04827353	1002183.1817328408	-1128243.6917662143	1002184.2542008787	-3973.248760705963	-0.02221800196643854	0.0	0.0	0.0	0.05777595645458509	0.0	0.0	0.0	-0.03474738402961319	176683325.17429778	0.05795896504923758
164	603.31	nan	nan	1	1	6.000000000000838e-05	6.000000000000867e-05	5.999999999999513e-05	0.978089530929098	6.730184985703769e-20	-7.383958895712528e-19	5.776087073916524e-20	1.0593481720000066	1.98975493199971e-18	5.502326025363934e-20	-3.6640612419147624e-19	0.9658642009730367	439.34788730744907	393362.8670226637	-1161932.459828732	426042.10166933417	155506414.87077007	1024687.4863947437	-1147409.2727327233	934261.8882808702	714.4507881136285	1599.565890624997	429.3918046624218	416388.45607690373	-1121407.74809464	416387.5420435288	164609019.88078037	988949.466811575	-1121407.7785250035	988949.1302958981	689.5328920762221	-0.02215406822002182	0.0	0.0	0.0	0.05765378690023563	0.0	0.0	0.0	-0.03473203335459137	164630410.63708338	0.05785544962323419
168	604.62	nan	nan	1	1	6.000000000000838e-05	6.000000000000867e-05	5.999999999999513e-05	0.9781298213034132	-7.394258816351141e-20	-2.242292723025896e-18	1.3098517496340501e-20	1.0592187440000167	-1.4866038088034993e-18	1.4116312285761268e-19	1.55799852186167e-19	0.9659005545360008	71.10651837753417	391206.41532129847	-1156753.4226759938	423638.0438995776	146660827.69160673	1015471.5695313375	-1142290.8526652246	926007.4183955278	121.22665234758225	1599.565890624997	69.50104614343681	414073.13339241757	-1116499.7645237308	414072.9698063975	155233416.65630096	980134.3536459553	-1116499.73971151	980134.2162672459	117.00810747286383	-0.02211287613767696	0.0	0.0	0.0	0.05753160241866626	0.0	0.0	0.0	-0.034694395683788376	155256306.69496563	0.05774882841446505
172	605.93	nan	nan	1	1	6.000000000000838e-05	6.000000000000867e-05	5.999999999999513e-05	0.9781701222584064	3.1100339317746695e-19	1.456625618734275e-19	-2.2219368272374806e-20	1.0590893159999908	-6.819306404282077e-18	8.608565249534906e-20	3.4775784682472555e-19	0.9659389682038864	14.348969757986954	389902.23654071806	-1154404.9647196096	422156.90389637346	138260929.98187852	1010201.8859832726	-1139970.143334078	921351.3261175345	24.095817312126396	1599.565890624997	14.026148947339857	412659.3085555636	-1114323.2846773823	412659.2858628406	146330680.92342907	975127.0292306677	-1114323.2786468277	975127.0075946541	23.259195096026573	-0.02207167493524221	0.0	0.0	0.0	0.05740940300619022	0.0	0.0	0.0	-0.03465462667871495	146354881.55113253	0.05764133930731335
176	607.24	nan	nan	1	1	6.000000000000838e-05	6.000000000000867e-05	5.999999999999513e-05	0.9782104108656317	1.060078674147702e-19	1.3386644223678523e-18	1.8005887579553014e-19	1.0589598879999997	5.187175558876711e-18	-1.465841337200402e-19	5.55653613398821e-20	0.9659778792177539	3.0452593761566678	389170.3521837715	-1153546.693293645	421295.64916069567	129970454.79956494	1007018.323952888	-1139121.5787109223	918597.0466153197	5.3242356951424155	1599.565890624997	2.9769915222214496	411851.15242699924	-1113585.0403024252	411851.14992854465	137545116.91421232	972132.7687763528	-1113585.039473228	972132.7694713677	5.139791267769474	-0.022030488053090373	0.0	0.0	0.0	0.05728718865922609	0.0	0.0	0.0	-0.034614344392316615	137570790.05340594	0.057533640510245315
180	608.55	nan	nan	1	1	6.000000000000838e-05	6.000000000000867e-05	5.999999999999513e-05	0.9782506831564746	-2.585822181377928e-20	-4.006967284017615e-18	9.961785086068376e-20	1.0588304600000011	-3.422907573699674e-18	-1.0381235801548705e-19	1.4444283442938132e-19	0.9660169288597891	0.6594859240389196	388779.35758582933	-1153381.373130813	420803.6165274281	121712174.70569117	1004875.4503705852	-1138957.4791343128	916791.4370871114	1.5514638913120142	1599.565890624997	0.6447544775733604	411403.8018056515	-1113515.7060223178	411403.8011176287	128795036.11222623	970142.766868656	-1113515.7061956169	970142.7694685094	1.4978388333195165	-0.0219893195463701	0.0	0.0	0.0	0.05716495937408403	0.0	0.0	0.0	-0.034573920223599515	128822405.24502325	0.057425882812274065
184	609.86	nan	nan	1	1	6.000000000000838e-05	6.000000000000867e-05	5.999999999999513e-05	0.9782909397719117	-2.71619749261931e-19	-1.4579266613412577e-18	-1.5795470400398192e-19	1.0587010320000028	-1.452261704990021e-18	2.5478751053409353e-20	1.9694532463199188e-19	0.966056025475236	-0.032427179208490996	388576.5827173472	-1153516.5030398886	420515.42291469855	113466571.98233068	1003255.3524204969	-1139090.1447627621	915462.2980960031	0.5536524420672795	1599.565890624997	-0.03170542080182394	411155.6660555338	-1113736.478336983	411155.66519393073	120059792.72397013	968657.2148148059	-1113736.4782950843	968657.2162692199	0.5345592537478712	-0.021948168757681442	0.0	0.0	0.0	0.057042715147115786	0.0	0.0	0.0	-0.0345334490650296	120089121.20890604	0.05731810431905533
188	611.17	nan	nan	1	1	6.000000000000838e-05	6.000000000000867e-05	5.999999999999513e-05	0.9783311823701545	-9.546400128734866e-20	-8.129754465110995e-19	-5.114723748700367e-20	1.0585716039999897	-1.0931170248487665e-17	1.7509865085640897e-20	1.519780395281556e-19	0.9660951413573159	-0.2731997664712835	388475.97570580966	-1153760.687525656	420337.8601783715	105227994.58133842	1001903.8097230243	-1139330.5398286153	914377.8278786542	0.1344832468443783	1599.565890624997	-0.26714077764045646	411015.66284910816	-1114062.6159081059	411015.66187450243	111333407.07762168	967430.7603096496	-1114062.6155416395	967430.7615477402	0.1298560086118979	-0.021907033989968225	0.0	0.0	0.0	0.05692045597465608	0.0	0.0	0.0	-0.03449295960151731	111365010.31197709	0.05721031617330833
192	612.48	nan	nan	1	1	6.000000000000838e-05	6.000000000000867e-05	5.999999999999513e-05	0.9783714127904016	-3.61039323437673e-20	-4.2510211930441023e-19	1.947023813876625e-19	1.0584421759999914	7.271039239448163e-18	-3.6049722235143024e-20	-3.577325068115922e-19	0.9661342661387606	-0.34484161349461645	388431.22870277555	-1154009.8470951305	420220.77545208257	96994556.89125049	1000690.5501496549	-1139575.8724180402	913419.224485787	-0.04509152277675457	1599.565890624997	-0.33722133696476286	410934.77868369326	-1114393.635775399	410934.77751267137	102613883.29342662	966337.6645133859	-1114393.6353149551	966337.6657769111	-0.0435435677924713	-0.021865913361465646	0.0	0.0	0.0	0.05679818185307791	0.0	0.0	0.0	-0.034452462566021455	102648150.15760566	0.05710252223209757
196	613.79	nan	nan	1	1	6.000000000000838e-05	6.000000000000867e-05	5.999999999999513e-05	0.9784116328308159	-7.724940478959218e-21	1.249597213898168e-18	1.2147807716342273e-19	1.0583127479999996	-3.4050995530165996e-18	-6.4997920240506e-20	2.388768436528688e-19	0.9661733950858756	-0.37512322530616077	388415.77861664107	-1154199.3899070104	420135.4059707674	88765585.06272002	999549.1318271745	-1139762.3506785298	912525.8870495423	-0.1306434389198548	1599.565890624997	-0.36686379298785843	410884.900627334	-1114667.15757604	410884.89915953804	93900507.15117955	965313.7918580595	-1114667.156990264	965313.7927496057	-0.12616879890063795	-0.021824805032660436	0.0	0.0	0.0	0.05667589277871624	0.0	0.0	0.0	-0.034411962858955834	93937930.0895811	0.056994724012523076
200	615.1	nan	nan	1	1	6.000000000000838e-05	6.000000000000867e-05	5.999999999999513e-05	0.9784518442713089	1.9759584593548318e-20	-1.9316281430273307e-18	-3.8055496254241203e-20	1.058183320000001	7.421092820120157e-19	-2.043721095135176e-20	-7.269575566515307e-20	0.9662125255978148	-0.38322750727029053	388415.15646775754	-1154287.361522803	420066.08798482845	80540865.37496828	998449.4971024805	-1139848.54058204	911670.400497813	-0.1745951491087617	1599.565890624997	-0.3748202962091039	410850.7167143212	-1114842.64453311	410850.71541005874	85193051.07715128	964330.1268706593	-1114842.6444130298	964330.1277375646	-0.1686288217678531	-0.021783707182995164	0.0	0.0	0.0	0.05655358874790154	0.0	0.0	0.0	-0.034371463172505355	85234270.18056732	0.05688692214744972
204	616.41	nan	nan	1	1	6.000000000000838e-05	6.000000000000867e-05	5.999999999999513e-05	0.978492048954281	9.999054535747565e-20	-2.532696274926138e-19	-1.29995840481012e-19	1.0580538919999907	-1.8315427299797627e-18	3.5236570605778895e-21	7.304812137121086e-20	0.9662516560823228	-0.38591074532928177	388425.2821076144	-1154243.2300563916	420008.40181221074	72320415.86364272	997383.9932574145	-1139804.2881708224	910845.7927217799	-0.181065806406521	1599.565890624997	-0.3774755537850906	410827.90753357153	-1114890.579732521	410827.9077155937	76491532.57996853	963379.2856678651	-1114890.5805075897	963379.28643371	-0.17489256737019634	-0.021742617928349806	0.0	0.0	0.0	0.056431269756969854	0.0	0.0	0.0	-0.034330965154602544	76537403.79289211	0.05677911683370358
208	617.72	nan	nan	1	1	6.000000000000838e-05	6.000000000000867e-05	5.999999999999513e-05	0.9785322484858258	4.564762196707095e-19	1.6514703016570764e-18	-9.870983154122715e-20	1.0579244639999792	3.529023861331693e-18	1.3514580080031812e-19	2.8297676701871667e-20	0.966290785808197	-0.3291145747579285	388449.7686381147	-1154035.645579119	419966.24577162304	64104389.461443715	996359.2883686828	-1139598.6325144686	910058.1701913967	-0.14040906972475933	1599.565890624997	-0.32194717376288745	410820.2911156631	-1114780.6467094354	410820.29260085616	67796111.79245305	962467.7158782299	-1114780.648137421	962467.7180809964	-0.13563299725740946	-0.021701535626404953	0.0	0.0	0.0	0.05630893580227162	0.0	0.0	0.0	-0.03429046956182108	67847817.68876468	0.056671307971655135
212	619.03	nan	nan	1	1	6.000000000000838e-05	6.000000000000867e-05	5.999999999999513e-05	0.9785724443215084	2.30257436381609e-19	3.675242076818519e-18	-7.341403960442472e-20	1.057795035999986	-2.7541987787649268e-18	6.348003719902629e-20	-1.5677563414140394e-19	0.9663299147751396	-0.2299260053508915	388494.03742240573	-1153632.2473136869	419945.4695513048	55893060.64402653	995390.7014783092	-1139199.6160517337	909321.5445352851	-0.11027215660913497	1599.565890624997	-0.22493712772630084	410833.59623975586	-1114481.5427602374	410833.596559218	59107077.322437815	961610.2247626373	-1114481.5443811705	961610.2289712386	-0.10652986123408704	-0.02166045878893583	0.0	0.0	0.0	0.056186586880163085	0.0	0.0	0.0	-0.03424997639424137	59166318.55999327	0.05656349519655162
216	620.34	nan	nan	1	1	6.000000000000838e-05	6.000000000000867e-05	5.999999999999513e-05	0.9786126385353244	1.5043305143236375e-20	4.2171398751539303e-19	-2.5607500061392007e-20	1.0576656079999862	1.5201327609876136e-18	-5.453536927602087e-20	3.138765289345535e-20	0.9663690432760198	-0.05588065317622386	388566.9829272292	-1153011.711763734	419955.6785957062	47686887.568611555	994483.8614429755	-1138586.18011393	908641.0805911678	-0.04428507391604944	1599.565890624997	-0.05467264459907493	410877.22194955096	-1113972.6178639233	410877.22240143316	50424911.916103676	960812.2617075912	-1113972.619001639	960812.2649279652	-0.04278565362271297	-0.02161938529601604	0.0	0.0	0.0	0.05606422298695759	0.0	0.0	0.0	-0.03420948534857505	50494261.97634863	0.05645567786000064
220	621.65	nan	nan	1	1	6.000000000000838e-05	6.000000000000867e-05	5.999999999999513e-05	0.9786528345242056	7.833360696207769e-21	1.8032043956964227e-18	1.3559981046004643e-19	1.0575361799999783	-3.957175299246218e-18	-1.4474099002681485e-20	-2.3879552848993235e-20	0.9664081716256614	0.1847704714384745	388694.83171841333	-1152168.3937419825	420025.19785097474	39486596.556828424	993621.0071192669	-1137752.748082917	908000.5777272759	0.0618333271437441	1599.565890624997	0.1807909717717284	410978.88941355114	-1113248.3624683614	410978.8923402032	41750381.72723287	960056.6766956457	-1113248.3635661346	960056.6783238266	0.059744609002139265	-0.021578311676274532	0.0	0.0	0.0	0.05594184411898999	0.0	0.0	0.0	-0.03416899609886175	41834007.30863375	0.05634785495970242
224	622.96	nan	nan	1	1	6.000000000000838e-05	6.000000000000867e-05	5.999999999999513e-05	0.9786930377119355	-1.562335330551612e-19	7.060053496682484e-19	-2.1955093992831465e-21	1.057406752	2.3438011514248514e-18	6.624475273886432e-20	-3.339613741798475e-19	0.9664473001107882	0.6304080797174829	388915.8157222844	-1151102.0450153835	420195.3015666571	31293311.357949976	992769.4091430446	-1136699.0703412683	907370.1446594805	0.2674057948636473	1599.565890624997	0.616881170729414	411179.00251283345	-1112308.477995892	411179.0091300394	33084672.90174057	959311.8483861466	-1112308.480555003	959311.8508130471	0.25839388782221717	-0.021537232387932273	0.0	0.0	0.0	0.0558194502726291	0.0	0.0	0.0	-0.03412850834827299	33189987.71790995	0.05624002497751888
228	624.27	nan	nan	1	1	6.000000000000838e-05	6.000000000000867e-05	5.999999999999513e-05	0.9787332565205179	-1.6189848940639795e-19	2.1758853399611587e-18	-5.232630734958166e-20	1.0572773240000137	2.9140372840436024e-18	1.1123914289701276e-19	-1.6534083130403942e-21	0.9664864289974329	1.2256836231108172	389254.0221448774	-1149800.9322844474	420491.9542888798	23108747.78063888	991902.2842836006	-1135413.552103671	906725.3072325104	0.6209128002107609	1599.565890624997	1.1994819177926688	411502.99748187186	-1111141.5634779846	411503.00635312445	24429597.226476844	958551.888444292	-1111141.5697237197	958551.898225413	0.6000360586234529	-0.021496138826752914	0.0	0.0	0.0	0.055697041444174124	0.0	0.0	0.0	-0.03408802182143497	24571804.019808564	0.056132185624254684
232	625.58	nan	nan	1	1	6.000000000000838e-05	6.000000000000867e-05	5.999999999999513e-05	0.9787735026906131	-2.087089182034596e-21	1.742177365912645e-19	7.453889935837843e-23	1.0571478959999825	1.0137290312739466e-20	6.613633252161577e-21	-9.202165938970719e-20	0.9665255594723037	2.0296842558746575	389719.363029849	-1148225.7650473611	420925.7906808003	14935465.717234908	991001.8558607684	-1133857.37658882	906049.8042908271	1.2310935338750715	1599.565890624997	1.9864580125206381	411961.31627927435	-1109709.5777026191	411961.3221388566	15787858.391949639	957759.6013310192	-1109709.583774696	957759.622432822	1.1897976227109626	-0.02145501899928716	0.0	0.0	0.0	0.05557461762992124	0.0	0.0	0.0	-0.034047535290456135	16006618.48507557	0.056024333363785865
236	626.89	nan	nan	1	1	6.000000000000838e-05	6.000000000000867e-05	5.999999999999513e-05	0.9788137912956922	2.2329143742338963e-19	5.864829021734463e-18	-3.74049749507499e-20	1.0570184679999952	8.1176927159420935e-19	-6.266688556966215e-20	4.865628299571823e-19	0.9665646951967607	3.0286528878523966	390325.84499290254	-1146286.138480041	421511.86094491946	6777183.974000798	990044.7549995076	-1131941.2552220337	905322.2473897692	2.1583908696037835	1599.565890624997	2.9643944987816684	412568.7228497255	-1107925.0596546386	412568.71884224867	7163384.573527223	956912.3776529822	-1107925.0591543054	956912.4057870981	2.086159164530474	-0.021413857509111418	0.0	0.0	0.0	0.05545217882628415	0.0	0.0	0.0	-0.03400704496739146	7632445.152473049	0.055916462759768644
240	628.2	nan	nan	1	1	6.000000000000838e-05	6.000000000000867e-05	5.999999999999513e-05	0.978854142608769	9.774082584956822e-20	6.510634045775454e-20	-4.566524025237384e-20	1.0568890399999924	-7.945738251385892e-18	-2.0274580625478933e-20	4.2270332199778606e-19	0.9666038429926909	4.570492195140629	391066.9925918044	-1143835.8707811038	422243.0878548702	-1360712.8607396195	988977.7567213484	-1129520.83027768	904493.9352764348	3.340939344285289	1599.565890624997	4.473887507820962	413318.3252143731	-1105646.5994322556	413318.30257278087	-1438136.1028993793	955958.7363582123	-1105646.5948625098	955958.7630174448	3.2293953348363083	-0.02137263365047466	0.0	0.0	0.0	0.05532972502953617	0.0	0.0	0.0	-0.03396654379518434	2998279.039934772	0.05580856570222254
244	631.21	nan	nan	1	1	6.000000000000838e-05	6.000000000000867e-05	5.999999999999513e-05	0.9791551425539436	-1.702197410802242e-19	-8.754932542820448e-19	-1.338583107204916e-19	1.0567979551009647	-3.0500233415275967e-18	1.4116312285761268e-19	-2.7094212290412757e-19	0.9664968354947798	22383114.590028286	392577.39224312553	-1134992.9320921816	423706.7948309995	-80.06755981864715	991845.6978073325	-1120319.70986449	907094.975813577	-117.14947562803823	1599.565890624997	21914325.97251512	414833.0410579947	-1096856.1726876907	414832.74284056533	-84.60667880001981	958518.8112037905	-1096855.9007575081	958519.1984568835	-113.21315035229154	-0.02106517857370192	0.0	0.0	0.0	0.05524353923258954	0.0	0.0	0.0	-0.03407725452971709	22070882.004504118	0.05571861594407274
248	634.22	nan	nan	1	1	6.000000000000838e-05	6.000000000000867e-05	5.999999999999513e-05	0.9794561425539242	-1.6051613163647892e-19	1.2252839801801807e-18	-1.2855249633889065e-19	1.0566876065587565	7.332974288551397e-18	-8.088148206741863e-20	-7.979727989493312e-20	0.966395708129465	43638038.27683956	389290.5888164768	-1101283.8363001144	419986.1068801837	-94.15912729904748	994212.2685479143	-1086598.791115517	909258.5340442879	-204.50287982728804	1599.565890624997	42733022.60636437	411276.5217333699	-1064063.7719186505	411275.9534654697	-99.47694467192824	960610.8994689711	-1064063.6595580366	960610.6543058814	-197.5913007207259	-0.020757817940544303	0.0	0.0	0.0	0.05513911595730386	0.0	0.0	0.0	-0.034181892902647566	42811171.13707224	0.055615331594088775
252	637.23	nan	nan	1	1	6.000000000000838e-05	6.000000000000867e-05	5.999999999999513e-05	0.9797571425539309	-7.17741838185404e-20	2.2857692301425647e-19	-3.7404974950749906e-21	1.0565761256407498	-8.24508647120914e-19	-2.2605615296322767e-19	-2.30447171761794e-19	0.9662911537017023	63907006.861347966	378760.2200579151	-1043138.8109511315	408456.4235894542	-165.94368040665046	999728.0052248172	-1028801.4118256209	914300.6982523098	-304.7484258535472	1599.565890624997	62595005.32061012	400071.7798740917	-1007680.5422382175	400070.87271807157	-175.28077148385594	965745.352219351	-1007680.2687190915	965745.314103987	-294.38944825602124	-0.020450551748892005	0.0	0.0	0.0	0.05503361003638041	0.0	0.0	0.0	-0.034290088834362215	62645738.18629326	0.05551399152389201
256	640.24	nan	nan	1	1	6.000000000000838e-05	6.000000000000867e-05	5.999999999999513e-05	0.9800581425539353	2.850909612550634e-19	-1.3894050840401739e-18	-1.073089100217528e-19	1.0564606542656139	8.298212377660929e-19	-1.5720931501039815e-21	1.0272815584300155e-19	0.9661836877941657	82708154.61704336	358866.56417812424	-965644.1250743108	386842.8559557969	-195.4671760535859	997974.3476560066	-951973.6941825624	912695.1487900417	-432.00605277946937	1599.565890624997	81028034.1997132	378984.50549977494	-932635.481967073	378984.5911498776	-206.42500152601602	963860.55954652	-932635.4505986855	963860.538048205	-417.2387764650541	-0.020143379940754387	0.0	0.0	0.0	0.054924315795646765	0.0	0.0	0.0	-0.034401309850377905	81064297.05317558	0.055412623723268405
260	643.25	nan	nan	1	1	6.000000000000838e-05	6.000000000000867e-05	5.999999999999513e-05	0.9803591425539401	-1.0237579013694376e-19	-4.686816256274651e-18	-2.0484644796398e-19	1.0563371959083871	-3.197230891496816e-18	1.5373986805844452e-19	-1.1766304076898937e-19	0.9660743668356025	99444115.79349579	333047.41303773253	-879356.1235725285	358859.301963671	-36.47953022728436	967383.8657734853	-866543.0685197617	884721.9195152551	-498.18558577878196	1599.565890624997	97446435.82356928	351649.741352687	-849135.5362056671	351650.36824412027	-38.517090561036056	934138.0534692187	-849135.5455381575	934137.969512902	-481.0645802881131	-0.019836302458162737	0.0	0.0	0.0	0.05480744862129136	0.0	0.0	0.0	-0.03451446343089235	97473126.52505971	0.055308311526108725
264	646.26	nan	nan	1	1	6.000000000000838e-05	6.000000000000867e-05	5.999999999999513e-05	0.98066014255393	-1.561793229465369e-19	3.8334678313656225e-19	-1.346850148770118e-19	1.0562037246790592	9.798721079326556e-18	3.984442983884229e-20	4.824699667560495e-20	0.9659634263517672	113739336.85074201	305805.5478597031	-790919.153001768	329364.10306326376	219.43409104036238	898367.1735749529	-779067.0572474744	821613.6722737073	-382.4267701579573	1599.565890624997	111481374.27625722	322824.25116464106	-763599.9187272823	322825.5400762865	231.64604637127306	867336.5642057714	-763600.9546044879	867338.1511707411	-369.2173207633783	-0.019529319243219843	0.0	0.0	0.0	0.05468108777478159	0.0	0.0	0.0	-0.034629306405857596	111500811.0926985	0.055199719465451415
268	649.2700000000001	nan	nan	1	1	6.000000000000838e-05	6.000000000000867e-05	5.999999999999513e-05	0.9809611425539257	-1.8233570035774972e-19	-1.5561553781684445e-18	9.585702457487467e-20	1.0560619044593946	6.117610758249459e-19	-9.199455433539505e-20	2.3375398838787477e-19	0.9658494071759613	125600414.75425911	277996.1229806295	-706890.0062478039	299282.2862357939	355.266757213025	798007.3747579834	-696000.7287062567	729840.418904015	-65.86020200246817	1599.565890624997	123138052.14144045	293411.76033102267	-682355.4437989001	293414.93688230845	374.9672603464012	770310.333354597	-682355.82015867	770312.0452736651	-63.57434249866201	-0.01922243023804513	0.0	0.0	0.0	0.054546805213042546	0.0	0.0	0.0	-0.03474735011481219	123151844.40693238	0.0550885537857671
272	652.2800000000001	nan	nan	1	1	6.000000000000838e-05	6.000000000000867e-05	5.999999999999513e-05	0.9812621425539366	-6.949735925632084e-20	-1.5549492032515544e-18	2.082142509622631e-19	1.055915205033832	1.4208469470422536e-19	1.1167282376600696e-19	-3.5426305985963856e-20	0.9657301735714473	135256488.17986748	249450.7691541233	-634492.0481537513	268430.4973053937	351.00529688396335	678591.7387374121	-624448.1273609654	620636.210406065	368.2309189160557	1599.565890624997	132639618.04511712	263235.2240041527	-612367.4471632509	263237.0477259507	370.4015756904992	654929.3910394359	-612366.6392402726	654932.0830932722	355.39078612465323	-0.018915635384823062	0.0	0.0	0.0	0.05440788379657519	0.0	0.0	0.0	-0.034870807212675665	132649129.92271118	0.05497795647454526
276	655.2900000000001	nan	nan	1	1	6.000000000000838e-05	6.000000000000867e-05	5.999999999999513e-05	0.981563142553921	2.3310346708438345e-20	3.0909384210117685e-18	1.0051909391656233e-19	1.055766762885122	1.2888995426507677e-18	1.7683337433238577e-19	-3.1740018599513143e-20	0.9656043806577401	143048532.4976733	218021.16913152704	-577621.423861063	234503.42901271457	210.75515101330896	554435.8063062988	-568229.0197770381	507088.6998512423	682.8703238312111	1599.565890624997	140318907.22460288	230028.26008188113	-557387.2943410812	230028.6785537038	222.36208017781564	535013.8710180821	-557386.1801743272	535015.6216417474	658.9493160448444	-0.018608934625843107	0.0	0.0	0.0	0.054267292409036924	0.0	0.0	0.0	-0.03500107248816526	140325413.10091653	0.054870529677610275
280	658.3000000000001	nan	nan	1	1	6.000000000000838e-05	6.000000000000867e-05	5.999999999999513e-05	0.9818641425539252	3.0929577475580227e-19	3.9936587023503556e-19	-1.39455504435948e-19	1.0556187262312386	-5.6492354197357205e-19	-2.677979366039196e-20	4.0251005653524355e-20	0.9654716971698719	149343386.4896535	182825.26908166785	-536247.1737129712	196558.50795653748	31.46210707166593	435801.97686409537	-527292.4602398387	398587.1247475389	846.4136600813349	1599.565890624997	146534323.0509672	192861.38194103062	-517376.2997586705	192861.3551649628	33.18920562292526	420465.8323069227	-517374.39150997705	420467.38992285397	816.6278331799095	-0.018302327903358135	0.0	0.0	0.0	0.05412706538285986	0.0	0.0	0.0	-0.03513849171219391	146538828.64299834	0.05476781923538249
284	661.3100000000001	nan	nan	1	1	6.000000000000838e-05	6.000000000000867e-05	5.999999999999513e-05	0.982165142553933	1.1714804473705876e-19	-2.6356819287851054e-18	-1.5754812818929986e-19	1.0554723752331368	-3.5090474363036476e-18	-8.722406477645883e-20	-6.947025420200869e-19	0.9653323518102016	154455549.53074992	145176.5343343419	-505046.8920833633	156011.98621020673	-96.2982743011677	326896.3385618771	-496389.7307950865	298979.9636828945	859.1970768344067	1599.565890624997	151593222.35711417	153121.10222823385	-487192.1871211237	153120.81558604306	-101.56805279366512	315339.71328658424	-487190.774723355	315341.1933491287	828.8222531264233	-0.017995815159738002	0.0	0.0	0.0	0.053988415754490336	0.0	0.0	0.0	-0.035282830916356436	151596423.2496701	0.0546705809498017
288	664.32	nan	nan	1	1	6.000000000000838e-05	6.000000000000867e-05	5.999999999999513e-05	0.9824661425539366	3.304106120649575e-20	8.449187530179536e-19	7.434916397819346e-20	1.0553281807379649	-2.518059545597584e-19	-1.8257964584655894e-19	-1.22514845490862e-20	0.9651870988226163	158651452.63940364	106491.17451822554	-476648.1418122584	114388.7468572426	-161.55268968818953	228905.18661448572	-468264.13731989166	209353.44108453888	758.3382864701837	1599.565890624997	155756080.26743108	112301.23076772867	-459719.34167765465	112301.16422370823	-170.36684934595786	220775.31089686017	-459718.36592337536	220775.5638494637	731.4048818055576	-0.01768939633739672	0.0	0.0	0.0	0.05385179034477262	0.0	0.0	0.0	-0.03543331164610152	155758425.90437904	0.054578826500751874
292	667.33	nan	nan	1	1	6.000000000000838e-05	6.000000000000867e-05	5.999999999999513e-05	0.9827671425539284	-9.107298248878237e-20	-2.7078626884183278e-18	2.3954091748351615e-19	1.0551861025472578	1.3376886404126153e-17	-7.32920668600201e-20	-7.64633582145402e-20	0.9650368997748107	162138951.72618076	67724.48994818775	-445064.2675829127	72715.02389978178	-174.15132145213127	142950.43415977847	-437034.45133353025	130737.6979111068	628.3946087145614	1599.565890624997	159226144.26151952	71408.71126158397	-429183.51989709196	71408.70692811417	-183.62517663717267	137849.68817358883	-429183.17809779185	137849.84616762298	605.9722824237479	-0.01738307137880133	0.0	0.0	0.0	0.05371715189001507	0.0	0.0	0.0	-0.035588940265597335	159227895.3843469	0.05449214725669804
296	670.34	nan	nan	1	1	6.000000000000838e-05	6.000000000000867e-05	5.999999999999513e-05	0.9830681425539437	-2.0594420266362156e-19	5.211353267323138e-19	8.897234077959171e-20	1.055045887187497	4.9493016022333916e-18	6.478107980600889e-20	-4.512720492427791e-19	0.9648826790162545	165073599.42432833	29414.57090366107	-408083.49184016447	31568.092337531954	-159.8180254080945	66658.76086691908	-400534.41944926314	60962.48182313217	512.2157329249072	1599.565890624997	162155529.25473818	31010.186954777168	-393454.08191969193	31010.050900971128	-168.48747727377122	64269.106894111814	-393454.01685693476	64269.43859742784	493.8532799599911	-0.017076840226427796	0.0	0.0	0.0	0.053584260946603235	0.0	0.0	0.0	-0.03574876118308928	162156845.6869565	0.054410008666750255
300	673.35	nan	nan	1	1	6.000000000000838e-05	6.000000000000867e-05	5.999999999999513e-05	0.9833691425539273	7.74662452240893e-20	2.424492898112085e-18	-2.0581545365563892e-19	1.054907237052649	1.5790049389535766e-18	2.1033522146218787e-20	1.663437183135885e-19	0.9647252184566719	167569756.44329664	-7045.414785829444	-367175.2001093562	-7558.268184233138	-131.84061552452522	-2723.10279438983	-360213.479780681	-2489.912982010664	412.353908521116	1599.565890624997	164656066.13611192	-7426.5371658904805	-353950.4690342465	-7426.84558617646	-138.9725461070195	-2625.023452062354	-353950.1149180042	-2624.605060574633	397.50195352432434	-0.016770702822897162	0.0	0.0	0.0	0.053452836097913826	0.0	0.0	0.0	-0.035911965904772365	164657078.7296458	0.05433190429186463
304	676.36	nan	nan	1	1	6.000000000000838e-05	6.000000000000867e-05	5.999999999999513e-05	0.9836701425539414	-9.437979911486317e-20	-2.6607405514966765e-18	-9.37970404471522e-20	1.0547698635959994	1.9575812325312024e-18	-9.882502802205373e-20	2.355971320811001e-19	0.9645651551071501	169711010.9231553	-40482.10449816619	-323652.5428354168	-43408.9395157518	-110.92020898387622	-66754.14347821842	-317366.1691058704	-61045.22120726857	334.76334734790424	1599.565890624997	166809483.87691408	-42666.009253009586	-311940.5411638636	-42666.7825315439	-116.9040671555552	-64338.51394801088	-311940.2010545717	-64338.45288352836	322.649279436171	-0.01646465911076361	0.0	0.0	0.0	0.0533226043607429	0.0	0.0	0.0	-0.03607789567053734	166810309.60691854	0.0542573919122425
308	679.37	nan	nan	1	1	6.000000000000838e-05	6.000000000000867e-05	5.999999999999513e-05	0.9839711425539214	8.706143445058601e-20	6.629218658391056e-19	1.6628950820496425e-20	1.0546335460207594	2.972882356955253e-19	-1.043544591017298e-19	3.2607380337501544e-19	0.9644029713060002	171560135.12991107	-69680.50315889857	-277484.56206332566	-74685.31862720703	-95.8065608478125	-127400.78358129227	-271966.04726005683	-116500.83989784784	276.34974796555076	1599.565890624997	168677151.57040522	-73429.46710372547	-267395.9855418671	-73430.26863802598	-100.96116401531918	-122768.8410166449	-267395.7918076418	-122768.84068026337	266.3024301677412	-0.01615870903276304	0.0	0.0	0.0	0.05319335684477862	0.0	0.0	0.0	-0.03624605169065081	168677886.71549338	0.05418613634850754
312	682.3800000000001	nan	nan	1	1	6.000000000000838e-05	6.000000000000867e-05	5.999999999999513e-05	0.9842721425539355	1.160367375102611e-19	-2.2940227191806107e-18	-4.259559285152425e-20	1.0544981260248254	-1.6919788053265661e-18	4.466912950640278e-20	-3.9519169187096636e-20	0.9642390286701928	173165675.83160946	-94322.53891826651	-229104.41212521403	-101053.18349756746	-81.92634249725612	-185559.35953837924	-224441.2179358326	-169676.47395360598	235.03150929995533	1599.565890624997	170306527.4806469	-99383.79642946638	-220735.6333998791	-99384.68862080248	-86.32243192704394	-178781.20452169256	-220735.45618444905	-178781.151776324	226.44622420410207	-0.01585285253154896	0.0	0.0	0.0	0.053064943813089085	0.0	0.0	0.0	-0.036416060055297475	170307255.07432827	0.05411789231742115
316	685.3900000000001	nan	nan	1	1	6.000000000000838e-05	6.000000000000867e-05	5.999999999999513e-05	0.9845731425539319	2.1345230270808369e-19	-1.5250387758181106e-18	-1.4419211267699405e-19	1.0543634877825423	-2.4261598589522816e-18	6.884683795282953e-20	2.89942765976936e-19	0.9640736029358131	174565647.49168697	-115426.22721340087	-179291.39314626876	-123608.79908694465	-71.90378125891276	-241126.27910143265	-175558.33035575063	-220477.63131077058	208.39060230612847	1599.565890624997	171734770.4247972	-121603.56976336252	-172711.4375381122	-121604.27345644982	-75.75190397934571	-232276.9964637936	-172711.35525814895	-232277.08006770484	200.74271197369794	-0.015547089549949298	0.0	0.0	0.0	0.05293725573570715	0.0	0.0	0.0	-0.0365876356930586	171735568.8718544	0.05405247721024371
320	688.4000000000001	nan	nan	1	1	6.000000000000838e-05	6.000000000000867e-05	5.999999999999513e-05	0.9848741425539222	1.828235913353682e-19	1.1192083501296301e-18	-1.431553443495548e-19	1.0542295416570475	-2.62946131882047e-19	-1.8192912454306764e-19	3.274290560906223e-20	0.9639069164608607	175791544.22085172	-134089.42823495582	-128357.1370070964	-143532.5185507383	-63.097090169096134	-294095.13884919154	-125624.50028695558	-268898.24033850187	179.0287758786839	1599.565890624997	172992670.42106262	-141246.829109958	-123624.37369426202	-141247.25842989483	-66.46507506045565	-283251.31110355206	-123624.36356807548	-283251.44122853	172.42765620449356	-0.015241420030780132	0.0	0.0	0.0	0.05281020786653104	0.0	0.0	0.0	-0.036760548721681614	172993618.6218096	0.05398974675266184
324	763.4100000000001	nan	nan	1	1	6.000000000000838e-05	6.000000000000867e-05	5.999999999999513e-05	0.9923751425539297	2.3445871979999034e-19	-2.881267273380228e-18	3.2885207144200957e-19	1.0509892746800646	-2.024828872279616e-18	-1.0408340855860842e-19	-7.771019071289853e-20	0.9596215878717571	186450741.63629603	-232047.3601692524	713402.3957374613	-245751.32815099903	-587.3029302555208	-921712.3992047043	689855.7853096386	-841582.7490539516	-1107.230890267425	1599.565890624997	184869736.27932897	-243669.26056792837	684006.7728712787	-243667.4846496071	-616.7175124955486	-883733.3985173043	684006.166892798	-883732.7260225109	-1061.6076321026644	-0.007654075287614667	0.0	0.0	0.0	0.049731886971255045	0.0	0.0	0.0	-0.041216251529589826	184881189.77906907	0.05310604116135665
328	838.4200000000001	nan	nan	1	1	6.000000000000838e-05	6.000000000000867e-05	5.999999999999513e-05	0.9998761425539289	3.989863994746656e-20	-1.8523594116914842e-19	-2.494342623074464e-19	1.0478128875934534	-3.56543950180005e-18	3.315761294003794e-19	-3.6679237121542417e-19	0.9553283741640778	189428846.97791708	-224427.00374901688	1006080.1497759821	-235186.33837954013	-17.39434040774929	-1113483.5759566918	961253.4849756677	-1015197.4878865021	292.7513489649924	1599.565890624997	189238589.84300086	-234950.42146551685	960290.5133575065	-234950.12367610197	-18.20996378174195	-1062805.6969503781	960288.028357537	-1062800.2587264965	279.4273828444906	-0.00012386511703801388	0.0	0.0	0.0	0.04670502758560502	0.0	0.0	0.0	-0.045700150311111305	189255158.9132698	0.05335178819448416
332	913.4300000000001	nan	nan	1	1	6.000000000000838e-05	6.000000000000867e-05	5.999999999999513e-05	1.0073771425539282	-1.3747683547116196e-19	1.9786689647860455e-19	2.1515314486617033e-19	1.0446797708690048	-4.082129599625173e-18	-2.4843137529789727e-19	-3.2427809352683633e-20	0.9510718027679509	191037211.02037078	-225335.79895999277	1119390.8533705252	-233675.07202418745	1897.3951249884185	-1194493.5203166238	1056821.4923692276	-1087456.264619167	229.6573716309897	1599.565890624997	192274405.877244	-235193.21829257216	1063668.9367247575	-235188.39812303308	1980.3975572380966	-1135033.084158351	1063665.6778973176	-1135027.5447072226	218.22530669980299	0.007350064528551217	0.0	0.0	0.0	0.043710399094835165	0.0	0.0	0.0	-0.050165716902101934	192292614.02897003	0.054656227047938585
336	988.44	nan	nan	1	1	6.000000000000838e-05	6.000000000000867e-05	5.999999999999513e-05	1.0148781425539102	1.0213184464813451e-19	1.4326918557766577e-18	1.979346591143849e-19	1.0415830379707867	-3.082979699439367e-18	-2.2139408362154e-19	-1.982666960297086e-19	0.9468595666236771	192008834.51669943	-242554.78695280576	1170011.1922466233	-248934.40523495988	458.16153589382617	-1231518.8090430263	1091598.1416293497	-1119521.318772081	243.64179031853004	1599.565890624997	194689146.48664454	-252412.2216995084	1106833.3034682947	-252409.35922737318	476.78123621086064	-1165019.6517172393	1106836.104886319	-1165018.7030372103	230.4856991353849	0.014768548689247702	0.0	0.0	0.0	0.040741707749313356	0.0	0.0	0.0	-0.05460448969256247	194709178.6602065	0.05691732954715744
340	1063.45	nan	nan	1	1	6.000000000000838e-05	6.000000000000867e-05	5.999999999999513e-05	1.022379142553916	-1.4690939437178586e-20	-3.521813916884664e-18	-3.3920620218924613e-19	1.0385197039934289	-8.861675634833436e-18	2.211094805512626e-19	-2.692209519553068e-19	0.942693903365507	192589483.63332328	-270116.3330922771	1193998.1498556675	-274377.5564024075	-518.2690627616527	-1245203.202407878	1100935.8628522663	-1130303.8441013703	-169.078340556785	1599.565890624997	196719372.06937084	-280264.5485487521	1124545.2411109689	-280261.30807939277	-537.7403255805908	-1172771.7799673197	1124544.3289172165	-1172769.1286323282	-159.24333155043468	0.022132403957606437	0.0	0.0	0.0	0.037796337667207074	0.0	0.0	0.0	-0.05901364780630481	196740448.4955921	0.0600040995331184
344	1138.46	nan	nan	1	1	6.000000000000838e-05	6.000000000000867e-05	5.999999999999513e-05	1.0298801425539172	1.8301332671555314e-19	-2.2247015427773186e-18	-7.218075963322245e-20	1.035488215920496	-5.1366720664296205e-18	1.299416303723877e-19	6.375108774214766e-19	0.9385753233749493	192905270.2157591	-300957.9485143136	1201799.3089433687	-302595.7553858636	-1008.4412933561273	-1246160.8926100903	1095257.4606836839	-1129524.248717616	-190.62558107131835	1599.565890624997	198485963.67501092	-311350.8112462196	1126938.210674991	-311349.7627335659	-1043.265400799615	-1168536.4736695322	1126942.9410243595	-1168529.6663423416	-178.75135194599744	0.029442429017935947	0.0	0.0	0.0	0.0348730217023127	0.0	0.0	0.0	-0.06339216685284586	198507222.89352503	0.06377704360448175
348	1213.4700000000003	nan	nan	1	1	6.000000000000838e-05	6.000000000000867e-05	5.999999999999513e-05	1.03738114255393	-4.4614919397778505e-20	4.618701254788249e-20	1.253879812479486e-19	1.0324870287828922	6.036193951359375e-18	4.6674903525500965e-20	-4.0332320816460767e-19	0.9345041864075562	193035175.3220933	-332104.1084728541	1201693.7018650845	-330535.4695407749	-712.522619066115	-1240114.600073739	1082518.7848794516	-1122428.9010451236	-61.399540624241574	1599.565890624997	200064760.6251626	-342574.19658011355	1121943.0989678868	-342572.2772104132	-734.9859804329612	-1157814.187860543	1121939.8806864088	-1157815.1826003774	-57.32474987282545	0.036699405166256305	0.0	0.0	0.0	0.03197048285199832	0.0	0.0	0.0	-0.06773917225968273	200085523.9388529	0.0681041595784616
352	1288.48	nan	nan	1	1	6.000000000000838e-05	6.000000000000867e-05	5.999999999999513e-05	1.0448821425539219	-5.019856058607886e-20	-1.1706672957412234e-18	-2.3662712414496134e-20	1.0295146386764726	-2.226251951883973e-17	-3.534499082302744e-19	-8.052911636136084e-20	0.9304806961197144	193030729.93984738	-364003.6406345143	1205047.6200978418	-358642.7231631285	-500.06448831919175	-1229896.451582329	1073105.3337765199	-1111589.010129323	71.37820039589052	1599.565890624997	201505339.7315646	-374395.8729131071	1120222.7186882664	-374388.1805542575	-514.3412310128085	-1143322.407943301	1120217.7752618752	-1143324.6575296023	66.35379413144507	0.04390409681132785	0.0	0.0	0.0	0.029087466594398877	0.0	0.0	0.0	-0.07205394882194328	201525678.18263954	0.07287033658110229
356	1363.4900000000002	nan	nan	1	1	6.000000000000838e-05	6.000000000000867e-05	5.999999999999513e-05	1.0523831425539496	2.505049119527758e-19	-1.7690384747359735e-18	8.998878031629687e-21	1.0265694888380428	5.784625166024848e-18	-1.299416303723877e-19	-7.7303614898216465e-19	0.9265050705493998	192928030.67930928	-392619.37699659314	1209905.9377260925	-382993.354682099	-691.2665573531552	-1214858.6544735369	1065189.5907309277	-1096435.3595574708	28.426038588634228	1599.565890624997	202842604.63706416	-402670.7154523513	1119926.1180498844	-402675.3880649835	-708.963478438042	-1124510.5048751864	1119929.6973870057	-1124504.8934100207	26.312014889303946	0.05105725195798014	0.0	0.0	0.0	0.026222650108247158	0.0	0.0	0.0	-0.07633576047148266	202862769.95122296	0.07798000405449886
360	1438.5	nan	nan	1	1	6.000000000000838e-05	6.000000000000867e-05	5.999999999999513e-05	1.0598841425539256	2.544080397737236e-19	2.8183835473760687e-19	-2.379010616976318e-19	1.0236505508614346	8.92054442466761e-18	3.6900820940544145e-19	6.035753494226803e-19	0.9225770432348952	192753377.80550516	-418568.6857135625	1215889.479912362	-404267.0941166818	-529.3977070667296	-1193816.708270918	1058365.5582063848	-1075942.726262958	38.11076945175836	1599.565890624997	204102173.300807	-428061.0339969374	1120686.0910604536	-428069.242897906	-541.403448507552	-1100341.6036885397	1120679.2484571203	-1100343.0778402402	35.126719944377946	0.05815960267292394	0.0	0.0	0.0	0.02337520945085806	0.0	0.0	0.0	-0.08058439085291393	204121900.45811942	0.0833565944157257
364	1513.5100000000002	nan	nan	1	1	6.000000000000838e-05	6.000000000000867e-05	5.999999999999513e-05	1.0673851425539258	3.0813025742038037e-19	6.7600005454471205e-19	4.2500725161431773e-19	1.0207574892489177	-8.986057340940045e-18	4.485344387572531e-19	6.871131268126885e-19	0.9186957156433737	192524875.3489938	-447707.4554404017	1226872.4242194954	-428161.45472166006	-800.3449113099266	-1168916.087719294	1055959.7201298594	-1052036.962448002	-277.0853368313541	1599.565890624997	205301718.56623065	-456563.8083286219	1126044.8192197995	-456576.23368840985	-816.1769839741512	-1072851.4869965825	1126038.1022784498	-1072847.8970832669	-254.31373455085412	0.06521186553464794	0.0	0.0	0.0	0.020544988196674538	0.0	0.0	0.0	-0.08480031521469383	205321449.7231271	0.08893995134687724
368	1588.5200000000002	nan	nan	1	1	6.000000000000838e-05	6.000000000000867e-05	5.999999999999513e-05	1.0748861425539382	2.2941717969793275e-19	-6.565115204942851e-18	2.9327668765732897e-20	1.017889992835827	-4.282137795394436e-18	-3.67544536472586e-19	1.0772632785815972e-18	0.9148601802705006	192255546.65841335	-479632.37878586125	1240882.5819043412	-454201.9526733873	-474.11102587290355	-1145040.602271203	1056138.7042273805	-1029143.4310390439	194.94597050746157	1599.565890624997	206454003.20862445	-487743.2911418298	1134141.8591428306	-487745.67508942884	-482.1285683657301	-1046544.2068345512	1134136.6593636856	-1046546.9520273658	178.17671764271586	0.0722147420670393	0.0	0.0	0.0	0.017731850241886234	0.0	0.0	0.0	-0.08898403383055586	206473185.82775638	0.0946827577473291
372	1663.5300000000002	nan	nan	1	1	6.000000000000838e-05	6.000000000000867e-05	5.999999999999513e-05	1.0823871425539404	-6.451002926288752e-19	-1.2224379494774062e-19	-2.7002055105751487e-19	1.0150478580749838	-1.863171617856596e-17	-1.9862583799934442e-19	6.06665325614264e-19	0.9110694360641081	191953716.62538028	-506932.3783044424	1256686.9290918363	-475390.61599862605	-194.05474770222557	-1125004.5571369906	1057783.0554545277	-1009763.6192072892	295.0097388610812	1599.565890624997	207567105.3255823	-514062.50567310094	1143820.7061189187	-514058.5751426567	-196.7841749923643	-1023965.0601453792	1143822.4314856308	-1023966.190448185	268.514170080446	0.07916891915823215	0.0	0.0	0.0	0.014935762194978129	0.0	0.0	0.0	-0.09313616501740582	207586010.1246814	0.10054792327557435
376	1738.5400000000002	nan	nan	1	1	6.000000000000838e-05	6.000000000000867e-05	5.999999999999513e-05	1.089888142553947	8.023096076392732e-21	-3.43160829613387e-18	-4.3200035562684926e-19	1.0122309307294926	-1.9162162091454492e-17	4.0115480381963666e-19	-2.8693410494828876e-19	0.907322477143293	191626306.89849073	-527236.5397932548	1272205.7636325324	-489654.9966252017	369.8028430930679	-1107619.3353973283	1059089.9644726815	-992834.7251421027	875.9300864546974	1599.565890624997	208647822.208733	-533165.3333355641	1153176.6158743894	-533149.390253565	373.96128914638734	-1003989.0978197647	1153165.3361529654	-1003999.1867503802	793.9769821166686	0.08607506946496458	0.0	0.0	0.0	0.012156737253790729	0.0	0.0	0.0	-0.09725734945168005	208666087.8486821	0.10650627319271107
380	1813.5500000000002	nan	nan	1	1	6.000000000000838e-05	6.000000000000867e-05	5.999999999999513e-05	1.0973891425539275	3.471615356298585e-19	-4.247036750060218e-18	7.20723394159739e-20	1.0094389993079043	-7.404694262261313e-18	-1.251169307048272e-19	-3.00378211887109e-19	0.9036183396182398	191276898.58398816	-543617.2411535416	1284837.8061157449	-500042.4092035855	150.47491514663807	-1089661.5349061182	1057973.8809220626	-975433.3149426449	813.4870945538929	1599.565890624997	209699504.94484484	-548210.723524963	1159865.3344062993	-548203.3974707971	151.74640511742132	-983673.296783198	1159871.3734712573	-983675.5769562236	734.3615485696266	0.09293385180294982	0.0	0.0	0.0	0.009394730305967672	0.0	0.0	0.0	-0.10134819842532898	209717755.28337333	0.11253473155270385
384	1888.5600000000002	nan	nan	1	1	6.000000000000838e-05	6.000000000000867e-05	5.999999999999513e-05	1.1048901425539186	3.284048380458593e-19	-2.769160768745227e-18	-3.2021911164359374e-19	1.0066715735129967	-2.1695156521978064e-18	1.6284716630732277e-19	-1.0111269460599815e-18	0.8999563637096151	190910586.81496528	-558033.1155281506	1291610.1222479118	-508424.45717627346	621.0995107958936	-1070301.5615806328	1052046.8706298748	-956841.4240932897	1179.5201793188835	1599.565890624997	210727276.94633886	-561202.272467783	1161246.8148434511	-561199.3718164931	624.6268316126509	-962275.1152990129	1161250.2793395233	-962275.4755051362	1060.4702051217962	0.09974591152412808	0.0	0.0	0.0	0.006649417057447986	0.0	0.0	0.0	-0.10540900160034523	210744865.67659608	0.11861476847638609
388	1963.5700000000002	nan	nan	1	1	6.000000000000838e-05	6.000000000000867e-05	5.999999999999513e-05	1.1123911425539188	3.6136458408941865e-19	-7.171455269905369e-18	3.559977833356154e-19	1.0039276654569813	-7.407160822203718e-18	-2.3744027577432547e-20	4.457155131087908e-19	0.8963363399537314	190529722.96714354	-571609.167829946	1295893.5998123426	-515869.74396330933	1233.2015957776634	-1052089.5377506758	1044208.7546385495	-939331.5817584178	1767.4332157007977	1599.565890624997	211733369.73467535	-573285.1064639008	1160404.489813278	-573279.788226804	1236.817300903019	-942090.7885248068	1160416.5212804938	-942085.6700001081	1582.6433892731004	0.10651188088095848	0.0	0.0	0.0	0.0039199723164854115	0.0	0.0	0.0	-0.10943955703178532	211750114.74371767	0.12473127214896323
392	2038.5800000000002	nan	nan	1	1	6.000000000000838e-05	6.000000000000867e-05	5.999999999999513e-05	1.119892142553948	4.590511998303626e-19	-6.140270583654406e-18	2.866630544051674e-19	1.0012061181878502	5.229757599201079e-18	3.773023560249555e-20	5.4497422199983885e-19	0.8927582225920085	190136115.41071677	-584980.1253087034	1301463.1939091824	-522981.8595492595	1410.9821293758228	-1033917.8987431022	1037525.2027631365	-921924.4038672613	1998.496752534763	1599.565890624997	212719480.19049698	-585101.28885522	1160732.6429676837	-585098.8859852746	1411.2743779351617	-922117.7063140363	1160756.9731798295	-922115.3567314014	1782.3941763303378	0.11323237937861834	0.0	0.0	0.0	0.001205391411635546	0.0	0.0	0.0	-0.11343948214169645	212735793.4345137	0.13087196955642375
396	2113.59	nan	nan	1	1	6.000000000000838e-05	6.000000000000867e-05	5.999999999999513e-05	1.1273931425539487	4.428965874603286e-19	2.0324453925413265e-18	-1.564503734896583e-19	0.9985059467796241	-1.4956568969437534e-18	2.3440450969136605e-19	-8.42045617260867e-19	0.8892218651856815	189730692.62496737	-598436.9012979472	1310217.5088593336	-530005.1872478502	1685.536372812132	-1015241.1991634684	1033446.8596273279	-904132.2436657434	1988.9282192355101	1599.565890624997	213686361.03794023	-596942.9721052762	1163904.5183585451	-596924.3996704918	1681.3286242805984	-901868.4385914211	1163931.3371208895	-901875.1810582774	1766.8230850268385	0.11990801411530506	0.0	0.0	0.0	-0.0014951704308079788	0.0	0.0	0.0	-0.11740850746693039	213702356.7867501	0.1370269773411863
400	2188.6000000000004	nan	nan	1	1	6.000000000000838e-05	6.000000000000867e-05	5.999999999999513e-05	1.1348941425539365	4.505944228849756e-19	5.462210544981972e-19	-5.701277124015025e-19	0.9958262645770982	2.28135923780598e-17	4.948298715223842e-19	6.127368577801829e-19	0.8857270293756566	189314943.55987307	-611280.698895783	1320264.6923116536	-536368.9680691282	2319.5486800022836	-995250.7221247065	1030429.9462667418	-885215.7847032112	2635.2622242296634	1599.565890624997	214635434.4420735	-608114.6003739862	1168213.1166316553	-608107.2329419929	2307.53469091303	-880630.1908199157	1168247.8679193011	-880630.8527848911	2331.7656785313015	0.12653938011147547	0.0	0.0	0.0	-0.004182469768294285	0.0	0.0	0.0	-0.12134646910299968	214650656.1362589	0.14318829795208934
