6	header
postResults v2.0.3	--cr f,p,texture --time RVE_1_40_D_tensionX.spectralOut
addCauchy v2.0.3	RVE_1_40_D_tensionX.txt
addStrainTensors v2.0.3	--left --logarithmic RVE_1_40_D_tensionX.txt
addMises v2.0.3	-s Cauchy RVE_1_40_D_tensionX.txt
addMises v2.0.3	-e ln(V) RVE_1_40_D_tensionX.txt
inc	time	elem	node	ip	grain	1_pos	2_pos	3_pos	1_f	2_f	3_f	4_f	5_f	6_f	7_f	8_f	9_f	1_p	2_p	3_p	4_p	5_p	6_p	7_p	8_p	9_p	texture	1_Cauchy	2_Cauchy	3_Cauchy	4_Cauchy	5_Cauchy	6_Cauchy	7_Cauchy	8_Cauchy	9_Cauchy	1_ln(V)	2_ln(V)	3_ln(V)	4_ln(V)	5_ln(V)	6_ln(V)	7_ln(V)	8_ln(V)	9_ln(V)	Mises(Cauchy)	Mises(ln(V))
0	0.0	nan	nan	1	1	0.001500000000000045	0.001500000000000028	0.0014999999999998368	1.0	0.0	0.0	0.0	1.0	0.0	0.0	0.0	1.0	2.7716487604837245e-12	-1.1931922846408178e-15	-2.8066754232013122e-14	-1.1931922846409345e-15	2.7018729684354e-12	-1.6832583398957215e-14	-2.806675423201312e-14	-1.6832583398957266e-14	2.699121388890668e-12	1599.565890624997	2.7716487604837245e-12	-1.1931922846408178e-15	-2.8066754232013122e-14	-1.1931922846409345e-15	2.7018729684354e-12	-1.6832583398957215e-14	-2.806675423201312e-14	-1.6832583398957266e-14	2.699121388890668e-12	0.0	0.0	0.0	0.0	0.0	0.0	0.0	0.0	0.0	9.102600058540028e-14	0.0
2	2.0	nan	nan	1	1	0.001500000000000045	0.001500000000000028	0.0014999999999998368	0.999933185913899	1.3617874424460495e-23	-2.329638389969845e-22	-1.6278914455043584e-24	1.000200000000001	1.2432193734426984e-22	6.7828810229348265e-25	-1.4445882217626074e-23	0.9999338800589291	-1.5388200650789247e-12	-0.0004941626033837857	0.002741200914478401	-0.0004942944617372079	14.15890677614616	0.000727480346005354	0.0027412028173965674	0.0007272867876901947	1.8582414466547514e-11	1599.565890624997	-1.538614095680384e-12	-0.0004942283009588006	0.0027408359103681173	-0.0004942283009588197	14.16078916431897	0.0007273834784919077	0.0027408359103681507	0.0007273834784918953	1.8579940128521623e-11	-6.681631826146364e-05	0.0	0.0	0.0	0.00019998000266735472	0.0	0.0	0.0	-6.61221270905273e-05	14.160790041965939	0.00017763326904622314
4	4.0	nan	nan	1	1	0.001500000000000045	0.001500000000000028	0.0014999999999998368	0.9998663539893821	-3.6463775762562567e-23	3.760693936911085e-22	-2.1784628612196536e-23	1.0003999999999935	1.2669760006352215e-22	-3.044024654195142e-25	-1.3287829360051837e-23	0.9998677425139985	-3.4793953157009895e-12	-0.0009883614006114129	0.005482594259823164	-0.0009888889062289335	28.32631037551105	0.0014554063112490953	0.0054826018735578096	0.0014546319700811821	-7.171977230852055e-13	1599.565890624997	-3.478464166979164e-12	-0.0009886242617848531	0.005481134630760668	-0.0009886242617848737	28.33384394286802	0.0014550188389597072	0.005481134630760677	0.0014550188389596537	-7.170067837979912e-13	-0.00013365494204179026	0.0	0.0	0.0	0.00039992002132067657	0.0	0.0	0.0	-0.00013226623279407072	28.33384569716581	0.0003552546439165758
6	6.0	nan	nan	1	1	0.001500000000000045	0.001500000000000028	0.0014999999999998368	0.9997995042228784	1.406207041340147e-24	-9.04790006345203e-22	-4.114727239083781e-23	1.000599999999987	6.308939619166444e-22	-8.523269031746397e-24	7.970050638070933e-23	0.9998015873617158	-8.66900996343914e-12	-0.0014825963387231536	0.008224179771060757	-0.0014837833888299953	42.502212496058476	0.002183777960928235	0.00822419690660431	0.0021820354505112122	-5.866977150631447e-12	1599.565890624997	-8.665531027314096e-12	-0.001483187935869855	0.008220896477155409	-0.0014831879358698588	42.51917206015859	0.0021829061433039443	0.008220896477155073	0.002182906143303855	-5.864634909720066e-12	-0.0002005158790868293	0.0	0.0	0.0	0.0005998200719544568	0.0	0.0	0.0	-0.0001984323246760398	42.51917469008755	0.0005328641403781965
8	8.0	nan	nan	1	1	0.001500000000000045	0.001500000000000028	0.0014999999999998368	0.9997326366108239	3.0076287072428086e-23	-1.4595568821273672e-21	-3.764002659361297e-23	1.0008000000000166	-1.0566471319201379e-21	-1.2149628837178871e-23	-4.129285617864714e-24	0.9997354145986067	-6.315937946255179e-13	-0.001976867365466906	0.010965957183086666	-0.0019789779656152833	56.68661483620518	0.002912595360144154	0.010965987654528638	0.0029094971322259364	2.1372427681798368e-12	1599.565890624997	-6.312559446102611e-13	-0.001977919377368635	0.010960121765243469	-0.001977919377368614	56.71678124722403	0.0029110454534054327	0.010960121765243412	0.0029110454534055042	2.1361054571017386e-12	-0.0002673991371389762	0.0	0.0	0.0	0.0007996801705808841	0.0	0.0	0.0	-0.0002646204102861928	56.716784751757906	0.0007104617742036695
10	10.0	nan	nan	1	1	0.001500000000000045	0.001500000000000028	0.0014999999999998368	0.9996657491670871	3.5337155768265344e-24	-1.8377438581866113e-21	-1.2149628837178871e-23	1.0009999999999997	-2.7461602243372468e-21	-2.882558998624791e-23	-2.34734005507848e-22	0.9996692167745275	9.292353142335841e-11	-0.002474762099693249	0.013691857906536256	-0.002478065157135731	70.87750844329308	0.0036596202944587097	0.01369190540039939	0.0036547549984552335	7.997366503753601e-11	1599.565890624997	9.286141772188663e-11	-0.0024764087220328214	0.013682753198462579	-0.0024764087220328257	70.92466792128509	0.0036571867478451675	0.013682753198462499	0.003657186747845151	7.992048475486463e-11	-0.00033430670717361836	0.0	0.0	0.0	0.0009995003330834232	0.0	0.0	0.0	-0.0003308379463109253	70.92467229327438	0.0008880506980726679
12	12.0	nan	nan	1	1	0.001500000000000045	0.001500000000000028	0.0014999999999998368	0.9995987677272027	1.039005023815607e-22	2.7596333421545105e-21	-5.2410163611359836e-24	1.0011999999999817	4.1920984048595406e-21	-2.776679880218003e-23	1.113848325639405e-22	0.9996027007189838	2.225807375779744e-09	-0.0030716216139149094	0.015708431543976012	-0.003076541967774592	84.99639016626598	0.00513295415064125	0.015708493349907583	0.005124765113513267	2.304737046061184e-09	1599.565890624997	2.22402321107265e-09	-0.003074075870460026	0.015695901721474625	-0.003074075870456981	85.06430313638307	0.005128859852350854	0.015695901721475503	0.005128859852352533	2.3028986737183647e-09	-0.00040131278800326726	0.0	0.0	0.0	0.0011992805754635575	0.0	0.0	0.0	-0.00039737822528588054	85.06430810888209	0.001065753142354004
14	14.0	nan	nan	1	1	0.001500000000000045	0.001500000000000028	0.0014999999999998368	0.9995307530307825	-2.149875499249821e-22	-9.376390028309088e-22	9.772642628946491e-23	1.0013999999999936	4.048182213165115e-21	-1.0905549195899116e-23	2.225579068910674e-22	0.9995318043865866	8.281058555005189e-06	-0.004650695635211976	0.005887290393826006	-0.004659393012052968	97.97197573316683	0.01672211982445487	0.005887296576101792	0.016690923311853907	9.19401124341843e-06	1599.565890624997	8.273354829651e-06	-0.00465505846252596	0.005881819736316469	-0.0046550584594298155	98.06388344875617	0.01670658109878084	0.005881819726059049	0.016706581101963675	9.185467875708164e-06	-0.00046935710003023697	0.0	0.0	0.0	0.001399020913701422	0.0	0.0	0.0	-0.0004683052512017691	98.06387984929533	0.001245234874294259
16	16.0	nan	nan	1	1	0.001500000000000045	0.001500000000000028	0.0014999999999998368	0.9994600078476281	2.682976860427996e-22	4.127591551970206e-21	2.1218175328720224e-22	1.0015999999999932	-1.1924106314972414e-21	-3.642241673193491e-23	3.6845933205562065e-22	0.9994454867824133	0.00017431207758062403	-0.005173471211666629	-0.05138464167764556	-0.005184548020132767	107.0667429131981	0.06160928340472232	-0.051383895121524616	0.061476756350061196	0.0005377726724302683	1599.565890624997	0.00017413018126966794	-0.005179138255495231	-0.05133027553147518	-0.005179137894959995	107.18402430896704	0.06154409934976586	-0.05133027553821813	0.06154409826778375	0.0005372036964335262	-0.0005401380006411709	0.0	0.0	0.0	0.001598721363690201	0.0	0.0	0.0	-0.0005546670168998512	107.18375889822687	0.001430773838045668
18	18.0	nan	nan	1	1	0.001500000000000045	0.001500000000000028	0.0014999999999998368	0.9993880464132692	9.10983934772e-22	-1.482360597254229e-21	-2.9222636680273364e-23	1.0018000000000018	6.018169090241804e-22	-2.4828653266391677e-23	5.5692416281970245e-22	0.9993429565802047	-0.0003157256040819192	-0.0004118455817544805	-0.14865922194014222	-0.0004128366775922307	112.4245653791235	0.13998412791288822	-0.14865251616086492	0.1396407947753977	0.00017516298057473778	1599.565890624997	-0.0003153655279524965	-0.00041236871060858476	-0.14848298082378958	-0.00041236584902771373	112.56736777076117	0.13981817144780626	-0.148482982166928	0.13981816739317804	0.00017495531825256728	-0.0006121409067516562	0.0	0.0	0.0	0.0017983819413811704	0.0	0.0	0.0	-0.0006572593674193508	112.5679922628532	0.001622263871833361
20	20.0	nan	nan	1	1	0.001500000000000045	0.001500000000000028	0.0014999999999998368	0.9993166482034556	-5.031375706690544e-22	9.55876680976478e-22	6.903318520122548e-23	1.0019999999999958	1.0556148105156719e-21	-8.127545826701029e-23	-1.8596608356968164e-21	0.9992310220091473	-0.00019517568316327865	0.008354429455505678	-0.24900177960565356	0.008376865590589545	115.87714704349551	0.23513352686875374	-0.2489804462991084	0.2344837424363247	0.00022668897783640533	1599.565890624997	-0.00019493601244459117	0.008366576086685649	-0.24867470237014336	0.008366579015110951	116.04562257791959	0.23482466632942026	-0.2486747047152364	0.23482466189135656	0.00022639120966660035	-0.0006835853878060949	0.0	0.0	0.0	0.0019980026626688473	0.0	0.0	0.0	-0.0007692738060883817	116.0471198461402	0.0018169618128449235
22	22.0	nan	nan	1	1	0.001500000000000045	0.001500000000000028	0.0014999999999998368	0.9992460635676583	-1.1756817307889688e-21	2.5940384009662948e-21	5.548065804515667e-22	1.0022000000000093	-8.748156279242413e-21	-7.665648172651418e-23	-1.2472560148319572e-21	0.9991141064341915	-9.3176930105346e-05	0.021524506463233162	-0.3374962522799498	0.02158813795455968	118.42525081536066	0.3317075666502052	-0.337451685825264	0.33068619636085417	0.0002926723981540587	1599.565890624997	-9.305482751845108e-05	0.021559846546373624	-0.33700947414162	0.021559848038938765	118.61968771066852	0.3312291376582591	-0.3370094763239987	0.3312291346016337	0.0002922502704292277	-0.0007542207853453883	0.0	0.0	0.0	0.002197583543495399	0.0	0.0	0.0	-0.0008862862014199319	118.6224175401035	0.0020133356883810898
24	24.0	nan	nan	1	1	0.001500000000000045	0.001500000000000028	0.0014999999999998368	0.9991760225825403	-5.192311966668861e-22	1.0745883485341682e-20	7.979050363135509e-22	1.002400000000001	1.3139175077808707e-20	-7.915522892091437e-22	-1.771145892708742e-21	0.9989943838387211	-3.6244674072116945e-05	0.0386749692127639	-0.414143721415009	0.03879976031993794	120.47627077849744	0.4207630301666759	-0.4140684368645055	0.419333501920439	0.0002964706382404745	1599.565890624997	-3.6194292689494365e-05	0.038745826222638134	-0.41349286502309224	0.03874582727679748	120.69699721944689	0.42010177105901503	-0.41349286704952803	0.4201017693215767	0.0002960047134903535	-0.000824317073443953	0.0	0.0	0.0	0.00239712459972278	0.0	0.0	0.0	-0.0010061221324473542	120.70120409015473	0.0022107227502496506
26	26.0	nan	nan	1	1	0.001500000000000045	0.001500000000000028	0.0014999999999998368	0.9991062478012047	-7.115076756936123e-23	6.342635648599404e-20	1.4416500762268191e-21	1.002599999999987	2.2569192879590832e-20	-1.6144447974666964e-21	-2.685094442796132e-21	0.998872942889331	1.084722001878545e-05	0.05771948610182574	-0.4810953137158513	0.057921325305452714	122.20350272359266	0.4988268787909462	-0.480982973252425	0.49697254255772083	0.00026800835737614005	1599.565890624997	1.083129787507559e-05	0.05783630398426805	-0.4802769582581876	0.05783630521147655	122.45082915318038	0.4979783614866829	-0.4802769600980091	0.49797836024554887	0.0002675524682919912	-0.000894151833425672	0.0	0.0	0.0	0.0025966258472526257	0.0	0.0	0.0	-0.0011276927171561821	122.45659415636953	0.002408808784878971
28	28.0	nan	nan	1	1	0.001500000000000045	0.001500000000000028	0.0014999999999998368	0.9990365241732544	-4.1419911120735286e-22	2.8495882411529175e-20	1.587339743154559e-21	1.0028000000000121	7.791983136734397e-20	-1.40734524186302e-21	-2.151463686025923e-22	0.9987503775230264	7.289860302460588e-05	0.07664907045994279	-0.5392672027308221	0.0769378166467326	123.68764506898339	0.5649333484453263	-0.5391127457892293	0.5626519674156716	0.00022371408199733494	1599.565890624997	7.278601190186376e-05	0.07681898593881414	-0.5382800904682836	0.07681898700119526	123.96183554926257	0.5638992550813253	-0.5382800918450584	0.563899252971878	0.00022330458015386323	-0.0009639402679224981	0.0	0.0	0.0	0.002796087302013366	0.0	0.0	0.0	-0.0012504039062034684	123.9691125070829	0.002607423583237808
30	30.0	nan	nan	1	1	0.001500000000000045	0.001500000000000028	0.0014999999999998368	0.9989666786080111	9.36987846252707e-21	-6.860479828815161e-20	5.878408653944844e-22	1.0029999999999921	1.7330294100822983e-21	-3.726944967918921e-23	2.659683454378503e-22	0.9986270653640226	0.0001336046485266509	0.09443490040113678	-0.5889253887723841	0.09481618142824332	124.97208981256121	0.6192149817389937	-0.5887251751340743	0.6165152914492453	0.0001820582515005401	1599.565890624997	0.00013338816666041045	0.09466254843280329	-0.5877712536911804	0.09466254916969741	125.27335184744697	0.6180014872168411	-0.5877712537995906	0.6180014844985794	0.00018170146638160108	-0.0010338556366010655	0.0	0.0	0.0	0.002995508979790401	0.0	0.0	0.0	-0.0013738779742617127	125.2820110647596	0.0028064582961517953
32	32.0	nan	nan	1	1	0.001500000000000045	0.001500000000000028	0.0014999999999998368	0.9988965809235566	3.256841682192785e-21	9.34273105656757e-20	6.115577879176048e-22	1.0032000000000136	-2.5960712800397052e-20	1.8456847920671203e-21	3.79555463664652e-21	0.9985032802137972	0.00017041129492526873	0.11062091359980039	-0.6307190482336476	0.11109748786942718	126.08730599587454	0.662604013943674	-0.6304707106339216	0.659501872519745	0.00013492761978336004	1599.565890624997	0.0001701223437048384	0.11090910951826957	-0.6294016790602889	0.11090910977676209	126.41579584265206	0.6612200473351536	-0.6294016777311254	0.6612200444430992	0.0001346457993952886	-0.0011040282914600772	0.0	0.0	0.0	0.003194890896532347	0.0	0.0	0.0	-0.0014978409901541965	126.42567733180337	0.0030058286780064434
34	34.0	nan	nan	1	1	0.001500000000000045	0.001500000000000028	0.0014999999999998368	0.9988261479932409	1.1604351377383916e-21	-8.896979968074995e-20	8.453388813597917e-22	1.0034000000000023	1.4909219827686018e-19	2.9065935585031318e-21	4.673927802949229e-21	0.9983792306517444	0.00017620476795901125	0.12500946515090763	-0.6658517449252022	0.12558191242449163	127.05998712642416	0.6965689119916746	-0.6655538121442859	0.6930834477171828	8.5014953592741e-05	1599.565890624997	0.0001758927834049048	0.12535955914996752	-0.6643753985514991	0.12535955966182002	127.41582369415835	0.6950244585978208	-0.6643753961926584	0.6950244555888715	8.482645589876667e-05	-0.0011745415106625197	0.0	0.0	0.0	0.0033942330680180512	0.0	0.0	0.0	-0.0016220842158189315	127.42676098048874	0.003205461822017684
36	36.0	nan	nan	1	1	0.001500000000000045	0.001500000000000028	0.0014999999999998368	0.9987553406829998	-1.8177327048077284e-21	-5.1455557479804235e-20	1.7618285302889448e-21	1.0035999999999994	-4.792512415564831e-20	4.030182763035961e-21	5.793705359219414e-21	0.9982550701308096	0.00016030943521015898	0.1377481150854693	-0.6957560783251471	0.13841629027741553	127.91454347057294	0.7228086208263512	-0.6954075753447619	0.7189591147298071	4.295274912067076e-05	1599.565890624997	0.00016001360391806855	0.1381608592324602	-0.6941242893611071	0.13816086008426778	128.29782261090622	0.7211133842810714	-0.6941242864274625	0.7211133813515055	4.285201004820874e-05	-0.001245434548740976	0.0	0.0	0.0	0.003593535510130218	0.0	0.0	0.0	-0.001746454032611056	128.3096565496408	0.003405294572686464
38	38.0	nan	nan	1	1	0.001500000000000045	0.001500000000000028	0.0014999999999998368	0.9986841514196927	-3.240748056194953e-21	1.0385089801458713e-19	3.0831999280056533e-21	1.0037999999999967	4.5612300693170445e-20	4.081851772818473e-21	-5.9241484330965764e-21	0.9981309064900874	0.00013747569586066842	0.1491483014645257	-0.7216494111412688	0.1499123275940462	128.67246140369483	0.7428797183153196	-0.7212496329641952	0.7386842034844231	1.2675735212039018e-05	1599.565890624997	0.00013721172739960362	0.14962447877166	-0.719864757567247	0.14962447943178095	129.0832666597515	0.7410425617627173	-0.7198647543173542	0.7410425585671427	1.2644387862757946e-05	-0.0013167150692460269	0.0	0.0	0.0	0.0037927982386931655	0.0	0.0	0.0	-0.0018708424448084647	129.09585430266765	0.00360527419774512
40	40.0	nan	nan	1	1	0.001500000000000045	0.001500000000000028	0.0014999999999998368	0.9986125907770806	6.823697423080643e-21	-1.7831314089123902e-19	4.2385528680605185e-21	1.0039999999999814	3.878479162182716e-20	3.3152869555533317e-21	2.8545010322469922e-21	0.998006813473307	0.00011558956913247632	0.15936353401371572	-0.7443294878964052	0.1602232836159065	129.35187239326498	0.7580443306676572	-0.7438779599512467	0.7535193264455502	-7.217277918144305e-06	1599.565890624997	0.00011535898489522155	0.15990366145994672	-0.74239403610207	0.15990366166454592	129.79028195121916	0.7560732166867737	-0.7423940325234223	0.756073213518886	-7.198511103549379e-06	-0.001388372566232637	0.0	0.0	0.0	0.003992021269518437	0.0	0.0	0.0	-0.0019951755664159077	129.80349897126055	0.0038053580255284435
42	44.333333333333336	nan	nan	1	1	0.001500000000000045	0.001500000000000028	0.0014999999999998368	0.9984562387949444	-1.5025517451344034e-20	-1.6685532621373011e-19	6.286678534521417e-21	1.0044333333333604	9.597222105570125e-20	2.8748298229810955e-21	2.037283644736043e-20	0.9977384700552039	0.00022340614431911687	0.1769813025727378	-0.7837587709070692	0.17804076376847164	130.60479478250562	0.777515597832206	-0.7831953093236634	0.7723331923296152	-0.0007634237214056794	1599.565890624997	0.00022292423178136797	0.17765671786275028	-0.7815059018675786	0.17765670953150367	131.1032230009825	0.7752806744309024	-0.7815058677005622	0.7752806542337853	-0.0007612293042842262	-0.001544954032169609	0.0	0.0	0.0	0.004423535059806231	0.0	0.0	0.0	-0.002264091065738339	131.11771724663015	0.004239086990513953
44	48.666666666666664	nan	nan	1	1	0.001500000000000045	0.001500000000000028	0.0014999999999998368	0.9982985799770543	-3.9480205671522935e-21	1.2289770438302096e-19	8.063753657860939e-21	1.0048666666666688	3.210517450307447e-19	-1.0808140406964873e-21	1.3151033539070267e-20	0.9974708675777328	-3.1996857567516135e-06	0.18981914086989649	-0.81473687267173	0.19106800099695526	131.67623337006566	0.7870604404224102	-0.8140613323239834	0.7812676827683118	-0.0007106254372949247	1599.565890624997	-3.192263024407147e-06	0.19062476867051792	-0.8121728702098017	0.19062475539759624	132.23509183817322	0.7845835365598025	-0.8121728470659694	0.7845835283784057	-0.0007083890767816732	-0.001702869081864778	0.0	0.0	0.0	0.004854862726184665	0.0	0.0	0.0	-0.0025323360804623734	132.25032405097684	0.004672914108086524
46	53.0	nan	nan	1	1	0.001500000000000045	0.001500000000000028	0.0014999999999998368	0.998139872179965	5.590417451878383e-23	-7.358259916092832e-20	9.146261764451935e-21	1.0052999999999996	-2.155241452970677e-19	-8.1349044254303e-21	2.983588853408547e-20	0.9972040257519711	0.0001230026759874431	0.19907088726473196	-0.8394550184717672	0.2004989003544739	132.6218196182065	0.790688922270229	-0.8386679344817369	0.7843212740007929	-0.0005035996179067983	1599.565890624997	0.00012269725710532242	0.20000107249250484	-0.8365855188461135	0.20000105630741474	133.24151272946068	0.7879861192414338	-0.8365854999252234	0.7879861195888539	-0.000501878169010473	-0.0018618600061801357	0.0	0.0	0.0	0.005286004429236775	0.0	0.0	0.0	-0.002799890285155996	133.25702094447348	0.005106718018097302
48	57.33333333333333	nan	nan	1	1	0.001500000000000045	0.001500000000000028	0.0014999999999998368	0.9979803179205133	6.154541394749746e-21	-1.64123644958835e-19	7.491159385517032e-21	1.0057333333333505	-1.955104508193431e-19	-1.6808521805314337e-20	2.430984558619842e-21	0.9969379086437279	9.58029939379696e-05	0.20586423030364878	-0.8595047841244096	0.20746351060891866	133.4786138842374	0.7907794855533685	-0.8586069932813389	0.7838639025207842	-0.00040875045691049	1599.565890624997	9.554943573931737e-05	0.20691444297117292	-0.8563345721022407	0.20691442469966043	134.1595526317703	0.7878627610879664	-0.8563345502853748	0.7878627701182681	-0.0004072428147931925	-0.002021724387676585	0.0	0.0	0.0	0.005716960329246541	0.0	0.0	0.0	-0.003066789150510193	134.1753253389686	0.0055404303168132005
50	61.666666666666664	nan	nan	1	1	0.001500000000000045	0.001500000000000028	0.0014999999999998368	0.9978200952177098	-2.165863246129246e-20	-4.724241560016135e-20	8.976855175001076e-21	1.006166666666691	-5.036288497784619e-20	-2.628173828740643e-20	-3.82520078980042e-21	0.9966724534108575	9.718395630792026e-05	0.210901946897956	-0.8760277246923922	0.2126660825462874	134.27149157091688	0.7887713353132564	-0.8750201379449293	0.7813284806870358	-0.00032396366951623393	1599.565890624997	9.691080349713094e-05	0.21206836481694305	-0.872560762316201	0.21206834666050986	135.01409578145655	0.7856496983309229	-0.8725607380680643	0.7856497093617489	-0.00032268155272722473	-0.0021822842333335457	0.0	0.0	0.0	0.006147730586258367	0.0	0.0	0.0	-0.0033330951845193676	135.03002363987417	0.005974009820990948
52	66.0	nan	nan	1	1	0.001500000000000045	0.001500000000000028	0.0014999999999998368	0.9976593506579234	-6.739841161302468e-21	2.1215126010110108e-19	6.276514139154366e-21	1.0065999999999913	-2.5610888193181026e-19	-1.530249722509619e-20	-4.5116362902553056e-20	0.996407589119743	0.00011817931834717177	0.21463683703904224	-0.8898821345550063	0.21656031362574948	135.01707123581846	0.7856641653317197	-0.8887655779150766	0.7777088660733683	-0.00025010232307220537	1599.565890624997	0.00011782773461972292	0.215916064506487	-0.8861215213285322	0.21591604622476213	135.8217678968459	0.7823439738850281	-0.8861214984003049	0.7823439816335899	-0.00024904539871380414	-0.0023433929437903186	0.0	0.0	0.0	0.0065783153601139035	0.0	0.0	0.0	-0.003598879083833152	135.83777875268456	0.006407433378640086
54	70.33333333333333	nan	nan	1	1	0.001500000000000045	0.001500000000000028	0.0014999999999998368	0.9974982030336192	1.0944512711472814e-20	-6.074242671350039e-20	8.853188364701947e-21	1.0070333333333152	1.6118698173070433e-19	-8.036648603548801e-21	-4.096590146100698e-20	0.9961432480881514	0.00013126338189729125	0.21743365016843005	-0.9016610527532072	0.21951208907990938	135.72666621507497	0.7821039624278561	-0.9004362597724258	0.7736462725083718	-0.0001971134995308641	1599.565890624997	0.0001308512716271391	0.2188229351160676	-0.8976092978846142	0.21882291602170506	136.59388715451814	0.7785894560312043	-0.8976092792017132	0.7785894591786926	-0.00019622773921222677	-0.002504931689797073	0.0	0.0	0.0	0.007008714810539932	0.0	0.0	0.0	-0.0038642083574519683	136.60994949285998	0.006840688090952719
56	74.66666666666666	nan	nan	1	1	0.001500000000000045	0.001500000000000028	0.0014999999999998368	0.9973367468249301	-1.5078880527021054e-20	-8.849969639502381e-20	7.491159385517032e-21	1.0074666666666874	2.3558019142215505e-19	8.571973426213519e-21	-2.1673879054343038e-20	0.9958793714368716	0.00013745957643426364	0.21958263258407731	-0.9117869570158754	0.22181290654423624	136.40816295689103	0.7784484422155065	-0.9104545792690039	0.7694951823914512	-0.00015809966463773117	1599.565890624997	0.00013700536655081874	0.22107998687669309	-0.9074461630065056	0.22107996659897	137.33834284383235	0.7747424401625362	-0.9074461495978309	0.7747424412522349	-0.00015734699092172528	-0.0026668059431563607	0.0	0.0	0.0	0.007438929097019146	0.0	0.0	0.0	-0.004129141747501032	137.35443527981363	0.007273766711359042
58	79.0	nan	nan	1	1	0.001500000000000045	0.001500000000000028	0.0014999999999998368	0.9971750560522653	-1.8737215826212377e-20	1.9787875493986612e-19	3.6388535414044745e-21	1.007899999999992	2.8445399247872817e-19	2.49163211764325e-20	1.8021472985782494e-20	0.995615910414944	0.00014047797013116002	0.22127217193972523	-0.9206130147527182	0.22365200595690612	137.06719139948032	0.7748881930466772	-0.9191735682777169	0.7654440065923642	-0.00012743845743974064	1599.565890624997	0.00013999062411619015	0.22287613317950497	-0.915984782722167	0.22287611267099583	138.06076623685357	0.7709925688292444	-0.9159847723750756	0.7709925692834301	-0.0001267977813454481	-0.002828941632487229	0.0	0.0	0.0	0.007868958378687046	0.0	0.0	0.0	-0.004393727886234138	138.0768725993162	0.0077066651542801925
60	83.33333333333333	nan	nan	1	1	0.001500000000000045	0.001500000000000028	0.0014999999999998368	0.9970131889945909	-3.6337713437209484e-22	1.0036662798605656e-19	-1.7113453666325885e-20	1.0083333333333595	-9.896055329361441e-20	9.500321536404232e-21	5.461668443895729e-21	0.9953528250286754	0.000139854612423216	0.22261632480417348	-0.9284539647043641	0.22514390266218903	137.70786293326861	0.7715317750135323	-0.9269077671221251	0.7615996677641078	-0.00010419969485225039	1599.565890624997	0.0001393463560783579	0.22432571043867627	-0.9235392285741532	0.22432568998366917	138.76526895622436	0.7674477005904431	-0.9235392207039893	0.7674477003936252	-0.00010364811768793682	-0.0029912804271641433	0.0	0.0	0.0	0.008298802814721269	0.0	0.0	0.0	-0.00465800665979432	138.78138053405752	0.008139381189994131
62	87.66666666666666	nan	nan	1	1	0.001500000000000045	0.001500000000000028	0.0014999999999998368	0.9968511921568257	-4.1861215286254777e-20	-7.574778478069977e-19	-4.343584953520052e-20	1.0087666666666735	2.955467359559705e-20	-9.662951862277058e-21	1.914294460794719e-20	0.9950900822643161	0.00013599792891055878	0.22369911685238375	-0.935576609123899	0.22637299730593594	138.33323725930194	0.7684491619686594	-0.9339237460078625	0.7580307355681124	-8.843534236623369e-05	1599.565890624997	0.0001354812433721082	0.22551297753479443	-0.9303755730992664	0.225512957341057	139.45491008334267	0.7641772170145842	-0.9303755677565905	0.7641772155661232	-8.794371463953343e-05	-0.0031537757700300355	0.0	0.0	0.0	0.00872846256384637	0.0	0.0	0.0	-0.004922010982573419	139.47102416597033	0.008571913719058523
64	92.0	nan	nan	1	1	0.001500000000000045	0.001500000000000028	0.0014999999999998368	0.9966891031526206	1.3552527156068806e-21	-6.509041623834616e-19	-2.9481828762133175e-20	1.0092000000000079	-5.412269482411857e-19	-2.353396340651348e-20	1.5592182493057162e-20	0.994827654608209	0.00013032020511577876	0.2245949885842654	-0.9421901829272713	0.22741418935603896	138.94562356403057	0.765692914577054	-0.9404305138669496	0.7547884309760695	-7.700108173244963e-05	1599.565890624997	0.0001298035779152562	0.22651267139332307	-0.9367023781883558	0.22651265335936155	140.13199746926387	0.7612331215529802	-0.9367023737582534	0.7612331197364126	-7.65525874593294e-05	-0.003316389994526696	0.0	0.0	0.0	0.009157937784773425	0.0	0.0	0.0	-0.005185768275415979	140.14811393010172	0.009004262351718565
66	96.33333333333333	nan	nan	1	1	0.001500000000000045	0.001500000000000028	0.0014999999999998368	0.9965269528398283	-1.4772254600114998e-21	5.063427433414647e-19	1.1529812478025536e-20	1.0096333333333425	-4.118274189550408e-19	-3.091331444299295e-20	1.0845409856644062e-20	0.9945655188188038	0.0001229666939670807	0.22536836923950004	-0.9484419762598759	0.22833241002874555	139.5467873213031	0.7633021577091594	-0.9465751807199841	0.751910598609784	-6.947168464403824e-05	1599.565890624997	0.00012245891806535089	0.22738955635919092	-0.9426664201560689	0.22738953930777278	140.798294664946	0.7586540141786603	-0.9426664144480912	0.7586540117258195	-6.90486354514351e-05	-0.0034790921889652077	0.0	0.0	0.0	0.009587228635914732	0.0	0.0	0.0	-0.0054493016929665315	140.81441654242968	0.009436427168981493
68	100.66666666666666	nan	nan	1	1	0.001500000000000045	0.001500000000000028	0.0014999999999998368	0.9963647668278068	-1.3902775279758458e-20	5.96812638371802e-19	5.3832331929799805e-20	1.010066666666673	-3.4297380473863324e-19	-2.104029840979682e-20	1.720493322462935e-20	0.9943036551553835	0.00011459665990199635	0.22606845790278138	-0.9544310586734803	0.2291773092398874	140.1381052577237	0.7613041613426683	-0.9524566891100057	0.7494233107120606	-6.394606737238279e-05	1599.565890624997	0.00011410452950610032	0.22819313462255225	-0.9483664083555485	0.22819311720477106	141.45517608023505	0.7564666788632668	-0.9483664050835267	0.7564666739317464	-6.35397409706001e-05	-0.003641856689192599	0.0	0.0	0.0	0.010016335275495376	0.0	0.0	0.0	-0.005712630893659558	141.47130742872693	0.009868408520803177
70	105.0	nan	nan	1	1	0.001500000000000045	0.001500000000000028	0.0014999999999998368	0.9962025665081857	7.983709044345407e-21	7.483027869223391e-19	3.7611650989879955e-20	1.010499999999982	-3.1723077940568055e-19	4.919567357652976e-21	-9.794411375690926e-20	0.9940420467545832	0.0001060571320765733	0.22672922702637843	-0.9602223717545406	0.22998321502367072	140.7206586000682	0.7597150433198132	-0.9581398814991415	0.7473416040194799	-6.009321553578423e-05	1599.565890624997	0.00010558416903248192	0.2289576169760839	-0.9538670480153543	0.2289576021361865	142.10372026112103	0.7546867965388043	-0.9538670452820419	0.754686790792423	-5.9695482832930515e-05	-0.003804662048154113	0.0	0.0	0.0	0.010445257861520145	0.0	0.0	0.0	-0.005975772662276287	142.1198659560918	0.010300206925584218
72	109.33333333333333	nan	nan	1	1	0.001500000000000045	0.001500000000000028	0.0014999999999998368	0.9960403697533402	1.0089432951219599e-20	2.994905213583865e-19	3.5473739831010096e-21	1.0109333333333237	-5.139186060217071e-19	4.336808689942018e-21	-1.2597073991565955e-20	0.9937806792983286	9.822453779860399e-05	0.22737087750492932	-0.9658579434669419	0.23077055063010932	141.29531166321306	0.7585405442981669	-0.9636667240568224	0.7456702715750163	-5.704752885056802e-05	1599.565890624997	9.777029556570713e-05	0.2297033600159333	-0.9592102222672025	0.22970334550444182	142.7447886013234	0.7533197288653172	-0.959210219253499	0.7533197246910454	-5.665488718985818e-05	-0.0039674903380696475	0.0	0.0	0.0	0.010873996551868362	0.0	0.0	0.0	-0.006238741240243319	142.76095341272568	0.010731822963156444
74	113.66666666666666	nan	nan	1	1	0.001500000000000045	0.001500000000000028	0.0014999999999998368	0.9958781914268867	2.1101708298472758e-20	1.271799641511598e-18	-3.1590940800796385e-20	1.0113666666666488	2.2081132495382904e-19	1.751664134921893e-20	-9.737490761635437e-21	0.99351954073947	9.141445621232519e-05	0.22800850244167628	-0.9713658432476974	0.23155461040201	141.8627650709329	0.7577756477142787	-0.9690652444881545	0.7444035205018922	-5.3873505980365276e-05	1599.565890624997	9.09766269930862e-05	0.23044559285701993	-0.9644239132947677	0.23044558040299387	143.37907863532268	0.7523601541563824	-0.964423909879116	0.7523601478448891	-5.3488495422876436e-05	-0.0041303266406901235	0.0	0.0	0.0	0.011302551504108548	0.0	0.0	0.0	-0.006501548598415521	143.3952670371503	0.01116325720951154
76	118.0	nan	nan	1	1	0.001500000000000045	0.001500000000000028	0.0014999999999998368	0.9957160438493121	2.4542356130219724e-20	1.6999612438214906e-19	-4.512652729792011e-20	1.0118000000000085	-1.2874900798265365e-22	-6.0308745844506185e-21	-2.068793270373903e-20	0.9932586209777354	8.514329431697041e-05	0.22865322029689558	-0.9767657107425015	0.2323466789300113	142.42358870341653	0.7574070911842915	-0.9743550544852844	0.7435274920649515	-5.0882534626738196e-05	1599.565890624997	8.472146000789338e-05	0.23119555187192456	-0.9695277082615078	0.23119553952955696	144.00715698257514	0.7517945739298244	-0.9695277055495688	0.7517945674970157	-5.050548626415019e-05	-0.004293158582117572	0.0	0.0	0.0	0.01173092287570704	0.0	0.0	0.0	-0.006764204760297895	144.023373888293	0.011594510214884854
78	122.33333333333333	nan	nan	1	1	0.001500000000000045	0.001500000000000028	0.0014999999999998368	0.9955539371958404	1.7938463756951573e-20	4.2679618519891883e-19	-4.15605185899795e-20	1.0122333333333586	-1.101840786579128e-18	-3.6639257166432016e-20	5.209930251971751e-20	0.9929979116266423	7.999117544241414e-05	0.22931282040569187	-0.9820707550570096	0.23315468805645892	142.97825470183378	0.7574159760131626	-0.9795493436148738	0.7430228316906639	-4.826413505941718e-05	1599.565890624997	7.958168105225578e-05	0.23196112508307004	-0.9745347940868073	0.23196111218674464	144.62949243036698	0.7516039128761114	-0.9745347909611007	0.7516039081306287	-4.78937782025456e-05	-0.004455975935236857	0.0	0.0	0.0	0.012159110823834429	0.0	0.0	0.0	-0.007026718034199047	144.6457424021003	0.01202558247072181
80	126.66666666666666	nan	nan	1	1	0.001500000000000045	0.001500000000000028	0.0014999999999998368	0.9953918797810931	-5.523713607282107e-20	2.8013073631594223e-20	-2.261747375758433e-20	1.012666666666667	1.2531411997494802e-18	-6.095249088441945e-20	6.893492937934398e-20	0.9927374058479415	7.669491164997543e-05	0.22999226123201674	-0.987291688741174	0.23398371154969283	143.5271622611375	0.7577792464980928	-0.9846588125920284	0.7428661583817922	-4.380271354385251e-05	1599.565890624997	7.628965492612871e-05	0.23274734920110296	-0.9794558685029335	0.23274733914458626	145.24648079761573	0.751764993543731	-0.9794558650181532	0.7517649865625121	-4.34550653329023e-05	-0.004618770335489556	0.0	0.0	0.0	0.012587115505472457	0.0	0.0	0.0	-0.007289095177721057	145.26276667528694	0.0124564743849039
82	131.0	nan	nan	1	1	0.001500000000000045	0.001500000000000028	0.0014999999999998368	0.9952298784449802	3.843835514640015e-20	-4.768863255677492e-19	-7.370880707006922e-21	1.0131000000000172	-3.7987733618460863e-19	-5.023921816754706e-20	4.871455886248932e-20	0.992477097920054	7.439838311967062e-05	0.2306941080459176	-0.992436769253522	0.2348363869162499	144.07063742039864	0.7584713031692655	-0.9896917121657216	0.7430316762384116	-4.00726883029206e-05	1599.565890624997	7.39930088760695e-05	0.2335568466577933	-0.9842991841663962	0.23355683460980817	145.85844457366508	0.7522521414484381	-0.9842991819467163	0.7522521348250307	-3.974410826554426e-05	-0.004781534894654123	0.0	0.0	0.0	0.01301493707751164	0.0	0.0	0.0	-0.00755134183054898	145.8747705699799	0.012887186342706221
84	135.33333333333331	nan	nan	1	1	0.001500000000000045	0.001500000000000028	0.0014999999999998368	0.9950679387655098	2.3616972635344403e-20	9.878301518786991e-19	-7.152346206615313e-21	1.0135333333333516	1.986427786582895e-18	-2.993753248775599e-20	6.97650216676532e-20	0.9922169832153459	7.271408778272165e-05	0.23141861489285806	-0.997513118817122	0.2357130190801903	144.60896289576468	0.7594659109326003	-0.9946551551346163	0.7434930289084918	-3.520756935215846e-05	1599.565890624997	7.230592183815717e-05	0.23438990343720872	-0.9890718604259467	0.234389891334075	146.4656629501728	0.7530390801746514	-0.9890718579594718	0.753039073078807	-3.49096322277031e-05	-0.004944263988187219	0.0	0.0	0.0	0.013442575696507105	0.0	0.0	0.0	-0.007813462535871037	146.4820321917434	0.013317718650421261
86	139.66666666666666	nan	nan	1	1	0.001500000000000045	0.001500000000000028	0.0014999999999998368	0.994906065402946	2.2619167823478837e-20	3.1360547839143217e-20	7.950251242928862e-21	1.013966666666697	-2.6766241133235892e-20	1.3118846287074603e-20	2.2453149365816993e-20	0.9919570578071345	7.110629572555283e-05	0.2321648869727526	-1.002526359019226	0.23661273500260183	145.14237834371397	0.7607374191102876	-0.9995547600444091	0.7442245084171346	-3.257011520982522e-05	1599.565890624997	7.069545675746217e-05	0.2352456419199647	-0.9937795223103397	0.23524563057262607	147.0683720026302	0.7541001412737158	-0.9937795183168452	0.7541001333061458	-3.228594763979877e-05	-0.0051069529103356945	0.0	0.0	0.0	0.013870031518892517	0.0	0.0	0.0	-0.008075461135111156	147.08478918798048	0.013748071597578562
88	144.0	nan	nan	1	1	0.001500000000000045	0.001500000000000028	0.0014999999999998368	0.9947442621893177	-3.715594726425714e-20	1.4230153513872246e-19	3.829266547947241e-20	1.0143999999999855	8.377630186795493e-19	4.8443508319367945e-20	6.215866580130958e-20	0.9916973185056106	7.009710403201979e-05	0.23293027933074495	-1.0074807207261187	0.23753287443587656	145.6710944079719	0.762263053314747	-1.0043947613284592	0.7452032897743056	-2.897197088983272e-05	1599.565890624997	6.968057031354229e-05	0.2361214088355322	-0.998426411374938	0.23612139741673763	147.6667788191852	0.755412534640094	-0.9984264079915767	0.7554125258250926	-2.871159748361917e-05	-0.005269597784906034	0.0	0.0	0.0	0.014297304700810386	0.0	0.0	0.0	-0.008337340730780128	147.68324646755227	0.014178245413161962
90	148.33333333333331	nan	nan	1	1	0.001500000000000045	0.001500000000000028	0.0014999999999998368	0.9945825323362836	-6.056539682752424e-20	-7.742626526897889e-19	4.136570101211101e-20	1.0148333333333266	-2.0729945537922844e-19	6.169787987800324e-20	5.056786695108173e-20	0.991437762582017	6.904385959804992e-05	0.23371094517928837	-1.0123803256022252	0.23846954702099216	146.19529239056635	0.7640209559894519	-1.0091792766731822	0.7464075078239735	-2.627306760375514e-05	1599.565890624997	6.86222384307403e-05	0.23701332758341942	-1.0030166570149235	0.2370133160198821	148.26106111520625	0.7569544031883758	-1.0030166526957067	0.7569543952119744	-2.6030063772495412e-05	-0.005432195356944441	0.0	0.0	0.0	0.014724395398375601	0.0	0.0	0.0	-0.00859910396370456	148.27758266614134	0.014608240319110446
92	152.66666666666666	nan	nan	1	1	0.001500000000000045	0.001500000000000028	0.0014999999999998368	0.9944208785485095	-4.076388410308683e-20	-3.927386844557179e-19	4.318512778281325e-20	1.0152666666666672	-2.688075998770467e-19	3.227534342217786e-20	-1.0726147617670656e-19	0.9911783877383427	6.837683144623457e-05	0.2345029384690533	-1.017229177408245	0.23941875282998498	146.71513261904235	0.7659916683431139	-1.013912310499307	0.7478176932128513	-2.4107662440048082e-05	1599.565890624997	6.794805355811009e-05	0.23791741425263932	-1.0075542679003608	0.23791740412685516	148.8513756473123	0.7587062893551708	-1.0075542624581142	0.7587062791754933	-2.3878373448212215e-05	-0.005594742879231622	0.0	0.0	0.0	0.015151303767344292	0.0	0.0	0.0	-0.008860753042990189	148.86795386792133	0.015038056509435642
94	157.0	nan	nan	1	1	0.001500000000000045	0.001500000000000028	0.0014999999999998368	0.9942593030958652	-1.8349698252843535e-20	8.592234454311843e-19	4.2558323401845066e-20	1.015700000000001	-9.515229316275907e-19	-1.9319127460976082e-20	-5.975309223110736e-20	0.9909191920365201	6.744160612569195e-05	0.2353020899462341	-1.0220303627803131	0.24037625072514063	147.23075864485162	0.7681577855321129	-1.0185969536101664	0.7494164454368548	-2.1416739219629888e-05	1599.565890624997	6.70076229899065e-05	0.23882945160675653	-1.0120423406685564	0.23882944238158765	149.43786242965925	0.7606507904108124	-1.012042336580369	0.7606507818509639	-2.120743930773153e-05	-0.0057572380400836886	0.0	0.0	0.0	0.015578029963319555	0.0	0.0	0.0	-0.009122289816905875	149.45449963024083	0.015467694157559721
96	161.33333333333331	nan	nan	1	1	0.001500000000000045	0.001500000000000028	0.0014999999999998368	0.9940978079310626	-4.5422565312985485e-20	-9.4507870496488e-19	1.8439907261726118e-20	1.016133333333345	4.526544070126981e-21	-4.532642707347212e-20	-1.3589457792569094e-19	0.9906601737763167	6.681701151732627e-05	0.2361051063554901	-1.0267869166567267	0.24133868548901427	147.74229680190922	0.7705040234573	-1.023236237747505	0.7511884665896265	-1.9132340241383715e-05	1599.565890624997	6.6376086816305e-05	0.2397461047583067	-1.016483917765263	0.2397460942412488	150.0206442505844	0.7627726217703782	-1.0164839134223305	0.7627726125205876	-1.8940362259291905e-05	-0.005919678845371708	0.0	0.0	0.0	0.01600457414172679	0.0	0.0	0.0	-0.009383715895666896	150.037342699921	0.015897153433177474
98	165.66666666666666	nan	nan	1	1	0.001500000000000045	0.001500000000000028	0.0014999999999998368	0.9939363947018094	3.569608597966435e-20	-4.155069300779135e-19	-2.971222172378635e-20	1.0165666666666693	5.332783910641514e-19	-4.613280243925821e-20	-2.168404344971009e-20	0.9904013315069028	6.644884444991745e-05	0.23690892550096632	-1.0315014333638242	0.24230293675225217	148.24985997258736	0.773017069097827	-1.0278327614455773	0.7531204298746228	-1.6907337586914318e-05	1599.565890624997	6.599945546233866e-05	0.24066426788537942	-1.020881602604317	0.24066425857303061	150.5998304579167	0.765058466053275	-1.0208815988197935	0.7650584565441332	-1.6733267965720116e-05	-0.006082063606553529	0.0	0.0	0.0	0.016430936457749123	0.0	0.0	0.0	-0.009645032639438483	150.61659209203324	0.0163264344925786
100	170.0	nan	nan	1	1	0.001500000000000045	0.001500000000000028	0.0014999999999998368	0.9937750648141762	5.476237410588503e-20	1.084696839726701e-18	-4.711197252628418e-20	1.016999999999987	1.42878872795571e-18	-7.92822838630025e-21	-3.224146210428769e-20	0.9901426639674888	6.575760047875179e-05	0.23771141495750608	-1.0361761782330456	0.2432668187690165	148.7535509640539	0.7756852946095874	-1.0323887894588601	0.7552006847441249	-1.5588197361970148e-05	1599.565890624997	6.530211241611325e-05	0.24158177481506696	-1.0252376705299981	0.24158176439996493	151.175520360954	0.7674966875479035	-1.0252376652363278	0.7674966799329074	-1.542363884334903e-05	-0.0062443908771592106	0.0	0.0	0.0	0.016857117066409705	0.0	0.0	0.0	-0.009906241217967049	151.19234766206372	0.016755537484950858
102	208.75	nan	nan	1	1	0.001500000000000045	0.001500000000000028	0.0014999999999998368	0.9923370893861946	3.108949729602184e-20	-1.214306433183765e-20	-5.505883563742403e-20	1.0208749999999915	3.4870652372565037e-19	9.706319949176478e-20	2.0425352490090197e-19	0.9878380982821984	0.004174648949255414	0.24413799524788096	-1.0759046117569193	0.2511588414847874	153.05394145598282	0.8034392798876274	-1.0710265294213417	0.7774375251676123	0.003488590966673092	1599.565890624997	0.004139630906560437	0.2490521977689505	-1.0620426965294274	0.24905205570681105	156.1347321546979	0.7930877979193025	-1.0620424799382304	0.7930864021163793	0.0034436440896776967	-0.007692421569889101	0.0	0.0	0.0	0.020660102696294633	0.0	0.0	0.0	-0.012236462797546064	156.14841476254725	0.020584233255543125
104	247.5	nan	nan	1	1	0.001500000000000045	0.001500000000000028	0.0014999999999998368	0.9909052025614551	-3.617508311133666e-20	-5.732651224381325e-19	2.5275463146068322e-21	1.0247499999999958	-9.848621484315201e-20	6.329030181884132e-20	1.9017583731753552e-19	0.9855459672986332	-0.009348319716602452	0.2509705138918489	-1.1129813939447168	0.259537689286576	157.09140354937858	0.838971056741276	-1.106962287960479	0.8068758522299665	-0.00806861102291066	1599.565890624997	-0.009256328198113433	0.25698850984823474	-1.0960689337574772	0.2569837259149338	160.85828204312278	0.8262223579107474	-1.0960692991810395	0.8262238447121345	-0.007946003346417842	-0.009136407591521426	0.0	0.0	0.0	0.024448680402305606	0.0	0.0	0.0	-0.014559509845855422	160.88506542432705	0.024399485787162684
106	286.25	nan	nan	1	1	0.001500000000000045	0.001500000000000028	0.0014999999999998368	0.9894803507992783	-1.4156631054050573e-19	-1.0759690122381926e-18	8.589591711516409e-20	1.0286250000000268	-4.321223283712539e-19	2.290377089375628e-20	8.393080067753411e-20	0.9832675570882441	-0.008278770426532939	0.2582185449039842	-1.1476732110110734	0.26842838182244855	160.9170083881397	0.878935171827454	-1.140467124901891	0.8401798488282911	-0.007088587342279022	1599.565890624997	-0.008185346233171452	0.2654046607898782	-1.1275972155282008	0.2653992236558302	165.39526253800537	0.8635601518565683	-1.1275971918430185	0.8635617084112966	-0.0069645882403585645	-0.010575371843324917	0.0	0.0	0.0	0.028222958943766183	0.0	0.0	0.0	-0.01687401165039111	165.42176884943973	0.02820055197274608
108	325.0	nan	nan	1	1	0.001500000000000045	0.001500000000000028	0.0014999999999998368	0.9880621680252576	-1.710667740274785e-20	-3.305596898636742e-19	1.2270458087104697e-19	1.0324999999999944	2.4879729353111115e-18	5.990217002982412e-20	-1.0106119500280508e-19	0.9810029249163909	-0.007821210833849936	0.26584676099352855	-1.1801249607652684	0.27779771944051046	164.538416301715	0.9218952729238278	-1.1716932609021227	0.8759161752622758	-0.006665991378070324	1599.565890624997	-0.007721712552504413	0.27426904872287866	-1.1567877075154789	0.27426368919465516	169.75115569882345	0.9036645734900527	-1.1567874530674416	0.90366606406017	-0.006534169804827724	-0.012009660111357168	0.0	0.0	0.0	0.03198304585304558	0.0	0.0	0.0	-0.01917983785507072	169.77798690384847	0.031987533322555085
110	363.75	nan	nan	1	1	0.001500000000000045	0.001500000000000028	0.0014999999999998368	0.9866504176272455	2.1762648107215288e-19	-9.855668798436356e-19	5.203492801572618e-20	1.0363750000000371	2.087034971925972e-18	7.150313327541901e-20	-1.687831732016809e-19	0.9787521801282711	-0.0074246265654004315	0.27382390867390644	-1.2104961472069633	0.28761854492789407	167.97216771479185	0.9668094273343122	-1.2008055558438688	0.913055908711138	-0.006326420211659488	1599.565890624997	-0.007319559480957747	0.2835537002271542	-1.1838132029235966	0.2835484086481726	173.94072680273624	0.9454980649299637	-1.183812763327807	0.945499546343965	-0.006186967047425654	-0.013439489088784902	0.0	0.0	0.0	0.035729047454281335	0.0	0.0	0.0	-0.021476804217770297	173.9679659287495	0.035760477519165175
112	402.5	nan	nan	1	1	0.001500000000000045	0.001500000000000028	0.0014999999999998368	0.9852448788643797	8.736636631159756e-20	-1.4846115873115573e-18	-1.2536087619363646e-20	1.0402500000000026	6.619054263024005e-19	-1.0516761073109393e-20	1.6231184148465804e-19	0.9765154006680171	-0.007139639538665867	0.2821145302343465	-1.2389225540590725	0.2978593820231183	171.2318920768986	1.0129285220241029	-1.227944868333876	0.95086925711248	-0.006071953055845987	1599.565890624997	-0.007028448461057061	0.2932257946064338	-1.2088217026843413	0.29322058961858866	177.9759715832561	0.9883184196454035	-1.2088211419307702	0.9883198616250891	-0.0059244289383056665	-0.014865060723750345	0.0	0.0	0.0	0.039461068880916286	0.0	0.0	0.0	-0.023764757496356433	178.00371854595576	0.03951944129597315
114	441.25	nan	nan	1	1	0.001500000000000045	0.001500000000000028	0.0014999999999998368	0.9838453606274663	1.6662154512028792e-19	-9.35802000126551e-19	-4.351716469813693e-20	1.0441249999999929	-1.8927730476708816e-18	-7.253312533928025e-20	3.474867962816042e-20	0.9742926305042717	-0.006924182552438742	0.29065247804328864	-1.2655267421740257	0.308455384819416	174.32955369727534	1.059741051208536	-1.2532382322405669	0.9888655280503753	-0.0058717721162034955	1599.565890624997	-0.006806543075339858	0.303219949030402	-1.2319469036619728	0.30321483405350497	181.86735837396773	1.031621587448297	-1.231946146249971	1.0316229093656613	-0.005715968881968422	-0.016286548113717	0.0	0.0	0.0	0.0431792140939271	0.0	0.0	0.0	-0.026043578467088248	181.89567106080705	0.04326448768575304
116	480.0	nan	nan	1	1	0.001500000000000045	0.001500000000000028	0.0014999999999998368	0.9824517198275341	1.3963846355255493e-19	-2.2223434030521626e-18	1.7936769691057063e-20	1.0480000000000218	-5.350212460564219e-18	-2.005774019098183e-21	-6.96464370550376e-20	0.9720838433443749	-0.008361207709441761	0.2994149379981456	-1.290419526045737	0.319386026162605	177.27467497092266	1.1069306637631646	-1.2768008272286293	1.026746824139557	-0.0071177741169342395	1599.565890624997	-0.00820736985371347	0.3135151424185403	-1.2533097726805582	0.3135096428550894	185.62298642245256	1.0750976644203225	-1.2533089695594135	1.075098921082858	-0.006913081893469604	-0.01770407657078346	0.0	0.0	0.0	0.046883585898871226	0.0	0.0	0.0	-0.028313219657007685	185.65337212781841	0.04699569631862683
118	518.75	nan	nan	1	1	0.001500000000000045	0.001500000000000028	0.0014999999999998368	0.9810638046203881	2.326020235796089e-19	2.9309779429886884e-18	1.2778677855457277e-19	1.0518750000000014	-9.39732233001811e-19	1.5195093447384344e-19	-5.559246639419424e-20	0.9698890790591153	-0.00793377468085092	0.308357433426152	-1.3137396326906667	0.3306083519304058	180.07924184591664	1.1540586648498259	-1.2987746235690292	1.064109530275676	-0.006726570456947987	1599.565890624997	-0.007776669813748754	0.32406721724427406	-1.2730571938611475	0.32406163447468367	189.2536792126363	1.1183210499753535	-1.2730562457678591	1.1183223653407912	-0.006518269447876068	-0.01911778114405281	0.0	0.0	0.0	0.05057428596293457	0.0	0.0	0.0	-0.03057356550878655	189.2844143648922	0.05071312127279755
120	557.5	nan	nan	1	1	0.001500000000000045	0.001500000000000028	0.0014999999999998368	0.9796817544388715	2.360443654772504e-19	-9.248854395023376e-19	1.5975719011573908e-19	1.0557500000000162	-4.4292911352550314e-18	-8.44593492366208e-20	-3.876700392993482e-19	0.9677083314081737	0.01990614666058665	0.31754223163032474	-1.3356692122009517	0.34220734321856994	182.76893222594248	1.200842723300931	-1.3193395480166676	1.100699161761003	0.014816362091751455	1599.565890624997	0.019484157398530468	0.3349438381841572	-1.291376281310406	0.33495290936468236	192.78483792935316	1.1610208547816014	-1.2913709445615635	1.1610184888903679	0.014325027788179507	-0.02052750042558946	0.0	0.0	0.0	0.05425141483193144	0.0	0.0	0.0	-0.032824547637444114	192.79227046639335	0.054416759626648874
122	596.25	nan	nan	1	1	0.001500000000000045	0.001500000000000028	0.0014999999999998368	0.9783049761117762	-2.177349012894014e-19	-5.368833632876658e-19	2.1792463666958637e-19	1.0596249999999905	-5.6553611620102636e-18	-1.9981846038907846e-19	-4.7596475372113645e-20	0.9655414046788359	0.019376236230411188	0.32687249815546704	-1.3562655627720093	0.35405315074774074	185.31388615273144	1.2469532388387574	-1.3385650968618747	1.1362346362598381	0.014393741959119534	1599.565890624997	0.018938532449102784	0.3460455091889907	-1.3083329403442858	0.3460551886552259	196.1836448626905	1.2028838910481048	-1.3083272840350304	1.2028815378517859	0.013885043797353605	-0.02193382104311165	0.0	0.0	0.0	0.057915071946423605	0.0	0.0	0.0	-0.035066293849913735	196.1922999695412	0.05810687842057932
124	635.0	nan	nan	1	1	0.001500000000000045	0.001500000000000028	0.0014999999999998368	0.976933623484759	-1.4357547269139292e-19	-1.5461434487318987e-18	1.196552622609315e-19	1.0634999999999952	-5.176523272532041e-19	-1.0527603094834248e-19	1.384119598449307e-19	0.9633883120789125	0.01894984949822906	0.33633438327259346	-1.3756462271385392	0.36614757688470484	187.74054327801994	1.292390061162164	-1.3565672231334402	1.1707301168630613	0.014042603259713269	1599.565890624997	0.018495534981502026	0.357359092853988	-1.324049464602302	0.3573693457194021	199.47645430997193	1.2439160118212342	-1.324044105604554	1.2439140133940574	0.013515903261204824	-0.023336568362203845	0.0	0.0	0.0	0.06156535565815055	0.0	0.0	0.0	-0.03729871681008398	199.48622752350545	0.061783462578127564
126	673.75	nan	nan	1	1	0.001500000000000045	0.001500000000000028	0.0014999999999998368	0.9755676362659313	-1.474921530394968e-19	4.346092171043925e-18	-1.3296384392819105e-19	1.0673749999999926	6.63775675049938e-19	-6.689527404235562e-20	1.8650310245824086e-19	0.9612489564469486	0.018534276717561606	0.34592695444502014	-1.393855395741798	0.378491854827375	190.05542013797987	1.3370909073387338	-1.373392428155298	1.2041462331374027	0.013671323876846104	1599.565890624997	0.0180643664581583	0.368885120342345	-1.338576849180303	0.36889573147202204	202.6688456289588	1.2840635687754387	-1.3385720139566972	1.2840619165780263	0.01312913641909958	-0.024735786349765206	0.0	0.0	0.0	0.06520236324562648	0.0	0.0	0.0	-0.03952184378373182	202.6797210754653	0.06544659873177608
128	712.5	nan	nan	1	1	0.001500000000000045	0.001500000000000028	0.0014999999999998368	0.9742069650285857	3.048505458486117e-19	-1.1366087785584858e-17	-3.5114597861374275e-19	1.0712499999999978	-7.00980072598778e-18	-8.207410445715269e-20	9.718178410438039e-20	0.9591232314814463	0.018162166008823893	0.35563154050271356	-1.4109407455440393	0.3910680013750241	192.26458616466329	1.3809958769087531	-1.3890904282920653	1.2364467776084243	0.013340736244335733	1599.565890624997	0.017676749016030942	0.38060512365060495	-1.3519689272529112	0.38061599619498165	205.7660197613313	1.3232756372948224	-1.3519644545457934	1.323274021235064	0.012783145519030339	-0.026131508149945578	0.0	0.0	0.0	0.06882619092985087	0.0	0.0	0.0	-0.04173571237346061	205.7779354811583	0.06909637434776499
130	751.25	nan	nan	1	1	0.001500000000000045	0.001500000000000028	0.0014999999999998368	0.9728515680700749	1.9683690441474332e-19	-1.3591837955150878e-18	-2.9652929417478545e-19	1.0751250000000168	-6.787647700845501e-19	-1.183948772354171e-19	3.7991121750249876e-20	0.9570110226076131	0.017802563964564627	0.36537424889322095	-1.4269958386003423	0.40379662607099626	194.37360748988635	1.4240373603900707	-1.403756054512317	1.2675899583097916	0.013014429936823578	1599.565890624997	0.01730241220688327	0.39244103501215316	-1.3643228809509684	0.3924522156435318	208.7727307916261	1.3614943376533037	-1.3643184173597322	1.3614925428296552	0.012442842554297421	-0.02752375923475646	0.0	0.0	0.0	0.07243693388952213	0.0	0.0	0.0	-0.04394036971921956	208.7856568631107	0.07273287819125242
132	790.0	nan	nan	1	1	0.001500000000000045	0.001500000000000028	0.0014999999999998368	0.9715014084933892	-7.6029677345546e-20	-3.4386657746503928e-18	6.993104012531504e-21	1.0789999999999997	-6.7875934907368764e-18	-1.6772607608350753e-19	1.7202900345555938e-19	0.9549122114329681	0.017459436367624936	0.37508294784322566	-1.4421458846383766	0.4165985862297644	196.38765723329024	1.466142213710687	-1.4175151461898727	1.2975303845125399	0.012699046141916366	1599.565890624997	0.01694514649241233	0.4043155445797903	-1.375765187166467	0.404327145708171	211.69339485999518	1.3986569864699425	-1.3757604370288266	1.3986551695820775	0.012114520298097347	-0.028912560352631827	0.0	0.0	0.0	0.07603468627599737	0.0	0.0	0.0	-0.04613586792786732	211.70729611924193	0.07635619921458887
134	828.75	nan	nan	1	1	0.001500000000000045	0.001500000000000028	0.0014999999999998368	0.9701564523625892	-4.518683604376461e-19	1.8018254260582926e-18	3.043897599253054e-19	1.0828749999999876	-7.759472318152882e-18	-1.7379760824942636e-19	-2.3575976240697295e-19	0.9528266770331929	0.01712383099774686	0.3847636029333584	-1.4565046940525654	0.4294802103387452	198.31151332713614	1.5072451002115541	-1.430481930503927	1.3262299973793648	0.012384467412227686	1599.565890624997	0.016596201443167112	0.4162347148374481	-1.3864103273188517	0.416246813436401	214.5320803979478	1.4347088487025639	-1.3864050797147858	1.4347068188351504	0.011788464251963868	-0.030297929395266033	0.0	0.0	0.0	0.07961954122815607	0.0	0.0	0.0	-0.04832226276751525	214.54693105480152	0.07996642649878012
136	867.5	nan	nan	1	1	0.001500000000000045	0.001500000000000028	0.0014999999999998368	0.9688166659639417	-1.7051789667765772e-19	6.209639193902744e-18	2.1911725905932044e-19	1.0867500000000099	1.7625874718096847e-18	1.6046192152785465e-20	-6.35613523619627e-20	0.950754299039337	0.01678643002897987	0.39449651660120255	-1.4701431616138312	0.44253133369150854	200.14961543185183	1.5473293965791919	-1.442728284239363	1.3536944059770484	0.012067405928594453	1599.565890624997	0.016246521806795602	0.4282854039431961	-1.3963309943672926	0.4282980330300974	217.2925622584438	1.469641903831605	-1.3963252752795148	1.4696392264107452	0.011461532019242996	-0.03167988420341803	0.0	0.0	0.0	0.08319159088677369	0.0	0.0	0.0	-0.05049961044921619	217.3083433655399	0.08356364866245969
138	906.25	nan	nan	1	1	0.001500000000000045	0.001500000000000028	0.0014999999999998368	0.9674820135980837	-6.037379797485532e-19	-5.408847469304951e-18	1.5016200088924238e-20	1.0906250000000148	1.2001575948328291e-18	8.782037597132586e-20	-3.9826133927181597e-19	0.9486949598531746	0.016440830558906765	0.40435292094130076	-1.483115920992664	0.45583349295693537	201.9060889450035	1.5864043836008777	-1.4543097266579958	1.3799520064958057	0.011744930894634877	1599.565890624997	0.015889920030510957	0.44054582674685006	-1.4055838176988986	0.4405591143563134	219.97834137672066	1.503472721419878	-1.405577727560159	1.50346903926761	0.011130947063423971	-0.03305844484730335	0.0	0.0	0.0	0.08675092640866873	0.0	0.0	0.0	-0.05266796528512288	219.9950394310564	0.08714795349631033
140	945.0	nan	nan	1	1	0.001500000000000045	0.001500000000000028	0.0014999999999998368	0.9661524578057593	-4.046784608802145e-19	5.914349955962739e-18	-2.2684219953827966e-19	1.0944999999999991	-4.0332320816460767e-19	2.972882356955253e-19	-1.6836304485984277e-19	0.9466485445348327	0.01608584047672945	0.4143566127176569	-1.4954854610549337	0.4694156742557298	203.58478190757862	1.6244451992896267	-1.465289366506178	1.4050012770605556	0.011411162060236905	1599.565890624997	0.015525272085873398	0.45304343305962314	-1.4142323466359417	0.4530572135622515	222.59267906737037	1.5361854100221644	-1.4142261408382923	1.536180629139371	0.010791167763615633	-0.03443363340700137	0.0	0.0	0.0	0.0902976379807796	0.0	0.0	0.0	-0.05482737977523437	222.61028410463004	0.09071942794698565
142	983.75	nan	nan	1	1	0.001500000000000045	0.001500000000000028	0.0014999999999998368	0.9648279595679774	2.1854805291876557e-19	4.359251674912468e-18	-6.067195357228883e-19	1.0983750000000108	2.8019578844629133e-18	3.821812658011403e-19	2.899766472948262e-19	0.9446149407253221	0.015720359529583644	0.42449080418171914	-1.5073228529884084	0.4832614516670693	205.18929957948865	1.6613935446666463	-1.4757382688290437	1.4288118544078166	0.01106577937211348	1599.565890624997	0.015151548643179892	0.4657615096473588	-1.422347664359183	0.46577556820682087	225.1386296102537	1.5677326348187468	-1.4223415261392276	1.5677266969160089	0.010441947067302027	-0.03580547377740018	0.0	0.0	0.0	0.09383181483387958	0.0	0.0	0.0	-0.05697790465884065	225.15713175686446	0.09427815809423444
144	1022.5	nan	nan	1	1	0.001500000000000045	0.001500000000000028	0.0014999999999998368	0.9635084784902954	-1.9713506001217684e-19	-3.9359791467741265e-18	9.812029660993815e-20	1.1022499999999966	3.9404243756813174e-18	1.71954464556201e-19	-2.8043566817695373e-20	0.9425940385700565	0.015344281979693	0.4346998949268012	-1.5186745317527672	0.4973094641541817	206.72303508803355	1.6971930089572687	-1.4857030985803081	1.451355894113126	0.010711630518046616	1599.565890624997	0.014768683199989575	0.4786403482837733	-1.4299770312459639	0.4786542594935175	227.61906931097027	1.5980692173714643	-1.4299710094753124	1.5980622465045453	0.010086022572803348	-0.03717399148786995	0.0	0.0	0.0	0.09735354525590668	0.0	0.0	0.0	-0.05911958896608516	227.63845612934767	0.09782422913263869
146	1061.25	nan	nan	1	1	0.001500000000000045	0.001500000000000028	0.0014999999999998368	0.9621939750267278	2.37738431371759e-19	9.736406559462951e-19	6.771926769344461e-19	1.106125000000003	7.43318167434337e-18	-1.9212062496443139e-19	3.209780531643336e-19	0.9405857285719914	0.014964729925932892	0.4449064468171615	-1.5295657031695826	0.5114722358865391	208.18917711322044	1.731809872350457	-1.49520946733861	1.4726252826200728	0.010352869973569285	1599.565890624997	0.014383556721170282	0.49159525321855396	-1.4371473412533111	0.491608599192224	230.03670091208082	1.6271716530040132	-1.4371412173785025	1.627163651784905	0.009727336018338239	-0.038539211400566195	0.0	0.0	0.0	0.10086291660538044	0.0	0.0	0.0	-0.06125248227182482	230.05695323113713	0.10135772570386845
148	1100.0	nan	nan	1	1	0.001500000000000045	0.001500000000000028	0.0014999999999998368	0.9608844119591535	7.8198081690517e-20	-6.272651668914886e-19	6.001059024707267e-19	1.1100000000000054	1.0216437071330908e-18	-3.6006354148243604e-19	3.760351947358631e-19	0.9385899001272061	0.014589639610374358	0.4550326325456552	-1.5400227288138695	0.52566013769896	209.59071248968567	1.765252640267398	-1.504284566941731	1.4926478595774755	0.010000257240866872	1599.565890624997	0.014003793847583806	0.5045399019190153	-1.443886326522331	0.5045522986732548	232.3940525563791	1.6550561900489948	-1.4438801455091839	1.6550470247763736	0.009375988043315929	-0.03990115616460856	0.0	0.0	0.0	0.10436001532424806	0.0	0.0	0.0	-0.06337663625162425	232.41514188666986	0.10487873213758064
150	1138.75	nan	nan	1	1	0.001500000000000045	0.001500000000000028	0.0014999999999998368	0.9595797546956664	-9.611452259083996e-20	2.891133513149846e-18	-3.6049722235143024e-20	1.1138749999999877	5.732231096039486e-18	-2.3418766925686897e-19	-1.1498641665566579e-19	0.9366064410633322	0.014218361604246596	0.4650035097201129	-1.5500874111287894	0.5397852526464072	210.93042151041206	1.797573581960998	-1.5129703062539064	1.5114879555677756	0.009650685308151318	1599.565890624997	0.013628747904313525	0.5173899804739588	-1.4502359140678045	0.5174011841552038	234.693468727416	1.6817798454610828	-1.4502297426792117	1.6817695081238009	0.00902902012413332	-0.04125984588852419	0.0	0.0	0.0	0.10784492695073583	0.0	0.0	0.0	-0.06549210518680122	234.7153691087822	0.10838733257719313
152	1177.5	nan	nan	1	1	0.001500000000000045	0.001500000000000028	0.0014999999999998368	0.9582799704877192	2.499899159208452e-19	-1.418000916339479e-18	-2.8931934972775684e-19	1.1177500000000093	-1.0434144867565998e-17	-6.136584296267955e-20	3.618456988034591e-19	0.9346352386591352	0.013849890818211634	0.4747361271100978	-1.5598164932318943	0.5537486829972491	212.2109156410029	1.8288506125539465	-1.5213227892684604	1.52922990751297	0.009304963841320192	1599.565890624997	0.013257435411876219	0.5300510759559115	-1.4562516110112231	0.5300610304879999	236.9371483266461	1.7074230605885798	-1.4562453151487216	1.7074115736576891	0.008687155600110201	-0.04261529893848653	0.0	0.0	0.0	0.11131773613196172	0.0	0.0	0.0	-0.06759894489083401	236.95983537955576	0.11188361075419692
154	1216.25	nan	nan	1	1	0.001500000000000045	0.001500000000000028	0.0014999999999998368	0.9569850274601414	6.191336505978473e-19	-1.0591327077522083e-17	-5.946848916082992e-19	1.1216249999999968	5.7657871532779125e-18	3.371868756429919e-20	9.577570941193825e-20	0.9326761806093581	0.01348123100160226	0.48415214743890955	-1.5692780285537513	0.5674553164966302	213.43465696525075	1.8591573125820582	-1.5294093236436113	1.5459523999392961	0.008960989675097362	1599.565890624997	0.012886974943141226	0.5424326640530185	-1.4619989826610669	0.5424417432039557	239.12716320960138	1.73206152775034	-1.4619925754005156	1.7320486612197492	0.008348398148862459	-0.04396753293878018	0.0	0.0	0.0	0.11477852663608165	0.0	0.0	0.0	-0.06969721168053843	239.15061658338408	0.11536764983320041
156	1255.0	nan	nan	1	1	0.001500000000000045	0.001500000000000028	0.0014999999999998368	0.9556948940926002	5.296327612591689e-20	-2.5670654837939288e-18	-4.457697232174152e-19	1.1255000000000008	1.8576720023366633e-18	3.209238430557093e-20	-1.1527779598952126e-19	0.9307291555856613	0.013109699125712328	0.4932260065024091	-1.5785420692285883	0.5808701632833513	214.6039716579443	1.8885280980317793	-1.537298619389343	1.5617002790934846	0.008618313107535277	1599.565890624997	0.012514799799749347	0.5545023401726533	-1.4675448933902802	0.5545111091742053	241.26547044533152	1.755733863744911	-1.4675382149964729	1.7557193821680475	0.008012305555329733	-0.04531656530813972	0.0	0.0	0.0	0.11822738136465062	0.0	0.0	0.0	-0.07178696176812414	241.2896725177194	0.11883953230978796
158	1293.75	nan	nan	1	1	0.001500000000000045	0.001500000000000028	0.0014999999999998368	0.9544095389424886	-4.762900143728821e-19	1.5577274713185485e-18	1.334652874329656e-19	1.129375000000018	-2.099720137344052e-18	-2.5153490401663704e-20	5.63331120032734e-19	0.9287940535701138	0.012741887485281937	0.5020030238668496	-1.5876579949000529	0.5940410385421687	215.72105847296703	1.9169694678899079	-1.5450392292888364	1.5764946140977878	0.008281382146721495	1599.565890624997	0.01214719965263684	0.5663072682982215	-1.4729364633410045	0.5663160269910195	243.35391925971658	1.7784524358750196	-1.4729293451230292	1.778436216418841	0.007682983218016792	-0.04666241354753016	0.0	0.0	0.0	0.12166438236437242	0.0	0.0	0.0	-0.07386825089057543	243.37884808037634	0.12229933994108924
160	1332.5	nan	nan	1	1	0.001500000000000045	0.001500000000000028	0.0014999999999998368	0.9531289296449612	4.254138274289998e-19	1.1699625643291079e-18	3.263990640267611e-19	1.1332500000000096	-9.056178116445545e-18	-2.3115190317390956e-19	-1.6280650872585456e-19	0.9268707667647541	0.012383868453438932	0.5105476510151268	-1.5966393249748516	0.6070394031688251	216.78799180618472	1.9445012745562777	-1.5526447446837122	1.5903673261554372	0.007957619480969015	1599.565890624997	0.011789935183663508	0.5779169681894479	-1.4781872172563422	0.5779256493396281	245.39425206521443	1.8002418473771638	-1.478179534278999	1.8002242525489116	0.007367256469612335	-0.04800509628867095	0.0	0.0	0.0	0.1250896108388303	0.0	0.0	0.0	-0.07594113331304284	245.41988012963665	0.12574715361871427
162	1371.25	nan	nan	1	1	0.001500000000000045	0.001500000000000028	0.0014999999999998368	0.9518530329838074	5.021482361866614e-19	-9.365338365929787e-19	3.861386037307124e-19	1.1371250000000166	1.9319832192388196e-17	-3.63207727782644e-19	2.553973742561166e-19	0.9249591894377022	0.012032461093175064	0.5188884110400885	-1.605471644089546	0.6198954176720624	217.80672567339263	1.971178597090137	-1.5601016997857862	1.603377790777665	0.007648142332937086	1599.565890624997	0.011439938425165197	0.5893611464476431	-1.4832847567650493	0.5893694858679297	247.3881066057584	1.821159019961014	-1.4832765503532954	1.821140254543876	0.00706606870434538	-0.04934463322599488	0.0	0.0	0.0	0.12850314716010366	0.0	0.0	0.0	-0.07800566196981527	247.41440823203232	0.12918305341660924
164	1410.0	nan	nan	1	1	0.001500000000000045	0.001500000000000028	0.0014999999999998368	0.9505818174035024	3.246643405507843e-19	6.807325970276112e-18	1.0603497246908233e-19	1.140999999999982	7.964765999513013e-18	-2.8449465006019638e-19	6.392320483702974e-19	0.9230592156541134	0.011690502289453663	0.5270209985012999	-1.614134671629381	0.6326005923033791	218.7791119805905	1.9970806951333453	-1.5673907863982348	1.615603947643257	0.007356703742609274	1599.565890624997	0.011099871836903698	0.6006325359421896	-1.488211372357478	0.600640188476028	249.33703441374018	1.841282672537398	-1.4882026808257172	1.8412630595567976	0.006782786074326872	-0.05068104247989844	0.0	0.0	0.0	0.13190507087992284	0.0	0.0	0.0	-0.08006189089891044	249.3639818521421	0.13260711890678825
166	1448.75	nan	nan	1	1	0.001500000000000045	0.001500000000000028	0.0014999999999998368	0.9493152553983762	3.406563225949455e-19	4.500658743258889e-18	-3.4526418182800887e-19	1.1448750000000008	1.3447901646423953e-18	1.1037178115902435e-19	2.824211134053178e-19	0.9211707368389395	0.011352636909072159	0.5349423123480788	-1.6226149000450225	0.645147901224965	219.70689959036469	2.0222846671899783	-1.5744994335655462	1.6271201348651616	0.007081452178112946	1599.565890624997	0.01076461602001353	0.6117251801729324	-1.4929557220503753	0.6117318371430203	251.24249780731503	1.8606888580970409	-1.4929467014414657	1.8606685892809651	0.0065155906983514495	-0.05201433806826052	0.0	0.0	0.0	0.1352954607410152	0.0	0.0	0.0	-0.08210987788956076	251.27006783848614	0.13601942958610502
168	1487.5	nan	nan	1	1	0.001500000000000045	0.001500000000000028	0.0014999999999998368	0.9480533233354836	-7.58941520739853e-20	-2.345671400172389e-19	-4.730374078554256e-19	1.148749999999996	-1.7446981359636736e-17	5.583641188300348e-19	1.4948437453143892e-19	0.9192936419708565	0.01100327796278536	0.5426809848040085	-1.6308839174091958	0.6575686912697344	220.5917472304756	2.0468481678002237	-1.5814003807551238	1.6379835991662988	0.006815345295988364	1599.565890624997	0.010419390221832558	0.6226694852137441	-1.4974928611745388	0.6226748806284567	253.10588271304033	1.8794351250077124	-1.4974835426107138	1.8794143024004872	0.006257913771934839	-0.053344530064807355	0.0	0.0	0.0	0.1386743946877566	0.0	0.0	0.0	-0.08414968429988566	253.13406351016897	0.13942006484582947
170	1526.25	nan	nan	1	1	0.001500000000000045	0.001500000000000028	0.0014999999999998368	0.9467959994068014	-8.00086993185678e-19	1.2026512598295457e-18	-3.128465368706923e-19	1.1526249999999885	7.81688082318599e-18	4.51461784622964e-19	-4.160896887456245e-19	0.9174278197353353	0.010628948943857089	0.5502930505407843	-1.638894793519105	0.6699284111368801	221.43524860837576	2.070794876176013	-1.5880486550009651	1.648223498737123	0.006552653762976351	1599.565890624997	0.010051488509374764	0.6335278462335913	-1.5017810720964349	0.6335318536399379	254.92852579766873	1.8975473969001686	-1.5017715196849735	1.8975262039750849	0.006004443623930914	-0.05467162673484164	0.0	0.0	0.0	0.14204194987715862	0.0	0.0	0.0	-0.08618137273629518	254.95731454709	0.1428091035857044
172	1565.0	nan	nan	1	1	0.001500000000000045	0.001500000000000028	0.0014999999999998368	0.9455432615233618	-9.107298248878237e-20	4.588777274827649e-18	8.348356728138384e-20	1.1565000000000045	7.675392439676632e-18	1.496198998029996e-19	-6.589848567002676e-19	0.9155731605473033	0.010217115679075118	0.5578281725532019	-1.646606615510952	0.6822860270794109	222.23893493741807	2.09412299283828	-1.5944052096192285	1.657848181816926	0.00628904215877735	1599.565890624997	0.009649162499015628	0.6443561634492944	-1.5057844740472184	0.6443588340278998	256.71171613634215	1.9150280702490001	-1.5057747646335433	1.9150067109869042	0.005751186683029784	-0.05599563674965073	0.0	0.0	0.0	0.14539820268936055	0.0	0.0	0.0	-0.08820500484658685	256.7411174776069	0.14618662389658948
174	1603.75	nan	nan	1	1	0.001500000000000045	0.001500000000000028	0.0014999999999998368	0.9442950865930355	-2.537575184702323e-19	4.472062910959584e-19	4.2077886314162425e-19	1.1603749999999882	1.7961543710698357e-17	7.871307772244762e-20	2.529443668408682e-19	0.913729557191796	0.00975518887514975	0.5652961636692649	-1.6540045066839804	0.6946529653685874	223.00426962996409	2.116828588339585	-1.6004562033598155	1.6668641861678757	0.006020244350677326	1599.565890624997	0.00920067404957662	0.6551649184576209	-1.509491233402945	0.6551667623995744	258.4566878704265	1.931877563696292	-1.5094813689612474	1.9318562707415392	0.005494245048044067	-0.05731656995334156	0.0	0.0	0.0	0.14874322873794976	0.0	0.0	0.0	-0.09022064059873369	258.4867139177452	0.14955270297352405
176	1642.5	nan	nan	1	1	0.001500000000000045	0.001500000000000028	0.0014999999999998368	0.9430514505348037	1.6864764793012023e-19	-2.0372158821002627e-18	5.271933063710765e-19	1.1642499999999925	8.200146291159615e-18	1.0907073855204175e-19	-2.9327668765732897e-20	0.9118969047567863	0.009226277487838743	0.5726567823542922	-1.6610996060890613	0.7069783975833652	223.7326455261205	2.138925925214447	-1.6062132196609509	1.6752921156959475	0.005739158253092166	1599.565890624997	0.008690295096340143	0.6659065392654225	-1.5129133015993603	0.665907882115556	260.1646156891618	1.9481128473756038	-1.512903430976911	1.9480917879560578	0.005227169297529379	-0.05863443735475409	0.0	0.0	0.0	0.15207710288034343	0.0	0.0	0.0	-0.09222833832748985	260.1952896627207	0.1529074171404726
178	1681.25	nan	nan	1	1	0.001500000000000045	0.001500000000000028	0.0014999999999998368	0.9418123289068078	-6.074784772436281e-19	-4.622495962391948e-18	5.427516075462435e-19	1.1681250000000125	-7.390789369399187e-18	2.3375398838787477e-19	-1.1600285619237094e-18	0.9100750999886762	0.008606087004052729	0.5798412331279624	-1.6679181801979763	0.7191754250182868	224.42539084048084	2.160451770007617	-1.6117023036492153	1.6831697502317078	0.005425791351752518	1599.565890624997	0.008095416199916775	0.6764995185721329	-1.5160762781157158	0.6765007585367648	261.83662041406217	1.9637711953789467	-1.516066585459899	1.9637505245433986	0.0049318447727579795	-0.05994925046753217	0.0	0.0	0.0	0.15539989922770114	0.0	0.0	0.0	-0.09422815541636084	261.86798634239625	0.15625084196347702
180	1720.0	nan	nan	1	1	0.001500000000000045	0.001500000000000028	0.0014999999999998368	0.9405776977951377	6.505213034913026e-20	-5.1696927988453825e-18	2.0383000842727482e-19	1.1719999999999973	5.010857180576256e-18	4.0939474033052645e-19	-3.33663218582414e-20	0.9082640405038307	0.007862378911396673	0.5867854404306303	-1.6744819207486912	0.7311611918881408	225.0837784521301	2.1814542870641604	-1.6169451412360136	1.6905430826249916	0.005057573071379446	1599.565890624997	0.0073860839253286235	0.6868668114745067	-1.519001400499343	0.6868681841829188	263.4737786039631	1.9788999069599813	-1.5189922350994898	1.9788799394387595	0.004587962690644145	-0.0612610203677087	0.0	0.0	0.0	0.15871169115481853	0.0	0.0	0.0	-0.09622014914665943	263.50590626610295	0.159583052357667
182	1750.0	nan	nan	1	1	0.001500000000000045	0.001500000000000028	0.0014999999999998368	0.9396246980049763	-3.984442983884229e-20	9.091794157811694e-18	-2.609674629172609e-19	1.1750000000000016	1.2074109073667572e-17	3.924811864397526e-19	6.28525551917003e-19	0.9068688978750321	0.003914210314054725	0.5921174278211448	-1.6792633650713045	0.7404434031711741	225.56981430858437	2.1977790657926586	-1.620718251719309	1.696243828717867	0.002526203479331393	1599.565890624997	0.0036733455390055053	0.6948785610595074	-1.5209905760602	0.6948794913136266	264.71713315716727	1.9906354874782155	-1.520985762712063	1.9906245206171747	0.0022881054664765977	-0.062274740884075475	0.0	0.0	0.0	0.161268147596124	0.0	0.0	0.0	-0.097757384105088	264.75244872920456	0.1621553898327268
184	1780.0	nan	nan	1	1	0.001500000000000045	0.001500000000000028	0.0014999999999998368	0.9386746466961174	-4.2132096422786704e-19	-9.414019043474386e-18	-4.337892892114504e-19	1.1779999999999686	1.9168043888240228e-17	4.109126233720062e-19	3.542766123867946e-19	0.9054803907953392	0.0031307619326384722	0.5971729830649161	-1.683962196704481	0.7494292300314999	226.0386529247794	2.213634669791861	-1.6244080701807986	1.7015227953302567	0.002395957047304702	1599.565890624997	0.002935118937223335	0.7025965516355006	-1.5229020085649922	0.7025969947578746	265.94300577060733	2.0019147053612465	-1.5228979370360254	2.001905783467569	0.002166799116343886	-0.0632863489566212	0.0	0.0	0.0	0.16381808522936794	0.0	0.0	0.0	-0.09928965755816022	265.9789221712347	0.16472087270554525
186	1810.0	nan	nan	1	1	0.001500000000000045	0.001500000000000028	0.0014999999999998368	0.9377272615763323	-6.951904329977054e-19	-4.960224939121183e-19	-3.1344284806555933e-19	1.180999999999986	-5.65975218080883e-18	2.222614453595284e-19	-2.20608037046488e-19	0.904098162858361	0.002596535283393155	0.6019959787621322	-1.6884963778897486	0.7581713488044496	226.48887800043494	2.2291731677443294	-1.6279394359522306	1.7065055723185156	0.0020958291296031945	1599.565890624997	0.00243180498323854	0.7100704858184116	-1.5246624123885002	0.7100711767574994	267.14973738683744	2.0128776016756764	-1.5246591325290086	2.0128693272664395	0.0018924718693732036	-0.06429613816660909	0.0	0.0	0.0	0.16636153721521327	0.0	0.0	0.0	-0.10081733725242716	267.18620531989507	0.16727974716823396
188	1840.0	nan	nan	1	1	0.001500000000000045	0.001500000000000028	0.0014999999999998368	0.9367825312797178	-6.520391865327824e-19	6.8128011912471646e-18	-1.7878493824285968e-19	1.1839999999999953	4.657082011694236e-18	5.464378949326942e-20	3.2433907989903863e-19	0.90272216743211	0.0020275877775735285	0.6065870872453153	-1.692832711623594	0.7666670032386265	226.9207856646676	2.2444481956195284	-1.6312803031406127	1.7112376790494743	0.0017645394502576036	1599.565890624997	0.0018970284975675582	0.717299074011518	-1.5262425483500888	0.7173002172211314	268.33751138755264	2.0235740426097064	-1.5262398288284142	2.0235663244499555	0.0015908926905379014	-0.06530411409738675	0.0	0.0	0.0	0.16889853646180994	0.0	0.0	0.0	-0.10234045016984822	268.3745524120909	0.16983204748456263
190	1870.0	nan	nan	1	1	0.001500000000000045	0.001500000000000028	0.0014999999999998368	0.9358404494237761	1.14437539305845e-19	1.4074787342555074e-17	-1.0050554138940627e-19	1.1869999999999803	-5.4449717304394514e-18	-3.057450126409122e-20	-7.596191470976566e-20	0.9013523553449848	0.0014290959221481727	0.610950881972131	-1.6969392853187164	0.774918854593063	227.33488739976448	2.25949976190153	-1.6344004900738187	1.7157525358664774	0.0013988385713441314	1599.565890624997	0.0013357219508601849	0.724285658007514	-1.5276145015935234	0.7242873681001832	269.50676947531343	2.0340413074823758	-1.5276123717480816	2.0340341442944325	0.0012592590114809648	-0.0663102770518382	0.0	0.0	0.0	0.1714291156275144	0.0	0.0	0.0	-0.10385902640721693	269.5444043928148	0.17237780764267957
192	1900.0	nan	nan	1	1	0.001500000000000045	0.001500000000000028	0.0014999999999998368	0.9349010101418748	3.3789160705510744e-19	-4.271756559592887e-18	-6.1257422745431e-20	1.1900000000000175	1.6299895461147074e-18	4.510281037539698e-20	-9.11976657386182e-19	0.8999886774990328	0.0008151728303188552	0.6151014065329102	-1.7007826378037807	0.7829417831702271	227.7316834933913	2.2743661256451206	-1.6372680704531246	1.720081511381387	0.001002257549605509	1599.565890624997	0.0007611420035255143	0.7310448893347982	-1.5287491316125792	0.7310472765056725	270.65794613582324	2.044314871439896	-1.5287475895946911	2.044308116969588	0.0009008795859946569	-0.06731462680424984	0.0	0.0	0.0	0.17395330712345197	0.0	0.0	0.0	-0.10537309629359329	270.6961878121851	0.17491706141769975
194	1930.0	nan	nan	1	1	0.001500000000000045	0.001500000000000028	0.0014999999999998368	0.9339642073326855	-2.0860049798621105e-19	1.3385017920419794e-18	-2.7972416050126015e-20	1.192999999999997	4.0232574216592095e-18	-7.784571598445922e-20	-2.51534904016637e-19	0.8986310854972506	0.00019712729534744077	0.6190591990985127	-1.7043289589110437	0.7907591360349072	228.11165773386256	2.2890840101826555	-1.6398508308296365	1.7242544132891438	0.0005833018852193106	1599.565890624997	0.00018387592985652753	0.737599325562081	-1.5296171587662508	0.7376024267704362	271.79146217738435	2.0544286133998635	-1.5296161590070598	2.054422087890059	0.0005235072535188486	-0.0683171634012107	0.0	0.0	0.0	0.1764711431157765	0.0	0.0	0.0	-0.10688268969129366	271.8303146985515	0.1774498422978809
196	1960.0	nan	nan	1	1	0.001500000000000045	0.001500000000000028	0.0014999999999998368	0.9330300342420285	-9.807692852303872e-19	3.426458335814564e-18	1.1590121223870042e-19	1.1959999999999975	-1.3863801599789393e-17	-3.1051550219984846e-19	1.0303986396759112e-19	0.8972795319281148	-0.0004220897519269083	0.6228477928434478	-1.707545583115342	0.7983987248407355	228.4752698492518	2.3036867101400498	-1.642117720974217	1.728298158682998	0.0001429651521444123	1599.565890624997	-0.00039331985209039216	0.7439753473254797	-1.530190503906789	0.743979371519755	272.90771548756874	2.0644131334996176	-1.5301899564726331	2.064406806385453	0.00012811600484588233	-0.06931788761108254	0.0	0.0	0.0	0.17898265552843753	0.0	0.0	0.0	-0.1083878356725913	272.9471814618518	0.17997618347253633
198	1990.0	nan	nan	1	1	0.001500000000000045	0.001500000000000028	0.0014999999999998368	0.9320984833487659	-4.308619433457395e-19	6.662422349923425e-20	2.5587171270657903e-19	1.1990000000000156	1.4856388688699874e-17	-5.186823193170653e-19	1.6723818510588906e-20	0.8959339706067011	-0.0010346005855240785	0.6264932201830152	-1.7104068764938563	0.8058915678984233	228.8229638826767	2.3182012269553667	-1.6440448010609936	1.7322342419743837	-0.00031192028673847886	1599.565890624997	-0.0009631136386919766	0.7502026093402293	-1.5304475465051752	0.7502075401945231	274.0070906618936	2.0742932157592224	-1.5304475878683224	2.074286850124333	-0.0002791017997557781	-0.07031680104995539	0.0	0.0	0.0	0.1814878760453904	0.0	0.0	0.0	-0.10988856224201395	274.04716634043626	0.18249611775474156
200	2020.0	nan	nan	1	1	0.001500000000000045	0.001500000000000028	0.0014999999999998368	0.9311695465296437	8.979362392524948e-19	-1.31809168614494e-17	2.487159783681747e-19	1.2019999999999842	1.7071522147305006e-17	-3.716645047280309e-19	1.110927756037272e-18	0.8945943563026291	-0.001638242908560471	0.6300199552605931	-1.7128963954259577	0.8132673712509676	229.15516442555713	2.3326475314075656	-1.6456166385747961	1.7360788616149518	-0.0007790712967515885	1599.565890624997	-0.0015235182993770396	0.7563092070082821	-1.5303750040312818	0.756315022584695	275.0899542806689	2.0840872132220696	-1.5303756540176892	2.084080696441985	-0.0006960556645986597	-0.07131390600875905	0.0	0.0	0.0	0.18398683611300268	0.0	0.0	0.0	-0.11138489662990507	275.1306342779123	0.1850096776572812
