6	header
postResults v2.0.3	--cr f,p,texture --time RVE_1_40_D_tensionX.spectralOut
addCauchy v2.0.3	RVE_1_40_D_tensionX.txt
addStrainTensors v2.0.3	--left --logarithmic RVE_1_40_D_tensionX.txt
addMises v2.0.3	-s Cauchy RVE_1_40_D_tensionX.txt
addMises v2.0.3	-e ln(V) RVE_1_40_D_tensionX.txt
inc	time	elem	node	ip	grain	1_pos	2_pos	3_pos	1_f	2_f	3_f	4_f	5_f	6_f	7_f	8_f	9_f	1_p	2_p	3_p	4_p	5_p	6_p	7_p	8_p	9_p	texture	1_Cauchy	2_Cauchy	3_Cauchy	4_Cauchy	5_Cauchy	6_Cauchy	7_Cauchy	8_Cauchy	9_Cauchy	1_ln(V)	2_ln(V)	3_ln(V)	4_ln(V)	5_ln(V)	6_ln(V)	7_ln(V)	8_ln(V)	9_ln(V)	Mises(Cauchy)	Mises(ln(V))
0	0.0	nan	nan	1	1	0.001500000000000045	0.001500000000000028	0.0014999999999998368	1.0	0.0	0.0	0.0	1.0	0.0	0.0	0.0	1.0	2.7716487604837245e-12	-1.1931922846408178e-15	-2.8066754232013122e-14	-1.1931922846409345e-15	2.7018729684354e-12	-1.6832583398957215e-14	-2.806675423201312e-14	-1.6832583398957266e-14	2.699121388890668e-12	1599.565890624997	2.7716487604837245e-12	-1.1931922846408178e-15	-2.8066754232013122e-14	-1.1931922846409345e-15	2.7018729684354e-12	-1.6832583398957215e-14	-2.806675423201312e-14	-1.6832583398957266e-14	2.699121388890668e-12	0.0	0.0	0.0	0.0	0.0	0.0	0.0	0.0	0.0	9.102600058540028e-14	0.0
2	2.0	nan	nan	1	1	0.001500000000000045	0.001500000000000028	0.0014999999999998368	0.999933185913899	3.418075727191621e-23	1.6819890575653265e-22	-1.9984683599281148e-24	1.000200000000001	8.6122405784326e-22	4.873748169162439e-24	-3.632977250332898e-24	0.9999338800589291	-1.7279835967057984e-11	-0.00049416260337191	0.002741200914482439	-0.0004942944617253377	14.158906776127063	0.00072748034600095	0.002741202817400537	0.0007272867876857851	2.8979716560489923e-12	1599.565890624997	-1.7277523079727214e-11	-0.0004942283009469233	0.0027408359103721553	-0.0004942283009469512	14.160789164299871	0.0007273834784875041	0.0027408359103721198	0.000727383478487485	2.897585777159077e-12	-6.681631826146364e-05	0.0	0.0	0.0	0.00019998000266802072	0.0	0.0	0.0	-6.612212709008318e-05	14.160790041962553	0.00017763326904651967
4	4.0	nan	nan	1	1	0.001500000000000045	0.001500000000000028	0.0014999999999998368	0.9998663539893821	-4.8836743365130753e-23	5.933796667761395e-22	-4.043258834159199e-24	1.0003999999999935	4.311794748218414e-22	1.3790755172484078e-23	1.5220123270975708e-23	0.9998677425139986	-1.1840593894685975e-11	-0.0009883614006119291	0.005482594259821196	-0.0009888889062294262	28.326310375504487	0.0014554063112572374	0.005482601873555671	0.0014546319700893381	-9.100975509671039e-12	1599.565890624997	-1.1837425138952012e-11	-0.0009886242617853694	0.0054811346307587	-0.0009886242617853662	28.333843942861453	0.0014550188389678472	0.005481134630758537	0.0014550188389678117	-9.098552560293065e-12	-0.00013365494204179026	0.0	0.0	0.0	0.00039992002132045463	0.0	0.0	0.0	-0.0001322662327937376	28.333845697167614	0.0003552546439163173
6	6.0	nan	nan	1	1	0.001500000000000045	0.001500000000000028	0.0014999999999998368	0.9997995042228783	2.8365677565668426e-23	-1.5786576554452024e-22	-2.1374347028370235e-23	1.000599999999987	2.1258409393714802e-21	4.089580948462169e-24	6.45862622281404e-23	0.9998015873617154	-5.314383649292209e-12	-0.0014825963387013687	0.008224179771047065	-0.0014837833888081654	42.5022124960797	0.0021837779609367738	0.008224196906590705	0.002182035450519814	-2.5151825275293584e-12	1599.565890624997	-5.3122509488609305e-12	-0.0014831879358480622	0.008220896477141724	-0.001483187935848038	42.51917206017984	0.0021829061433124796	0.008220896477141476	0.0021829061433124605	-2.514178405088606e-12	-0.00020051587908694035	0.0	0.0	0.0	0.0005998200719551225	0.0	0.0	0.0	-0.00019843232467592876	42.51917469010546	0.0005328641403786405
8	8.0	nan	nan	1	1	0.001500000000000045	0.001500000000000028	0.0014999999999998368	0.9997326366108241	-1.9975088304175534e-22	8.17373559210599e-22	-3.127404459940487e-23	1.0008000000000166	5.983758376759598e-22	1.2308447514789052e-24	5.571888606157194e-23	0.9997354145986066	-6.2810564674734e-12	-0.0019768673654573386	0.010965957183074226	-0.0019789779656055714	56.686614836161766	0.0029125953601474054	0.010965987654516354	0.002909497132229092	-3.534207464878092e-12	1599.565890624997	-6.277696625834346e-12	-0.0019779193773590623	0.010960121765231033	-0.0019779193773589074	56.71678124718058	0.0029110454534086814	0.010960121765231135	0.00291104545340866	-3.5323267738485984e-12	-0.0002673991371387541	0.0	0.0	0.0	0.0007996801705804404	0.0	0.0	0.0	-0.00026462041028630387	56.716784751720105	0.0007104617742033361
10	10.0	nan	nan	1	1	0.001500000000000045	0.001500000000000028	0.0014999999999998368	0.9996657491670891	-1.6664380620493296e-22	6.593886796578712e-22	-2.2022856628611808e-23	1.0009999999999997	1.5777841527183462e-21	-3.422542502499407e-23	1.2964898048911134e-22	0.9996692167745413	1.0278443734416248e-10	-0.0024747620890268733	0.013691857921246343	-0.0024780651464550436	70.87750844662075	0.0036596202680175835	0.013691905415109656	0.003654754972049356	8.98458047057793e-11	1599.565890624997	1.027157322297957e-10	-0.0024764087113593094	0.013682753213162856	-0.0024764087113592435	70.92466792461386	0.003657186721421617	0.013682753213162743	0.003657186721421646	8.97860597223682e-11	-0.0003343067071716193	0.0	0.0	0.0	0.0009995003330834232	0.0	0.0	0.0	-0.0003308379462968208	70.92467229659329	0.0008880506980673158
12	12.0	nan	nan	1	1	0.001500000000000045	0.001500000000000028	0.0014999999999998368	0.9995987677327237	-1.0646145355802488e-22	-1.407424651201825e-21	-5.293955920339377e-25	1.0011999999999857	-8.692675621197258e-22	-5.132490264769026e-23	-5.69629657028517e-23	0.9996027007451096	2.2274747753341097e-09	-0.003071599217095594	0.015708472405949216	-0.0030765195350613644	84.99639692970108	0.005132898645107749	0.01570853421236527	0.0051247096966661665	2.298981337967021e-09	1599.565890624997	2.2256892740131154e-09	-0.003074053455648104	0.015695942550767544	-0.0030740534556450323	85.06430990252915	0.005128804391062967	0.015695942550768335	0.005128804391064439	2.2971475566491633e-09	-0.0004013127824800231	0.0	0.0	0.0	0.0011992805754675495	0.0	0.0	0.0	-0.00039737819914972844	85.06431487503994	0.0010657531318289237
14	14.0	nan	nan	1	1	0.001500000000000045	0.001500000000000028	0.0014999999999998368	0.9995307545447597	-1.7660636950252161e-22	1.4134862307306137e-22	3.4146015686188983e-23	1.0013999999999976	-3.0131608911795634e-21	-2.345222472710344e-23	-6.29451358928352e-23	0.9995318159126177	7.943582401127465e-06	-0.004643326794268622	0.005911945232228265	-0.004652010383652448	97.97476778243974	0.016702926900910773	0.005911951500031683	0.016671766386447448	8.809360838939513e-06	1599.565890624997	7.936192532478802e-06	-0.00464768264822327	0.005906451655712155	-0.00464768264536619	98.06667683786691	0.016687405984635546	0.005906451645830348	0.016687405987699508	8.801174887289806e-06	-0.00046935558534230953	0.0	0.0	0.0	0.0013990209137051915	0.0	0.0	0.0	-0.00046829371977218537	98.06667359258506	0.001245230528425269
16	16.0	nan	nan	1	1	0.001500000000000045	0.001500000000000028	0.0014999999999998368	0.9994600107376822	1.8910010547452255e-22	-1.412136271970927e-21	9.931461306556671e-23	1.001600000000005	-2.2728011557201015e-21	-5.0636688378046143e-23	2.9614389418378477e-22	0.9994456193775301	0.00016483300287311318	-0.005146219198237908	-0.05100890734436589	-0.005157237656002614	107.09580849546998	0.06142321015664673	-0.05100817286808819	0.06129109153990827	0.0005115754510119772	1599.565890624997	0.00016466097622141942	-0.005151855691700304	-0.05095493858651751	-0.005151855345964654	107.21310719596868	0.061358222794089944	-0.0509549385944017	0.06135822176181683	0.0005110341908071576	-0.0005401351090256405	0.0	0.0	0.0	0.001598721363702394	0.0	0.0	0.0	-0.0005545343482246715	107.21285871935552	0.0014307282147343827
18	18.0	nan	nan	1	1	0.001500000000000045	0.001500000000000028	0.0014999999999998368	0.999388013581587	-5.509949321889223e-22	-1.2348099244632393e-20	5.971582278142817e-23	1.0017999999999956	-1.6430956869075732e-20	-1.7057125975333473e-22	1.0257568991249578e-21	0.9993434007704463	-0.000295216848402188	-0.0004531419708427306	-0.14736616043734269	-0.00045423293749852927	112.51272230909237	0.13943321496037425	-0.14735958326113016	0.1390912950915117	0.00016851701513598873	1599.565890624997	-0.00029488003086011657	-0.0004537173678666754	-0.14719145712969048	-0.0004537146960012564	112.65559030574292	0.13926791619858345	-0.14719145839663372	0.1392679124044113	0.00016831723738611345	-0.0006121737585381148	0.0	0.0	0.0	0.0017983819413749642	0.0	0.0	0.0	-0.0006568148852323833	112.65620031119316	0.0016221222772075652
20	20.0	nan	nan	1	1	0.001500000000000045	0.001500000000000028	0.0014999999999998368	0.9993165136977312	9.554531645028507e-22	5.6002642098902136e-21	-2.236166980751353e-22	1.0020000000000027	2.2821608697872615e-20	-5.1123732322717365e-22	-8.131516293641283e-22	0.9992319255772772	-0.00018198192773070547	0.008182408109082004	-0.24648837216294206	0.008204383185929148	116.0420183159716	0.2341089121866978	-0.24646751006968665	0.2334621706821005	0.00021434597817552518	1599.565890624997	-0.00018175829424693375	0.008194298328957935	-0.2461646295565381	0.008194301004599678	116.21064411588644	0.2338014290030139	-0.2461646317091772	0.23380142490959877	0.00021406445201249433	-0.0006837199855170709	0.0	0.0	0.0	0.0019980026626754952	0.0	0.0	0.0	-0.0007683695430083007	116.21211655186855	0.001816689118502988
22	22.0	nan	nan	1	1	0.001500000000000045	0.001500000000000028	0.0014999999999998368	0.9992457594352746	-9.181837148236616e-22	-1.7142358665650937e-20	-8.20774925889417e-22	1.0022000000000018	-9.783230540787169e-23	8.450741835637747e-22	-8.851494298807438e-22	0.9991155723900315	-8.454602915733095e-05	0.021241774398745705	-0.33366054741543355	0.021304576363760475	118.67436494116744	0.3301796143834593	-0.3336170783686575	0.3291634320689726	0.00027479260013425256	1599.565890624997	-8.443511294283335e-05	0.021276625534850845	-0.3331794030042268	0.02127662681976301	118.86907261328169	0.3297034895392559	-0.333179405023224	0.32970348674409183	0.0002743963443442897	-0.0007545251472449178	0.0	0.0	0.0	0.0021975835434891954	0.0	0.0	0.0	-0.0008848189468233831	118.87175585618452	0.002012909851069765
24	24.0	nan	nan	1	1	0.001500000000000045	0.001500000000000028	0.0014999999999998368	0.999175486523787	5.734413052911614e-22	8.571444030621485e-20	-8.732909686191836e-22	1.0024000000000015	-5.703835163515733e-20	6.056285572868247e-22	-1.1892342579450376e-21	0.9989964914774334	-2.752730277970089e-05	0.0383249703874915	-0.4089664504438445	0.03844865261639281	120.81327744405495	0.4187612670653732	-0.40889318891704113	0.41733942039630506	0.0002786926457966207	1599.565890624997	-2.7488980857234184e-05	0.03839512575364612	-0.40832394956859686	0.03839512662089998	121.03443090170235	0.4181033781839813	-0.4083239514146146	0.4181033766251719	0.000278254809713355	-0.0008248535744058145	0.0	0.0	0.0	0.002397124599723445	0.0	0.0	0.0	-0.0010040123743517077	121.03855646731242	0.002210126891610246
26	26.0	nan	nan	1	1	0.001500000000000045	0.001500000000000028	0.0014999999999998368	0.9991054228681366	1.2341270041495157e-21	-5.648227450528488e-21	-1.0223687673359406e-21	1.0025999999999757	3.8404473828509976e-21	5.035610871426816e-22	-2.295459287059154e-21	0.9988757591287328	2.178982989537308e-05	0.05734672579910949	-0.47458915034162075	0.0575473088245235	122.63055397230315	0.49641162901918034	-0.4744800584596809	0.4945676657189609	0.0002516191695404645	1599.565890624997	2.1757784245227537e-05	0.057462674689910315	-0.47378225322286854	0.05746267572117836	122.87849971834606	0.4955676292925066	-0.47378225485004066	0.49556762816610994	0.00025119136628626266	-0.0008949775047798999	0.0	0.0	0.0	0.0025966258472419953	0.0	0.0	0.0	-0.001124873304084242	122.8841414914119	0.0024080283303847577
28	28.0	nan	nan	1	1	0.001500000000000045	0.001500000000000028	0.0014999999999998368	0.999035356720211	-1.934623251528822e-21	3.401260799699643e-21	-1.8770250111155297e-21	1.0028000000000163	-5.955954520265976e-20	6.76779324856186e-22	3.473682116689886e-21	0.9987539628136864	8.419898040597154e-05	0.07628193140364954	-0.5314775608928818	0.07656938377274804	124.20622189020904	0.5621821993454622	-0.5313278630201131	0.5599139384797478	0.0002086118702588132	1599.565890624997	8.406863418205815e-05	0.076450847907238	-0.5305053272708755	0.07645084872643237	124.48126055715895	0.5611537976289742	-0.5305053283496133	0.5611537957179968	0.0002082302558894794	-0.0009651088475461975	0.0	0.0	0.0	0.0027960873020173517	0.0	0.0	0.0	-0.001246814136121243	124.48837040805704	0.002606445275492016
30	30.0	nan	nan	1	1	0.001500000000000045	0.001500000000000028	0.0014999999999998368	0.9989651173513276	5.443033719056134e-21	-3.3906305362116014e-20	-3.364414866494081e-21	1.0029999999999937	2.913793338554793e-22	1.2891841457210451e-21	7.514029275092899e-21	0.9986314760796849	0.00014067502790274632	0.09405201558052644	-0.5799549535817843	0.09443189801450977	125.58331212855495	0.6162118927862743	-0.5797612560611205	0.6135280056762061	0.00016639863081485112	1599.565890624997	0.00014044646946040533	0.09427847155539218	-0.5788193027568166	0.09427847200962976	125.88568833175914	0.6150052446835628	-0.578819302598658	0.6150052423071838	0.00016607279388356654	-0.0010354185094545321	0.0	0.0	0.0	0.0029955089797921723	0.0	0.0	0.0	-0.0013694612044031285	125.89413963878974	0.0028052698683619336
32	32.0	nan	nan	1	1	0.001500000000000045	0.001500000000000028	0.0014999999999998368	0.9988945769745463	-3.5160337640526005e-21	4.926851840999363e-20	-2.6325784000663655e-21	1.0031999999999843	-2.3353545388748316e-20	2.326799506107563e-21	6.484884244178923e-21	0.9985085692493902	0.0001710295276488676	0.11016464090041198	-0.6207290831208486	0.11063947133397371	126.79205768824981	0.6594215678639663	-0.6204892102356686	0.6563378026546454	0.00011955058293445192	1599.565890624997	0.0001707386237501157	0.11045128463917431	-0.6194338224556	0.11045128480262234	127.12196526262282	0.6580455685078921	-0.6194338209536399	0.6580455658725552	0.00011930111956662643	-0.0011060344561208484	0.0	0.0	0.0	0.0031948908965042377	0.0	0.0	0.0	-0.0014925440405185774	127.13160089834125	0.0030044187767171134
34	34.0	nan	nan	1	1	0.001500000000000045	0.001500000000000028	0.0014999999999998368	0.9988236547591894	1.2476795313055845e-21	4.655864825349031e-20	-3.755744088125568e-21	1.0034000000000123	-6.329877214831386e-21	2.1421463236061255e-21	2.054054897091678e-21	0.9983854476855675	0.0001706398827877618	0.124421100295347	-0.6550216433195774	0.12499116516171739	127.85895212006109	0.6932579835421594	-0.6547342677255698	0.6897933820927518	7.150241919294276e-05	1599.565890624997	0.00017033669059725892	0.12476908104832597	-0.6535709411909473	0.12476908141119103	128.21654785204083	0.6917225978909043	-0.6535709387687871	0.6917225952240514	7.13440599802613e-05	-0.0011770376779567104	0.0	0.0	0.0	0.0033942330680280094	0.0	0.0	0.0	-0.0016158571086486856	128.22720367764606	0.0032038200221430405
36	36.0	nan	nan	1	1	0.001500000000000045	0.001500000000000028	0.0014999999999998368	0.9987523138199178	8.480493867910055e-21	1.1310155658978814e-19	-9.046311876675928e-22	1.003600000000004	6.478616200369242e-20	8.707498697774208e-22	1.1197775562701851e-20	0.9982622617553903	0.00015121579294242579	0.136975351970827	-0.6842391970014471	0.13764019562390645	128.8082244087539	0.7193934992849981	-0.6839034623178941	0.7155673365076417	3.249679256467508e-05	1599.565890624997	0.00015093565547568753	0.13738520725213804	-0.6826364879348982	0.13738520786784508	129.19364215209703	0.7177084474949617	-0.6826364849757844	0.7177084447273439	3.24206745867729e-05	-0.0012484651885236425	0.0	0.0	0.0	0.0035935355101342006	0.0	0.0	0.0	-0.0017392498631653456	129.20516012186008	0.003403411367056549
38	38.0	nan	nan	1	1	0.001500000000000045	0.001500000000000028	0.0014999999999998368	0.9986805488851757	9.668034059960584e-21	5.31957866699382e-20	-2.3056236824262055e-21	1.0038000000000167	-7.477903319892503e-20	-3.396602118489744e-21	1.7194768829262295e-21	0.9981391161909892	0.0001270382476258274	0.14814708330492432	-0.7095659234989832	0.1489065174703073	129.6611896713964	0.739367107291327	-0.7091812306494402	0.7351974777318964	5.314009193863045e-06	1599.565890624997	0.00012679327732956303	0.14861937779059206	-0.7078137059170635	0.1486193781687024	130.0745509304964	0.7375412980155652	-0.7078137028424683	0.7375412951521484	5.300886663550355e-06	-0.001320322356905098	0.0	0.0	0.0	0.0037927982387128524	0.0	0.0	0.0	-0.001862617404299383	130.08678942562935	0.0036031409828089444
40	40.0	nan	nan	1	1	0.001500000000000045	0.001500000000000028	0.0014999999999998368	0.9986083726189855	-6.4281330367128856e-21	-6.105413483808997e-21	4.54009659728305e-22	1.0040000000000047	1.4505947441498246e-19	-6.207057437479513e-21	2.507217523872729e-21	0.9980160818826259	0.00010491043433946648	0.15810744275067667	-0.731772197267209	0.15896108727161337	130.43581700314812	0.754438163439392	-0.7313381682231047	0.749941650338362	-1.2342830396402604e-05	1599.565890624997	0.0001047001810676523	0.15864250976827476	-0.7298724807152721	0.158642509916554	130.8772377381726	0.7524796049264408	-0.7298724775733648	0.7524796019694684	-1.2310787802697396e-05	-0.0013925965936912536	0.0	0.0	0.0	0.0039920212695421006	0.0	0.0	0.0	-0.001985888689656578	130.8900744396763	0.0038029670441343385
42	44.333333333333336	nan	nan	1	1	0.001500000000000045	0.001500000000000028	0.0014999999999998368	0.998450534932379	-2.6647656520620288e-21	-8.321124618884159e-20	7.548757625930325e-21	1.0044333333333324	-5.080334211041843e-20	-3.0306838852758865e-21	-1.9922214919421143e-21	0.9977501816150804	4.785525772782748e-05	0.17516696000936774	-0.7704233317095325	0.17621656584120818	131.89478300172902	0.7737378119844244	-0.7698828976330003	0.7685896096457047	-0.0008231873690890304	1599.565890624997	4.775146796616015e-05	0.17583439174297794	-0.7682131831723609	0.17583438264465068	132.3973364722481	0.7715181550465728	-0.7682131550331048	0.7715181362101503	-0.0008208258539521858	-0.0015506667300686152	0.0	0.0	0.0	0.004423535059778598	0.0	0.0	0.0	-0.0022523530286742495	132.41150247245255	0.0042361128003292805
44	48.666666666666664	nan	nan	1	1	0.001500000000000045	0.001500000000000028	0.0014999999999998368	0.9982912276576763	2.474183238929811e-21	-2.1151767945655487e-19	5.016129113639966e-21	1.0048666666666515	-1.340006122556303e-19	4.2097537478538725e-21	2.618348246552493e-20	0.9974851824658514	-0.00014393197826285348	0.1874739448144255	-0.8008350685728156	0.1887087641852011	133.17155603450138	0.7830751011341766	-0.8001884373197606	0.7773228324856359	-0.00075272297138855	1599.565890624997	-0.000143596019528794	0.18826830388066557	-0.7983206950361442	0.18826828974521403	133.73582662157423	0.7806164883825809	-0.7983206779958395	0.7806164818511068	-0.0007503596549030758	-0.0017102339590667987	0.0	0.0	0.0	0.004854862726166767	0.0	0.0	0.0	-0.0025179849992759268	133.750653252362	0.004669328760039383
46	53.0	nan	nan	1	1	0.001500000000000045	0.001500000000000028	0.0014999999999998368	0.9981307133169248	-1.3283170678841938e-20	-2.447738870316532e-19	2.574980159653073e-22	1.0052999999999668	1.5535939505359475e-19	1.6351124013797012e-20	-1.2632649375350635e-20	0.997221095268525	6.697260984544762e-06	0.19617802428390335	-0.8251670293668343	0.19758709921323914	134.3211330758406	0.786369926304313	-0.8244150241541146	0.780050413674964	-0.000524186536998451	1599.565890624997	6.680517156310999e-06	0.19709312705096074	-0.8223539160764405	0.19709311152810816	134.94769479701537	0.7836890779280151	-0.8223539034079186	0.7836890795989574	-0.0005223995095707952	-0.0018710359797248126	0.0	0.0	0.0	0.005286004429204527	0.0	0.0	0.0	-0.002782773055359175	134.9627273252218	0.005102497471403062
48	57.33333333333333	nan	nan	1	1	0.001500000000000045	0.001500000000000028	0.0014999999999998368	0.9979692021100507	-1.78749362859075e-20	-1.8897897976306519e-19	-1.0523537336687427e-20	1.0057333333333438	1.5034157187406027e-19	1.8019778919887986e-20	-1.8921021975766562e-20	0.9969578745487268	-8.796606340290448e-06	0.20237195870751523	-0.8449665086001694	0.20394638107001647	135.38020413386926	0.7860123347927307	-0.8441102164760889	0.7791540460308906	-0.00042818054874284897	1599.565890624997	-8.773148989625852e-06	0.20340254762992	-0.8418592966867137	0.2034025302265849	136.0696343275796	0.7831219162188191	-0.8418592814471306	0.7831219254437041	-0.0004266059920135321	-0.0020328627560082576	0.0	0.0	0.0	0.005716960329239696	0.0	0.0	0.0	-0.003046762120845118	136.08488074321488	0.00553555338911375
50	61.666666666666664	nan	nan	1	1	0.001500000000000045	0.001500000000000028	0.0014999999999998368	0.997806879909269	-1.2796126734170715e-20	-9.281448222833721e-20	-6.171482053694832e-21	1.006166666666665	-2.4921064560937124e-19	1.0838633593066027e-20	-6.013933925505532e-21	0.9966954487898234	9.268590199878468e-07	0.20679255503599442	-0.8613003891524581	0.20852507932337952	136.37343949087423	0.7835047933489272	-0.8603409913563417	0.7761295402088317	-0.00034160075550778904	1599.565890624997	9.24232593668799e-07	0.2079342019737681	-0.8579030738185501	0.20793418497513255	137.12632113867497	0.7804143351508833	-0.857903056164051	0.7804143458815548	-0.00034025334466323675	-0.002195528500529459	0.0	0.0	0.0	0.006147730586232326	0.0	0.0	0.0	-0.003310023298048942	137.14167609672035	0.005968457447805058
52	66.0	nan	nan	1	1	0.001500000000000045	0.001500000000000028	0.0014999999999998368	0.9976439007180093	-8.272123762885497e-21	-6.029976729526529e-19	-1.4404642301006632e-20	1.006600000000003	4.269554273930026e-20	-9.488463075142672e-21	1.6667914336070123e-20	0.9964337390326872	3.3418852378477084e-05	0.20993048764156091	-0.8749744683361635	0.21181506853070792	137.3173177693156	0.7799016283943512	-0.8739130922487616	0.7720249391149174	-0.00026044623465369074	1599.565890624997	3.331855680180788e-05	0.2111793936606047	-0.8712903473925753	0.21117937601185566	138.13423782036534	0.7766178160922964	-0.8712903325993977	0.776617824141502	-0.0002593496135950318	-0.002358879251351584	0.0	0.0	0.0	0.006578315360125816	0.0	0.0	0.0	-0.0035726352353373674	138.14962727926934	0.006401188242187128
54	70.33333333333333	nan	nan	1	1	0.001500000000000045	0.001500000000000028	0.0014999999999998368	0.9974803897917768	2.1448568290373392e-20	-3.4104256961889346e-19	-2.0999640828328615e-20	1.0070333333333539	-1.3349239248727774e-21	-2.95851667816982e-20	-3.0815058621111445e-21	0.996172670736745	5.7767372847700974e-05	0.2121573549675109	-0.8865743492431929	0.2141891838896191	138.22307734057526	0.7758699525830957	-0.8854120204767923	0.7675023475590773	-0.0001980542477506896	1599.565890624997	5.7584307428915024e-05	0.21351043380560925	-0.8826061503437166	0.21351041608843113	139.10462453423727	0.7723972530913891	-0.8826061403694468	0.7723972576828957	-0.0001971677810390914	-0.002522789767980973	0.0	0.0	0.0	0.0070087148105785185	0.0	0.0	0.0	-0.003834672229854733	139.12001839081208	0.006833734258702001
56	74.66666666666666	nan	nan	1	1	0.001500000000000045	0.001500000000000028	0.0014999999999998368	0.9973164474370635	1.7581015853210258e-20	2.860599669467223e-20	-1.7642002225412567e-20	1.0074666666666843	-2.51331616109296e-19	-2.100302896011763e-20	-1.094535974442007e-20	0.9959121789992031	7.47891655236685e-05	0.21375766167291063	-0.896538929865656	0.21593316890141998	139.0985684899026	0.7717621991967862	-0.8952765550181229	0.7629109739272572	-0.00014983629348379551	1599.565890624997	7.453958290376417e-05	0.21521258562903986	-0.8922888892590365	0.2152125676533475	140.0453314642699	0.7681036623770502	-0.892288883387135	0.7681036647701198	-0.00014912599490061304	-0.002687159744935763	0.0	0.0	0.0	0.007438929097015839	0.0	0.0	0.0	-0.0040961989806470285	140.060710936002	0.007266089374178242
58	79.0	nan	nan	1	1	0.001500000000000045	0.001500000000000028	0.0014999999999998368	0.9971521529958316	-1.2027867851011064e-22	-1.169413686979287e-19	-8.031566405865275e-21	1.0079000000000022	5.448454729918561e-20	7.623296525288703e-22	1.8458541986565714e-20	0.9956522096844127	8.861270885550692e-05	0.21491660512102342	-0.9052416831179003	0.21723307576090403	139.94941076661976	0.767754865377886	-0.9038799918168055	0.7584252693796925	-0.00011003845606065776	1599.565890624997	8.830207433125226e-05	0.21647157575341372	-0.9007114154396233	0.2164715586601073	140.961976657654	0.7639126483033456	-0.9007114132362855	0.7639126491011617	-0.00010948777034859232	-0.002851909835829998	0.0	0.0	0.0	0.007868958378697841	0.0	0.0	0.0	-0.004357269441380071	140.9773278233722	0.007698250443715439
60	83.33333333333333	nan	nan	1	1	0.001500000000000045	0.001500000000000028	0.0014999999999998368	0.9969875694502263	3.2802197915370034e-20	-1.3270634591222574e-19	-7.968885967768457e-21	1.008333333333332	2.7841634163069953e-19	3.31698102144784e-20	1.7418385527337432e-20	0.9953927180763621	0.00010077240207287217	0.21574477493384403	-0.9130127580404128	0.21819994330623854	140.77971241280906	0.7639477318531976	-0.9115522365569432	0.7541434823029928	-7.683373789773723e-05	1599.565890624997	0.00010040215332980588	0.21739826994707317	-0.908203096810841	0.21739825303107888	141.85866578495813	0.7599233304908336	-0.9082030946998251	0.7599233325340338	-7.642898533865693e-05	-0.0030169770516589424	0.0	0.0	0.0	0.008298802814693303	0.0	0.0	0.0	-0.004617928159726633	141.873980674828	0.00813021603511938
62	87.66666666666666	nan	nan	1	1	0.001500000000000045	0.001500000000000028	0.0014999999999998368	0.9968227472027205	-2.5453340064991724e-22	-4.109126233720062e-19	3.5609265102570784e-21	1.0087666666666588	3.766416703260972e-19	3.306138999722985e-20	-7.945169045245338e-21	0.995133667279095	0.00010981191363907472	0.2163252694428268	-0.9201263961844345	0.21891726002451672	141.59254182255037	0.7604112416399299	-0.9185672762749589	0.7501346490883667	-4.9603452011063974e-05	1599.565890624997	0.0001093899231485454	0.2180760106869105	-0.9150373610415931	0.21807599427400082	142.73846390304453	0.756205559086137	-0.9150373618726488	0.7562055610634577	-4.932910523486311e-05	-0.003182310981877489	0.0	0.0	0.0	0.008728462563831623	0.0	0.0	0.0	-0.004878211872251118	142.75374109467703	0.00856198569254017
64	92.0	nan	nan	1	1	0.001500000000000045	0.001500000000000028	0.0014999999999998368	0.9966577271667633	-2.976219666767435e-20	-4.866881908333759e-19	1.5331296345302837e-20	1.009200000000008	-3.056569212143978e-19	2.8392544391964146e-21	2.5261910618912255e-20	0.9948750265121791	0.00011656038597864058	0.21673348230888448	-0.9267891146325579	0.2194609123799858	142.39022315004868	0.7571972516468484	-0.9251313875924653	0.7464493023572722	-2.791466921471525e-05	1599.565890624997	0.00011609277857427074	0.21858051327713285	-0.9214200202095038	0.21858049707647484	143.60369117968662	0.7528106404137408	-0.9214200213060421	0.7528106405455101	-2.7752953358933364e-05	-0.003347870703636314	0.0	0.0	0.0	0.009157937784773425	0.0	0.0	0.0	-0.005138151207370055	143.61893323298375	0.008993559556113426
66	96.33333333333333	nan	nan	1	1	0.001500000000000045	0.001500000000000028	0.0014999999999998368	0.9964925431175059	-7.575015647295208e-21	-4.541113036819755e-20	2.1232574888823547e-20	1.009633333333329	1.589711435406871e-20	-3.0513514891888916e-20	-3.270902429117206e-20	0.9946167697488355	0.00012216112717004516	0.2170320063513359	-0.933143102558882	0.21989400241033122	143.1745538581675	0.7543438380596962	-0.9313865803138404	0.7431242684299824	-1.1224790156458941e-05	1599.565890624997	0.00012165040899365965	0.21897470740551278	-0.9274927352432268	0.2189746930808356	144.45614066827744	0.7497761358973482	-0.9274927389026872	0.7497761366218393	-1.1156821816714239e-05	-0.0035136224305364495	0.0	0.0	0.0	0.009587228635901316	0.0	0.0	0.0	-0.005397772046500909	144.47135247572714	0.009424938124075318
68	100.66666666666666	nan	nan	1	1	0.001500000000000045	0.001500000000000028	0.0014999999999998368	0.9963272232800284	-4.097013662574325e-20	-3.5543874159042753e-19	1.8659288795064982e-20	1.0100666666666722	-5.072914202423895e-19	-2.785721956929943e-20	1.620882247865829e-20	0.9943588746699282	0.00012655451841337621	0.2172644400716191	-0.9392773989657394	0.22026052413083305	143.9469227107833	0.7518750816092211	-0.9374217610260545	0.7401824887733588	3.854183435179237e-06	1599.565890624997	0.00012600403776831702	0.21930245804665466	-0.933344207003512	0.21930244569219018	145.29719621085044	0.7471256655200924	-0.9333442097685254	0.7471256646397335	3.829837474972274e-06	-0.003679537924395253	0.0	0.0	0.0	0.010016335275493617	0.0	0.0	0.0	-0.005657096569730745	145.31238291164374	0.009856122143792077
70	105.0	nan	nan	1	1	0.001500000000000045	0.001500000000000028	0.0014999999999998368	0.9961617916396702	2.6312231473507586e-20	1.1094098729957924e-19	5.537901409148616e-21	1.0104999999999897	6.745296053482786e-19	1.518221854658608e-20	-1.8194267707022372e-20	0.9941013219455642	0.00012942539418846498	0.21745945914462383	-0.9452468508877566	0.2205894406664505	144.708446510422	0.7497981445321739	-0.943291695223243	0.7376302056221351	1.542044277118054e-05	1599.565890624997	0.00012884053727972534	0.21959263604397458	-0.9390290788083925	0.21959262501695825	146.12796956290813	0.7448660212843125	-0.9390290799276342	0.7448660173963656	1.5319008105279187e-05	-0.003845593184423887	0.0	0.0	0.0	0.010445257861528055	0.0	0.0	0.0	-0.005916143973588693	146.14313835626206	0.010287112478979149
72	109.33333333333333	nan	nan	1	1	0.001500000000000045	0.001500000000000028	0.0014999999999998368	0.9959962686265045	5.308016667263798e-20	-5.100391951232825e-19	9.571472303973593e-22	1.0109333333333572	2.1352006534386402e-20	3.9451406551316293e-20	-6.020032562725764e-20	0.9938440947725523	0.0001305552079831008	0.2176376758758553	-0.9510861980915732	0.2209016027781579	145.46001124973	0.748109509701706	-0.9490310713676634	0.735463152203086	2.3868902620628186e-05	1599.565890624997	0.00012994315964771113	0.21986601574902156	-0.9445819692796233	0.21986600672378306	146.9493413563604	0.7429933851724474	-0.9445819735764877	0.7429933827144314	2.3705669462112886e-05	-0.0040117677634876866	0.0	0.0	0.0	0.010873996551902408	0.0	0.0	0.0	-0.006174930932510005	146.96449976945092	0.010717910062838317
74	113.66666666666666	nan	nan	1	1	0.001500000000000045	0.001500000000000028	0.0014999999999998368	0.9958306717573833	5.460249663709078e-20	-6.659813488445881e-19	-8.18403233637105e-21	1.011366666666664	6.851209053207463e-19	3.5344990823027446e-20	1.941738328285758e-20	0.9935871785701695	0.00013120430171998314	0.21781403305634212	-0.9568179295898585	0.22121215012701656	146.20234629401781	0.7467950729301912	-0.954662328874936	0.7336666610940827	3.026125599759616e-05	1599.565890624997	0.0001305670103011258	0.2201376770476619	-0.9500252989966664	0.22013766855000283	147.76203553311782	0.7414934341310467	-0.9500253001942954	0.7414934301261861	3.0046425644902184e-05	-0.00417804412630345	0.0	0.0	0.0	0.011302551504124356	0.0	0.0	0.0	-0.006433471901709664	147.77718997145809	0.011148515813278928
76	118.0	nan	nan	1	1	0.001500000000000045	0.001500000000000028	0.0014999999999998368	0.995665015918232	3.791319471910248e-20	1.1251985671326126e-20	-6.795745335821251e-21	1.011799999999997	-3.632483853641122e-19	1.7157499379583108e-20	1.5178830414797064e-20	0.9933305607943228	0.00013049555389438753	0.21800046593318773	-0.962455521642314	0.22153320591250622	146.93605006157534	0.7458362334179757	-0.9601989319519055	0.7322217011198497	3.618408522854666e-05	1599.565890624997	0.00012983962211770233	0.2204196846896972	-0.9553725205595897	0.22041967625565245	148.56664496326385	0.7403473991497488	-0.955372522372341	0.740347392345736	3.5917795608831185e-05	-0.004344407368321518	0.0	0.0	0.0	0.011730922875695627	0.0	0.0	0.0	-0.006691779301346762	148.58180129780584	0.011578930606447494
78	122.33333333333333	nan	nan	1	1	0.001500000000000045	0.001500000000000028	0.0014999999999998368	0.9954993138907777	-1.408202862722115e-20	-2.4997636339368912e-20	2.9095581738185217e-21	1.0122333333333406	2.3443839100925624e-19	-4.702726923155875e-21	-2.0233923044010728e-20	0.9930742305433495	0.0001310558581415715	0.21820475127752265	-0.9680105195824609	0.2218726931672154	147.66161708368895	0.7452105147186976	-0.9656524021790744	0.7311054917493377	4.022129226685273e-05	1599.565890624997	0.00013037493091595616	0.22071991761109708	-0.960635157824356	0.22071990870156438	149.36365851897236	0.7395326868224009	-0.9606351597570354	0.7395326772637382	3.991484251775861e-05	-0.0045108446887938665	0.0	0.0	0.0	0.01215911082381688	0.0	0.0	0.0	-0.00694986391080209	149.37882175332132	0.012009155275742782
80	126.66666666666666	nan	nan	1	1	0.001500000000000045	0.001500000000000028	0.0014999999999998368	0.995333576493953	8.161374205031997e-21	2.0584933497352909e-19	3.0321238412862187e-20	1.0126666666666464	7.175114452237507e-19	-2.4713033269091465e-20	-1.641549851778834e-20	0.9928181785245156	0.00012971334137035152	0.2184312258762648	-0.9734900936044202	0.2222350563655249	148.37946594133473	0.7448946427822287	-0.9710299007666993	0.7302945356955817	4.3400199345811184e-05	1599.565890624997	0.0001290174373819161	0.22104278706897607	-0.9658203834287649	0.22104277914514758	150.15348910809166	0.7390259379447868	-0.9658203858957188	0.7390259286592967	4.3058267822588834e-05	-0.004677345250451295	0.0	0.0	0.0	0.012587115505451187	0.0	0.0	0.0	-0.00720773490027128	150.16866496826717	0.012439190573496545
82	131.0	nan	nan	1	1	0.001500000000000045	0.001500000000000028	0.0014999999999998368	0.995167813022796	-6.643554691023335e-20	-1.3900149477621971e-19	2.957500238633115e-20	1.013100000000009	2.7286658176028933e-19	-1.679158114636925e-20	1.4850181631262394e-20	0.9925623967095782	0.00012812028700538564	0.21868133185958913	-0.9789016397658524	0.22262180124290215	149.08995255544696	0.7448649736487604	-0.9763388103241045	0.7297650318697448	4.595337899944701e-05	1599.565890624997	0.00012741124798359488	0.2213897813194392	-0.9709355876937765	0.22138977509097857	150.93648695339525	0.7388034523214789	-0.970935588623707	0.7388034426457235	4.557942211233324e-05	-0.00484389974010225	0.0	0.0	0.0	0.013014937077503749	0.0	0.0	0.0	-0.007465400175677623	150.95167989424206	0.01286903718245766
84	135.33333333333331	nan	nan	1	1	0.001500000000000045	0.001500000000000028	0.0014999999999998368	0.9950020314604654	-3.6315584701462464e-20	2.612656185146944e-19	4.189170847235593e-20	1.0135333333333427	5.152128723651117e-19	-5.285485590866834e-22	-2.5705755883273506e-20	0.9923068781431507	0.00012657553870130083	0.21895365179211304	-0.9842516210387542	0.2230315229627586	149.79338061713827	0.7450979337901917	-0.9815855863751243	0.7294933194893044	4.800586386102146e-05	1599.565890624997	0.00012585362995953358	0.2217594949402871	-0.9759872289755814	0.2217594888259229	151.71295002009794	0.738841625628054	-0.9759872280914679	0.7388416167904666	4.760277660995848e-05	-0.005010500156819041	0.0	0.0	0.0	0.013442575696497684	0.0	0.0	0.0	-0.007722866570141802	151.72816394486853	0.013298695728452565
86	139.66666666666666	nan	nan	1	1	0.001500000000000045	0.001500000000000028	0.0014999999999998368	0.9948362387320661	-3.535335527338158e-20	-3.4087993929302063e-19	3.858827997806416e-20	1.013966666666656	1.469161706353639e-19	1.0686167662560253e-20	1.4762090204747947e-20	0.992051616761377	0.0001253054504249859	0.21924484152385781	-0.9895468590317686	0.2234608542466879	150.49001758467358	0.7455718409733781	-0.9867770429189406	0.7294576520223005	4.816804432818117e-05	1599.565890624997	0.00012456958413206454	0.2221485678812078	-0.9809821152259968	0.2221485624838802	152.48314010259213	0.739118754140297	-0.9809821157066749	0.7391187477909655	4.7751139402931246e-05	-0.005177139557886496	0.0	0.0	0.0	0.013870031518852442	0.0	0.0	0.0	-0.007980140025353315	152.4983791940927	0.013728166780248218
88	144.0	nan	nan	1	1	0.001500000000000045	0.001500000000000028	0.0014999999999998368	0.9946704408091841	2.5970136041935256e-20	-8.70045138365305e-19	2.0821763909405212e-20	1.0144000000000164	-9.79712188112214e-20	1.691355389077387e-20	-1.6855955650360576e-20	0.9917966073007903	0.00012292657976176448	0.2195503270629507	-0.9947933493873001	0.22390516077919867	151.18009474056072	0.7462652830579304	-0.9919191596045374	0.7296366018239497	4.8232201341524116e-05	1599.565890624997	0.0001221838876343391	0.22255238772472621	-0.9859262294326377	0.22255238092863178	153.24728280325036	0.7396134253761814	-0.9859262282766725	0.7396134183881956	4.780228218772583e-05	-0.00534381195458738	0.0	0.0	0.0	0.014297304700840374	0.0	0.0	0.0	-0.008237225682308929	153.26255074541578	0.014157450853886627
90	148.33333333333331	nan	nan	1	1	0.001500000000000045	0.001500000000000028	0.0014999999999998368	0.994504642992913	1.2515711183026258e-19	-3.6981458477122755e-19	-1.4640117460343326e-20	1.0148333333333346	-5.55463878018636e-19	2.473336205982557e-20	-7.521313758439286e-20	0.9915418450680125	0.00012092047520452487	0.21986486402042424	-0.9999952804812389	0.22435912051734277	151.86381829358558	0.7471587162902429	-0.9970161220417142	0.7300106335846916	4.906378041741988e-05	1599.565890624997	0.00012016945029595572	0.2229656543674927	-0.9908237581500022	0.22296564858723103	154.00557870597217	0.7403061010977627	-0.990823755193732	0.740306093643587	4.8613788735922356e-05	-0.005510512028407096	0.0	0.0	0.0	0.01472439539838326	0.0	0.0	0.0	-0.008494128112526792	154.02087772299225	0.014586548426812639
92	152.66666666666666	nan	nan	1	1	0.001500000000000045	0.001500000000000028	0.0014999999999998368	0.994338849969289	7.710736795224949e-20	-2.6672728695859017e-19	-4.31766574533407e-20	1.015266666666666	-1.1030876190774864e-18	9.622294280808851e-21	-1.724220267430854e-20	0.9912873258616065	0.00011878301106688472	0.2201845548134272	-1.00515637032785	0.22481876610157153	152.54137089384136	0.7482343010783691	-1.0020716464990134	0.7305619278685468	4.932368939883358e-05	1599.565890624997	0.00011802517389950569	0.2233844251032186	-0.995678418108234	0.22338441942736412	154.75820486342135	0.741178952115714	-0.9956784162611779	0.7411789459869164	4.8858600000589135e-05	-0.005677235075841128	0.0	0.0	0.0	0.01515130376734298	0.0	0.0	0.0	-0.008750851396141294	154.7735378317663	0.015015459952149484
94	157.0	nan	nan	1	1	0.001500000000000045	0.001500000000000028	0.0014999999999998368	0.994173065956326	5.625699021109484e-20	-4.0513924680352085e-19	-9.087816491091388e-21	1.0156999999999954	5.41457341202839e-19	-1.829591166069289e-21	5.256347657481286e-20	0.9910330458923857	0.00011709851881607053	0.22050535831674442	-1.0102792587996485	0.22527997905316388	153.21291989081396	0.7494754304729068	-1.0070883654102711	0.7312739100774416	4.873999349452263e-05	1599.565890624997	0.00011633162991717481	0.22380460485159406	-1.0004928548075604	0.2238045998867477	155.50532311812177	0.7422153889736222	-1.0004928516885845	0.7422153807621734	4.8267857436344186e-05	-0.005843976861011574	0.0	0.0	0.0	0.015578029963313872	0.0	0.0	0.0	-0.009007399201671285	155.52069250220748	0.015444185849649652
96	161.33333333333331	nan	nan	1	1	0.001500000000000045	0.001500000000000028	0.0014999999999998368	0.9940072946905723	-1.0768773227252248e-20	-6.861644499117637e-19	4.608346277008065e-20	1.0161333333333276	-6.266891844873557e-19	-3.5128150388530345e-20	2.1819568721270777e-21	0.9907790017649438	0.00011453796859853449	0.2208246788953971	-1.0153655079323909	0.22574010648099585	153.8786130578808	0.7508670144325857	-1.0120678459306203	0.7321315392753649	4.868109231985673e-05	1599.565890624997	0.00011376848750815196	0.22422355934696814	-1.0052686442440557	0.22422355484834847	156.2470757335813	0.7434003417580025	-1.0052686414470997	0.7434003321895863	4.8197004225950806e-05	-0.006010733629581601	0.0	0.0	0.0	0.016004574141709964	0.0	0.0	0.0	-0.009263774804124072	156.26248374001162	0.015872726515045243
98	165.66666666666666	nan	nan	1	1	0.001500000000000045	0.001500000000000028	0.0014999999999998368	0.9938415395858233	5.803677848684354e-20	-4.436758577718025e-19	4.894050490116941e-20	1.0165666666666597	7.96353271954181e-19	-5.96243432231247e-20	1.4324682390785827e-19	0.990525190346123	0.00011264306850711265	0.2211410166527246	-1.020416824442709	0.22619760937338892	154.53858431774177	0.7523953860656704	-1.0170117940755687	0.7331212011214804	4.750071185796878e-05	1599.565890624997	0.0001118672811062291	0.22463976295083524	-1.0100075042005219	0.22463975714344123	156.98359116441847	0.7447201651807354	-1.0100075021395367	0.7447201578745745	4.701615485183422e-05	-0.006177501949460833	0.0	0.0	0.0	0.016430936457739295	0.0	0.0	0.0	-0.009519981217273618	156.99903984319812	0.016301082329732434
100	170.0	nan	nan	1	1	0.001500000000000045	0.001500000000000028	0.0014999999999998368	0.993675803677078	-4.2519644436402085e-20	-2.9123025605676257e-19	5.536270870725151e-20	1.0169999999999975	-4.606232929804666e-19	-3.408460579751305e-20	5.79268891968271e-20	0.9902716088457257	0.00010968660695454163	0.2214534036214582	-1.0254334943892747	0.22665149584676825	155.19295922781015	0.7540482363354937	-1.0219204999656706	0.7342306316133735	4.677717050522539e-05	1599.565890624997	0.00010891264903488353	0.2250522280280231	-1.01470974516257	0.22505222383823828	157.71498959746197	0.7461625721402582	-1.0147097430084653	0.7461625643535653	4.628798554220493e-05	-0.006344278767475839	0.0	0.0	0.0	0.016857117066420187	0.0	0.0	0.0	-0.009776021111811018	157.73048086882957	0.01672925364198088
102	208.75	nan	nan	1	1	0.001500000000000045	0.001500000000000028	0.0014999999999998368	0.9921947536120357	1.8176247081069537e-19	1.3293741650023672e-18	9.099674952352949e-20	1.0208749999999953	-2.553160590931802e-18	1.3178477406561307e-19	-7.776778895331182e-20	0.9880156829335441	-0.00802855536858544	0.22377144018942444	-1.0682831361227993	0.23023675903587545	160.73344008375557	0.7714106182019522	-1.063783393360687	0.7465838648997921	-0.007273315612627417	1599.565890624997	-0.007959778817608548	0.228267400131315	-1.0546706922939526	0.22826443780651148	163.9628562564678	0.7615810296273714	-1.0546705020093836	0.7615840416292707	-0.007180636437155547	-0.007835866760658044	0.0	0.0	0.0	0.020660102696298113	0.0	0.0	0.0	-0.01205670794573219	163.98638384129043	0.02054926586516664
104	247.5	nan	nan	1	1	0.001500000000000045	0.001500000000000028	0.0014999999999998368	0.9907160929657589	1.0125093038299005e-19	1.7209676609133972e-19	2.3150257481407282e-20	1.0247500000000138	5.534174464180697e-19	-4.0223900599212214e-20	-2.9608883704221325e-20	0.9857754732552146	-0.006858436139201023	0.22639862169968294	-1.1085225400855039	0.23417267796304647	165.91383779153293	0.7937035687377504	-1.1029939465727046	0.763518126877307	-0.006090361197339942	1599.565890624997	-0.0067893651021587965	0.2318176785922264	-1.0918862163657324	0.23181433425530043	169.88513637764	0.7817919394928994	-1.0918857384922034	0.7817936275714975	-0.005998959158332718	-0.009327271099798324	0.0	0.0	0.0	0.024448680402323588	0.0	0.0	0.0	-0.014326665061746098	169.90792686166535	0.024355406681147596
106	286.25	nan	nan	1	1	0.001500000000000045	0.001500000000000028	0.0014999999999998368	0.9892412237783222	1.647961891189549e-19	2.991720369702189e-20	-4.054407905327434e-20	1.0286249999999983	5.063901771865109e-19	-9.679214894864341e-20	-1.363994095622545e-19	0.9835514464968617	-0.005782704745681132	0.22897060714930773	-1.146293579105476	0.2380831235530451	170.76152660072108	0.8181661351909552	-1.1397000039893654	0.7823161342891791	-0.0050464387122759686	1599.565890624997	-0.005715797864175987	0.2353317087610159	-1.126513961057868	0.23532846115257663	175.50550416011708	0.8040484484582132	-1.1265134802998615	0.8040498951620197	-0.0049593609932265656	-0.01081707034724024	0.0	0.0	0.0	0.028222958943738982	0.0	0.0	0.0	-0.01658533291577283	175.52768526360848	0.02814715205434643
108	325.0	nan	nan	1	1	0.001500000000000045	0.001500000000000028	0.0014999999999998368	0.9877705079904039	1.1959088775694015e-19	1.7456197078102864e-18	-1.9041300654276673e-21	1.03250000000001	1.5459638777470808e-18	-6.461844948013606e-20	-7.830650190776555e-20	0.9813431339571456	-0.006940202419726522	0.23130009248409295	-1.18170224714293	0.24177080805652945	175.30398085086185	0.8436519254470669	-1.1740124666462004	0.8018533647965657	-0.006144036638453183	1599.565890624997	-0.0068495365712301646	0.2386156163556548	-1.1586758251158316	0.2386123475205961	180.84846828673477	0.8272126867756618	-1.158675329485585	0.8272142601107986	-0.006024315125754844	-0.012304887577237782	0.0	0.0	0.0	0.03198304585306085	0.0	0.0	0.0	-0.0188331008026282	180.87218687109575	0.03192463129996866
110	363.75	nan	nan	1	1	0.001500000000000045	0.001500000000000028	0.0014999999999998368	0.9863043885298202	1.6672488313985296e-19	9.054375630333789e-19	5.427787126005556e-20	1.0363749999999867	-9.559546080076254e-19	3.2959746043559334e-20	-4.2971675480105164e-20	0.9791503461388817	0.019091693719651297	0.2332793896790908	-1.2148965069760358	0.24512634443218737	179.58629251129355	0.8694888474786169	-1.2060829195578906	0.8214770627210481	0.01577147288101572	1599.565890624997	0.018813870424310212	0.24155499535673947	-1.1885333973107746	0.24155925343517615	185.95713111807657	0.8506210429313341	-1.188531939739831	0.8506190295860351	0.015429233795828267	-0.013790261544285089	0.0	0.0	0.0	0.03572904745423313	0.0	0.0	0.0	-0.021070077109797705	185.95771215135792	0.0356878386680919
112	402.5	nan	nan	1	1	0.001500000000000045	0.001500000000000028	0.0014999999999998368	0.9848425656159885	2.594631324029373e-20	-2.5378462352454444e-19	9.843878099810576e-20	1.0402500000000034	-1.6097691755978527e-18	1.3723288998235272e-19	-2.766070792553643e-20	0.9769726199421943	0.01767903584072284	0.23485937487533193	-1.2461293320822542	0.24807779737503885	183.5903728607592	0.8951157997321821	-1.2361698490986244	0.8406648735649284	0.014607901746103387	1599.565890624997	0.01739556180317738	0.24409489525024672	-1.2163500672477	0.24410000042497554	190.8098105778773	0.8737248495542603	-1.2163485160025755	0.8737228580392775	0.014258810713916974	-0.015273482446462037	0.0	0.0	0.0	0.039461068880916925	0.0	0.0	0.0	-0.023296651956212833	190.81208440093258	0.03943707754177754
114	441.25	nan	nan	1	1	0.001500000000000045	0.001500000000000028	0.0014999999999998368	0.9833853872161206	7.058494956059535e-20	1.9480402534133302e-18	1.795930076745403e-19	1.0441249999999898	3.438831793108055e-18	2.552482964573999e-19	1.2756993812007567e-19	0.9748098211930285	0.016797309012895844	0.2360211247489228	-1.2755105099607784	0.25060502154538666	187.35429607958372	0.9202768862612185	-1.264385795808313	0.8591815426352488	0.013818149838914964	1599.565890624997	0.01650316802312765	0.24621087358418894	-1.2422465420928646	0.2462166276055212	195.4429501027773	0.8962770363696497	-1.2422448868601965	0.8962750194698458	0.013457787075420509	-0.016754183565462866	0.0	0.0	0.0	0.0431792140939237	0.0	0.0	0.0	-0.02551288219666431	195.44644442360118	0.04317234467033983
116	480.0	nan	nan	1	1	0.001500000000000045	0.001500000000000028	0.0014999999999998368	0.9819329501785814	1.0992115963108506e-19	4.061014762316018e-20	1.4316212061313282e-19	1.0480000000000178	-7.345469718589293e-21	2.6991213084026633e-19	2.901731589385892e-19	0.9726617258758138	0.01612132865821522	0.23679484636936016	-1.303215352051811	0.25273355071544046	190.894397906285	0.9447468698064314	-1.2909088422911883	0.8768293506641149	0.013219420299985121	1599.565890624997	0.015815310486389216	0.24792971757959795	-1.266406325462346	0.2479361136810171	199.8708793121633	0.9180627054461299	-1.2664045615158774	0.918060745868435	0.012846040725724149	-0.01823225179932578	0.0	0.0	0.0	0.0468835858988672	0.0	0.0	0.0	-0.027718918214604735	199.8753719495206	0.046893739877900284
118	518.75	nan	nan	1	1	0.001500000000000045	0.001500000000000028	0.0014999999999998368	0.9804853308151202	2.833392971201415e-19	2.887996103113216e-18	9.170995126511761e-20	1.0518750000000041	-3.5315175263284093e-19	7.752045533271356e-20	3.107187901071895e-19	0.9705281285709684	0.015612891728348567	0.2372235755643423	-1.329405164483613	0.2545031473741463	194.2255279691036	0.9684065303421401	-1.3159025615595616	0.8935128980037671	0.012765435367063576	1599.565890624997	0.015293647912392586	0.2492921597187196	-1.288997656472875	0.24929920710771863	204.1066164049691	0.9389716404546387	-1.288995710318433	0.9389697442591478	0.012377427673370328	-0.019707594380527646	0.0	0.0	0.0	0.05057428596293731	0.0	0.0	0.0	-0.029914893206310036	204.11192809025516	0.05060136058177607
120	557.5	nan	nan	1	1	0.001500000000000045	0.001500000000000028	0.0014999999999998368	0.9790425856763431	6.737300062460705e-20	4.155272588686476e-19	-2.3689817468808272e-20	1.0557500000000308	-1.9768258210928203e-18	-3.0899761915836874e-20	3.536701367965606e-19	0.9684088401646799	0.0152105952969447	0.23734138017107517	-1.35420836145469	0.25594483474821783	197.3611958745925	0.9911993523331231	-1.3394977024268073	0.9091966815192771	0.012401922190351643	1599.565890624997	0.014877377260992558	0.2503301360608257	-1.3101554206825905	0.25033785924976204	208.16199425823964	0.958955240123707	-1.3101533681090884	0.9589534232366844	0.011998482690742537	-0.021180138239012398	0.0	0.0	0.0	0.054251414831945524	0.0	0.0	0.0	-0.03210092533053118	208.16800379244114	0.054295302520222403
122	596.25	nan	nan	1	1	0.001500000000000045	0.001500000000000028	0.0014999999999998368	0.9776047571095835	-1.353355361805031e-19	5.409626739616424e-19	-2.1018953179526012e-19	1.0596250000000036	9.074772183703671e-19	-2.1716569514884655e-19	1.3454271334187307e-19	0.9663036836437651	0.01487908190886258	0.23717194234168637	-1.3777218129485151	0.25707907917531364	200.31379747044534	1.0131086821476056	-1.3617932037230478	0.9238823950338182	0.012101523040849443	1599.565890624997	0.014531495216424009	0.251065112927048	-1.3299828232962045	0.25107351597100896	212.0478741549846	0.9780037832927322	-1.3299806766890057	0.9780020163865215	0.011682197108869082	-0.0226498244661879	0.0	0.0	0.0	0.05791507194643597	0.0	0.0	0.0	-0.03427712187220294	212.05449225276823	0.05797565998865045
124	635.0	nan	nan	1	1	0.001500000000000045	0.001500000000000028	0.0014999999999998368	0.9761718771304901	-4.185020385794047e-20	-5.307779498038567e-19	-2.1257816470651724e-19	1.0635000000000072	6.78968057991891e-19	-2.0708261494473134e-19	-1.87709277375131e-19	0.9642124904718865	0.014593691729753356	0.23673684353120067	-1.4000156984909171	0.257924643093307	203.09472348890677	1.034143554722132	-1.382861310950477	0.9375951311166972	0.01183834249457384	1599.565890624997	0.014231639065096268	0.2515166893778456	-1.3485564156323835	0.251525830096437	215.7742399539365	0.9961323483077056	-1.3485541163247294	0.9961306395646812	0.011403209791661203	-0.02411660445616088	0.0	0.0	0.0	0.06156535565816162	0.0	0.0	0.0	-0.03644358286107648	215.78140300907552	0.06164252629348851
126	673.75	nan	nan	1	1	0.001500000000000045	0.001500000000000028	0.0014999999999998368	0.9747439696103258	-1.2419535885821453e-19	3.3292799398419727e-19	-1.7537647766310838e-19	1.0673749999999969	3.3343553612619205e-18	-1.0267394573437726e-19	-1.3315357930837602e-20	0.962135098956465	0.014340474766289427	0.2360634910886526	-1.4211370539516905	0.2585069999783844	205.7144781126606	1.0543393494074451	-1.4027512541197429	0.9503831419307729	0.011603433536231333	1599.565890624997	0.013964019446788212	0.251711008881334	-1.3659297986317693	0.2517208693337472	219.35030524389273	1.0133811733506584	-1.3659272869808212	1.013379486916798	0.011152672143414793	-0.02558043773992591	0.0	0.0	0.0	0.06520236324563043	0.0	0.0	0.0	-0.0386004026708922	219.35796179860068	0.06529599384258172
128	712.5	nan	nan	1	1	0.001500000000000045	0.001500000000000028	0.0014999999999998368	0.9733210519996375	3.6788334965148774e-20	-1.953518862516171e-18	-2.7073883499678653e-19	1.0712500000000025	4.980878990507032e-18	-2.3689817468808272e-20	-4.510823138625941e-19	0.9600713527109891	0.014109259621588047	0.2351889374357984	-1.4411142569904156	0.2588628248187598	208.18275845141102	1.073750624633103	-1.4214937864760868	0.9623110801395351	0.011384803102005885	1599.565890624997	0.013718602701629081	0.25168495882800485	-1.3821381764265666	0.25169543570354036	222.78458145526926	1.0298085131477217	-1.382135492755565	1.0298070446054335	0.010918892046244312	-0.02704129027611616	0.0	0.0	0.0	0.0688261909298546	0.0	0.0	0.0	-0.04074767154166273	222.7926917576369	0.06893615432187264
130	751.25	nan	nan	1	1	0.001500000000000045	0.001500000000000028	0.0014999999999998368	0.971903136869088	1.817800467443509e-19	-4.262002128172307e-18	-2.8350362151190883e-19	1.0751250000000114	6.969088934410949e-18	1.4842727741326556e-19	-3.7108174606031996e-19	0.9580210995351083	0.01389533074978597	0.23415007858810677	-1.4599696487975904	0.25902944326376365	210.50854477335426	1.0924311196173433	-1.4391134630441924	0.9734410337378101	0.011179529116885991	1599.565890624997	0.013490711467869898	0.2514758298290717	-1.3972106356436829	0.25148674354572204	226.08495927995148	1.0454713084580718	-1.397207799444089	1.0454700388100542	0.010698960075276816	-0.028499132914294796	0.0	0.0	0.0	0.07243693388951739	0.0	0.0	0.0	-0.04288547668689508	226.0934881413785	0.07256309874879276
132	790.0	nan	nan	1	1	0.001500000000000045	0.001500000000000028	0.0014999999999998368	0.9704902335670087	2.1026745882640753e-20	-1.0410221269003747e-18	-2.8085240838700287e-19	1.0789999999999842	-7.684228687382388e-18	3.1734597588650715e-19	-2.49556235051851e-19	0.9559841899232833	0.013693568678824862	0.23297690697000034	-1.4777328605284823	0.2590374964434497	212.70016120871037	1.1104223417348682	-1.455641925153499	0.9838230579154615	0.010983047814181223	1599.565890624997	0.013275304445858506	0.2511140404738179	-1.4111829379558616	0.2511253062539787	229.25876038619305	1.0604143038551832	-1.4111799614698108	1.0604131817076212	0.010488424596975542	-0.029953939724059127	0.0	0.0	0.0	0.07603468627598337	0.0	0.0	0.0	-0.04501390380463681	229.26767812362	0.07617691764714732
134	828.75	nan	nan	1	1	0.001500000000000045	0.001500000000000028	0.0014999999999998368	0.9690823489592338	5.261768668343714e-19	-4.126744519022951e-18	-2.0871908259882666e-19	1.0828750000000122	-1.710871028182126e-19	-8.283304597789254e-20	-5.1242105177096155e-20	0.9539604765738795	0.013495267952368094	0.2316929577908637	-1.4944438519394068	0.2589111162634703	214.76534074900943	1.1277582117235387	-1.4711208128338131	0.9934993261890176	0.010791233833308548	1599.565890624997	0.013063898657901394	0.25062348725207534	-1.424100346091306	0.2506351556862992	232.31279514322577	1.074674607238387	-1.424097193195638	1.0746734302422427	0.010283290213160858	-0.031405687256197544	0.0	0.0	0.0	0.07961954122817842	0.0	0.0	0.0	-0.04713303755990316	232.3220791669439	0.07977770105739264
136	867.5	nan	nan	1	1	0.001500000000000045	0.001500000000000028	0.0014999999999998368	0.9676794877548512	-2.481467722276198e-19	4.5909321266454636e-18	-1.573427226995907e-19	1.086749999999988	7.854367113299676e-18	-2.51534904016637e-19	6.852699831194631e-19	0.9519498143518519	0.013302285796239979	0.23032014190707503	-1.5101431923769557	0.2586729791256504	216.71128170774088	1.1444816872908552	-1.4855922270851964	1.0025191786308019	0.010603032106841563	1599.565890624997	0.012858270918737067	0.25002666652058014	-1.436008283491987	0.2500387749821601	235.25341255064768	1.0882975810179425	-1.4360048809078236	1.0882961701940048	0.010082515361732214	-0.03285435422508406	0.0	0.0	0.0	0.08319159088675285	0.0	0.0	0.0	-0.049242961597272566	235.26304091352674	0.08336553847049923
138	906.25	nan	nan	1	1	0.001500000000000045	0.001500000000000028	0.0014999999999998368	0.966281651544846	-4.9137397709758665e-19	8.32241041489809e-18	-7.230442644352158e-20	1.0906250000000037	-5.4222847999801926e-18	-3.015166241682188e-19	-8.42831663835919e-20	0.9499520612586768	0.013110104763822775	0.2288666670520244	-1.5248661777137655	0.2583308242109367	218.54468518551624	1.1606443101010935	-1.499092988333725	1.0109384556662446	0.010415729101326234	1599.565890624997	0.012654034788960713	0.24933148447038672	-1.4469467547833028	0.24934409720711515	238.0865308272776	1.1013363287238724	-1.4469430388236433	1.1013346290491866	0.009883493805641349	-0.03429992252014209	0.0	0.0	0.0	0.08675092640865877	0.0	0.0	0.0	-0.0513437574937632	238.0964860896309	0.08694051869474546
140	945.0	nan	nan	1	1	0.001500000000000045	0.001500000000000028	0.0014999999999998368	0.9648888386484843	-2.0450763478507827e-19	-2.1492817291537958e-18	-4.804201470236941e-20	1.0944999999999963	-6.574601973952099e-18	-1.1384122811097797e-19	-1.0257907804428479e-19	0.9479670788058572	0.012914348149695333	0.2273330146630739	-1.5386438496522794	0.25788378814817436	220.2718061590615	1.1762885811384343	-1.5116556146593259	1.0188039120635344	0.010225708683463106	1599.565890624997	0.012446965014767991	0.2485375272227498	-1.4569513713100648	0.24855071674925305	240.81768369983467	1.1138349279031112	-1.4569472908693506	1.1138329617649863	0.00968278675559371	-0.035742377388766	0.0	0.0	0.0	0.09029763798077756	0.0	0.0	0.0	-0.053435504328152125	240.82795307008115	0.09050272974796215
142	983.75	nan	nan	1	1	0.001500000000000045	0.001500000000000028	0.0014999999999998368	0.9635010437988151	-1.3835774973630643e-19	-2.3910859186723756e-18	-9.928073174767654e-20	1.0983750000000267	1.8888428147956217e-18	4.2283884726934674e-20	-5.105236979691119e-20	0.9459947323851884	0.012710525597412209	0.2257160410749584	-1.5515063187957276	0.257326868828761	221.8984784169744	1.1914472968704808	-1.5233116080554152	1.0261528530385116	0.010026911470073157	1599.565890624997	0.012232751461705424	0.24764041138865042	-1.466056540441714	0.24765424581985673	243.4520392081763	1.125827900929448	-1.4660520650590996	1.1258256766505321	0.009474675651041424	-0.03718170778755025	0.0	0.0	0.0	0.09383181483389434	0.0	0.0	0.0	-0.055518278248945827	243.46261559397612	0.09405225879480043
144	1022.5	nan	nan	1	1	0.001500000000000045	0.001500000000000028	0.0014999999999998368	0.9621182578019575	3.9380933410104735e-19	-1.1022839542171314e-17	-3.3497103745297463e-19	1.1022500000000024	-4.0441012084252435e-18	1.973247953923618e-20	-4.850246181249684e-19	0.9440348918016365	0.012501759452295893	0.22401478392678495	-1.563478886131225	0.25665744934320245	223.43015034626436	1.2061546930825062	-1.5340878444357955	1.0330229792353791	0.009823709317152762	1599.565890624997	0.012014424831780899	0.2466381068976181	-1.474291823886958	0.2466526127315806	245.99443098926596	1.1373508258589768	-1.4742871323554239	1.1373482924395844	0.009263325814624957	-0.0386179067635303	0.0	0.0	0.0	0.09735354525591172	0.0	0.0	0.0	-0.05759215186542603	246.00530435477884	0.09758919202211275
146	1061.25	nan	nan	1	1	0.001500000000000045	0.001500000000000028	0.0014999999999998368	0.9607404676847073	3.170478202890736e-19	6.369701315879494e-18	-2.482348636541343e-19	1.1061249999999934	-1.5986561033298762e-18	-6.21247844834194e-20	-4.457561706902591e-19	0.9420874311417716	0.012292261540013425	0.22222836318111847	-1.5745843369826213	0.2558729043718289	224.87191610262605	1.2204580084386651	-1.5440082933874912	1.039462371116643	0.009620057902390337	1599.565890624997	0.011796043740537065	0.2455286600101629	-1.4816841487274055	0.24554374816735788	248.44938532709602	1.1484512088798624	-1.4816792910941396	1.1484483774163912	0.009052476243429631	-0.040050971330138796	0.0	0.0	0.0	0.1008629166053718	0.0	0.0	0.0	-0.059657194337207675	248.46054253899044	0.1011136146572234
148	1100.0	nan	nan	1	1	0.001500000000000045	0.001500000000000028	0.0014999999999998368	0.9593676574885402	2.253514215511121e-19	-8.910366476773402e-18	-1.3708381218363597e-19	1.109999999999996	-2.8024999855491563e-18	-2.9479457069880864e-19	2.9408983928669307e-20	0.9401522279970924	0.012085742624807841	0.220355748534084	-1.5848425075696955	0.2549704689987059	226.22853228391853	1.2344108701577192	-1.5530940541327285	1.0455234429688993	0.00941622046205637	1599.565890624997	0.011581163235598402	0.24430993703139917	-1.4882574284328964	0.2443254596262794	250.82113284846298	1.159182151208013	-1.48825242432584	1.1591790466817522	0.008842367606549675	-0.041480901668003195	0.0	0.0	0.0	0.10436001532423886	0.0	0.0	0.0	-0.06171347215195383	250.83255973003853	0.10462561107749989
150	1138.75	nan	nan	1	1	0.001500000000000045	0.001500000000000028	0.0014999999999998368	0.9579998090595824	1.10304018523244e-19	2.433762826686836e-19	1.0129836422803629e-19	1.113874999999978	-3.4413661156862396e-18	-2.9989032090949053e-19	-1.6467675747339205e-19	0.9382291628357294	0.011887528100997295	0.2184081281631287	-1.5942690934234474	0.25396165079747157	227.50444986351377	1.2480602693109355	-1.5613620978857021	1.0512516579354305	0.009219294624319098	1599.565890624997	0.011374862929206638	0.24299338241763796	-1.4940314777655894	0.24300922299009575	253.1136375387506	1.1695900875147156	-1.494026318627032	1.169586490586499	0.008639643350264322	-0.042907700322797025	0.0	0.0	0.0	0.10784492695072727	0.0	0.0	0.0	-0.0637610497553418	253.1253148059459	0.10812526485893816
152	1177.5	nan	nan	1	1	0.001500000000000045	0.001500000000000028	0.0014999999999998368	0.9566369026444196	9.831003199012311e-20	4.582841267933291e-18	7.140826558532654e-20	1.117749999999987	1.012059359928319e-17	-2.2518879122523927e-19	3.158280928450274e-19	0.9363181183119262	0.011689637714196888	0.21641156032094616	-1.6028768657101446	0.252875569906462	228.70383644398655	1.261438969661326	-1.568826594001843	1.0566798621190843	0.009019651398681945	1599.565890624997	0.011169479768917301	0.2416072148674602	-1.499023192887802	0.24162327620242358	255.33061575263056	1.1797077569630132	-1.4990179619819735	1.1797035154429945	0.00843524972356307	-0.0443313715989518	0.0	0.0	0.0	0.11131773613194186	0.0	0.0	0.0	-0.06579999025589289	255.34253306622747	0.11161265890495913
154	1216.25	nan	nan	1	1	0.001500000000000045	0.001500000000000028	0.0014999999999998368	0.9552789173574003	-5.468986808560006e-19	-4.02604924225336e-18	3.9437854024160226e-20	1.1216249999999726	6.0652980034270335e-18	-1.2706849461530111e-19	2.0328790734103208e-19	0.9344189791957044	0.011494371988551997	0.21439354218689763	-1.6106831725581505	0.2517436504097594	229.830615556057	1.274577412564763	-1.5755060648593315	1.061838281239245	0.008823372889778145	1599.565890624997	0.01096720386020813	0.24018166749658176	-1.5032535826758262	0.24019789313470818	257.47557469757186	1.1895654555033175	-1.503248390909548	1.1895604988765016	0.008234870230113421	-0.04575192108253876	0.0	0.0	0.0	0.11477852663606027	0.0	0.0	0.0	-0.0678303554752148	257.48771843094175	0.11508787534932224
156	1255.0	nan	nan	1	1	0.001500000000000045	0.001500000000000028	0.0014999999999998368	0.9539258313829824	-4.56178064073276e-20	2.8595290198218938e-18	2.1295085920330913e-19	1.1254999999999742	8.156344523391201e-18	-7.719519468096791e-20	5.663330047978032e-19	0.9325316319734988	0.011297241240369718	0.21237753544796265	-1.617710360148238	0.25059297165740657	230.88847328546285	1.287508944408602	-1.5814239761352278	1.0667588513607857	0.008623650125961183	1599.565890624997	0.010763743281814085	0.23874286169475048	-1.5067481199851287	0.23875903486141412	259.5518152531238	1.1991959310156934	-1.5067432248856019	1.1991902080174655	0.008032135377751345	-0.04716935543771032	0.0	0.0	0.0	0.11822738136462714	0.0	0.0	0.0	-0.0698522063520955	259.56417787581535	0.11855099567149084
158	1293.75	nan	nan	1	1	0.001500000000000045	0.001500000000000028	0.0014999999999998368	0.9525776217377796	-6.0154247034927e-19	-6.781521958570957e-18	4.962799919280836e-19	1.1293749999999807	1.4915911387969328e-18	9.887923813067801e-20	3.9128856405001855e-19	0.9306559652952897	0.011099942072007823	0.21038400771967922	-1.62398595985996	0.24944801750332082	231.88087819068176	1.3002688026067049	-1.586608369628633	1.0714744035771213	0.008424566911727821	1599.565890624997	0.01056071632352446	0.23731390398089516	-1.5095368721466031	0.2373300448982987	261.56244981923953	1.2086334178689522	-1.5095322839956717	1.208626912684785	0.00783085242080296	-0.04858368266353685	0.0	0.0	0.0	0.12166438236433919	0.0	0.0	0.0	-0.07186560244230597	261.5750219564782	0.12200210057716333
160	1332.5	nan	nan	1	1	0.001500000000000045	0.001500000000000028	0.0014999999999998368	0.9512342639431268	-3.333108528763562e-19	-6.565928356572215e-18	4.324611415501556e-19	1.133250000000002	2.0753797985717525e-18	8.456776945386935e-21	6.61634375759279e-20	0.9287918701546484	0.010896890427194363	0.20843376396450564	-1.629539706628624	0.24833394975661663	232.81108956202226	1.3128864297168914	-1.5910896666151078	1.0760121300891416	0.008220279891800597	1599.565890624997	0.010352814938705575	0.23591859901238738	-1.5116516907760513	0.2359347780915518	263.5104075238639	1.2179064942114806	-1.511647472222411	1.217899007447726	0.007625588960211025	-0.04999491244701045	0.0	0.0	0.0	0.12508961083882364	0.0	0.0	0.0	-0.0738706017002341	263.52318600485455	0.12544127001654004
162	1371.25	nan	nan	1	1	0.001500000000000045	0.001500000000000028	0.0014999999999998368	0.9498957316842546	1.8152254872838558e-19	5.110224309684552e-18	1.253879812479486e-19	1.1371250000000077	4.489843826588346e-18	-3.6971294081755704e-20	-3.9296907741737106e-19	0.9269392404061082	0.01068986481108198	0.20654678436760732	-1.634406487782804	0.24727534801040557	233.68217474716943	1.325380617570458	-1.5949031545124228	1.0803902418577784	0.008013120907204343	1599.565890624997	0.010141746189698559	0.23458013623366727	-1.5131289261040675	0.23459640162063847	265.39844982533464	1.2270336452617163	-1.5131251214183896	1.227025106667645	0.007418524781744156	-0.05140305653303173	0.0	0.0	0.0	0.12850314716009606	0.0	0.0	0.0	-0.07586725989438549	265.41143031537916	0.12886858306299945
164	1410.0	nan	nan	1	1	0.001500000000000045	0.001500000000000028	0.0014999999999998368	0.9485619967942005	3.312237636943216e-19	4.167293680273909e-18	1.4121733296623696e-20	1.1409999999999942	-7.60741296346179e-18	-1.5634195327240973e-19	-2.3147716382565517e-19	0.9250979727370823	0.010478533265551291	0.20473942162146958	-1.6386241008509674	0.24629289985006605	234.4970258975959	1.3377605660553369	-1.598086810942978	1.0846186757234064	0.007802509600998983	1599.565890624997	0.009927208028812584	0.2333178800691627	-1.5140073121439146	0.23333426452623635	267.22918591664774	1.2360243437489695	-1.5140038990464553	1.236014677090751	0.007209131479788941	-0.0528081287550482	0.0	0.0	0.0	0.13190507087993333	0.0	0.0	0.0	-0.07785563060594378	267.2423651843998	0.13228411793157804
166	1448.75	nan	nan	1	1	0.001500000000000045	0.001500000000000028	0.0014999999999998368	0.9472330295550951	3.507394027990607e-20	3.4773616278127584e-18	-1.7232038278941486e-19	1.1448750000000019	-2.9168562096920647e-18	-1.8366384801904445e-19	-8.568449769152941e-19	0.9232679663696534	0.010262143141165856	0.20302580192592448	-1.6422316422844458	0.2454049727417745	235.25836319809284	1.3500304044856812	-1.6006798772346351	1.0887030940627997	0.007588314593048956	1599.565890624997	0.00970850209131957	0.23214890189443926	-1.5143264586023277	0.23216541206938085	269.00507304902607	1.2448833092671392	-1.5143234431536232	1.244872451571313	0.006997298839320401	-0.05421014473074655	0.0	0.0	0.0	0.13529546074101675	0.0	0.0	0.0	-0.07983576552041596	269.0184489027002	0.1356879520229521
168	1487.5	nan	nan	1	1	0.001500000000000045	0.001500000000000028	0.0014999999999998368	0.9459087993153487	3.82316791072701e-19	-2.696898693949068e-18	-2.4665599424045225e-21	1.148749999999987	2.3461592911500075e-18	2.5153490401663704e-20	-5.277489599844754e-19	0.9214491225452179	0.010042518012332866	0.20141941876625818	-1.6452677039929915	0.24462928606078405	235.9687577585843	1.3621908464420012	-1.60272083187104	1.0926464055616398	0.007371899264572887	1599.565890624997	0.00948736773008258	0.23108976560147662	-1.5141251834288363	0.23110618189143609	270.72843946086164	1.253612077978808	-1.5141224423945205	1.253600091258103	0.0067842930965585115	-0.05560912122107257	0.0	0.0	0.0	0.13867439468774848	0.0	0.0	0.0	-0.08180771495890655	270.7420087822929	0.13908016197061224
170	1526.25	nan	nan	1	1	0.001500000000000045	0.001500000000000028	0.0014999999999998368	0.944589275079801	-3.120604902956403e-19	2.4523568939449625e-18	1.113475631142613e-19	1.1526250000000078	-6.151221025596509e-19	8.153200337090993e-20	-2.0155318386505527e-19	0.9196413438913742	0.009819817638383119	0.19993020848226578	-1.6477745280335605	0.24397981499745236	236.6306329834241	1.374237652161806	-1.6042517831060628	1.0964474856196416	0.007153765718307123	1599.565890624997	0.009263964885808943	0.23015314889995794	-1.5134453375582155	0.23016928849553636	272.40148310131997	1.2622076212352238	-1.5134427882448958	1.2621946594988216	0.006570579401586188	-0.05700507551237576	0.0	0.0	0.0	0.14204194987717464	0.0	0.0	0.0	-0.0837715285441535	272.4152430153003	0.14246082374624988
172	1565.0	nan	nan	1	1	0.001500000000000045	0.001500000000000028	0.0014999999999998368	0.943274426180808	9.305436195899964e-19	5.961485645411546e-19	4.647568137630675e-19	1.1564999999999952	7.581066850670393e-18	2.396086801192965e-19	3.4729706090141922e-19	0.9178445338393351	0.009595421483692291	0.19856205239729255	-1.6498025630508624	0.24346338767933143	237.24628225669227	1.3861637077655413	-1.605322749360334	1.100102715445055	0.006935068463138563	1599.565890624997	0.00903960165802428	0.2293448895186619	-1.5123359526972264	0.22936064316451776	274.02628919248764	1.2706642955514011	-1.5123335865385872	1.2706503215836336	0.006357217285337558	-0.05839802470750659	0.0	0.0	0.0	0.14539820268935247	0.0	0.0	0.0	-0.08572725581969756	274.0402362565291	0.1458300127205907
174	1603.75	nan	nan	1	1	0.001500000000000045	0.001500000000000028	0.0014999999999998368	0.9419642226061568	-1.8537146644070913e-19	3.078266808120844e-18	3.8573202791603034e-19	1.160374999999975	-1.343543332144037e-18	3.6212352561015847e-19	2.689092438307172e-19	0.9160585962909695	0.00937132572014595	0.19731435634938937	-1.6514114715653516	0.2430814003666127	237.81787128513935	1.3979704484408826	-1.6059924720510463	1.103615641802676	0.006719422841143868	1599.565890624997	0.008816159018320282	0.22866569880610957	-1.5108540941471909	0.22868101526137757	275.60483044479747	1.2789843185003626	-1.5108518728988127	1.278969491197608	0.0061475093788862616	-0.059787985375283126	0.0	0.0	0.0	0.14874322873793827	0.0	0.0	0.0	-0.087674946604017	275.6189594658334	0.14918780371518803
176	1642.5	nan	nan	1	1	0.001500000000000045	0.001500000000000028	0.0014999999999998368	0.9406586353390516	-5.264343648503367e-19	5.955088852593882e-18	4.652040471592178e-19	1.1642499999999945	-1.5565348489288144e-17	2.888314587501384e-19	4.395897708342478e-19	0.9142834352226475	0.009143257250401618	0.19618519112976493	-1.6526619477670903	0.24283363515783654	238.34744385139186	1.4096777551110298	-1.6063205530350202	1.1070039931059878	0.0065036866899245436	1599.565890624997	0.008589617819224477	0.22811472687437837	-1.5090573131113525	0.22812965473187236	277.13897130698086	1.2871867282688185	-1.5090551723380723	1.2871711268420303	0.005938562314498661	-0.06117497318422803	0.0	0.0	0.0	0.1520771028803448	0.0	0.0	0.0	-0.08961465141802347	277.15328161585956	0.1525342710779122
178	1681.25	nan	nan	1	1	0.001500000000000045	0.001500000000000028	0.0014999999999998368	0.9393576365932781	5.95443833129039e-19	9.342570120307593e-19	3.073713158996405e-19	1.1681250000000156	-1.6088584457729648e-17	1.6132928326584306e-19	9.717975122530698e-19	0.9125189545890066	0.00891149450639571	0.19517429511302642	-1.6536111673065848	0.2427218244013136	238.836935794877	1.421321210957011	-1.6063631061951238	1.1102975966661226	0.0062896891223287585	1599.565890624997	0.008360251274308741	0.22769303968172325	-1.5069994973636154	0.22770764660150708	278.63048188754317	1.2953047202706394	-1.5069974173167044	1.2952885757308334	0.005732035761080153	-0.06255900264490102	0.0	0.0	0.0	0.15539989922770397	0.0	0.0	0.0	-0.09154642158889245	278.64497305100406	0.1558694886595119
180	1720.0	nan	nan	1	1	0.001500000000000045	0.001500000000000028	0.0014999999999998368	0.9380611999804394	-8.204699940284055e-20	-4.194995045780914e-18	-1.5273698104889543e-19	1.171999999999994	1.426037564943028e-17	-1.1579279202145188e-19	-2.4557179206796677e-19	0.9107650580502178	0.008668992508383882	0.19428561228485938	-1.6543031267147963	0.2427530264020324	239.28817676978053	1.4329391514340943	-1.6061631601263382	1.113527613930371	0.006073093589981385	1599.565890624997	0.008121470209729066	0.2274066219446796	-1.5047221217612325	0.227421060790975	280.08103796555685	1.3033737321058556	-1.5047199826640691	1.3033572077110451	0.005523968446169048	-0.0639400869225816	0.0	0.0	0.0	0.1587116911548159	0.0	0.0	0.0	-0.09347030954887219	280.0957158597688	0.15919352988548238
182	1750.0	nan	nan	1	1	0.001500000000000045	0.001500000000000028	0.0014999999999998368	0.9370603583532168	7.034845796172196e-19	-5.6102041415262424e-18	-2.6313586726223193e-19	1.1749999999999954	1.654546725321504e-18	-1.7499023063916043e-19	2.8731357570865867e-21	0.909413986703496	0.00466291425200191	0.1937374299735395	-1.6545755126761226	0.2429401666891136	239.60987215504065	1.4423170818204352	-1.6057593184539498	1.116301868466838	0.002912040854871736	1599.565890624997	0.004363730621367834	0.2273444409253628	-1.502730704524727	0.22735254976785169	281.1742286078915	1.3099517960389002	-1.5027299945470576	1.3099431752820965	0.0026447950981508222	-0.06500758221942422	0.0	0.0	0.0	0.16126814759611854	0.0	0.0	0.0	-0.09495485756490359	281.1922007732375	0.16175961148013546
184	1780.0	nan	nan	1	1	0.001500000000000045	0.001500000000000028	0.0014999999999998368	0.9360625660596286	6.7648794552233045e-19	7.604810878247825e-18	-1.7829704726524121e-19	1.1780000000000008	1.0284253917219877e-17	-4.0332320816460765e-20	-9.299202033408171e-19	0.9080695195475167	0.004684674328625705	0.19323863500979274	-1.6547858132434046	0.2431901283478738	239.91421523326522	1.45148671345469	-1.605298203226109	1.1188818441255186	0.0031745721361196837	1599.565890624997	0.004379404053753447	0.22733692690446833	-1.5006921843484742	0.2273429825018252	282.24873565818615	1.316324293533635	-1.5006911826790654	1.3163162739159766	0.0028789560287488985	-0.06607296065771127	0.0	0.0	0.0	0.16381808522939603	0.0	0.0	0.0	-0.09643433993334678	282.26655754227744	0.16431881689344455
186	1810.0	nan	nan	1	1	0.001500000000000045	0.001500000000000028	0.0014999999999998368	0.9350674716414002	2.743573597474569e-19	6.765421556309548e-20	-1.4127154307486122e-19	1.1809999999999963	-2.916178583334261e-18	1.8171228410857054e-19	2.3689817468808272e-20	0.9067312475442961	0.0045736319507378885	0.19283388756359696	-1.6548763859031297	0.2435577677193312	240.19830792464847	1.4606042458388642	-1.6047261754302216	1.1213950730925988	0.0031280801762398835	1599.565890624997	0.004271031091976636	0.22743737009499426	-1.4985550856719447	0.2274434868887645	283.30119848687156	1.3226340888061892	-1.4985542044469635	1.3226261705559896	0.002832598553236148	-0.06713659011369938	0.0	0.0	0.0	0.1663615372152223	0.0	0.0	0.0	-0.09790918198771165	283.3190725107841	0.16687143481321431
188	1840.0	nan	nan	1	1	0.001500000000000045	0.001500000000000028	0.0014999999999998368	0.9340750655119892	1.0137290312739467e-19	-1.9131831535679212e-18	-1.5360434278688384e-19	1.183999999999993	-4.451517279790984e-18	1.7011132086297564e-19	3.0341397797006844e-19	0.905399125455745	0.004397459849383932	0.19253334202152395	-1.6548297229438431	0.24405497429522574	240.4626304233366	1.4696995738860217	-1.604025850246423	1.1238657085132642	0.0030300215850332392	1599.565890624997	0.004102136521135832	0.22765862040637672	-1.496303980886972	0.22766480138791226	284.3320025855329	1.3289085231086148	-1.4963031492063823	1.3289008232847361	0.002739758234335597	-0.06819847405560074	0.0	0.0	0.0	0.1688985364618077	0.0	0.0	0.0	-0.0993794099010626	284.3499825273225	0.1694174985460278
190	1870.0	nan	nan	1	1	0.001500000000000045	0.001500000000000028	0.0014999999999998368	0.9330853397567679	4.881078180529741e-19	-4.73080775942325e-18	1.0842021724855045e-21	1.1870000000000342	1.9076374594556577e-17	-1.1232334506949826e-19	9.240113015007711e-20	0.9040731071913162	0.004204087364027035	0.19234081001266495	-1.654634617822745	0.24468811036058136	240.70789361930306	1.4787774239380946	-1.6031865135190382	1.1262977773700495	0.0029294301499919106	1599.565890624997	0.003917576290777907	0.22800613030683664	-1.493929218323173	0.22801246900484146	285.3418125609076	1.3351520494142444	-1.4939283918783657	1.335144620501632	0.002644910995436803	-0.06925861419688083	0.0	0.0	0.0	0.17142911562756002	0.0	0.0	0.0	-0.10084505107297242	285.35990740341157	0.17195704123416644
192	1900.0	nan	nan	1	1	0.001500000000000045	0.001500000000000028	0.0014999999999998368	0.9320982869456585	1.3406159862783262e-19	2.969304489786051e-18	1.205090714717638e-19	1.1899999999999968	-1.9712096538393454e-17	-1.767249541151372e-19	8.843295019878016e-19	0.9027531459846895	0.003986395609769565	0.1922549333366075	-1.654283657318777	0.24545681536646663	240.93474848914568	1.487831996728947	-1.602201194439036	1.1286872525887506	0.002815978801850644	1599.565890624997	0.0037107733072071726	0.22847925416367226	-1.491424620505042	0.22848575196645277	286.3312305257245	1.3413596037654232	-1.491423834234934	1.3413524281533664	0.0025387545221279098	-0.07031701176065981	0.0	0.0	0.0	0.17395330712343535	0.0	0.0	0.0	-0.10230613394037409	286.34945697434387	0.17449009612293162
194	1930.0	nan	nan	1	1	0.001500000000000045	0.001500000000000028	0.0014999999999998368	0.9311139002900349	-2.293087594806842e-19	-3.027851407100268e-18	3.6082248300317586e-19	1.1930000000000018	-2.383889526752503e-18	-3.026008263407043e-19	5.831110334170165e-19	0.9014391949242643	0.003740010236659626	0.19226894525581723	-1.6537722848997278	0.24635391227703898	241.14382545628172	1.4968528188857637	-1.6010655763881638	1.1310267901948383	0.002686493109540254	1599.565890624997	0.0034777303849134198	0.2290708863712234	-1.4887866151184463	0.2290775778553368	287.30084188437985	1.3475219423540892	-1.4887858724732068	1.3475151122029285	0.002418479871510226	-0.07137366730849065	0.0	0.0	0.0	0.1764711431157808	0.0	0.0	0.0	-0.10376268739416392	287.3192198023487	0.17701669628636704
196	1960.0	nan	nan	1	1	0.001500000000000045	0.001500000000000028	0.0014999999999998368	0.9301321735179178	-4.8030156241107847e-20	-6.006913716438689e-18	5.058074185188e-19	1.196000000000005	1.1468582160334417e-17	-4.3021142204224816e-19	8.394977421555261e-19	0.9001312070213607	0.0034623127026495	0.19237131440246796	-1.6530991276601699	0.2473659690479018	241.33573096734827	1.505827817356778	-1.5997785381412515	1.1333077453036215	0.00253750721783657	1599.565890624997	0.003216098124267717	0.22976814956839164	-1.4860145100052753	0.22977509467987436	288.25121095284993	1.3536284356577009	-1.4860138865627646	1.353621897000453	0.002281032323987425	-0.07242858087094176	0.0	0.0	0.0	0.17898265552844386	0.0	0.0	0.0	-0.10521474070422171	288.26976267438556	0.1795368746339115
198	1990.0	nan	nan	1	1	0.001500000000000045	0.001500000000000028	0.0014999999999998368	0.9291531006884319	7.58941520739853e-20	1.0929299999740128e-17	7.01018019674815e-19	1.199000000000025	-1.7136899538305882e-18	-2.1293730667615307e-19	7.748250825667657e-19	0.8988291353807392	0.0031505973459284666	0.1925475739448155	-1.6522666215059423	0.24847557474358387	241.51104862624084	1.5147427568273344	-1.5983423507750905	1.1355202699392248	0.00236549987553317	1599.565890624997	0.0029234561102284965	0.2305545136118403	-1.4831110336716702	0.2305618133543509	289.1828819607298	1.359666573532354	-1.4831104068722012	1.3596604629630689	0.0021233249645596568	-0.07348175214440356	0.0	0.0	0.0	0.18148787604539837	0.0	0.0	0.0	-0.1066623233299242	289.2016323628547	0.18205066389056607
200	2020.0	nan	nan	1	1	0.001500000000000045	0.001500000000000028	0.0014999999999998368	0.9281766760199869	5.1987494170679936e-20	-4.23641156876986e-18	2.529443668408682e-19	1.2019999999999957	8.264439479988006e-18	6.429318882839041e-20	7.241386310030684e-19	0.897532933363026	0.002802129399543216	0.19278115430287268	-1.6512791440125936	0.24966224700592404	241.67034022190694	1.5235813928049815	-1.5967615812712588	1.1376528934779302	0.0021656420001996447	1599.565890624997	0.0025973670441789562	0.23141075124646446	-1.4800806372600859	0.23141846791749157	290.0963799442651	1.3656221160165083	-1.4800800809845225	1.3656164249532086	0.0019411162572693721	-0.07453318067437496	0.0	0.0	0.0	0.18398683611301303	0.0	0.0	0.0	-0.10810546473802773	290.1153570296002	0.18455809657633365
