6	header
postResults v2.0.3	--cr f,p,texture --time RVE_1_40_D_tensionX.spectralOut
addCauchy v2.0.3	RVE_1_40_D_tensionX.txt
addStrainTensors v2.0.3	--left --logarithmic RVE_1_40_D_tensionX.txt
addMises v2.0.3	-s Cauchy RVE_1_40_D_tensionX.txt
addMises v2.0.3	-e ln(V) RVE_1_40_D_tensionX.txt
inc	time	elem	node	ip	grain	1_pos	2_pos	3_pos	1_f	2_f	3_f	4_f	5_f	6_f	7_f	8_f	9_f	1_p	2_p	3_p	4_p	5_p	6_p	7_p	8_p	9_p	texture	1_Cauchy	2_Cauchy	3_Cauchy	4_Cauchy	5_Cauchy	6_Cauchy	7_Cauchy	8_Cauchy	9_Cauchy	1_ln(V)	2_ln(V)	3_ln(V)	4_ln(V)	5_ln(V)	6_ln(V)	7_ln(V)	8_ln(V)	9_ln(V)	Mises(Cauchy)	Mises(ln(V))
0	0.0	nan	nan	1	1	0.001500000000000045	0.001500000000000028	0.0014999999999998368	1.0	0.0	0.0	0.0	1.0	0.0	0.0	0.0	1.0	2.7716487604837245e-12	-1.1931922846408178e-15	-2.8066754232013122e-14	-1.1931922846409345e-15	2.7018729684354e-12	-1.6832583398957215e-14	-2.806675423201312e-14	-1.6832583398957266e-14	2.699121388890668e-12	1599.565890624997	2.7716487604837245e-12	-1.1931922846408178e-15	-2.8066754232013122e-14	-1.1931922846409345e-15	2.7018729684354e-12	-1.6832583398957215e-14	-2.806675423201312e-14	-1.6832583398957266e-14	2.699121388890668e-12	0.0	0.0	0.0	0.0	0.0	0.0	0.0	0.0	0.0	9.102600058540028e-14	0.0
2	2.0	nan	nan	1	1	0.001500000000000045	0.001500000000000028	0.0014999999999998368	0.9999331859138989	-1.880429686516798e-23	-1.1353550215657837e-22	-1.3962808739895107e-24	1.000200000000001	1.118950375657632e-21	2.269783600845508e-24	5.428951796308032e-23	0.999933880058929	-1.5084189093975132e-11	-0.000494162603380843	0.00274120091449157	-0.0004942944617342554	14.158906776128582	0.0007274803460077949	0.002741202817409677	0.0007272867876926286	5.0794102240264704e-12	1599.565890624997	-1.5082170091601215e-11	-0.0004942283009558576	0.002740835910381285	-0.0004942283009558676	14.160789164301391	0.0007273834784943483	0.002740835910381259	0.0007273834784943297	5.078733876079968e-12	-6.681631826157467e-05	0.0	0.0	0.0	0.0001999800026675767	0.0	0.0	0.0	-6.612212709041626e-05	14.160790041961885	0.0001776332690463714
4	4.0	nan	nan	1	1	0.001500000000000045	0.001500000000000028	0.0014999999999998368	0.9998663539893823	6.333556514196022e-23	-8.091480751993717e-22	-7.623296525288702e-24	1.0003999999999935	1.6743988482645398e-21	1.2831225661922566e-23	-8.2056316765260345e-25	0.9998677425139983	-7.54175360096615e-12	-0.0009883614006120527	0.005482594259828398	-0.000988888906229568	28.326310375520833	0.0014554063112516091	0.005482601873563016	0.0014546319700836931	-4.8005341143214645e-12	1599.565890624997	-7.539735292163268e-12	-0.0009886242617854928	0.005481134630765898	-0.000988624261785508	28.333843942877802	0.00145501883896222	0.005481134630765883	0.001455018838962165	-4.799256069881718e-12	-0.00013365494204156818	0.0	0.0	0.0	0.00039992002132089856	0.0	0.0	0.0	-0.00013226623279395967	28.333845697179658	0.00035525464391661263
6	6.0	nan	nan	1	1	0.001500000000000045	0.001500000000000028	0.0014999999999998368	0.9997995042228784	-1.3737815613280684e-23	7.341393372530631e-22	-2.5794800221853616e-23	1.000599999999987	2.1648441596145806e-21	2.3240466490289866e-23	-3.798413372843503e-23	0.9998015873617158	2.0425630275697217e-12	-0.001482596338712832	0.008224179771039996	-0.0014837833888196618	42.502212496067976	0.0021837779609395914	0.008224196906584	0.0021820354505226545	4.82310068966596e-12	1599.565890624997	2.041743332322288e-12	-0.0014831879358595296	0.008220896477134657	-0.0014831879358595294	42.519172060168096	0.002182906143315296	0.008220896477134771	0.002182906143315301	4.821175189793731e-12	-0.0002005158790868293	0.0	0.0	0.0	0.0005998200719551225	0.0	0.0	0.0	-0.00019843232467559564	42.519174690086366	0.0005328641403784928
8	8.0	nan	nan	1	1	0.001500000000000045	0.001500000000000028	0.0014999999999998368	0.9997326366108239	-7.055519752832305e-23	3.0895526751100606e-22	-1.5008365034162133e-23	1.0008000000000166	9.213600883758652e-22	3.0016730068324266e-23	-7.263307522705626e-23	0.9997354145986064	-3.456532143841784e-13	-0.001976867365462738	0.01096595718308364	-0.001978977965611098	56.686614836167834	0.0029125953601467094	0.01096598765452569	0.0029094971322284804	2.4704618489801435e-12	1599.565890624997	-3.454683187241423e-13	-0.001977919377364465	0.010960121765240444	-0.0019779193773644317	56.716781247186674	0.002911045453407986	0.010960121765240468	0.00291104545340805	2.4691472189015744e-12	-0.0002673991371389762	0.0	0.0	0.0	0.000799680170581106	0.0	0.0	0.0	-0.0002646204102860817	56.71678475172024	0.0007104617742037804
10	10.0	nan	nan	1	1	0.001500000000000045	0.001500000000000028	0.0014999999999998368	0.9996657491670912	-6.130400955752998e-23	-7.164310546995279e-22	-2.7581510344968156e-23	1.0009999999999997	-1.0122573115280922e-21	4.870439446712227e-24	1.6781840267475826e-23	0.9996692167745477	8.733099481333245e-11	-0.0024747620854712886	0.013691857926159257	-0.0024780651428946646	70.87750844766653	0.0036596202591702115	0.01369190542002254	0.003654754963213719	7.431936598772948e-11	1599.565890624997	8.7272619380793e-11	-0.002476408707801338	0.013682753218072476	-0.002476408707801229	70.92466792565973	0.00365718671258012	0.013682753218072257	0.0036571867125800993	7.426994565805907e-11	-0.0003343067071695092	0.0	0.0	0.0	0.0009995003330834232	0.0	0.0	0.0	-0.0003308379462907125	70.92467229765464	0.0008880506980645815
12	12.0	nan	nan	1	1	0.001500000000000045	0.001500000000000028	0.0014999999999998368	0.9995987677357528	-6.575093253061506e-23	-1.5421558293744623e-21	-5.6645328347631334e-24	1.0011999999999992	-1.3712669322659072e-21	-1.463778811973838e-23	1.062496953212113e-22	0.9996027007547164	2.219839028632514e-09	-0.0030715938179638733	0.01570846896643294	-0.003076514127271628	84.99639962791026	0.005132874251338346	0.015708530772938625	0.005124685341863447	2.2843029100945434e-09	1599.565890624997	2.2180596479591775e-09	-0.003074048052163564	0.015695939113947018	-0.003074048052160492	85.06431260181893	0.00512878001673563	0.015695939113947604	0.005128780016737155	2.2824808370104127e-09	-0.0004013127794496747	0.0	0.0	0.0	0.0011992805754812998	0.0	0.0	0.0	-0.0003973781895389282	85.06431757433381	0.0010657531276324819
14	14.0	nan	nan	1	1	0.001500000000000045	0.001500000000000028	0.0014999999999998368	0.9995307550457837	-7.009197638529336e-23	-3.1357424405150216e-21	-2.5728625772849372e-23	1.0014000000000027	-3.4468946997329685e-22	-3.4887169515036497e-23	-5.325719655861413e-23	0.9995318197396241	7.83676575687367e-06	-0.004640864596999334	0.005920247382326603	-0.004649543579308841	97.97569445695515	0.016696496032275427	0.005920253678595919	0.016665347578888344	8.697054802054775e-06	1599.565890624997	7.829475229152277e-06	-0.004645218121079656	0.005914746088211115	-0.004645218118090731	98.0676039570471	0.016680981083416056	0.005914746078279601	0.016680981086497796	8.688973204561493e-06	-0.000469355084083096	0.0	0.0	0.0	0.001399020913709848	0.0	0.0	0.0	-0.00046828989097345364	98.06760081904653	0.0012452290860232318
16	16.0	nan	nan	1	1	0.001500000000000045	0.001500000000000028	0.0014999999999998368	0.9994600117282099	-4.737031757519675e-22	7.075398557313179e-21	-5.484538333471595e-23	1.0016000000000025	-7.4433020239971645e-22	-8.311510794932822e-24	1.844414242646239e-22	0.9994456630933536	0.00016185385788459428	-0.005137395302737046	-0.050884645107055246	-0.005148394868578872	107.10539890256436	0.06136160628042789	-0.050883914596533936	0.06122962286226388	0.0005032643313868223	1599.565890624997	0.00016168493332174925	-0.005143021901608563	-0.05083080777152699	-0.005143021562289513	107.22270331094374	0.061296684035634354	-0.05083080778066061	0.0612966830175758	0.0005027318640656633	-0.0005401341179628177	0.0	0.0	0.0	0.0015987213636992903	0.0	0.0	0.0	-0.0005544906081536851	107.22246018187809	0.0014307131614049165
18	18.0	nan	nan	1	1	0.001500000000000045	0.001500000000000028	0.0014999999999998368	0.999388003036774	3.765061450545365e-22	5.2783916899335795e-21	-5.039846036163087e-23	1.0017999999999994	5.8345746989244345e-21	3.417248546579068e-23	5.861467994999758e-22	0.9993435463882625	-0.00028880839244304853	-0.0004673122762199785	-0.14694087286547605	-0.0004684375056010201	112.54167009229224	0.13925083951571984	-0.1469343376090992	0.13890938719401758	0.00016642043140630802	1599.565890624997	-0.0002884788443738376	-0.0004679056033716428	-0.14676667528690532	-0.00046790298970897495	112.68455961597334	0.13908575842844614	-0.14676667652816502	0.13908575472219367	0.00016622314092061574	-0.0006121843098084273	0.0	0.0	0.0	0.0017983819413787323	0.0	0.0	0.0	-0.0006566691717513836	112.68516499036632	0.00162207579781697
20	20.0	nan	nan	1	1	0.001500000000000045	0.001500000000000028	0.0014999999999998368	0.9993164703176663	4.1504614415460716e-22	6.636503141737443e-21	-1.8465318250143747e-22	1.0019999999999876	1.22218383959323e-20	-2.1926241933065615e-22	1.7702988597614876e-22	0.999232220619542	-0.00017789344108812074	0.008124546075178181	-0.245665073543034	0.008146366039865818	116.09597109994954	0.2337690121632572	-0.2456443642697881	0.23312327858534684	0.0002105382059534259	1599.565890624997	-0.0001776747793914483	0.008136350163952638	-0.24534242292325104	0.008136352752084682	116.26464601871298	0.2334619855453798	-0.2453424250125524	0.23346198155414666	0.00021026169011965614	-0.0006837633952528457	0.0	0.0	0.0	0.0019980026626604266	0.0	0.0	0.0	-0.0007680742739983319	116.26611035066519	0.0018165999457573987
22	22.0	nan	nan	1	1	0.001500000000000045	0.001500000000000028	0.0014999999999998368	0.9992456613583186	2.396256207782416e-21	-6.363758532721558e-21	-2.600391148070702e-22	1.0021999999999867	-1.6096378854910284e-20	-2.905852404674284e-22	-1.2197274440461924e-22	0.9991160496059613	-8.185601036148605e-05	0.021146544575125496	-0.33240868751187863	0.02120906702781063	118.75566172646626	0.3296711244179885	-0.3323655728979563	0.32865666411945954	0.0002693743168140491	1599.565890624997	-8.174858414525984e-05	0.02118123143074005	-0.3319293808839967	0.021181232665856947	118.95045764109346	0.32919576513620324	-0.33192938286447426	0.32919576242058257	0.00026898590068570843	-0.0007546232982351904	0.0	0.0	0.0	0.002197583543473908	0.0	0.0	0.0	-0.0008843413085714542	118.95312559152116	0.002012771046873463
24	24.0	nan	nan	1	1	0.001500000000000045	0.001500000000000028	0.0014999999999998368	0.999175313800273	3.7404974950749906e-21	-1.3853117973225675e-20	-4.1419911120735286e-22	1.0024000000000062	-3.9478088089154804e-20	-2.4098087349384843e-22	-1.6364676540953082e-21	0.9989971758026436	-2.4844731709546528e-05	0.03820611590242801	-0.40728331447260924	0.03832942115585707	120.92299018424212	0.41809300519431175	-0.40721070378997976	0.4166737129720633	0.0002734026512807058	1599.565890624997	-2.4810127312475295e-05	0.03827603409783601	-0.4066435281588406	0.03827603492795597	121.14428243176118	0.4174362383366954	-0.406643529990305	0.4174362368088061	0.0002729731731552295	-0.0008250264404650749	0.0	0.0	0.0	0.0023971245997280967	0.0	0.0	0.0	-0.0010033273619601552	121.14838147303121	0.0022099332362048815
26	26.0	nan	nan	1	1	0.001500000000000045	0.001500000000000028	0.0014999999999998368	0.9991051573461971	-2.0693014901422558e-21	-6.317044665680484e-20	-6.140988867593677e-22	1.0026000000000037	3.6532531015077976e-20	-2.2446373102238958e-23	-4.2851396801595056e-21	0.9988766714136924	2.530258953762822e-05	0.057218392520147224	-0.4724820491174495	0.05741854184644616	122.76926677050588	0.49560304442562103	-0.4723739984764608	0.4937625356427219	0.0002467494265339622	1599.565890624997	2.5265354701950455e-05	0.0573340448081426	-0.4716788598482746	0.05733404575297985	123.01741331870758	0.4947605509429657	-0.4716788613962984	0.4947605498206521	0.0002463299682880091	-0.0008952432644972946	0.0	0.0	0.0	0.0025966258472694573	0.0	0.0	0.0	-0.0011239599927597914	123.02301507097881	0.002407775378436561
28	28.0	nan	nan	1	1	0.001500000000000045	0.001500000000000028	0.0014999999999998368	0.9990349813694296	1.7448878713438586e-22	6.23416249179165e-22	-1.528894469794012e-21	1.0028000000000101	2.6444368613279256e-20	4.535861432546778e-22	4.907708896391416e-21	0.9987551217526998	8.75641660996108e-05	0.07615285182106664	-0.5289642293631234	0.07643984642861022	124.37430003743182	0.5612578076752556	-0.5288160516756498	0.558993925217934	0.0002039006352814185	1599.565890624997	8.742850886963751e-05	0.07632142260733307	-0.5279967917619908	0.07632142335341881	124.64961308280418	0.560231307437748	-0.5279967927946354	0.5602313056080153	0.00020352771565752717	-0.0009654845608274579	0.0	0.0	0.0	0.0027960873020115946	0.0	0.0	0.0	-0.0012456537518980007	124.65666916860268	0.002606129032440678
30	30.0	nan	nan	1	1	0.001500000000000045	0.001500000000000028	0.0014999999999998368	0.9989646159674815	2.462324777668251e-21	-6.683005250541704e-20	-1.8211208365967457e-21	1.0029999999999961	5.038109618621216e-20	1.1041074467459806e-21	8.929421329954834e-21	0.9986328989999369	0.00014270252705119945	0.09391460242182167	-0.5770722204960113	0.09429397715608488	125.78100570528804	0.6151980081870295	-0.576880597194224	0.6125194097385256	0.00016166859485798813	1599.565890624997	0.00014247047147537947	0.09414064064825614	-0.575942503622062	0.09414064109667883	126.08374153886018	0.6139936536088946	-0.5759425033711674	0.6139936512032567	0.00016135210112789357	-0.0010359204128375654	0.0	0.0	0.0	0.0029955089797948286	0.0	0.0	0.0	-0.0013680363351973154	126.09212606135684	0.0028048866742667023
32	32.0	nan	nan	1	1	0.001500000000000045	0.001500000000000028	0.0014999999999998368	0.9988939341730528	1.0054281083908545e-21	2.9830382819928323e-20	-1.810956441229694e-21	1.003199999999977	-2.3459424507155103e-20	8.699028368301664e-22	9.181837148236616e-21	0.9985102723197721	0.00017082099910800986	0.10999968396271362	-0.6175315196151482	0.11047387441549407	127.0195441965695	0.6583406806940351	-0.6172943324323424	0.6552630879388858	0.00011479281494057955	1599.565890624997	0.0001705301590365216	0.11028578135594198	-0.6162433277903813	0.11028578144273099	127.34990842285228	0.6569673595665401	-0.6162433262404141	0.6569673570293463	0.00011455335321101375	-0.0011066779691752994	0.0	0.0	0.0	0.0031948908964962693	0.0	0.0	0.0	-0.0014908384277863018	127.35946546950082	0.003003965278114054
34	34.0	nan	nan	1	1	0.001500000000000045	0.001500000000000028	0.0014999999999998368	0.9988228559856889	-3.088282125689179e-21	-3.1242810259474866e-20	-3.476223215531649e-21	1.003400000000015	-1.3296723205998007e-20	-1.5242357885841135e-21	1.6257103356651788e-20	0.9983874459717381	0.00016853873494360048	0.12420972813964107	-0.6515688389003393	0.12477892424143405	128.11634878884735	0.692125722037855	-0.6512848024501853	0.688668157581406	6.7398919062739e-05	1599.565890624997	0.00016823893933009263	0.1245569680344824	-0.6501263037483646	0.12455696829665773	128.47451000654905	0.6905933963279415	-0.6501263012487597	0.6905933937299811	6.724970181331194e-05	-0.0011778373925170884	0.0	0.0	0.0	0.003394233068030665	0.0	0.0	0.0	-0.0016138555929257749	128.4850760236804	0.0032032931736400913
36	36.0	nan	nan	1	1	0.001500000000000045	0.001500000000000028	0.0014999999999998368	0.9987513453030841	5.47183283926278e-22	6.673687888121907e-20	-2.447925217564928e-21	1.0035999999999843	8.266575697080981e-20	8.46185914307046e-22	-3.6761229910836634e-22	0.9982645692910554	0.00014794988664299706	0.13670101256505046	-0.6805813580288034	0.13736465780218649	129.0955953505858	0.7182171156987774	-0.6802496503700246	0.7143988610144886	2.9188502851223818e-05	1599.565890624997	0.00014767545812862013	0.1371098629954891	-0.6789878752345686	0.13710986356189414	129.48169921870237	0.7165355142224958	-0.6789878724451324	0.7165355114777882	2.9120162194321886e-05	-0.0012494349157422227	0.0	0.0	0.0	0.0035935355101147305	0.0	0.0	0.0	-0.0017369383132981812	129.49311673270262	0.0034028084247653746
38	38.0	nan	nan	1	1	0.001500000000000045	0.001500000000000028	0.0014999999999998368	0.9986793976338174	-3.066259269060567e-22	-7.893076518989198e-21	-1.0842021724855045e-21	1.0037999999999856	6.541211935171334e-20	-2.8053731213062426e-21	1.32560656245298e-21	0.9981417459859233	0.00012328985372903251	0.14779596346964086	-0.7057414789413944	0.14855376885298086	129.97854663326257	0.7381488957009567	-0.7053615311281898	0.7339880700116083	3.0002718180626164e-06	1599.565890624997	0.00012305178732854383	0.1482669188614543	-0.7039995170775804	0.14826691912479814	130.3927263978512	0.7363269435208804	-0.7039995140953206	0.7363269406477452	2.9928663314303462e-06	-0.0013214751299545937	0.0	0.0	0.0	0.0037927982386821053	0.0	0.0	0.0	-0.0018599827099697866	130.40485416372422	0.003602459498001089
40	40.0	nan	nan	1	1	0.001500000000000045	0.001500000000000028	0.0014999999999998368	0.9986070263513684	1.2282824768134609e-20	1.1130309388453046e-19	2.740998617314916e-21	1.003999999999988	1.1185070068493036e-20	-6.584834131954931e-21	5.393905808115385e-21	0.998019046011589	0.00010100942549332412	0.15767168488905364	-0.7278110411466611	0.15852319028311052	130.7831240909237	0.7531797457183098	-0.727382502553805	0.7486929566589151	-1.405919643199638e-05	1599.565890624997	0.00010080669091974799	0.15820502062688885	-0.7259225865984903	0.15820502065461298	131.2255073510031	0.7512254668794631	-0.7259225835337559	0.7512254640696951	-1.4022716972432525e-05	-0.0013939447383307822	0.0	0.0	0.0	0.003992021269525514	0.0	0.0	0.0	-0.001982918672824852	131.2382238056164	0.003802204841287361
42	44.333333333333336	nan	nan	1	1	0.001500000000000045	0.001500000000000028	0.0014999999999998368	0.9984487198035131	2.0379612710938467e-21	2.4988318976949115e-20	1.4162390878091901e-21	1.0044333333333284	5.192650779847763e-20	3.955643863677583e-22	2.2004221903772216e-20	0.9977539140724072	-3.0586061723050227e-06	0.17454424646533592	-0.766244679204839	0.17559044004973734	132.3065596535775	0.7724012505215161	-0.7657114344051428	0.767264811801929	-0.0008398884098604529	1599.565890624997	-3.0519611685106536e-06	0.17520896858515675	-0.7640479071562403	0.17520895937695447	132.81042671640043	0.7701868279963129	-0.7640478807796056	0.7701868095331244	-0.000837480506180602	-0.0015524846774303302	0.0	0.0	0.0	0.004423535059773735	0.0	0.0	0.0	-0.002248612162058526	132.82448585283612	0.004235168996342446
44	48.666666666666664	nan	nan	1	1	0.001500000000000045	0.001500000000000028	0.0014999999999998368	0.998288894200053	1.0415964152386132e-20	2.3641282480930603e-19	-2.8189256484623114e-21	1.0048666666666453	1.5460130056580214e-19	7.245519830813285e-21	-9.620600214914344e-21	0.9974897300130414	-0.00018450363321162588	0.18666874241437362	-0.7965010665223441	0.18789869745464544	133.64718409976558	0.7816465368149469	-0.7958634251931861	0.7759082997032715	-0.0007648445868473432	1599.565890624997	-0.00018407213498826226	0.18745927325065234	-0.7940021563486116	0.1874592592023317	134.21317184279198	0.7791942306408473	-0.7940021412280232	0.7791942244333927	-0.000762444994430296	-0.0017125714135949736	0.0	0.0	0.0	0.004854862726160579	0.0	0.0	0.0	-0.0025134259973939267	134.22786858079368	0.004668195891302455
46	53.0	nan	nan	1	1	0.001500000000000045	0.001500000000000028	0.0014999999999998368	0.998127813700078	-4.813688239246189e-21	-5.086094035083172e-20	-5.166900978251232e-21	1.0052999999999737	-2.978371130453461e-19	1.148915489655733e-20	-4.567201651595188e-21	0.9972265018111841	-2.8022923862676462e-05	0.1951801976454679	-0.8207266129877866	0.19658267634156973	134.8598120841595	0.7848076646268828	-0.8199854842503762	0.7785049284073694	-0.0005315491105157998	1599.565890624997	-2.795271217675702e-05	0.1960901524258287	-0.8179310138447956	0.19609013669095626	135.48854559383372	0.7821344143631238	-0.8179310032989671	0.7821344168989504	-0.0005297385219296616	-0.0018739410311573914	0.0	0.0	0.0	0.005286004429211374	0.0	0.0	0.0	-0.002777351461262366	135.5034285114005	0.005101169312947665
48	57.33333333333333	nan	nan	1	1	0.001500000000000045	0.001500000000000028	0.0014999999999998368	0.9979656910265867	7.657177843178875e-22	6.044511814901413e-20	-6.066449968235299e-21	1.0057333333333158	9.423410944793542e-20	1.2322635316655561e-20	5.3684948196977556e-21	0.9969641810066039	-3.967888680462611e-05	0.20116270332845415	-0.8404587406435836	0.20272843149738323	135.98103694663658	0.784281895075011	-0.8396152834618008	0.7774436230271695	-0.000435748967445319	1599.565890624997	-3.957282731486697e-05	0.2021865664308811	-0.8373710512961725	0.20218654951087076	136.67314320716983	0.7814005890266782	-0.8373710378256658	0.7814005982848292	-0.0004341481066536328	-0.0020363809904717627	0.0	0.0	0.0	0.005716960329211657	0.0	0.0	0.0	-0.0030404364393977544	136.68822476316038	0.005534024597923061
50	61.666666666666664	nan	nan	1	1	0.001500000000000045	0.001500000000000028	0.0014999999999998368	0.9978027145659064	-1.0589605906573263e-20	-4.267182581677714e-19	-4.895850435129856e-21	1.0061666666666609	3.9357724707349967e-19	1.1636538629379578e-20	-1.5421081837711792e-20	0.996702693342247	-2.8409780346351e-05	0.20536590929039716	-0.856745478390466	0.20708734498242617	137.0354762044621	0.7815944651889636	-0.8558009492738627	0.7742428215287166	-0.0003497540629459147	1599.565890624997	-2.832907007165749e-05	0.2064990411778904	-0.8533696918480974	0.20649902376715312	137.79158644857046	0.7785147920027898	-0.8533696763510709	0.7785148023690047	-0.0003483759464707047	-0.0021997030077818783	0.0	0.0	0.0	0.006147730586228354	0.0	0.0	0.0	-0.0033027547526735487	137.80676363582734	0.005966723349807458
52	66.0	nan	nan	1	1	0.001500000000000045	0.001500000000000028	0.0014999999999998368	0.9976390407065074	-2.986638172018663e-21	-1.8829711824052547e-19	-2.8799120206646214e-23	1.0065999999999986	3.085571620257965e-19	7.945169045245338e-21	-2.8311229229027734e-20	0.9964419574159119	6.736856714239459e-06	0.2082933511878152	-0.8703756436652393	0.21016425998528765	138.03958976802502	0.7778127819238184	-0.8693312539436805	0.769963539041282	-0.00026657832888704776	1599.565890624997	6.716582881194804e-06	0.20953181021619804	-0.8667151084814377	0.20953179364383745	138.86033788719243	0.7745415379783275	-0.8667150966687539	0.7745415454491364	-0.00026545718153046414	-0.0023637507524314717	0.0	0.0	0.0	0.0065783153601214036	0.0	0.0	0.0	-0.0035643874723289407	138.87553566686674	0.006399244671432001
54	70.33333333333333	nan	nan	1	1	0.001500000000000045	0.001500000000000028	0.0014999999999998368	0.9974747967631743	-3.065412236113313e-21	-2.045296576417069e-19	-1.3891340334970525e-21	1.0070333333333163	-4.545856421324379e-20	-1.4098016374100573e-20	9.16489648929153e-22	0.9961818965262768	3.363560236200808e-05	0.21031947307630025	-0.8819313792189667	0.21233489200612513	139.00459994749642	0.7736067243646642	-0.8807882363149454	0.7652706152252706	-0.00020342273743074256	1599.565890624997	3.3528700263298535e-05	0.21166005701860036	-0.8779888847093849	0.21166004024219784	139.890620304384	0.770148473150058	-0.8779888777671926	0.7701484778562451	-0.00020251337753682987	-0.002528396940152247	0.0	0.0	0.0	0.007008714810541255	0.0	0.0	0.0	-0.003825411037410946	139.9058099863756	0.006831577481778923
56	74.66666666666666	nan	nan	1	1	0.001500000000000045	0.001500000000000028	0.0014999999999998368	0.9973100848167114	1.107156765356096e-20	9.456784042915362e-20	8.837941771651369e-21	1.0074666666666765	5.017789298216585e-19	-2.1975422783565567e-20	-1.3991290222746534e-20	0.9959224440526234	5.2816117065159985e-05	0.2117263475865035	-0.8918591676492916	0.21388254571958956	139.93836765773256	0.7693231534665181	-0.890618246647274	0.7605077404369702	-0.0001531937090533248	1599.565890624997	5.263931922771849e-05	0.21316660838378904	-0.8876369743377834	0.21316659055948123	140.89029332627138	0.7656810637837757	-0.8876369714467732	0.7656810667474148	-0.00015246846735912894	-0.0026935395060081004	0.0	0.0	0.0	0.007438929097009007	0.0	0.0	0.0	-0.004085891846407835	140.90545638555037	0.0072637159576251715
58	79.0	nan	nan	1	1	0.001500000000000045	0.001500000000000028	0.0014999999999998368	0.9971449858468027	3.587608048095589e-20	1.952749756600064e-19	2.5433011274257622e-20	1.0078999999999863	-2.803679055411734e-19	-1.9556296686207287e-20	-3.094550169498861e-20	0.9956635442449117	6.91225577439069e-05	0.21269983659667638	-0.9005420714239014	0.2149939580817887	140.84651978062212	0.7651330687992628	-0.8992041509993608	0.7558439368619374	-0.00011228224433111322	1599.565890624997	6.887946240471783e-05	0.21423786938509176	-0.8960417632841376	0.21423785137987683	141.86498114393555	0.7613094444658929	-0.8960417631303076	0.7613094453287963	-0.00011172113262501016	-0.0028590974799271264	0.0	0.0	0.0	0.007868958378681979	0.0	0.0	0.0	-0.004345885450190616	141.88010464841864	0.007695657227549463
60	83.33333333333333	nan	nan	1	1	0.001500000000000045	0.001500000000000028	0.0014999999999998368	0.9969795641933878	2.3965950209613174e-20	2.2710986194961204e-19	2.1739947624228873e-20	1.0083333333333195	1.853646901771311e-19	-8.575361558002537e-21	-1.9227647902672617e-20	0.9954051511076055	8.269595515238032e-05	0.21335169276853963	-0.9083153151507039	0.21578136073608695	141.73318150057682	0.7611360192302298	-0.906880919340736	0.751377239502349	-7.678100381552505e-05	1599.565890624997	8.239109212488701e-05	0.21498588784065387	-0.9035376544932286	0.21498587129782643	142.81880525990923	0.7571325090466982	-0.9035376547017764	0.7571325113080696	-7.637714232045599e-05	-0.0030250065288788923	0.0	0.0	0.0	0.008298802814681412	0.0	0.0	0.0	-0.004605437658871182	142.83388191728403	0.008127400059951183
62	87.66666666666666	nan	nan	1	1	0.001500000000000045	0.001500000000000028	0.0014999999999998368	0.9968138715118648	-6.624644680475883e-21	1.7410592824222693e-19	1.0678544366034964e-20	1.0087666666666728	1.0324586238036338e-18	7.342081586800275e-21	8.57197342621352e-22	0.9951472265502207	9.416675198599908e-05	0.21376653712405302	-0.9154530177950009	0.21632979523574639	142.601435356174	0.7574036252204923	-0.9139224074432182	0.7471778600874666	-4.8888006849572284e-05	1599.565890624997	9.380360534501124e-05	0.2154955528440602	-0.9103979363396799	0.21549553646788433	143.7548437742714	0.7532212838598542	-0.910397937867845	0.7532212861686162	-4.861804995172063e-05	-0.00319121500257249	0.0	0.0	0.0	0.00872846256384593	0.0	0.0	0.0	-0.00486458638735786	143.76987315864193	0.008558944182921156
64	92.0	nan	nan	1	1	0.001500000000000045	0.001500000000000028	0.0014999999999998368	0.9966479496730224	-2.28089032036638e-20	-2.5993747085339968e-20	4.662069341687669e-21	1.0091999999999868	8.710209203205421e-20	1.5449880957918437e-20	2.9707139526102824e-20	0.9948897389384015	0.00010332887860218059	0.21401923946592916	-0.9221596277340878	0.21671463802240087	143.45362778268884	0.7539894387686856	-0.920532826394313	0.7432980142250376	-2.617023615643371e-05	1599.565890624997	0.0001029128303776796	0.21584206488707328	-0.9168263472784406	0.21584204807859886	144.67543812147036	0.7496287651752968	-0.916826350013293	0.7496287652322667	-2.6018881439945264e-05	-0.0033576810341386077	0.0	0.0	0.0	0.009157937784752523	0.0	0.0	0.0	-0.005123363101280182	144.69042323486792	0.008990289855411357
66	96.33333333333333	nan	nan	1	1	0.001500000000000045	0.001500000000000028	0.0014999999999998368	0.996481833243549	-2.836459230470476e-20	6.255982060512921e-19	3.464364754270088e-21	1.0096333333333414	5.962332678358801e-19	1.8133281334820063e-20	1.8743145056843158e-20	0.9946326614756085	0.00010995344960305289	0.21416996714689152	-0.928571162108794	0.21699655317672817	144.29156286429742	0.750931024642772	-0.9268480153371118	0.7397740323001296	-7.579252818820103e-06	1599.565890624997	0.0001094920185446777	0.2160859193323386	-0.9229583983635713	0.21608590462902494	145.5823868714833	0.7463920096461119	-0.9229584014849463	0.7463920081667005	-7.533439899818033e-06	-0.0035243700588893662	0.0	0.0	0.0	0.009587228635913412	0.0	0.0	0.0	-0.0053817944355243254	145.59733329604214	0.009421437698281592
68	100.66666666666666	nan	nan	1	1	0.001500000000000045	0.001500000000000028	0.0014999999999998368	0.9963155513392997	-6.328458434644736e-20	4.501675182795595e-19	7.17945126092745e-21	1.0100666666666722	3.1039352945544383e-19	3.2221133313553583e-21	6.549597561349152e-20	0.9943759710939349	0.00011569492093252759	0.21426071130131066	-0.934772253034226	0.21721791639348137	145.11666096258145	0.7482488185088182	-0.9329524858964654	0.7366252811242604	8.67284791848466e-06	1599.565890624997	0.00011518969632848249	0.21626936845193376	-0.9288784007874777	0.21626935413234885	146.4771045872977	0.7435310191028346	-0.9288784042818159	0.7435310158680382	8.618164562165404e-06	-0.0036912529602034865	0.0	0.0	0.0	0.010016335275493617	0.0	0.0	0.0	-0.005639903303324667	146.49201790870856	0.009852388541037435
70	105.0	nan	nan	1	1	0.001500000000000045	0.001500000000000028	0.0014999999999998368	0.9961491287318082	-3.66640328801392e-20	5.596990427549075e-19	9.18861341181465e-21	1.0104999999999964	-2.0305751437937892e-19	-2.1091120386632077e-20	-5.847576654664788e-20	0.9941196477124061	0.00012118787627915573	0.21431967034670243	-0.9408134954171774	0.21740721977462263	145.93004592381	0.7459483680018879	-0.9388967571208089	0.7338564324057973	2.1196394563002318e-05	1599.565890624997	0.00012063801976470309	0.21642080888346424	-0.934636766481005	0.21642079456648852	147.3607090200434	0.7410509883490963	-0.9346367724247191	0.7410509844881329	2.1057233736464867e-05	-0.003858304963225832	0.0	0.0	0.0	0.010445257861535308	0.0	0.0	0.0	-0.005897709637443425	147.37559602541202	0.010283143354050459
72	109.33333333333333	nan	nan	1	1	0.001500000000000045	0.001500000000000028	0.0014999999999998368	0.9959825866218536	4.88483900681555e-20	5.473221973296277e-19	2.6180094333735916e-20	1.0109333333333383	4.884195261775637e-19	-3.4240459859807836e-20	-5.5124904207309866e-21	0.9938636738647207	0.00012340401105827374	0.21436806381028228	-0.946727131312975	0.21758594317306992	146.7326300741396	0.74402295577331	-0.9447130117050903	0.7314600874348735	3.107824752645022e-05	1599.565890624997	0.00012282306817708246	0.2165616355342895	-0.94026562944696	0.2165616247279111	148.2341062856554	0.7389449290028931	-0.9402656335833274	0.7389449251318589	3.0866135559081e-05	-0.004025504861765685	0.0	0.0	0.0	0.010873996551883518	0.0	0.0	0.0	-0.0061552307608067095	148.24897503303538	0.010713703142835923
74	113.66666666666666	nan	nan	1	1	0.001500000000000045	0.001500000000000028	0.0014999999999998368	0.9958159433020314	1.2648107726638026e-20	-5.095953498589212e-19	3.263533242476094e-20	1.0113666666666765	1.9872748195301494e-19	-4.549583366292298e-20	-1.50094238253462e-20	0.993608034291086	0.00012545343884266734	0.2144218898026499	-0.952532686314175	0.21777030698346656	147.52516228412907	0.7424568403070868	-0.9504207488256475	0.7294199999379246	3.973304507721503e-05	1599.565890624997	0.00012484146030968584	0.21670800278181054	-0.9457844657355864	0.2167079945094186	149.09803895526062	0.7371969026687666	-0.9457844702114647	0.7371968949678688	3.9451556204137576e-05	-0.004192834355896179	0.0	0.0	0.0	0.01130255150413599	0.0	0.0	0.0	-0.006412481793860908	149.11289519757352	0.011144068900334255
76	118.0	nan	nan	1	1	0.001500000000000045	0.001500000000000028	0.0014999999999998368	0.9956492144294402	4.864573743552491e-20	-9.811690847814913e-20	2.485956996896646e-20	1.01179999999997	-7.733546333703322e-19	-3.1712913545201e-20	-3.688320265524125e-20	0.9933527156977864	0.00012695119809952074	0.21449302101772608	-0.9582435382237955	0.2179723809330108	148.30825001089536	0.7412310386430784	-0.9560333216895778	0.7277167987241229	4.47388440198816e-05	1599.565890624997	0.00012631026473446748	0.21687192143003306	-0.9512066303216183	0.21687191261375505	149.95310799007547	0.7357877725576792	-0.9512066350324477	0.7357877643169124	4.441030214878135e-05	-0.00436027778048579	0.0	0.0	0.0	0.011730922875669292	0.0	0.0	0.0	-0.006669475893725534	149.96795867516443	0.01157424160563814
78	122.33333333333333	nan	nan	1	1	0.001500000000000045	0.001500000000000028	0.0014999999999998368	0.9954824134402874	2.7492783643743264e-20	-4.0733475620280403e-19	-6.424744904923868e-21	1.0122333333333233	2.166845804348061e-19	-5.6514038240806916e-21	7.865886761382335e-20	0.9930977066211484	0.0001271346406172316	0.21458852198573639	-0.9638710981581977	0.2181993803899994	149.08240747739285	0.7403238833171512	-0.9615621202748276	0.7263285240094839	4.9152610384669396e-05	1599.565890624997	0.00012647109711894393	0.21706055919217715	-0.9565435141385394	0.21706055009571185	150.799821133536	0.7346957599434635	-0.9565435172409826	0.7346957522229761	4.8778940209199504e-05	-0.0045278216909016246	0.0	0.0	0.0	0.012159110823800428	0.0	0.0	0.0	-0.006926224388602295	150.81467180666397	0.01200422215000796
80	126.66666666666666	nan	nan	1	1	0.001500000000000045	0.001500000000000028	0.0014999999999998368	0.9953155518912473	1.9480778405003644e-20	5.299986794923828e-19	-2.5609617643760144e-20	1.0126666666666864	-4.442721689666696e-19	3.8448519541767204e-20	-1.0550642390999565e-20	0.9928429971200793	0.0001268580216326087	0.2147125974360975	-0.9694234815906136	0.21845562471001553	149.84806952491064	0.7397122181776807	-0.9670152499989952	0.7252318175375999	5.371328963471084e-05	1599.565890624997	0.00012617428213571174	0.21727820201492695	-0.9618032279017273	0.21727819235681362	151.63860672623292	0.7338976336680978	-0.9618032301990936	0.7338976251986573	5.329107075797229e-05	-0.00469545452189366	0.0	0.0	0.0	0.012587115505491313	0.0	0.0	0.0	-0.007182737085065096	151.6534618101404	0.012434011355532962
82	131.0	nan	nan	1	1	0.001500000000000045	0.001500000000000028	0.0014999999999998368	0.9951486397394158	3.066570288970887e-20	8.025501649962935e-19	-1.3830353962768215e-20	1.0131000000000006	5.917372169518542e-19	4.695950659577841e-20	3.578544795559968e-20	0.9925885785574533	0.00012727508160218675	0.21486410188374883	-0.9749085883200413	0.2187400034621575	150.60560671174582	0.7393732732962349	-0.9724005979316431	0.7244037712988449	5.67966313071594e-05	1599.565890624997	0.00012656738148886205	0.21752372669038736	-0.966993661152417	0.2175237219772829	152.46982881361245	0.7333705714245529	-0.9669936635601264	0.7333705657669657	5.633552017782034e-05	-0.0048631663078424455	0.0	0.0	0.0	0.01301493707749542	0.0	0.0	0.0	-0.007439022486320657	152.48469263635596	0.012863609978430167
84	135.33333333333331	nan	nan	1	1	0.001500000000000045	0.001500000000000028	0.0014999999999998368	0.9949816855580967	-1.6175152919004932e-21	6.494709826367073e-19	-2.6085650160117062e-20	1.013533333333319	6.262555036183614e-19	3.4281117441276044e-20	-2.2947816607013504e-20	0.9923344434616216	0.00012647862580862347	0.21504094446085298	-0.9803335936357321	0.2190504245433874	151.3553414384308	0.7392846216187756	-0.9777253250770837	0.7238218660501011	5.880017202697357e-05	1599.565890624997	0.0001257537764807633	0.21779505060516982	-0.9721219778293156	0.21779504600031344	153.29380332937845	0.7330921160025893	-0.9721219787394522	0.7330921110896097	5.830764129542325e-05	-0.005030948467220141	0.0	0.0	0.0	0.013442575696474461	0.0	0.0	0.0	-0.007695087930069543	153.30868065225556	0.013293018699829212
86	139.66666666666666	nan	nan	1	1	0.001500000000000045	0.001500000000000028	0.0014999999999998368	0.9948146968186258	-8.387468474477851e-20	-3.92359213695348e-19	-4.42545068787218e-20	1.0139666666666742	-1.3502653856134473e-18	2.733544727379078e-20	-2.4062511965600165e-20	0.9920805852765383	0.00012549153381888673	0.21523787472354844	-0.9857038825365017	0.21938158542509098	152.09755071902433	0.7394241151013032	-0.9829948127060587	0.7234639224544105	6.0378150957232754e-05	1599.565890624997	0.00012475093193266705	0.21808688620256636	-0.9771935604138046	0.21808688122454903	154.11080079634263	0.7330401112272297	-0.9771935622927416	0.7330401042596588	5.985686102125657e-05	-0.00519879352045472	0.0	0.0	0.0	0.01387003151886996	0.0	0.0	0.0	-0.00795093983886007	154.12569520648123	0.013722238145378492
88	144.0	nan	nan	1	1	0.001500000000000045	0.001500000000000028	0.0014999999999998368	0.9946476800747985	-5.3546987705693514e-20	7.911423252626726e-19	-3.838710965309126e-20	1.0144000000000128	-7.411199475296227e-19	1.7753810574450136e-20	9.864376297134131e-20	0.9918269982183483	0.00012291650284106437	0.21544975852670634	-0.991024649640707	0.21972828798810506	152.83248239195902	0.7397711896279696	-0.9882142386068505	0.72330937934426	6.089567929347273e-05	1599.565890624997	0.00012217012802362914	0.21839405483403912	-0.9822135977910718	0.21839405168100506	154.92106265598085	0.7331939946903447	-0.9822135942273075	0.7331939907229191	6.0354264922126844e-05	-0.005366694905431302	0.0	0.0	0.0	0.014297304700836871	0.0	0.0	0.0	-0.00820658386349231	154.93597844407054	0.014151268889515624
90	148.33333333333331	nan	nan	1	1	0.001500000000000045	0.001500000000000028	0.0014999999999998368	0.9944806411909715	-4.510196334244973e-20	-7.293292489038428e-20	-1.4155826372750682e-20	1.0148333333333366	-4.681449455520847e-19	3.3068166260807885e-21	5.588384572804972e-20	0.9915736770912466	0.00012109660218470459	0.21567114985997107	-0.9962994378156268	0.22008499694392158	153.56035585195158	0.7403069329939038	-0.9933871587405597	0.723339327538832	6.096472879522863e-05	1599.565890624997	0.00012034062000684772	0.21871105279878464	-0.9871856373098213	0.21871104976207145	155.72480194194875	0.7335348628267623	-0.98718563884511	0.7335348560041478	6.0407044674329794e-05	-0.005534646748893499	0.0	0.0	0.0	0.014724395398385229	0.0	0.0	0.0	-0.008462025067715376	155.73974163061146	0.014580111465642606
92	152.66666666666666	nan	nan	1	1	0.001500000000000045	0.001500000000000028	0.0014999999999998368	0.9943135853952276	-3.836169866467363e-20	-4.152291032712141e-19	7.876453497399333e-21	1.0152666666666654	3.075068411712012e-20	-2.245653749760601e-20	-4.2466843843541604e-20	0.9913206172359089	0.0001190200300039766	0.21589736228374443	-1.0015307841019214	0.2204469442048442	154.28137172235333	0.741013065633422	-0.9985160876356813	0.7235355475958329	6.064292365493495e-05	1599.565890624997	0.00011825670912164996	0.2190331376704984	-0.9921122267343437	0.21903313380712275	156.5222130321502	0.7340444589968806	-0.9921122228323676	0.7340444530201184	6.0072627799382376e-05	-0.005702643813550598	0.0	0.0	0.0	0.015151303767342762	0.0	0.0	0.0	-0.008717267979488382	156.53717932275188	0.015008766370226065
94	157.0	nan	nan	1	1	0.001500000000000045	0.001500000000000028	0.0014999999999998368	0.9941465173884716	-7.884182673043027e-21	4.634422186289288e-19	2.5336078941356207e-20	1.0156999999999974	-1.7375695066795815e-19	-4.2812433286021354e-20	6.286678534521417e-20	0.9910678144330287	0.00011828518307852348	0.21612515617533615	-1.006720373774382	0.22081082757433984	154.9957071502312	0.741873943478039	-1.0036027296281504	0.7238824287387302	6.085270148073524e-05	1599.565890624997	0.00011750640011470055	0.219357027446778	-0.9969950680255734	0.21935702155851555	157.31346683170605	0.7347071560409794	-0.9969950659467132	0.7347071511668972	6.026484099538296e-05	-0.005870681388873602	0.0	0.0	0.0	0.01557802996331562	0.0	0.0	0.0	-0.008972316687615112	157.3284609173383	0.015437234070596944
96	161.33333333333331	nan	nan	1	1	0.001500000000000045	0.001500000000000028	0.0014999999999998368	0.9939794414018364	-1.8302476166034108e-20	6.170533376793908e-19	1.6544247525770994e-20	1.0161333333333469	7.463512230118652e-19	-2.1019969619062716e-20	5.629042154273179e-20	0.990815264814087	0.00011625176519280389	0.21635196490231265	-1.0118688391898054	0.221174029173786	155.7035202731886	0.7428745459430076	-1.0086477074258569	0.7243650138242063	5.922634459308812e-05	1599.565890624997	0.000115466544454009	0.21968011793055478	-1.0018348192387705	0.21968011263581422	158.09871526362534	0.7355079607430163	-1.0018348121834102	0.7355079568309879	5.863903693002214e-05	-0.0060387552337825045	0.0	0.0	0.0	0.016004574141728976	0.0	0.0	0.0	-0.009227174931225168	158.1137405637964	0.015865515024065736
98	165.66666666666666	nan	nan	1	1	0.001500000000000045	0.001500000000000028	0.0014999999999998368	0.9938123613011093	2.1227280932903206e-20	-5.073998404596381e-19	1.1032604137987262e-22	1.0165666666666624	-1.1301045819631095e-18	-1.851275209518999e-20	8.631943358879124e-20	0.9905629648830587	0.00011462427801173602	0.21657668706582886	-1.016977006841582	0.22153541532212492	156.404960517735	0.7440016286422231	-1.013651866483424	0.7249701133328265	5.8283404281385845e-05	1599.565890624997	0.00011383050473942202	0.22000128891694268	-1.006632330151982	0.22000128228675006	158.87810166957846	0.7364336538964198	-1.0066323260073315	0.736433646300099	5.769054626237065e-05	-0.006206861471964348	0.0	0.0	0.0	0.016430936457741477	0.0	0.0	0.0	-0.009481846077410799	158.8931592938835	0.016293609640225328
100	170.0	nan	nan	1	1	0.001500000000000045	0.001500000000000028	0.0014999999999998368	0.9936452805655842	-5.3805226875487665e-20	1.7379083198584832e-19	1.3671111768684408e-21	1.0170000000000217	-1.3925221652860698e-18	-1.1133401058710524e-20	9.491851206931689e-21	0.9903109114492387	0.00011220068794455179	0.21679887424889369	-1.0220452092642438	0.22189452627697853	157.1001650186881	0.7452432759657849	-1.0186155349307575	0.7256858817828834	5.7500645614470605e-05	1599.565890624997	0.00011140456895435381	0.2203200819138444	-1.01138796113177	0.22032007562586178	159.6517571666886	0.7374723452485982	-1.0113879574004878	0.7374723391532608	5.6901064849807574e-05	-0.00637499661346276	0.0	0.0	0.0	0.01685711706644442	0.0	0.0	0.0	-0.009736333188570685	159.666848882668	0.016721518312729403
102	208.75	nan	nan	1	1	0.001500000000000045	0.001500000000000028	0.0014999999999998368	0.9921511102224614	-5.575488496183026e-20	-5.625654022484161e-19	7.025291264527167e-21	1.0208749999999758	7.574778478069977e-19	5.929230630780102e-20	-5.892638807458716e-20	0.9880696054740452	-0.007514130401191777	0.2183869066419805	-1.0651277586794763	0.22470697636319006	162.9713829304239	0.7586955846048798	-1.060745711276234	0.7343181093347769	-0.006857810268340487	1599.565890624997	-0.0074493541068556155	0.22277232328040647	-1.0516017783022964	0.22276986794702763	166.24400318628037	0.7490609642450262	-1.0516014493668915	0.7490639148598927	-0.006770723431701288	-0.007879854444838262	0.0	0.0	0.0	0.020660102696278538	0.0	0.0	0.0	-0.012002132831155567	166.26660040812317	0.020539089898481983
104	247.5	nan	nan	1	1	0.001500000000000045	0.001500000000000028	0.0014999999999998368	0.9906581117930107	4.550155113531695e-21	-2.3911401287809996e-19	2.839932065554218e-20	1.0247499999999803	-1.6406689375136896e-19	8.543513119185775e-20	-4.195862407518902e-20	0.9858449789647924	-0.006614735303561566	0.2200880954719098	-1.105430822892858	0.22765897386197578	168.44035398382943	0.7767978458641045	-1.1000595738341574	0.747307913627633	-0.0059137576184476095	1599.565890624997	-0.00654765690139669	0.22535340444075327	-1.0889046262061983	0.22535034025770528	172.47006083664473	0.7651847139333985	-1.0889041405306905	0.7651862411749468	-0.0058253469105718	-0.009385797321271823	0.0	0.0	0.0	0.02444868040229087	0.0	0.0	0.0	-0.014256158885439466	172.49209231583015	0.024342723708104537
106	286.25	nan	nan	1	1	0.001500000000000045	0.001500000000000028	0.0014999999999998368	0.989167909711268	7.316247081909019e-20	2.0507141991477074e-18	3.1740018599513143e-20	1.028624999999993	-7.106403139556239e-19	5.0686451563697335e-20	3.7113595616894426e-20	0.9836373413335484	-0.005457847625318829	0.22146371121358305	-1.143191629866431	0.230294535699156	173.5408894541592	0.7969444196665985	-1.1367994615212578	0.7620907168445386	-0.004802241611098761	1599.565890624997	-0.005394228311149828	0.22761325393118512	-1.1235488046171636	0.22761011110106302	178.35972459017745	0.7832509674404666	-1.1235483766514323	0.7832522398418829	-0.0047197273673734155	-0.010891184508812561	0.0	0.0	0.0	0.028222958943733154	0.0	0.0	0.0	-0.016498005418511496	178.38099186547862	0.02813190088070804
108	325.0	nan	nan	1	1	0.001500000000000045	0.001500000000000028	0.0014999999999998368	0.9876812698972698	1.8565268137919754e-20	1.4577233734339169e-18	1.958678987230844e-20	1.032499999999997	-1.506227868125487e-18	-7.386127300057499e-20	4.003755335081627e-20	0.9814461663883576	0.020746014687436545	0.22234707949105545	-1.1784862074326072	0.2324401794085854	178.32458957772624	0.8179990739608777	-1.171045758829359	0.7775491506640495	0.017708197564807338	1599.565890624997	0.02047284213997516	0.22937608104664478	-1.1556268552641982	0.22937953007915654	183.9619193794522	0.8021321687844134	-1.1556260477208449	0.8021296137943719	0.01736470782190779	-0.012395234599821371	0.0	0.0	0.0	0.03198304585304816	0.0	0.0	0.0	-0.018728115075134662	183.95956615664596	0.031906665948433624
110	363.75	nan	nan	1	1	0.001500000000000045	0.001500000000000028	0.0014999999999998368	0.9861980549204871	1.6086849734253673e-20	-1.6428508943858167e-18	5.258041723375795e-20	1.0363750000000231	4.039601769409429e-18	-1.9727058528373752e-19	1.9860212107682128e-19	0.9792708569827138	0.01830997399520097	0.2227288923312407	-1.211712550858542	0.23406541137543696	182.77964260536444	0.8390852660168253	-1.2032005944536388	0.792849451659958	0.015595586192137066	1599.565890624997	0.01804130585593572	0.2306267003649829	-1.1855463465739324	0.23063089428889832	189.26087867071658	0.8209657239957032	-1.1855456450277446	0.8209633290439285	0.015258808881418812	-0.013898077491270791	0.0	0.0	0.0	0.03572904745426826	0.0	0.0	0.0	-0.020947007727386974	189.26113215443937	0.035667333884063866
112	402.5	nan	nan	1	1	0.001500000000000045	0.001500000000000028	0.0014999999999998368	0.984718791347356	-1.0159821389136431e-19	9.181837148236616e-19	1.182186943823882e-19	1.0402500000000414	-5.1328434775080315e-18	-1.7848678264542617e-19	-2.7872466162350007e-19	0.9771111510453022	0.016965843755908126	0.22259586128195982	-1.2429735592909081	0.23515343123311355	186.95186791378043	0.8598125210406075	-1.233369952203394	0.8076233193082784	0.014342492964006024	1599.565890624997	0.01669143859394138	0.23134541144685175	-1.2134222112413733	0.23135006511039494	194.3003636913362	0.8393707193009837	-1.2134214553075986	0.8393684771289507	0.014001504213031193	-0.015399169588279544	0.0	0.0	0.0	0.03946106888095342	0.0	0.0	0.0	-0.02315486570795004	194.3022369621822	0.03941390575712987
114	441.25	nan	nan	1	1	0.001500000000000045	0.001500000000000028	0.0014999999999998368	0.9832437031912341	4.467759983587533e-20	2.0109239794174892e-19	3.674090112010253e-20	1.0441250000000066	-2.925719562452134e-19	-7.025630077706069e-20	-5.988184123909002e-20	0.9749667107590213	0.016023589021041715	0.2219828379405079	-1.2724686886884853	0.235732945317508	190.86183001809533	0.8798967450188752	-1.2617560683790199	0.8216142000501806	0.013486214941724103	1599.565890624997	0.015740463465087243	0.23156261114203486	-1.2394626273847986	0.23156770985670322	199.0985615661971	0.8570734518681882	-1.2394617254656046	0.8570713451549934	0.013136401354106455	-0.016898271767780915	0.0	0.0	0.0	0.04317921409394007	0.0	0.0	0.0	-0.025351951378429122	199.1016360431396	0.043146493735299364
116	480.0	nan	nan	1	1	0.001500000000000045	0.001500000000000028	0.0014999999999998368	0.9817729730666861	-3.3383262517186484e-20	-1.8682158684640848e-19	-7.354278861240737e-20	1.0480000000000083	1.4156969867229474e-19	-1.7618285302889448e-20	2.9567548496395313e-19	0.9728372381695775	0.01534808574815106	0.22094936695599224	-1.3003860852759266	0.23585961618627949	194.52819406184156	0.8991936845527053	-1.2885493503133485	0.8347014255301277	0.01286983618876401	1599.565890624997	0.015054028992813719	0.23133508440528047	-1.2638628800018208	0.23134073907098826	203.67198518141055	0.873938542334593	-1.2638617998746349	0.873936537535679	0.012508368410625947	-0.01839518567894136	0.0	0.0	0.0	0.04688358589885894	0.0	0.0	0.0	-0.02753848913447271	203.6759876630655	0.04686520450315969
118	518.75	nan	nan	1	1	0.001500000000000045	0.001500000000000028	0.0014999999999998368	0.9803067449654808	1.7952693910465445e-19	-2.4864008421610073e-18	-8.273817828780006e-20	1.0518750000000159	-1.3088488626245009e-18	1.126486057212439e-19	2.9396786654228844e-19	0.9707224691271117	0.014830546075366522	0.21957280326184528	-1.3268678013652393	0.23560931632098467	197.96783101993793	0.9176511691925745	-1.3138938887341927	0.846852216249403	0.012391678797948582	1599.565890624997	0.014524390838673462	0.23073924828902428	-1.2867717899046542	0.23074550175618222	208.03554828452928	0.8899210880504241	-1.286770444159004	0.8899191561363834	0.012017220321688017	-0.019889751226568744	0.0	0.0	0.0	0.05057428596294892	0.0	0.0	0.0	-0.029714671187552184	208.04031068898215	0.05057014101358069
120	557.5	nan	nan	1	1	0.001500000000000045	0.001500000000000028	0.0014999999999998368	0.9788451336920392	-8.797623003362065e-20	-3.826698344051166e-18	-9.14727820398864e-20	1.055749999999979	-1.0511340062246966e-18	2.2741140567883457e-19	1.1377346547519762e-19	0.9686221652486802	0.014426365450368083	0.2179211222541028	-1.352005290815868	0.23504956274916725	201.19610067156344	0.9352760968956849	-1.3378834115781753	0.8580888046686638	0.012016153149836175	1599.565890624997	0.014107219916714347	0.22984281804467388	-1.3082878705426935	0.22984970708235078	212.20282953586624	0.9050337165757314	-1.3082862468020875	0.9050318159047487	0.01162760791196864	-0.02138183722616063	0.0	0.0	0.0	0.0542514148318961	0.0	0.0	0.0	-0.031880665474838046	212.20822466588695	0.05426140324482438
122	596.25	nan	nan	1	1	0.001500000000000045	0.001500000000000028	0.0014999999999998368	0.9773882314440459	-2.668289309122607e-19	2.3428050406788804e-18	-9.279415343760312e-20	1.0596250000000023	-3.678941916732126e-18	1.9905951886833862e-19	1.4078365209724275e-19	0.9665361073603571	0.014100565428237665	0.21605079175356212	-1.3758569115944748	0.23423682508706556	204.22699954784008	0.9521076630140499	-1.3605785606854268	0.8684625117158679	0.011706965252833244	1599.565890624997	0.013767853910819536	0.22870237461869083	-1.3284767809014641	0.22870986307220523	216.1862003779083	0.9193201070354681	-1.3284748723761848	0.919318263472445	0.011303814649726587	-0.0228713348937861	0.0	0.0	0.0	0.05791507194643492	0.0	0.0	0.0	-0.03403662214864124	216.19213712251434	0.05793908912065729
124	635.0	nan	nan	1	1	0.001500000000000045	0.001500000000000028	0.0014999999999998368	0.9759361118053234	-2.1528189387415298e-20	-2.0086234379327467e-18	-1.2328733953875792e-19	1.0635000000000105	3.818939522254317e-18	3.4531839193663317e-20	-3.5128150388530345e-20	0.9644640924202234	0.013830802366883114	0.21400556112187488	-1.3984614703212326	0.2332150897742896	207.07335746875316	0.9681980995845895	-1.3820204997155927	0.8780353337105896	0.011446299285592616	1599.565890624997	0.013484157546834297	0.227361856938562	-1.3473847357791944	0.2273699623056873	219.99700769358162	0.9328360975801806	-1.3473825781605284	0.9328343753479402	0.011028240152390581	-0.02435815392744975	0.0	0.0	0.0	0.061565355658164955	0.0	0.0	0.0	-0.03618267654635697	220.00341554936278	0.06160329470721969
126	673.75	nan	nan	1	1	0.001500000000000045	0.001500000000000028	0.0014999999999998368	0.9744888331384353	1.197772350053361e-19	-1.8154050582686737e-18	-2.0416882160617655e-19	1.0673750000000115	1.3277139804257488e-18	-1.192622389734055e-19	-2.7937179479520237e-19	0.9624059303816204	0.01359374730928095	0.2118244254740283	-1.4198439294564782	0.23202393895259008	209.74694586558059	0.9836068619901027	-1.4022365776027088	0.8868743773347612	0.011212248278883221	1599.565890624997	0.013233169510250097	0.22586080924681137	-1.3650442049094622	0.22586944164389916	223.64566703878836	0.9456439676315332	-1.3650418757027152	0.9456424305970845	0.010779504859350654	-0.02584221916797064	0.0	0.0	0.0	0.06520236324564416	0.0	0.0	0.0	-0.03831895226498783	223.65249830745404	0.06525411459261148
128	712.5	nan	nan	1	1	0.001500000000000045	0.001500000000000028	0.0014999999999998368	0.9730464416760728	-2.3697948985101914e-19	1.9465122059764834e-18	-1.4361613027286112e-19	1.0712500000000118	3.4127702833869346e-18	-2.1082311243980633e-19	1.275563855929196e-19	0.9603614418694822	0.013381859956556396	0.2095379273171024	-1.4400296593330761	0.23069468193361012	212.25861867711617	0.9983865845452062	-1.4212543225496377	0.8950391665986329	0.011002436202697396	1599.565890624997	0.013007413026485339	0.22423033196714828	-1.3814877342161747	0.2242394570460237	227.1417930789727	0.957798897832397	-1.381485238158033	0.9577976265189035	0.010555151112347174	-0.02732346753840512	0.0	0.0	0.0	0.06882619092986414	0.0	0.0	0.0	-0.04044556343195082	227.1490056207665	0.06889164201122587
130	751.25	nan	nan	1	1	0.001500000000000045	0.001500000000000028	0.0014999999999998368	0.9716089745915097	-2.5546513689189698e-20	4.844906485550193e-18	-5.136407792150077e-21	1.0751249999999815	3.5730695745889165e-18	-2.9826401765076226e-19	2.3032519901738935e-20	0.9583304551901911	0.013189628192955544	0.2071686417689275	-1.4590549899202288	0.22925048393689207	214.61837898810955	1.0125736697439969	-1.4391119883507177	0.9025733105952587	0.010808412424488987	1599.565890624997	0.012801424599778502	0.2224934401717757	-1.3967580462873461	0.22250307147765327	230.4942536545435	0.9693400388911724	-1.3967553398774668	0.9693389847366731	0.010346928063569766	-0.028801844976740855	0.0	0.0	0.0	0.07243693388948971	0.0	0.0	0.0	-0.04256261770310613	230.50181280294217	0.07251596924333338
132	790.0	nan	nan	1	1	0.001500000000000045	0.001500000000000028	0.0014999999999998368	0.9701764620728803	-3.6042268345207185e-19	1.4383297070735823e-18	-4.1335207826009856e-21	1.0789999999999902	-7.267434267224648e-18	-3.3176586478056436e-19	2.0472447521957537e-19	0.9563128047060896	0.013010910646424496	0.2047306655630527	-1.4769656193198268	0.22770542497094406	216.83547881695608	1.0261978113814945	-1.4558569892404276	0.9095135975884907	0.010626213984541203	1599.565890624997	0.012609163575900717	0.22066435933564718	-1.410906413062303	0.22067440386024348	233.7112610013266	0.9802997809897727	-1.4109034655076642	0.9802988466186247	0.010150942758075784	-0.03027730436732058	0.0	0.0	0.0	0.0760346862759881	0.0	0.0	0.0	-0.044670217874089986	233.71913777677912	0.07612718772574083
134	828.75	nan	nan	1	1	0.001500000000000045	0.001500000000000028	0.0014999999999998368	0.9687489285698236	-2.3676264941652205e-20	-3.4941125513776594e-19	-1.7497667811200434e-19	1.082875000000005	3.5166097464567337e-19	3.6862873864507153e-20	2.5017965130103016e-19	0.9543083298728879	0.012843760826611521	0.20222887154971353	-1.4938126251393495	0.2260638125081524	218.91848917125122	1.039303713677479	-1.4715419255127618	0.9159091932114292	0.010454572465929126	1599.565890624997	0.012428684611557146	0.2187475555639413	-1.4239887656640586	0.21875803089765805	236.80043312801737	0.9907245309642556	-1.4239856013969996	0.9907235084595196	0.009965904351568272	-0.031749804307632024	0.0	0.0	0.0	0.07961954122817186	0.0	0.0	0.0	-0.04676846281897992	236.8086011746168	0.07972538811525559
136	867.5	nan	nan	1	1	0.001500000000000045	0.001500000000000028	0.0014999999999998368	0.967326392736882	-3.9012304671459665e-19	2.2099021831228917e-18	-1.9810406570383576e-19	1.08675000000002	2.2132632098575966e-18	2.561969733583247e-19	3.016385969126234e-19	0.9523168754244192	0.012679937841153996	0.19966438757215874	-1.5096406347730205	0.22432585026086324	220.8753585382158	1.0519626696095814	-1.4862128043340015	0.9218317022807887	0.010286676888370953	1599.565890624997	0.012251971995143152	0.216743505329437	-1.4360543966876709	0.21675453536234676	239.7688442720797	1.0006855817518945	-1.4360510189903395	1.0006843829570358	0.009785260963826408	-0.03321930921095584	0.0	0.0	0.0	0.08319159088678309	0.0	0.0	0.0	-0.04885744723724642	239.7772857497535	0.08331066023821984
138	906.25	nan	nan	1	1	0.001500000000000045	0.001500000000000028	0.0014999999999998368	0.9659088673189774	-7.933649397162679e-20	1.5259671239283013e-18	-8.04816825163146e-20	1.0906249999999866	2.7946395197986362e-18	2.0025214125807267e-19	2.3323899235594415e-20	0.9503382917466553	0.012514326627280283	0.19703733247371363	-1.524481851183187	0.22249050619636973	222.71346657039473	1.0642601669452403	-1.499903266893283	0.9273633906762813	0.010117520852447513	1599.565890624997	0.012074073320813037	0.2146516038118149	-1.4471403629424107	0.21466330270968798	242.62307142328942	1.0102670904628683	-1.4471367543754379	1.0102656010712217	0.00960422899565823	-0.03468578946944609	0.0	0.0	0.0	0.08675092640864329	0.0	0.0	0.0	-0.05093726119946139	242.63177456879055	0.08688309297677851
140	945.0	nan	nan	1	1	0.001500000000000045	0.001500000000000028	0.0014999999999998368	0.9644963590532402	-6.686816898804349e-20	1.127055263352994e-18	1.9339456251710185e-19	1.094500000000005	-6.698621149957285e-18	7.188260403578895e-20	-1.6118020546712631e-19	0.9483724351995098	0.01234751781729346	0.1943536437744215	-1.5383592535128956	0.22056332901989584	224.439679199179	1.0762665791188946	-1.512637869004936	0.932571723959028	0.009948245820573918	1599.565890624997	0.01189556222364975	0.21247760976152238	-1.4572746486341062	0.21249006022383018	245.36924364142334	1.0195381848164449	-1.4572708587142853	1.0195363821837167	0.009423888730540304	-0.03614922160123878	0.0	0.0	0.0	0.09029763798078527	0.0	0.0	0.0	-0.053007989743519016	245.37819677879665	0.0904427741710355
142	983.75	nan	nan	1	1	0.001500000000000045	0.001500000000000028	0.0014999999999998368	0.9630888693166145	1.8636080092310214e-19	4.6593588362564555e-20	3.6999754388783443e-19	1.098374999999989	1.8236551591749308e-18	-8.706143445058601e-20	-2.668763647573069e-19	0.9464191675895538	0.012186239364722335	0.19162364733458123	-1.5512958552853822	0.21855496692397386	226.0603880101782	1.0880316608583975	-1.5244410728665074	0.937504864398224	0.009783467737366559	1599.565890624997	0.011722912882888032	0.21023218845500347	-1.4664850134302796	0.210245405550558	248.01307539766464	1.0285479196957998	-1.4664811150882577	1.0285458087827635	0.009248596112304651	-0.03760958762402512	0.0	0.0	0.0	0.09383181483386017	0.0	0.0	0.0	-0.055069713364183294	248.02226214405263	0.09398979066386902
144	1022.5	nan	nan	1	1	0.001500000000000045	0.001500000000000028	0.0014999999999998368	0.9616863946558081	4.063318691932549e-19	4.185603144461758e-18	2.9749152360286635e-19	1.1022500000000073	1.2220855837713485e-18	-8.59772322781005e-20	3.141069218962067e-19	0.9444783554670649	0.012016155485001173	0.18886171392543843	-1.5633200281752317	0.21648092893429327	227.58152855984238	1.099591317387478	-1.5353424029683183	0.9421979872308458	0.009611856634973825	1599.565890624997	0.011542328281304259	0.20793061829065185	-1.4748040186924005	0.20794454195605552	250.55987770852173	1.03733187356092	-1.4747999941734393	1.037329408725277	0.009067628212312313	-0.039066874545006416	0.0	0.0	0.0	0.09735354525591636	0.0	0.0	0.0	-0.05712250869588926	250.5692946102531	0.09752422845150006
146	1061.25	nan	nan	1	1	0.001500000000000045	0.001500000000000028	0.0014999999999998368	0.9602889285363386	1.6143770348309162e-19	-5.811621800119737e-18	1.0653641597385688e-19	1.106124999999985	-3.881823248258476e-18	-4.2609145378680326e-20	1.068752291527586e-19	0.9425498690356935	0.011848738737356805	0.18607976629927517	-1.5744641925428933	0.21435430051102092	229.00864952168095	1.1109799929928923	-1.545375509600388	0.9466843542083977	0.0094410649627296	1599.565890624997	0.011364846595771257	0.20558569515100944	-1.4822677449406008	0.20560025809084936	253.01462562989073	1.0459239509461478	-1.4822637234879346	1.0459211386556648	0.008888221236420196	-0.04052107257645248	0.0	0.0	0.0	0.10086291660536377	0.0	0.0	0.0	-0.05916644961602543	253.02426083253562	0.10104617265293599
148	1100.0	nan	nan	1	1	0.001500000000000045	0.001500000000000028	0.0014999999999998368	0.9588964622482125	2.325613659981407e-19	2.892895341680135e-18	-1.8936946195174943e-19	1.110000000000005	5.981814436145649e-18	5.637851296924623e-20	1.8713329497099806e-19	0.9406335809721987	0.011686596517183625	0.1832943939760891	-1.5847634541018334	0.21219380897874218	230.3469192247518	1.1222263600071114	-1.554576328235251	0.9509914547396687	0.00927204189902472	1599.565890624997	0.011192950734242587	0.20321557333141635	-1.4889144758838329	0.20323067083886276	255.3819581710164	1.0543523503827854	-1.4889104992178026	1.0543490693632993	0.008711254268722069	-0.0419721742148403	0.0	0.0	0.0	0.10436001532424706	0.0	0.0	0.0	-0.061201608458256514	255.39179887857358	0.10455570775229453
150	1138.75	nan	nan	1	1	0.001500000000000045	0.001500000000000028	0.0014999999999998368	0.957508985937555	-9.554531645028508e-20	-4.770543769044844e-18	-4.948840816310085e-19	1.113875000000007	8.2144035497278e-18	1.7184604433895245e-19	7.39019305820432e-20	0.9387293655621155	0.011524180549008178	0.18053294093511474	-1.5942457727984094	0.21003122715818479	231.60116334991088	1.133342137535544	-1.5629736818923379	0.9551321187648509	0.009102746268499244	1599.565890624997	0.011021309369996173	0.20085062839180373	-1.4947754589936677	0.20086626741278524	257.6662129036115	1.0626291395823404	-1.4947714860975496	1.0626253871312272	0.008534795552705152	-0.04342017318019276	0.0	0.0	0.0	0.10784492695075337	0.0	0.0	0.0	-0.06322805690477035	257.67625041997076	0.10805291767411808
152	1177.5	nan	nan	1	1	0.001500000000000045	0.001500000000000028	0.0014999999999998368	0.9561264893191096	8.657354347296753e-20	7.237130816503678e-18	-4.0881536979460454e-19	1.1177500000000062	1.0584848969541483e-17	1.257674520083185e-19	3.1524533417731647e-19	0.9368370982311157	0.011364556534822913	0.17783093453408302	-1.6029342360446472	0.2079082903149392	232.77590179909316	1.144328593687645	-1.5705917108596996	0.9591098493547425	0.008933644251191258	1599.565890624997	0.01085284835384489	0.1985307942983861	-1.4998771050491793	0.19854687152826558	259.87146049013137	1.0707565037480535	-1.4998731900832367	1.0707520640921337	0.008359275243930075	-0.04486506367981183	0.0	0.0	0.0	0.11131773613195835	0.0	0.0	0.0	-0.06524586646744722	259.8816847436238	0.11153788578295595
154	1216.25	nan	nan	1	1	0.001500000000000045	0.001500000000000028	0.0014999999999998368	0.9547489609398255	-1.5745326049920739e-19	-5.557701651323632e-18	-1.3367196347209566e-19	1.1216250000000207	-8.14859247785793e-18	4.7596475372113645e-20	-1.444157293750692e-19	0.9349566562314853	0.011202288214818518	0.1752207684354254	-1.610844913131811	0.20586395127658152	233.8753686551913	1.155192223776277	-1.5774474668409961	0.9629328210993919	0.008763627374953996	1599.565890624997	0.010682369192473683	0.19629304333278855	-1.5042390363674618	0.19630942257393819	262.0015211885343	1.078741487368885	-1.5042351972552679	1.0787363602293882	0.008183649642568422	-0.04630684118312563	0.0	0.0	0.0	0.11477852663610343	0.0	0.0	0.0	-0.06725510773964141	262.0119254854002	0.11501069480822834
156	1255.0	nan	nan	1	1	0.001500000000000045	0.001500000000000028	0.0014999999999998368	0.9533763874417214	-6.71473510474585e-19	1.6889159341892946e-18	4.1183080708682985e-19	1.125499999999979	6.355430504784154e-18	-1.964574336543734e-19	-7.513521055324545e-20	0.93308791949832	0.011037220700009408	0.17272679246620246	-1.6179946730314332	0.20392852818430418	234.9035342361337	1.1659465343438624	-1.5835588547597945	0.9666146867756569	0.00859272614539683	1599.565890624997	0.010509732462645508	0.19416580607976444	-1.5078814435406078	0.1941824242688445	264.0599841212765	1.0865976091278742	-1.5078777850627354	1.0865918202183866	0.008007944970421036	-0.04774550320394989	0.0	0.0	0.0	0.11822738136463148	0.0	0.0	0.0	-0.0692558494572838	264.0705621698805	0.1184714266980088
158	1293.75	nan	nan	1	1	0.001500000000000045	0.001500000000000028	0.0014999999999998368	0.9520087525810189	-5.027716524358405e-19	2.609620419063985e-18	4.53133827660844e-19	1.1293749999999858	5.619690910535491e-18	-5.084908188957016e-19	3.5765119164865575e-20	0.9312307716013407	0.010867685088363733	0.17036418241577886	-1.6244044535085165	0.2021220696900547	235.86412258059937	1.1766071302982553	-1.5889475541921578	0.9701704903282437	0.008417908200507642	1599.565890624997	0.010333359935151944	0.19216754140383469	-1.5108281231753633	0.19218445142300905	266.05022193613684	1.094340229456865	-1.5108246937636498	1.0943337691365813	0.007829338574002366	-0.04918105034541036	0.0	0.0	0.0	0.12166438236434313	0.0	0.0	0.0	-0.0712481574464088	266.06097006894174	0.12192016250155471
160	1332.5	nan	nan	1	1	0.001500000000000045	0.001500000000000028	0.0014999999999998368	0.95064603678277	-6.139294801699169e-20	5.655740632770634e-18	2.4311031432324577e-19	1.1332500000000036	6.413055850251759e-19	-1.2782743613604098e-19	-2.667408394857462e-19	0.9293851002836568	0.010693834278468121	0.16814002612213505	-1.6301003680253543	0.20045516776839242	236.76063351182842	1.1871862385847483	-1.5936403853044385	0.9736122876431076	0.008239659131510407	1599.565890624997	0.010153412165017287	0.1903077886736593	-1.5131074715168722	0.19032499344582446	267.9754110177285	1.1019814502959824	-1.5131043976801581	1.1019743826628932	0.007648295797726427	-0.05061348679039956	0.0	0.0	0.0	0.1250896108388248	0.0	0.0	0.0	-0.07323209400306582	267.98632571406256	0.12535698227253025
162	1371.25	nan	nan	1	1	0.001500000000000045	0.001500000000000028	0.0014999999999998368	0.9492882173215036	-1.8805486681761074e-19	4.235598417140496e-18	-1.0255705518765618e-19	1.1371250000000042	-4.157779806210349e-18	1.7347234759768072e-19	3.935653886122381e-19	0.9275507972604246	0.010515335686806114	0.16605506377799947	-1.6351122886910003	0.19893118559194772	237.59635296565256	1.1976911911033539	-1.597667511420159	0.9769477766970496	0.00805737888421768	1599.565890624997	0.009969588448302435	0.18858898812983713	-1.5147511273121226	0.18860663215659818	269.83853891403356	1.1095287427311655	-1.514748367574032	1.1095210737403645	0.0074642725349586565	-0.05204282013654174	0.0	0.0	0.0	0.12850314716009292	0.0	0.0	0.0	-0.07520771806448753	269.84961752935186	0.12878196510522633
164	1410.0	nan	nan	1	1	0.001500000000000045	0.001500000000000028	0.0014999999999998368	0.9479352689509146	4.510281037539698e-20	-5.198207315981751e-19	-2.6425479778555484e-19	1.1409999999999942	-1.030648006175583e-17	3.61039323437673e-19	-6.391371806802049e-20	0.9257277576629126	0.01033349829091859	0.16410540332845644	-1.6394739572394168	0.1975475354813134	238.37436988122428	1.2081237215020324	-1.601063115135663	0.9801799765609641	0.007871958537794684	1599.565890624997	0.009783143896639937	0.1870083131329864	-1.5157940430412766	0.18702630141611726	271.6424194540603	1.1169843425833779	-1.5157916904810746	1.1169760426262019	0.007278107594187662	-0.053469060755763916	0.0	0.0	0.0	0.1319050708799341	0.0	0.0	0.0	-0.07717508576610044	271.65365874476305	0.13219518919184964
166	1448.75	nan	nan	1	1	0.001500000000000045	0.001500000000000028	0.0014999999999998368	0.9465871645032887	-1.4308758171377445e-19	-1.612750731572188e-19	-1.7010623866529211e-19	1.1448750000000025	-1.5203983905198726e-17	2.0036056147532123e-19	-1.115237459672902e-19	0.9239158794716427	0.0101495004151987	0.1622866346905963	-1.643224000846503	0.196301306317148	239.09759138055315	1.2184791027235191	-1.6038657324340264	0.9833067349747021	0.007684094852605305	1599.565890624997	0.009595202887613579	0.18556228500600971	-1.5162753904422095	0.1855806477327723	273.3897063094348	1.1243445058470516	-1.5162733610168688	1.1243356235193251	0.007090453837594259	-0.05489222118010778	0.0	0.0	0.0	0.13529546074101695	0.0	0.0	0.0	-0.07913425101765671	273.4011025937413	0.13559673189283925
168	1487.5	nan	nan	1	1	0.001500000000000045	0.001500000000000028	0.0014999999999998368	0.945243875467814	-2.7286658176028933e-19	-2.3343414874699153e-18	-2.3067587065755263e-19	1.1487500000000055	6.159460962107399e-18	1.0538445116559103e-19	-3.926167117113133e-19	0.9221150629271248	0.00996018105076503	0.16059617060109732	-1.646410385373973	0.19519136867498685	239.76875133668173	1.2287494262295469	-1.606123099363794	0.9863232772026079	0.007491959300580986	1599.565890624997	0.009402786867880103	0.18424944862302728	-1.516242621258739	0.18426801970228626	275.0828993335504	1.1316025867227935	-1.5162408303548656	1.1315931090289402	0.006899633353379524	-0.05631231550443243	0.0	0.0	0.0	0.1386743946877647	0.0	0.0	0.0	-0.0810852661110504	275.09445181918466	0.13898666982264007
170	1526.25	nan	nan	1	1	0.001500000000000045	0.001500000000000028	0.0014999999999998368	0.9439053726961776	-3.168580849088887e-20	-6.7945865947494074e-18	-3.104003057190219e-19	1.1526250000000133	7.091386939467314e-18	1.0896231833479318e-19	3.2355303332398664e-19	0.9203252099665582	0.009768111286091855	0.15903480309571047	-1.6490898829621057	0.19422075919368004	240.39043052739603	1.238931335139132	-1.6078914259322465	0.9892285267720727	0.007296742226180106	1599.565890624997	0.009208337853973072	0.18307219927996912	-1.5157508980086198	0.18309070367134353	276.7243643897468	1.138756172850349	-1.5157492629687674	1.1387459754809597	0.0067067560695986995	-0.057729358649027396	0.0	0.0	0.0	0.14204194987718002	0.0	0.0	0.0	-0.08302818230751642	276.73607125576353	0.14236507888790176
172	1565.0	nan	nan	1	1	0.001500000000000045	0.001500000000000028	0.0014999999999998368	0.9425716266982874	3.217369946850734e-19	-5.453536927602088e-19	-4.097335535094282e-19	1.1564999999999763	-5.022620774147723e-18	3.989863994746656e-20	7.733614096339103e-19	0.9185462238691441	0.009571937378702941	0.15760529385611602	-1.6513255051101394	0.1933952611654873	240.9650605765034	1.2490366866645375	-1.6092328737372492	0.9920337094506765	0.007099511702487911	1599.565890624997	0.009010589307392966	0.1820352197696267	-1.5148606661626	0.1820535596310331	278.3163349759714	1.1458168249487366	-1.5148591086130747	1.145805892050777	0.006512811068307636	-0.05914336605070201	0.0	0.0	0.0	0.14539820268933693	0.0	0.0	0.0	-0.08496305020494664	278.3281955469188	0.14573203435490395
174	1603.75	nan	nan	1	1	0.001500000000000045	0.001500000000000028	0.0014999999999998368	0.9412426082680632	-1.6886448836461733e-19	1.550062161959076e-17	-4.633168577527353e-19	1.1603749999999626	4.932903044374548e-18	2.949029909160572e-20	-1.4338573731120796e-19	0.9167780087217239	0.009373829533051235	0.15630637286391144	-1.6531802195784862	0.19271556194031672	241.49493828187582	1.2590913461504363	-1.6102094422701592	0.9947607957718251	0.006901757704144395	1599.565890624997	0.008811594453615824	0.1811385636084727	-1.5136318519302863	0.1811566308872277	279.86092593410524	1.1528088368423661	-1.5136303194591127	1.1527971532997707	0.006319166036212204	-0.060554353000528804	0.0	0.0	0.0	0.14874322873792756	0.0	0.0	0.0	-0.08688992030572877	279.87293896111345	0.1490876108982623
176	1642.5	nan	nan	1	1	0.001500000000000045	0.001500000000000028	0.0014999999999998368	0.9399182886591478	-3.3320243265910763e-19	1.3398028346489621e-18	-3.72464103830239e-19	1.1642499999999965	1.2659090355832126e-17	-1.2685165418080403e-20	-3.7676025493871276e-20	0.9150204691910224	0.009172320889857592	0.15513197547145452	-1.6547122014536786	0.19217660487948657	241.98222661457413	1.2691280090330797	-1.6108782685894305	0.9974367416789968	0.006704723436065606	1599.565890624997	0.008609980818067983	0.18037669010524404	-1.5121195300205943	0.18039456987635968	281.36013203200355	1.1597625537958511	-1.512117942595541	1.1597501901632292	0.006126952615781142	-0.061962334454807845	0.0	0.0	0.0	0.15207710288034687	0.0	0.0	0.0	-0.08880884325626492	281.37229750122845	0.15243188264905372
178	1681.25	nan	nan	1	1	0.001500000000000045	0.001500000000000028	0.0014999999999998368	0.9385986399922368	1.8604909279851256e-19	-6.968167362564337e-19	1.7160209885014323e-19	1.1681249999999852	-1.2345891453255376e-17	-1.678344963007561e-19	1.7607443281164593e-19	0.9132735101937391	0.008969390102271897	0.15407624090170852	-1.6559696715761059	0.19177314159565823	242.4289698699303	1.2791771776541165	-1.6112867465330802	1.0000861618631112	0.006508194414729864	1599.565890624997	0.008407613393074989	0.17974420295728089	-1.51036926441378	0.17976188072178087	282.8158430398342	1.1667060852808318	-1.5103675808240684	1.1666931189434138	0.00593596427492643	-0.06336732459768649	0.0	0.0	0.0	0.15539989922767738	0.0	0.0	0.0	-0.09071987020121271	282.8281610360027	0.15576492321941765
180	1720.0	nan	nan	1	1	0.001500000000000045	0.001500000000000028	0.0014999999999998368	0.9372836354103209	-5.261633143072153e-19	7.316196259932184e-19	7.304541086577965e-19	1.171999999999977	3.6708104004384846e-18	-5.11526584978661e-19	3.4249946628817083e-19	0.9115370366988408	0.00876226004187764	0.15313709696627748	-1.6569890028067256	0.1915045123651393	242.8370962159982	1.2892597380687896	-1.6114706560630212	1.0027256451159603	0.006311886761385941	1599.565890624997	0.008201895033062134	0.17924004992240902	-1.508415477357237	0.17925739492662218	284.2298444403272	1.1736585698169162	-1.5084137091024312	1.1736450425767362	0.005745932933817631	-0.06476933666908431	0.0	0.0	0.0	0.1587116911548013	0.0	0.0	0.0	-0.09262305299681373	284.24231712486767	0.15908680574400863
182	1750.0	nan	nan	1	1	0.001500000000000045	0.001500000000000028	0.0014999999999998368	0.9362684657766697	-3.4523707677369675e-19	2.0293012062411185e-18	4.704353226414604e-19	1.1749999999999814	-7.310775249069757e-19	-4.809520837145698e-19	4.426255369172071e-19	0.9101993825540193	0.004707775197802161	0.15253535981750319	-1.6575361307878549	0.1914391498239544	243.12492366058544	1.297471929546784	-1.611383940703139	1.0050650871331481	0.003008369074795057	1599.565890624997	0.004401911566206904	0.17899199063935559	-1.5066928974360414	0.1790013695276482	285.2939417595683	1.1793961558723807	-1.506692505090872	1.179389492923571	0.0027345939757617756	-0.0658530212192572	0.0	0.0	0.0	0.16126814759610664	0.0	0.0	0.0	-0.09409160176280124	285.30979059288904	0.16165123249199562
184	1780.0	nan	nan	1	1	0.001500000000000045	0.001500000000000028	0.0014999999999998368	0.9352564014371182	4.466370849554036e-19	-4.904930628324422e-19	4.252105395216588e-20	1.1779999999999877	1.657045811329083e-17	-5.869870561836521e-19	-3.8752096150063144e-19	0.9088682806508492	0.004772772522304857	0.15197641227359612	-1.6580282081765054	0.19142912854311625	243.39553107259638	1.3054850338914774	-1.6112462981089037	1.0072218979986856	0.003265211587830726	1599.565890624997	0.00445784022147525	0.17879054635799527	-1.5049287364219106	0.17879764116001837	286.3393031230571	1.1849387922252215	-1.5049279052889633	1.1849322585845041	0.002963707568297997	-0.06693456115060907	0.0	0.0	0.0	0.16381808522938493	0.0	0.0	0.0	-0.09555510107915738	286.35497899277857	0.16420878910908104
186	1810.0	nan	nan	1	1	0.001500000000000045	0.001500000000000028	0.0014999999999998368	0.9342470821396129	5.209049337706606e-19	-1.0706496453294356e-18	-2.675404385879543e-19	1.180999999999988	3.859244738016465e-18	-5.5814727839553765e-19	-4.0554582261820293e-19	0.907543318041219	0.004695158574984456	0.15148931808918067	-1.6584124594697098	0.1915082045383744	243.645839093552	1.3134503610864774	-1.6110089342938991	1.0093197462395525	0.003238380510524167	1599.565890624997	0.004380593996215776	0.17867051819609073	-1.5030758747140538	0.178677605373455	287.3623624177852	1.1904249386879409	-1.5030751257301656	1.1904184688454755	0.002935054901884594	-0.06801433383296723	0.0	0.0	0.0	0.16636153721521516	0.0	0.0	0.0	-0.09701398060357919	287.37806092282864	0.16675976854860708
188	1840.0	nan	nan	1	1	0.001500000000000045	0.001500000000000028	0.0014999999999998368	0.9332404982376694	2.891838244561962e-19	-4.792607283254924e-18	1.2559126915528961e-19	1.183999999999986	-4.873759815865464e-18	-4.2175464509686124e-19	-6.467808059962276e-19	0.9062244495966437	0.004559363542845854	0.15108136581973372	-1.6586718024434155	0.19168420403713324	243.87631889793465	1.3213927162684331	-1.6106546511510618	1.0113783631078659	0.003155338745378864	1599.565890624997	0.0042492936543406	0.17864116831172147	-1.50111920903097	0.17864828373477565	288.36349403586416	1.1958773195168146	-1.501118417988315	1.195870922998941	0.002855621946855564	-0.069092342607965	0.0	0.0	0.0	0.1688985364618019	0.0	0.0	0.0	-0.09846826675922964	288.37926774994395	0.1693042041249846
190	1870.0	nan	nan	1	1	0.001500000000000045	0.001500000000000028	0.0014999999999998368	0.9322366412480835	5.112013243269153e-20	-3.524090741446883e-18	3.9727878105300096e-19	1.1869999999999974	-1.4728940723324203e-17	-3.146354704552934e-19	5.687453546315835e-19	0.9049116301374593	0.004416432589657057	0.1507565771186194	-1.6587924348386593	0.19196327864382068	244.08771493209582	1.3293116750566503	-1.6101703485753027	1.0133978687144767	0.003077300247201331	1599.565890624997	0.004111636541243216	0.17870797336352182	-1.4990466850068451	0.1787151088634808	289.34340174177703	1.2012957245180507	-1.4990459173616908	1.2012894083312877	0.0027809487416589175	-0.0701685896069077	0.0	0.0	0.0	0.1714291156275288	0.0	0.0	0.0	-0.0999179863068683	289.3592513900503	0.17184212878023528
192	1900.0	nan	nan	1	1	0.001500000000000045	0.001500000000000028	0.0014999999999998368	0.9312355030985057	-4.2891037943526555e-19	8.195592642035176e-18	5.992927508413626e-19	1.189999999999989	7.517939179177424e-18	5.616167253474913e-20	5.151044521478632e-19	0.9036048137534421	0.0042553670755626155	0.15051594402182583	-1.6587624726771355	0.19234796074043153	244.28070548441244	1.3371941165718078	-1.6095444835320114	1.0153688046658118	0.002991091520203369	1599.565890624997	0.003957414418927535	0.1788728579300079	-1.4968480471680057	0.17888012473867548	290.3027198289326	1.2066684863232058	-1.4968472599259202	1.2066623315149476	0.0026991263515211234	-0.07124307655208124	0.0	0.0	0.0	0.17395330712342863	0.0	0.0	0.0	-0.10136316709676602	290.3186568475556	0.17437357559689481
194	1930.0	nan	nan	1	1	0.001500000000000045	0.001500000000000028	0.0014999999999998368	0.9302370762519742	-1.0484777109021071e-18	-3.789286592836838e-18	1.8655053630328711e-19	1.1930000000000034	1.8455777271025876e-17	2.853620117981848e-19	-3.568109349649795e-19	0.9023039545505454	0.004075345009394479	0.15035685025959453	-1.658571804187381	0.19283591461405739	244.45594892973745	1.3450192153608171	-1.608767463681066	1.0172759263213382	0.002897249826551842	1599.565890624997	0.0037859168956933128	0.17913345959304158	-1.4945146938272647	0.17914084465263574	291.24206695124906	1.2119770610845726	-1.4945139388080362	1.2119710922916804	0.0026106692677027024	-0.07231580462054894	0.0	0.0	0.0	0.17647114311578152	0.0	0.0	0.0	-0.10280383724658367	291.25810246462794	0.17689857744152923
196	1960.0	nan	nan	1	1	0.001500000000000045	0.001500000000000028	0.0014999999999998368	0.9292413535614422	-7.983522697097012e-19	5.042407463795584e-18	-1.9526481126463934e-19	1.1960000000000008	-8.895607774700442e-18	3.5822039778921065e-19	-1.581850969656351e-19	0.9010090066298478	0.003872735906152512	0.15027343550594519	-1.6582138160146151	0.19342077362690116	244.61407701005814	1.352763037658841	-1.6078328823134438	1.0191019886322032	0.002792166551137913	1599.565890624997	0.00359383033499217	0.17948351006210878	-1.4920412183941156	0.17949105245562727	292.16203785153533	1.2172002135153075	-1.4920404401643208	1.2171945188791975	0.0025123585044851586	-0.07338677459765636	0.0	0.0	0.0	0.1789826555284405	0.0	0.0	0.0	-0.10424002516421935	292.1781858524548	0.17941716701675417
198	1990.0	nan	nan	1	1	0.001500000000000045	0.001500000000000028	0.0014999999999998368	0.9282483281079426	-3.3984317096558137e-19	4.193260322304937e-18	-2.79886790827133e-19	1.1989999999999785	1.7545101656246675e-19	4.528712474471952e-19	2.2402327388981737e-19	0.8997199242418247	0.003640725759022636	0.15025735342948887	-1.6576847335478146	0.19409286758729838	244.75569387548387	1.3604018713354762	-1.606737347655037	1.0208300550141212	0.0026701167900024334	1599.565890624997	0.003374904168665016	0.1799136943258458	-1.4894247937979255	0.17992149677990857	293.0632018158653	1.2223170278944413	-1.4894240685699098	1.2223116026240508	0.0023990919798448154	-0.07445598704917392	0.0	0.0	0.0	0.18148787604535946	0.0	0.0	0.0	-0.1056717593759888	293.0794816173678	0.181929376842917
200	2020.0	nan	nan	1	1	0.001500000000000045	0.001500000000000028	0.0014999999999998368	0.9272579931979091	-9.459663954936027e-20	3.7839740021916594e-18	-4.832018032224772e-19	1.2019999999999786	-2.307832744352645e-17	4.0440741033709315e-19	-4.139483894549656e-19	0.8984366618791436	0.003378947974015092	0.15029923512378285	-1.6569837439277153	0.19484089724597953	244.88138291607982	1.367913766424239	-1.6054800475608741	1.0224449282969394	0.0025292242050474014	1599.565890624997	0.00312888478726318	0.18041337009553618	-1.4866652642914338	0.18042145780813731	293.946110432032	1.2273082874479289	-1.4866645286339528	1.2273032201342915	0.0022692496441371946	-0.07552344232291695	0.0	0.0	0.0	0.18398683611299807	0.0	0.0	0.0	-0.10709906842175566	293.9625419886905	0.18443523921916366
