6	header
postResults v2.0.3	--cr f,p,texture --time RVE_1_40_D_tensionX.spectralOut
addCauchy v2.0.3	RVE_1_40_D_tensionX.txt
addStrainTensors v2.0.3	--left --logarithmic RVE_1_40_D_tensionX.txt
addMises v2.0.3	-s Cauchy RVE_1_40_D_tensionX.txt
addMises v2.0.3	-e ln(V) RVE_1_40_D_tensionX.txt
inc	time	elem	node	ip	grain	1_pos	2_pos	3_pos	1_f	2_f	3_f	4_f	5_f	6_f	7_f	8_f	9_f	1_p	2_p	3_p	4_p	5_p	6_p	7_p	8_p	9_p	texture	1_Cauchy	2_Cauchy	3_Cauchy	4_Cauchy	5_Cauchy	6_Cauchy	7_Cauchy	8_Cauchy	9_Cauchy	1_ln(V)	2_ln(V)	3_ln(V)	4_ln(V)	5_ln(V)	6_ln(V)	7_ln(V)	8_ln(V)	9_ln(V)	Mises(Cauchy)	Mises(ln(V))
0	0.0	nan	nan	1	1	6.000000000000838e-05	6.000000000000867e-05	5.999999999999513e-05	1.0	0.0	0.0	0.0	1.0	0.0	0.0	0.0	1.0	2.7716487604837305e-06	-1.193192284640359e-09	-2.8066754232013673e-08	-1.19319228464005e-09	2.7018729684353462e-06	-1.6832583398956398e-08	-2.8066754232013544e-08	-1.6832583398956544e-08	2.6991213888906947e-06	1599.565890624997	2.7716487604837305e-06	-1.193192284640359e-09	-2.8066754232013673e-08	-1.19319228464005e-09	2.7018729684353462e-06	-1.6832583398956398e-08	-2.8066754232013544e-08	-1.6832583398956544e-08	2.6991213888906947e-06	0.0	0.0	0.0	0.0	0.0	0.0	0.0	0.0	0.0	9.102600058541354e-08	0.0
4	3.0	nan	nan	1	1	6.000000000000838e-05	6.000000000000867e-05	5.999999999999513e-05	0.9998904999999964	1.1221532189894374e-23	-2.128832024466472e-22	-6.246867986000465e-24	1.0002964000000174	1.2487714097141544e-21	-4.837352222210106e-24	2.3425754947501744e-23	0.9999072045657047	-834078.1616653323	-779.1601154494053	4406.589446716254	-779.4764111746429	20707817.65637942	856.11341511517	4406.663064940465	855.7803184126407	7.340785023188801e-06	1599.565890624997	-833908.3970445892	-779.3177599553868	4405.766152015048	-779.3177599553651	20712007.3904529	855.9534651931682	4405.7661520151005	855.9534651931929	7.339413525007413e-06	-0.00010950599556632881	0.0	0.0	0.0	0.0002963560822151212	0.0	0.0	0.0	-9.279974005798597e-05	21141301.579882517	0.00026518143858424517
8	6.0	nan	nan	1	1	6.000000000000838e-05	6.000000000000867e-05	5.999999999999513e-05	0.9997810000000048	-9.922527755941099e-23	-2.6247433453042633e-22	5.2674861407376805e-24	1.0005928000000042	6.787380885467115e-22	-2.0884656105738844e-23	-7.517417406881915e-24	0.9998143255758369	-1663364.1293262832	-1555.4782630632515	8745.775765087446	-1556.7412769166779	41428525.830783226	1787.7506269986955	8746.067286944475	1786.3597333810744	0.0005857275447269786	1599.565890624997	-1662687.3897736184	-1556.107916862888	8742.508950222262	-1556.107916862327	41445295.9967972	1787.082847435122	8742.508950222533	1787.0828474356715	0.0005855087575660154	-0.00021902398399692238	0.0	0.0	0.0	0.0005926243634925089	0.0	0.0	0.0	-0.00018569166379296196	42301157.27440636	0.0005303374024318945
12	9.0	nan	nan	1	1	6.000000000000838e-05	6.000000000000867e-05	5.999999999999513e-05	0.9996714999999915	-8.24798332388875e-23	-1.2956692417234608e-21	4.743384504624082e-23	1.0008891999999927	-2.666777355311758e-21	-2.710505431213761e-23	1.9164120431628546e-22	0.9997082559970101	-2012265.6055423862	508.4961731068124	-27978.35874228432	509.1155757159119	58888949.65948308	36692.37882484083	-27979.387340747602	36649.08525281888	850.1093426886356	1599.565890624997	-2011064.6046418836	508.8117117562361	-27962.688230956413	508.8117151006877	58925492.195345245	36671.82764300351	-27962.68811908462	36671.827219179475	849.6332015322771	-0.00032855396795280876	0.0	0.0	0.0	0.0008888048958728663	0.0	0.0	0.0	-0.00029178656855037517	59955975.58449605	0.0007995986008078985
16	12.0	nan	nan	1	1	6.000000000000838e-05	6.000000000000867e-05	5.999999999999513e-05	0.9995620000000024	-1.0198276684941776e-21	2.586992145636323e-20	7.115076756936123e-23	1.001185599999993	-1.9860805030745206e-21	-9.949990152277859e-23	2.549569171235444e-22	0.9995512779552215	-1730816.8233919803	17809.85145676008	-173667.4902628476	17838.78364487587	64875789.15784131	176371.54016304138	-173665.62972406135	176083.63345270348	984.7082066276001	1599.565890624997	-1729543.2812008988	17825.65435397965	-173537.8434880094	17825.65779394683	64933354.23246245	176239.87475277507	-173537.8458340476	176239.87459644675	983.9730993087074	-0.00043809595001603416	0.0	0.0	0.0	0.0011848977313318099	0.0	0.0	0.0	-0.0004488227506421272	65816100.98896737	0.0010855890533272557
20	15.0	nan	nan	1	1	6.000000000000838e-05	6.000000000000867e-05	5.999999999999513e-05	0.9994525000000052	1.0452386569118066e-21	-1.5768365346086055e-20	-9.554531645028507e-22	1.001481999999992	3.601160575251658e-20	-1.2007750818513774e-21	7.259072357969354e-22	0.9993772762989345	-1699493.6499177346	46000.022122431044	-278342.67556017055	46093.43228204392	67467707.359255	312556.2580930734	-278321.7277109421	311899.3885384772	636.6670326555413	1599.565890624997	-1698036.134790076	46053.899785813584	-278083.03260138753	46053.90175785512	67546729.11312763	312264.70010084636	-278083.034186836	312264.7016294181	636.0731384142591	-0.0005476499328478021	0.0	0.0	0.0	0.001480902921772191	0.0	0.0	0.0	-0.0006229176740008973	68415127.89123458	0.0013781431159389187
24	18.0	nan	nan	1	1	6.000000000000838e-05	6.000000000000867e-05	5.999999999999513e-05	0.9993430000000068	8.809142651444724e-22	6.34209566509553e-20	-8.758320674609466e-22	1.0017783999999958	-1.726253146504264e-21	-8.713851444878615e-22	-2.8629713617195353e-22	0.9991987078843227	-1668815.0675537025	72650.88599361162	-346931.56024589075	72827.93658191084	69059326.5888171	399836.81637095154	-346881.46784207586	398807.1926004524	406.37382591287206	1599.565890624997	-1667188.420376847	72756.94857526218	-346543.35143589106	72756.94887348199	69160145.87498112	399389.4077392104	-346543.3514316123	399389.40876821853	405.9191025107669	-0.0006572159190709776	0.0	0.0	0.0	0.001776820519071402	0.0	0.0	0.0	-0.000801613321802442	70014538.38895468	0.0016729020070845538
28	21.0	nan	nan	1	1	6.000000000000838e-05	6.000000000000867e-05	5.999999999999513e-05	0.9992334999999973	8.792201992499638e-22	5.590417451878382e-21	-2.947674656444965e-22	1.0020747999999844	7.200669436256169e-20	2.541098841762901e-24	-1.2072760597215543e-20	0.9990180705230696	-1565137.5825244728	91963.60743180993	-389623.7394262817	92225.10640373378	70106055.46389517	444410.10411404853	-389539.7391196865	443054.4775626226	316.68053967648433	1599.565890624997	-1563432.1388168407	92124.61148058203	-389115.27873046126	92124.6138149939	70228792.69755033	443830.14697103616	-389115.2792483168	443830.14922999474	316.26727017757287	-0.0007667939113259533	0.0	0.0	0.0	0.0020726505750359755	0.0	0.0	0.0	-0.0009824118854988033	71030799.85056207	0.0019687752955517166
32	24.0	nan	nan	1	1	6.000000000000838e-05	6.000000000000867e-05	5.999999999999513e-05	0.9991239999999815	6.599233692058254e-21	1.1605812509217927e-19	-3.139104102524437e-21	1.0023711999999934	8.379781650481518e-20	-2.4136203832011287e-21	3.760826285809094e-21	0.9988363339723961	-1413870.7317713732	106237.90447430148	-418662.72518988524	106583.18354225297	70840023.94257899	463963.776942622	-418542.1849352799	462327.60859159246	235.09353961648054	1599.565890624997	-1412169.3858408427	106454.92845823699	-418038.54229907074	106454.9293380264	70984736.73877145	463272.0548615747	-418038.5426806568	463272.05662072496	234.74303942541846	-0.0008763839122396566	0.0	0.0	0.0	0.002368393141479872	0.0	0.0	0.0	-0.0011643436126214427	71709520.58358929	0.002265280355039087
36	27.0	nan	nan	1	1	6.000000000000838e-05	6.000000000000867e-05	5.999999999999513e-05	0.9990145000000079	5.663262285342252e-21	5.857063423674036e-20	-4.621411760219463e-21	1.0026675999999979	2.548552731698739e-20	1.4441911750685821e-21	3.435565634063442e-21	0.9986539796148693	-1246221.6063107247	116450.67060042464	-439299.82813036075	116876.4973432074	71395713.13509606	469703.47275230516	-439141.2963049495	467823.2788368706	175.5225930407694	1599.565890624997	-1244581.261934122	116722.6570217113	-438563.27379518136	116722.65816709047	71562467.55918567	468915.94198868773	-438563.27474579815	468915.9439005355	175.22830217483323	-0.0009859859243956477	0.0	0.0	0.0	0.0026640482701121766	0.0	0.0	0.0	-0.001346927084284271	72201566.89756471	0.002562158440566765
40	30.0	nan	nan	1	1	6.000000000000838e-05	6.000000000000867e-05	5.999999999999513e-05	0.9989049999999949	-5.092785595366481e-21	8.869959617057583e-20	-5.894502279942676e-21	1.0029639999999984	-7.005555396856141e-20	4.218224077326416e-21	-1.3713463416047124e-20	0.9984712560310707	-1080163.1747348872	123371.5572467209	-454060.7468736739	123872.87272802411	71844660.3640048	468402.4388184122	-453863.5862961561	466304.2477440457	130.55503494934456	1599.565890624997	-1078619.9663626233	123695.89654546938	-453215.1586881436	123695.89793499139	72033537.3408487	467530.14238877024	-453215.1601114642	467530.1445073838	130.3119049367311	-0.001095599950508925	0.0	0.0	0.0	0.0029596160126213705	0.0	0.0	0.0	-0.0015299136902791183	72587873.33645745	0.0028592649360516765
44	33.0	nan	nan	1	1	6.000000000000838e-05	6.000000000000867e-05	5.999999999999513e-05	0.9987955000000043	4.0005366098820604e-21	4.9930898174746497e-20	2.021867645096015e-21	1.0032603999999798	2.2641190680107448e-20	-1.1922835765551532e-20	-1.8238313420279595e-20	0.9982883071606894	-923681.4533897451	128309.69439653913	-464723.2660418124	128883.27626993337	72225915.57747036	463730.59399979195	-464487.2788494845	461432.3777770744	94.81965537036238	1599.565890624997	-922258.292310609	128684.69847915099	-463771.61927130935	128684.6995183208	72437006.51131848	462780.97999418783	-463771.6206378938	462780.98223233037	94.62548644143834	-0.0012052259931517755	0.0	0.0	0.0	0.0032550964206332945	0.0	0.0	0.0	-0.001713159459339625	72911636.69679898	0.003156511398148017
48	36.0	nan	nan	1	1	6.000000000000838e-05	6.000000000000867e-05	5.999999999999513e-05	0.9986859999999897	9.603659555969257e-21	4.24871726342757e-20	1.1943164556285634e-22	1.0035568000000163	-2.9004949212829007e-19	9.56300197450105e-22	-2.6715419156400632e-21	0.9981052233501744	-779884.6981857658	131931.98396092906	-472495.7979883885	132575.44488134	72562096.38663583	457312.27781644923	-472221.0235492497	454828.0430198316	67.76556521618899	1599.565890624997	-778595.9008419386	132356.356414395	-471440.6542307133	132356.3575193014	72795499.64449441	456291.0408079921	-471440.65537140827	456291.04301972996	67.61423601193445	-0.0013148640550053807	0.0	0.0	0.0	0.00355048954581854	0.0	0.0	0.0	-0.0018965740098582772	73197051.28187516	0.0034538401659025475
52	39.0	nan	nan	1	1	6.000000000000838e-05	6.000000000000867e-05	5.999999999999513e-05	0.9985764999999949	-2.0366907216729652e-21	1.1034806423650124e-19	-1.7059243557701607e-21	1.0038531999999998	1.6915078550078928e-19	7.408150156686111e-21	-7.458972133521368e-21	0.9979220630449983	-649751.1086455643	134593.9297693434	-478294.67295634694	135305.15490224742	72866814.20687352	450121.45695396257	-477981.2139938552	447461.9742897458	45.9869446022567	1599.565890624997	-648604.8575999037	135066.45693411905	-477137.98790341377	135066.45784851976	73122632.20091243	449032.9046645444	-477137.98885878985	449032.90648868214	45.87573196607425	-0.0014245141386619751	0.0	0.0	0.0	0.0038457954396198574	0.0	0.0	0.0	-0.002080098861384788	73458199.00034815	0.0037512124749880275
56	42.0	nan	nan	1	1	6.000000000000838e-05	6.000000000000867e-05	5.999999999999513e-05	0.9984669999999837	9.39359538505019e-22	-1.5496467770017424e-19	-4.886533072710059e-21	1.0041495999999859	-5.697143603232424e-21	-9.232659125071874e-21	1.7962180679474693e-20	0.9977388683379377	-532856.8790532674	136620.47954194507	-482694.0878573031	137398.03185022238	73148735.47532664	442782.5550567813	-482342.0840350758	439955.72674330464	28.1018353312893	1599.565890624997	-531857.4733625511	137140.33264862528	-481437.4212863648	137140.3334318998	73427072.93625543	441629.7958887449	-481437.42193422595	441629.7975130463	28.028673803250705	-0.001534176246794256	0.0	0.0	0.0	0.004141014153595892	0.0	0.0	0.0	-0.0022636918803144728	73703497.10636953	0.004048600266238492
60	45.0	nan	nan	1	1	6.000000000000838e-05	6.000000000000867e-05	5.999999999999513e-05	0.9983574999999889	-9.295339563168692e-21	-4.463524818851261e-20	-8.202667061210644e-21	1.0044460000000004	-4.627171584260792e-20	1.0994487655360819e-21	1.0416811185333386e-20	0.9975556705758638	-428177.6287680539	138298.582497513	-486054.49767612235	139141.99945163113	73413601.06853428	435664.82295987674	-485664.1240269406	432676.2375313508	13.218834171553869	1599.565890624997	-427326.90504622523	138865.54477296374	-484699.18305886484	138865.5454949479	73714563.96749674	434450.01493813127	-484699.18339625053	434450.016406985	13.181974767389386	-0.0016438503820069674	0.0	0.0	0.0	0.004436145739233539	0.0	0.0	0.0	-0.0024473216743279057	73938134.21280365	0.004345982629853454
64	48.0	nan	nan	1	1	6.000000000000838e-05	6.000000000000867e-05	5.999999999999513e-05	0.9982479999999926	-9.952637130238029e-21	1.4902867080581612e-19	-1.6898307297723293e-21	1.0047424000000045	-2.8642588517993616e-19	1.136887621804722e-20	-2.1965258388198515e-20	0.9973724934713362	-334535.27750655205	139817.3954724215	-488661.6766151852	140727.01985386972	73665351.5267387	428972.24755908654	-488233.099394156	425825.6857597854	0.528787164950947	1599.565890624997	-333833.41518993553	140431.77086735627	-487208.7755569092	140431.7714935133	73989046.43812172	427696.8165967759	-487208.77569130546	427696.81791024556	0.5272149617921298	-0.0017535365469565332	0.0	0.0	0.0	0.0047311902479060435	0.0	0.0	0.0	-0.0026309644824683035	74165426.37186992	0.0046433437104454155
68	51.0	nan	nan	1	1	6.000000000000838e-05	6.000000000000867e-05	5.999999999999513e-05	0.9981384999999982	5.513972728388682e-21	-2.476453287228453e-19	1.436483175248568e-20	1.0050388000000032	-2.8624631419511825e-19	-3.7201687043408874e-21	1.3962491102539888e-20	0.9971893553898613	-250755.44927495642	141281.4383663451	-490746.6523566151	142258.14136436672	73906778.75699328	422804.1482981266	-490279.99417554314	419502.010436833	-9.983567335104482	1599.565890624997	-250201.5048661197	141943.87803857468	-489196.9155300264	141943.87859461174	74253312.4762238	421468.96820895927	-489196.91557317047	421468.9692780421	-9.952040065614929	-0.0018632347442787867	0.0	0.0	0.0	0.00502614773098738	0.0	0.0	0.0	-0.0028146018884418053	74387548.25120136	0.004940671230332898
72	54.0	nan	nan	1	1	6.000000000000838e-05	6.000000000000867e-05	5.999999999999513e-05	0.9980289999999958	-3.480246622031106e-21	4.496101706002662e-19	-1.0293144375034257e-20	1.005335199999994	3.3330407661277815e-19	-1.2739375526704677e-21	9.483380877459146e-21	0.9970062708001378	-175734.08690311003	142738.7254192685	-492482.7740059948	143783.66294802615	74139906.39124392	417197.7253154415	-491978.1027372304	413741.35614142456	-18.2659501426935	1599.565890624997	-175326.36567535228	143450.06972188392	-490836.6627859408	143450.070003016	74509385.66081804	415803.2524671092	-490836.6627376671	415803.25318851596	-18.20489666618252	-0.0019729449766236655	0.0	0.0	0.0	0.005321018239795914	0.0	0.0	0.0	-0.0029982193709335776	74605946.6572148	0.005237955525878936
76	57.0	nan	nan	1	1	6.000000000000838e-05	6.000000000000867e-05	5.999999999999513e-05	0.9979194999999912	4.4051642487854396e-20	2.0462791346358838e-19	-2.9197225691855733e-21	1.005631600000003	-2.0005562961430967e-19	-1.1492543028346347e-20	-7.335305323222241e-21	0.9968232512645242	-108463.64741003235	144202.72522629963	-493992.94683441287	145317.14956965428	74366229.71749787	412152.5058040293	-493450.2784903418	408542.4534752393	-24.386179952709732	1599.565890624997	-108199.96829774659	144963.87829315083	-492250.68291101727	144963.87823945854	74758761.02181827	410698.8849651064	-492250.6827317959	410698.88526883814	-24.300172324800663	-0.002082667246626628	0.0	0.0	0.0	0.005615801825636869	0.0	0.0	0.0	-0.0031818053135649095	74821592.89169157	0.0055351888841107515
80	60.0	nan	nan	1	1	6.000000000000838e-05	6.000000000000867e-05	5.999999999999513e-05	0.9978099999999991	-3.4897969185113985e-20	-1.5011795517598515e-19	1.6599304667342525e-20	1.0059279999999875	3.4852356460904343e-19	-9.52742659071637e-21	-1.2434443665693129e-20	0.9966403061145572	-48043.36226577608	145669.686262821	-495358.5657280811	146854.82782937709	74586871.5491799	407647.036767906	-494777.87594965775	403883.24747072515	-28.532896810735284	1599.565890624997	-47921.24026352782	146481.5361769366	-493520.1942789616	146481.53577052543	75002560.95453842	406134.17976782395	-493520.19409665064	406134.1796185452	-28.42700571186949	-0.002192401556914653	0.0	0.0	0.0	0.005910498539698137	0.0	0.0	0.0	-0.00336535032977957	75035142.99745342	0.005832365082477143
84	87.1	nan	nan	1	1	6.000000000000838e-05	6.000000000000867e-05	5.999999999999513e-05	0.9968208500000034	-1.1880907634662444e-20	1.160502900374172e-19	7.829972564418752e-21	1.0086054800000015	-6.013798400233972e-19	-1.368127616405146e-20	1.229891839413244e-21	0.99499218515519	277218.4119645928	157466.8350938834	-506312.5809690024	159328.51579478523	76418389.50445205	387136.98694206885	-505383.8231207694	381911.68203412404	691.6965811035546	1599.565890624997	276236.50981448474	158764.1036098294	-503593.6927785842	158764.17733283484	77047951.72740726	385058.0692508347	-503593.7635823882	385058.00805686694	687.9821846291162	-0.0031842142335115333	0.0	0.0	0.0	0.008568663919574773	0.0	0.0	0.0	-0.005020395969774551	76918188.77677475	0.008513574219069241
88	114.2	nan	nan	1	1	6.000000000000838e-05	6.000000000000867e-05	5.999999999999513e-05	0.9958317000000033	5.261260448575361e-20	-3.821744895375623e-19	2.302404957226639e-20	1.0112829599999855	7.065745558088033e-19	2.946319403729358e-20	1.43589025218549e-20	0.9933528821202283	418721.74803953426	165714.74525591487	-517679.8372850905	168285.1113083352	78077553.91484916	385396.93422063655	-516391.32401088707	378563.53586950427	-952.4348862498877	1599.565890624997	416820.69431235606	167521.92330010087	-514046.7454771496	167521.0739981664	78929017.31939268	382692.20758522104	-514046.8371152585	382691.9054318886	-945.7506711547456	-0.004177011579186399	0.0	0.0	0.0	0.011219782184491683	0.0	0.0	0.0	-0.006669308357638199	78730271.1240634	0.011188211671791366
92	141.3	nan	nan	1	1	6.000000000000838e-05	6.000000000000867e-05	5.999999999999513e-05	0.9948425500000027	-1.9701986353135027e-20	-2.3359135806200194e-19	7.956519286738545e-20	1.0139604399999718	-6.296368591438007e-19	2.3445871979999033e-20	2.4123498337802473e-21	0.9917233073209043	475227.80371349753	171497.10766144004	-529100.1974332194	174791.8308914077	79617489.79140258	392325.6623915398	-527441.1593913739	383721.35931993637	-854.6654586272318	1599.565890624997	472596.2925414581	173824.875846815	-524520.6133456093	173823.94422278745	80698155.59540969	388929.91926128673	-524520.5236611281	388929.6942268849	-847.2679706777903	-0.005170795551032364	0.0	0.0	0.0	0.013863890601199106	0.0	0.0	0.0	-0.008311134675487006	80471837.29817587	0.013855706828693776
96	168.4	nan	nan	1	1	6.000000000000838e-05	6.000000000000867e-05	5.999999999999513e-05	0.9938534000000029	3.742191560969499e-20	-2.3229031545501933e-19	9.540979117872438e-21	1.0166379199999935	5.937633197616865e-19	4.8382521947165633e-20	4.230421351766878e-20	0.9901036380516257	485023.3953990818	176268.80292373215	-539850.1378066298	180308.85840596503	81056543.19339494	402999.637043807	-537813.1304115505	392481.14990208845	-773.6022932822733	1599.565890624997	481854.2864137322	179131.70972774795	-534299.274136918	179130.73292019893	82373040.07298614	398855.9017967212	-534299.0969851343	398855.7149746657	-765.6479360192872	-0.0061655681119855855	0.0	0.0	0.0	0.01650102614161142	0.0	0.0	0.0	-0.00994565643195079	82142263.78028652	0.01651592216223614
100	195.5	nan	nan	1	1	6.000000000000838e-05	6.000000000000867e-05	5.999999999999513e-05	0.9928642499999917	-7.026307704063872e-20	-7.989214758502561e-21	-4.062708828210526e-20	1.0193154000000015	-1.5703719791551608e-18	6.575686176124585e-20	-1.1403096349116292e-19	0.988493937149521	466365.3130309436	180753.53650382205	-549937.1748420366	185568.04413991023	82406596.44981118	415375.2645978609	-547516.25776735	402815.2285967324	-717.5731135949534	1599.565890624997	462853.5997505689	184171.70974370572	-543393.7253393156	184170.72374147817	83964961.65927242	410432.90537408926	-543393.4809228914	410432.7406058425	-709.0350411602839	-0.007161331230859946	0.0	0.0	0.0	0.01913122548583173	0.0	0.0	0.0	-0.011572769774674273	83743766.03762658	0.019168809466790195
104	222.60000000000002	nan	nan	1	1	6.000000000000838e-05	6.000000000000867e-05	5.999999999999513e-05	0.9918751000000035	2.180872669954592e-19	4.457697232174152e-19	6.418815674293088e-20	1.0219928799999798	-6.139836902785412e-19	9.540979117872439e-20	-2.222614453595284e-20	0.9868942118901332	428443.170042064	185177.89389727206	-559498.5258776916	190799.75541357402	83676481.69636354	428608.9743326037	-556688.5792162584	413888.9700408181	-678.5352641671237	1599.565890624997	424790.4572775652	189174.045188083	-551942.8205170211	189173.0829613233	85482225.7476861	422820.85698248894	-551942.5040741239	422820.7215964253	-669.3720362125389	-0.008158086882309496	0.0	0.0	0.0	0.02175452502532732	0.0	0.0	0.0	-0.013192426761962944	85280094.10423928	0.021814360042992857
108	249.70000000000002	nan	nan	1	1	6.000000000000838e-05	6.000000000000867e-05	5.999999999999513e-05	0.9908859500000011	-3.054739620977909e-20	6.57297567069337e-20	-8.89723407795917e-21	1.024670359999989	3.699433337792102e-19	2.76742604526925e-20	3.6673138484322187e-20	0.9853044442003578	376392.36413956113	189505.7116651005	-568674.4715017145	195966.02473831768	84873459.14326894	442223.00895131164	-565470.8511904768	425233.5203599598	-650.3065685056032	1599.565890624997	372808.828914115	194101.18727689845	-560087.5104986905	194100.28244504405	86931623.55506831	435545.45980359433	-560087.1481527267	435545.3481933425	-640.4869662135894	-0.009155837046971043	0.0	0.0	0.0	0.024370960865990665	0.0	0.0	0.0	-0.01480460515910245	86755497.92066889	0.024452583289422434
112	276.8	nan	nan	1	1	6.000000000000838e-05	6.000000000000867e-05	5.999999999999513e-05	0.9898967999999975	-5.475220971051797e-20	1.206052944145719e-18	-1.0238256640052179e-19	1.0273478399999971	9.896326379904564e-19	-1.391573488385145e-19	6.19079440489223e-20	0.9837246032420691	313439.8699494724	193605.12477817928	-577635.9302278744	200929.01666496665	86003777.85663973	455941.40997661906	-574033.8584686775	436581.1252211713	-629.8234259937341	1599.565890624997	310143.86370838986	198816.94460489528	-567997.9483174689	198816.12881490128	88318986.17108531	448333.927769226	-567997.5517907477	448333.8211635162	-619.3146842953382	-0.010154583711365541	0.0	0.0	0.0	0.026980568830958968	0.0	0.0	0.0	-0.01640929585612644	88174215.41338983	0.0270834977878868
116	303.9	nan	nan	1	1	6.000000000000838e-05	6.000000000000867e-05	5.999999999999513e-05	0.988907649999992	-9.67514913671752e-20	3.906109376922151e-19	5.352231787110473e-20	1.0300253200000098	2.0825355329101567e-18	-7.356311740314147e-20	1.0248421035419231e-19	0.9821546505982028	241783.77228706228	197388.00933305552	-586504.1742401584	205594.4499286882	87072911.35019837	469699.3671183808	-582498.6901538428	447869.85469073674	-613.6848151027837	1599.565890624997	239000.80903949155	203228.75341529868	-575794.4444196111	203228.0305753796	89649413.30394287	461122.5256573001	-575794.0530678948	461122.3983089572	-602.4787591983423	-0.011154328867985336	0.0	0.0	0.0	0.029583384463680456	0.0	0.0	0.0	-0.018006497692965598	89540263.151305	0.02970712742305183
120	331.0	nan	nan	1	1	6.000000000000838e-05	6.000000000000867e-05	5.999999999999513e-05	0.9879184999999943	-1.260791601329081e-19	-6.06475590234079e-20	1.4387701642061547e-19	1.0327028000000087	-5.043166405316324e-19	1.2300273646848048e-19	2.172808916296731e-19	0.9805945426130305	162986.71069246385	200866.19645157372	-595293.8685595324	209971.18057437256	88085672.3919291	483456.0450021149	-590880.3319578699	459061.6139146084	-600.4111456654549	1599.565890624997	160948.6612795958	207346.28847903587	-583492.0411816217	207345.619021098	90927381.31799123	473871.4262293251	-583491.7337801063	473871.28103129094	-588.5078671820672	-0.012155074515294703	0.0	0.0	0.0	0.032179443030761895	0.0	0.0	0.0	-0.01959621513534428	90857347.372838	0.0323234995296763
124	358.1	nan	nan	1	1	6.000000000000838e-05	6.000000000000867e-05	5.999999999999513e-05	0.9869293499999974	2.131405945834941e-19	1.3497910471629847e-18	7.101524229780054e-21	1.0353802799999987	-3.5909860154892395e-18	7.047314121155779e-21	1.290742686343993e-19	0.9790442311853839	78088.77717782382	204124.11637016217	-603972.8063107787	214144.44394511377	89046272.0204672	497129.36659359006	-599147.1822618631	470079.96328748896	-589.1237611508444	1599.565890624997	77034.7043681069	211254.48622509502	-591059.8122168678	211253.83861266667	92156795.48530607	486500.69505795545	-591059.6596156501	486500.58060227387	-576.5282410068313	-0.013156822657780214	0.0	0.0	0.0	0.03476877952488038	0.0	0.0	0.0	-0.021178457507569203	92128859.65385796	0.03493264408289215
128	385.20000000000005	nan	nan	1	1	6.000000000000838e-05	6.000000000000867e-05	5.999999999999513e-05	0.9859401999999949	2.086276030405232e-19	2.9710527657891838e-18	-1.192283576555153e-19	1.0380577600000098	4.35548407236308e-18	-1.5954034968124198e-19	-4.389663545850686e-20	0.9775036652591936	-12171.726123118468	207279.6332453078	-612495.5461372085	218235.9230798995	89958422.9191114	510647.39412828925	-607254.5412101308	480859.2709592137	-580.3402599119803	1599.565890624997	-11995.331591494285	215073.87627612022	-598454.09227415	215073.21443480987	93341089.12669952	498940.808063846	-598454.1147718487	498940.8063363043	-567.0359656427057	-0.01415957530595812	0.0	0.0	0.0	0.03735142866761616	0.0	0.0	0.0	-0.022753237503872734	93357868.86735931	0.03753459280279866
132	412.3	nan	nan	1	1	6.000000000000838e-05	6.000000000000867e-05	5.999999999999513e-05	0.9849510499999903	9.540979117872439e-20	-5.753047777751208e-19	-2.8600914496988704e-20	1.0407352400000347	1.3605653062520595e-18	1.6967763999398144e-20	8.580104942507161e-20	0.9759727919444339	-107211.75120495823	210401.50422049346	-620767.9241352938	222317.2210176193	90825435.07781212	523993.5291603007	-615109.512907011	491386.80016333004	-573.6792132886608	1599.565890624997	-105551.50229702076	218875.16286692864	-605583.9556754226	218874.48345143054	94483316.40387337	511176.66006863577	-605584.1121408814	511176.7917956358	-559.647033560959	-0.015163334476388986	0.0	0.0	0.0	0.039927424912183644	0.0	0.0	0.0	-0.024320570063731603	94547140.16774014	0.0401293785206381
136	439.40000000000003	nan	nan	1	1	6.000000000000838e-05	6.000000000000867e-05	5.999999999999513e-05	0.9839618999999954	2.2768245622195595e-21	5.074337217775282e-19	2.319142328264384e-19	1.0434127200000132	2.447342458897217e-18	2.355971320811001e-19	7.304812137121086e-20	0.9744515567083432	-206594.04688688897	213523.26053094637	-628703.795406323	226423.59218522086	91650252.09707275	537213.8998167383	-622627.4125407478	501708.67134600633	-569.7024903217409	1599.565890624997	-203189.5752192484	222693.04640696914	-612366.85061009	222692.34863732697	95586184.81524076	523254.33111490944	-612367.110187254	523254.61944059335	-554.8987016335437	-0.016168102191703095	0.0	0.0	0.0	0.04249680244617833	0.0	0.0	0.0	-0.025880472190269732	95699165.09479453	0.04271703499351939
140	466.5	nan	nan	1	1	6.000000000000838e-05	6.000000000000867e-05	5.999999999999513e-05	0.9829727499999923	8.99345702076726e-20	2.0239344054873154e-18	1.0296532506823275e-20	1.0460902000000003	-3.194222230468169e-18	2.2985086056692693e-20	2.1927988938519327e-19	0.9729399036407596	-310017.1195350002	216664.23682298991	-636290.8945071468	230575.66522340677	92435498.46782607	550322.3206670121	-629796.9002629105	511840.20970980293	-568.2058084231147	1599.565890624997	-304600.4408466238	226547.74165971822	-618792.5785663441	226547.00289099378	96652099.73801415	535188.183247419	-618792.9677937087	535188.6647316245	-552.5798661991761	-0.01717388048066417	0.0	0.0	0.0	0.04505959519445568	0.0	0.0	0.0	-0.027432962690491725	96816200.30733366	0.04529759672579204
144	493.6	nan	nan	1	1	6.000000000000838e-05	6.000000000000867e-05	5.999999999999513e-05	0.9819835999999932	-1.480207015985835e-19	-2.2237257608220816e-18	-1.0909106734277585e-19	1.0487676800000052	1.1289797222091558e-18	-7.795413620170777e-20	-1.4373810301726575e-19	0.971437776090628	-417238.68880708807	219848.34428582987	-643583.1338096311	234799.2838392419	93183537.79992688	563266.1020892609	-636672.0347493894	521734.787878772	-566.3368286781867	1599.565890624997	-409534.30716844223	230464.46769779414	-624915.2517346363	230463.67609310924	97683221.1632972	546927.9095260068	-624915.779958189	546928.5227437248	-549.9095660961034	-0.018180671378132826	0.0	0.0	0.0	0.04761583682166768	0.0	0.0	0.0	-0.02897806153073256	97900285.12835273	0.04787109865789284
148	520.7	nan	nan	1	1	6.000000000000838e-05	6.000000000000867e-05	5.999999999999513e-05	0.9809944499999944	-2.282245573081987e-19	2.3395456578978456e-18	-5.807935512733286e-20	1.0514451600000343	1.6635184982988215e-18	-1.3704315460216776e-19	2.5549224194620912e-19	0.9699451167996638	-528069.1721204334	223111.50278603862	-650632.4592554625	239133.5558877724	93896501.85913756	576072.8696345984	-643304.7813078762	531420.6672983009	-563.6076231028208	1599.565890624997	-517794.0166387668	234481.31994224282	-630786.7313616239	234480.5017097294	98681490.72978932	558501.3739996072	-630787.3745001741	558501.9954448108	-546.4163450350289	-0.019188476925138077	0.0	0.0	0.0	0.05016556073495872	0.0	0.0	0.0	-0.030515789704355468	98953268.97330658	0.05043757607901247
152	547.8	nan	nan	1	1	6.000000000000838e-05	6.000000000000867e-05	5.999999999999513e-05	0.9800052999999945	7.762887554996211e-20	-5.605189706478497e-19	2.245992562939503e-19	1.0541226399999961	-1.3893779789858618e-18	-2.6183482465524932e-19	-7.112366251504909e-20	0.9684618683096318	-642335.7995136355	226427.9461057916	-657422.3886153409	243551.77950186297	94576343.01698212	588853.3457236653	-649679.4135866448	541002.121484707	-558.9250218017348	1599.565890624997	-629199.6329831659	238571.78337591465	-636392.3120637367	238570.99416068912	99648683.86074421	570016.7025659546	-636393.0655818254	570017.2754844348	-541.0457463181993	-0.020197299168883787	0.0	0.0	0.0	0.05270880008649024	0.0	0.0	0.0	-0.03204616881556779	99976842.67379975	0.05299706443469274
156	574.9	nan	nan	1	1	6.000000000000838e-05	6.000000000000867e-05	5.999999999999513e-05	0.9790161500000045	-2.012821333219339e-19	-2.422920804961981e-19	-4.8965280614876594e-20	1.0568001199999988	-5.9881299138003775e-18	-2.9707139526102824e-20	8.874194781793854e-20	0.9669879734982754	-759805.9518914243	229689.88117969056	-663911.9486950883	247938.2784273925	95224879.00772767	601632.1851171076	-655755.9640992907	550502.8957090942	-554.2018268427437	1599.565890624997	-743513.3393052965	242622.4222672135	-641693.6991313819	242621.7073928631	100586454.59824492	581498.1687603256	-641694.5082137238	581498.6073224787	-535.655098588107	-0.021207140162763177	0.0	0.0	0.0	0.055245587776311986	0.0	0.0	0.0	-0.03356922052626938	100972545.00426431	0.055549599086590684
160	602.0	nan	nan	1	1	6.000000000000838e-05	6.000000000000867e-05	5.999999999999513e-05	0.9780269999999842	-2.8216361538935253e-19	7.544962918326625e-19	-2.3902592145158553e-19	1.0594775999999846	-2.782604875684047e-19	3.5876249887545343e-19	1.361486878098672e-19	0.9655233755827582	-880206.9122666102	232792.6868085982	-670070.2603521375	252179.07773294824	95843808.41968507	614325.8177566613	-661504.5970987445	559847.8173781511	-548.5235214665595	1599.565890624997	-860459.0427692024	246522.0076012718	-646662.5637133949	246521.3176680755	101496350.21481161	592865.4527318976	-646663.4202420413	592865.7372502752	-529.3618410437389	-0.02221800196644887	0.0	0.0	0.0	0.05777595645456937	0.0	0.0	0.0	-0.035084966549310335	101941784.99923584	0.05809521529843664
164	603.31	nan	nan	1	1	6.000000000000838e-05	6.000000000000867e-05	5.999999999999513e-05	0.9780775196866766	9.687346411157982e-20	1.7177421594502529e-18	7.257378292074845e-21	1.0593481719999898	1.3900285002893531e-18	-2.9674613460928257e-19	-1.8084492237058213e-19	0.9655504448932132	-3.628626629525854	230169.53001127802	-663721.3880322628	249294.83666135254	86475041.09534438	603203.6931301847	-655220.5377013412	549794.3053998032	-4.897674967271625	1599.565890624997	-3.5475505586627745	243724.7230194372	-640580.6475191949	243724.7276623247	91567747.64246403	582172.9106498536	-640580.6443835511	582172.9087888616	-4.726916833544684	-0.02216634860519426	0.0	0.0	0.0	0.05765378690021928	0.0	0.0	0.0	-0.03505693104888506	91580997.90784058	0.05798984273220909
168	604.62	nan	nan	1	1	6.000000000000838e-05	6.000000000000867e-05	5.999999999999513e-05	0.9781176842297564	-1.7889335846010824e-20	-2.2789929665645303e-18	2.300134908927998e-19	1.0592187439999923	3.500265398706515e-18	-9.237402509576498e-20	-2.6899055899365364e-19	0.9655889486669422	-0.22330587337142788	229082.3506242563	-661890.357010605	248076.81510047842	78152527.35974565	599001.4960084914	-653412.1855512918	546052.6708204533	-0.3171779406130663	1599.565890624997	-0.2183344175833239	242553.88396047373	-638865.2786485199	242553.8841567801	82748404.67097217	578164.1228113762	-638865.278468866	578164.122175141	-0.3061443202257453	-0.022125284663308403	0.0	0.0	0.0	0.05753160241864216	0.0	0.0	0.0	-0.035017054306831476	82762928.1982025	0.057882392728354964
172	605.93	nan	nan	1	1	6.000000000000838e-05	6.000000000000867e-05	5.999999999999513e-05	0.978157847159364	-1.1530490104383338e-19	-1.147953260227652e-18	1.7536970139953035e-20	1.0590893159999863	-3.3674235275227283e-18	1.9081958235744877e-20	1.0332446703786857e-19	0.9656278977124676	-0.027447593781573233	228699.0093203934	-661585.221086671	247621.25868866438	69929339.02419129	597070.7842140831	-653110.485246582	544381.0991219797	-0.05482721512785065	1599.565890624997	-0.026838725365898927	242128.29040326359	-638622.572412224	242128.29036206394	74035612.82260361	576347.3366298625	-638622.5724226643	576347.3363961828	-0.052924243237486755	-0.022084224057101517	0.0	0.0	0.0	0.057409403006186445	0.0	0.0	0.0	-0.034976718033249005	74051791.97951728	0.05777475131984622
176	607.24	nan	nan	1	1	6.000000000000838e-05	6.000000000000867e-05	5.999999999999513e-05	0.978197994097577	-4.8246996675604945e-21	3.464296991634308e-19	-1.316153674761622e-19	1.0589598879999904	6.21627315594564e-18	1.207801220148852e-19	1.843414743768479e-19	0.9656669152191993	-0.0006876653958461247	228565.32107599004	-661568.0165272115	247436.11035933354	61723066.86919987	595816.0364581106	-653093.0850798651	543325.4276081956	-0.010006764872872735	1599.565890624997	-0.0006724659650187138	241967.04337912865	-638657.8038809535	241967.04339261903	65342143.45520593	575182.8260363601	-638657.8039375416	575182.8260392473	-0.009660228907672756	-0.022043181484608355	0.0	0.0	0.0	0.05728718865921813	0.0	0.0	0.0	-0.0349363124913545	65360443.03221725	0.057667080188851264
180	608.55	nan	nan	1	1	6.000000000000838e-05	6.000000000000867e-05	5.999999999999513e-05	0.97823812743325	1.9710795495786471e-19	-1.5997132004480496e-18	5.421010862427522e-20	1.0588304599999991	1.802459006702839e-18	4.607859233063394e-21	2.852535915809362e-19	0.9657059531191173	0.004419891129189637	228461.47046300492	-661416.1632294614	247283.3118668076	53523976.987446845	594810.9973563101	-652942.7840112153	542497.1635049294	-0.0036879336216079535	1599.565890624997	0.0043225521043840885	241837.40463386153	-638563.0599740152	241837.4047172978	56657692.23184061	574259.2208867308	-638563.0600062942	574259.2209416272	-0.003560508964274722	-0.022002154501680627	0.0	0.0	0.0	0.05716495937408067	0.0	0.0	0.0	-0.03489588746461564	56678762.81543964	0.05755939886527874
184	609.86	nan	nan	1	1	6.000000000000838e-05	6.000000000000867e-05	5.999999999999513e-05	0.9782782506064405	7.361732751176576e-20	6.771520193529779e-19	1.0381235801548705e-20	1.0587010319999886	-4.1348760353165927e-19	3.10623922417097e-20	-5.624298769768555e-20	0.9657450016641105	0.0011239046822302044	228288.89065483047	-660950.0543290181	247056.17658007183	45330662.24587963	593963.6540892553	-652482.2675701048	541812.4785844333	-0.0035880009343090932	1599.565890624997	0.0010992429142803772	241635.03883143043	-638164.8915558842	241635.03892727572	47980768.14258596	573487.7369588935	-638164.8915082291	573487.7370798284	-0.003464310521169096	-0.021961139590028017	0.0	0.0	0.0	0.05704271514710216	0.0	0.0	0.0	-0.03485545304933584	48005600.735560015	0.057451710545607604
188	611.17	nan	nan	1	1	6.000000000000838e-05	6.000000000000867e-05	5.999999999999513e-05	0.9783183669605534	-2.31639794151528e-19	2.32115487854706e-18	1.095721820568163e-19	1.0585716039999804	-3.3538710003666595e-18	-1.7553233172540317e-19	4.1877308912252607e-20	0.9657840596500215	-0.008963862982112915	228073.5317358385	-660065.4398720132	246782.81880361872	37143504.50738849	593237.5760662917	-651608.6190959486	541238.2048404912	-0.004825672766106436	1599.565890624997	-0.008767886849380993	241387.42815121321	-637362.5581836648	241387.42811755085	39311773.52024416	572833.2317559349	-637362.5581607687	572833.2318497447	-0.004659694256479748	-0.021920133330732276	0.0	0.0	0.0	0.05692045597464748	0.0	0.0	0.0	-0.03481501049354046	39342006.155409366	0.057344014871648905
192	612.48	nan	nan	1	1	6.000000000000838e-05	6.000000000000867e-05	5.999999999999513e-05	0.9783584838128762	-2.6221429541561923e-19	2.1913623259733893e-18	1.6327407091273893e-19	1.0584421759999847	6.637919380825252e-18	-1.9884267843384152e-19	-2.655482170960122e-19	0.9658231262278544	-0.01535898532619467	227890.43581811333	-658689.4640908934	246544.4441961766	28963774.643520664	592533.0852719535	-650249.9113174364	540683.4397922341	-0.014149401963804849	1599.565890624997	-0.015024422518431368	241173.9983209836	-636085.6009075921	241173.99816035765	30652051.33409372	572199.4720577933	-636085.600821972	572199.4717878874	-0.01366384516725369	-0.021879128243650566	0.0	0.0	0.0	0.05679818185307099	0.0	0.0	0.0	-0.034774560677321466	30690695.62491932	0.05723631030161924
196	613.79	nan	nan	1	1	6.000000000000838e-05	6.000000000000867e-05	5.999999999999513e-05	0.978398616108572	1.1096809235389139e-19	-3.0754343299452257e-18	-6.059334891478363e-20	1.0583127479999985	1.8486460192507216e-18	-1.0234868508263161e-19	-1.0072238182390337e-19	0.9658622002345624	-0.035772422748676036	227821.0539064944	-656833.3958315721	246429.13566801156	20794217.132508367	591702.3747218661	-648417.2586666957	540013.2974516433	-0.026380544936808293	1599.565890624997	-0.03499606036829104	241080.92930603772	-634344.7772949082	241080.92900044558	22004503.554593302	571443.7077953593	-634344.7769499316	571443.7070451492	-0.025477329577105128	-0.021838109053580298	0.0	0.0	0.0	0.05667589277871498	0.0	0.0	0.0	-0.03473410480577915	22058090.61725512	0.057128593441190235
200	615.1	nan	nan	1	1	6.000000000000838e-05	6.000000000000867e-05	5.999999999999513e-05	0.9784387910109299	-2.0068582212706687e-19	-5.786834227951287e-18	-8.710886829563225e-20	1.0581833200000013	4.806105600302368e-18	1.1823224690954426e-19	3.741039596161233e-19	0.9659012866851527	-0.09018862754915608	228073.07490134297	-654498.1224623787	246661.44085406626	12641290.618178915	590509.2332590848	-646111.5243096713	539012.1139420443	-0.050640199460322034	1599.565890624997	-0.08823850105210876	241327.94285824383	-632140.8137773792	241327.94123490044	13375961.460062603	570337.7510863845	-632140.8138617296	570337.7511333799	-0.04891035710870947	-0.021797048000457196	0.0	0.0	0.0	0.056553588747901326	0.0	0.0	0.0	-0.03469363768766715	13463496.047421256	0.057020855125544265
204	616.41	nan	nan	1	1	6.000000000000838e-05	6.000000000000867e-05	5.999999999999513e-05	0.9784790598316999	-3.4314998759166216e-20	1.9801597427732132e-19	1.9771104241630977e-19	1.0580538919999853	-1.8690019150391366e-18	2.1120258320017626e-19	-9.305165145356841e-20	0.9659404017816191	-0.15090781867742772	228824.65021310456	-651414.9328262287	247433.82051676366	4518578.433236899	588439.1427003801	-643067.4178833842	537210.0111552665	-0.08884515236620791	1599.565890624997	-0.14765685741961937	242103.42862126743	-629214.0114905982	242103.4289475581	4780793.197594574	568384.5040060874	-629214.0120088055	568384.5052062093	-0.08581721404422991	-0.021755892649190547	0.0	0.0	0.0	0.056431269756964816	0.0	0.0	0.0	-0.034653142551129126	5018838.56863527	0.05691307521254657
208	617.72	nan	nan	1	1	6.000000000000838e-05	6.000000000000867e-05	5.999999999999513e-05	0.9785195000793125	-4.412702842016003e-20	-2.084920777689625e-19	1.4793261017206904e-19	1.0579244640000076	-6.401861462820846e-18	-1.7797178661349555e-19	3.8863226872742904e-19	0.9659795757376493	-0.2165794871035032	229611.90000603226	-647024.9871650587	248244.46411575945	-3552236.8452752107	585310.4403532099	-638733.2312174429	534440.7396194132	-0.132940517540148	1599.565890624997	-0.21193111197547987	242916.47119747262	-625024.308008183	242916.47387962625	-3758066.7173139853	565408.2302982287	-625024.3075097488	565408.2324526928	-0.1284201640274148	-0.021714563801590148	0.0	0.0	0.0	0.05630893580229848	0.0	0.0	0.0	-0.0346125881218654	4053531.1730393986	0.056805220876051964
212	619.03	nan	nan	1	1	6.000000000000838e-05	6.000000000000867e-05	5.999999999999513e-05	0.9785602270120133	2.6237692574149207e-20	2.710098855399079e-19	-2.337810934421869e-20	1.0577950359999801	1.7768718354321813e-18	-1.5829351718288364e-19	-9.963817965141786e-20	0.9660188630968576	-0.26806372392532646	229924.15324909816	-640669.771259357	248541.30100519906	-11536949.35492924	580984.422682517	-632458.8580408643	530577.1853733624	-0.1451268660047208	1599.565890624997	-0.2623317854147539	243226.80153400774	-618935.1512992571	243226.80550435308	-12204438.94826121	561274.6186676953	-618935.1509469755	561274.6200938132	-0.14020346018764454	-0.02167294369573258	0.0	0.0	0.0	0.056186586880157624	0.0	0.0	0.0	-0.03457191794488822	12297159.538769078	0.056697239274856
216	620.34	nan	nan	1	1	6.000000000000838e-05	6.000000000000867e-05	5.999999999999513e-05	0.978601407275335	-4.559070135301546e-20	2.226327846036047e-18	-7.163188228340167e-20	1.0576656080000117	4.977301123337829e-19	1.9569849213363354e-20	-3.394637002052114e-19	0.9660583996118373	0.009597968136018608	228772.25469088764	-631973.6563576488	247255.46169764007	-19374484.97256476	574870.7497207676	-623873.4755123105	525079.6800877602	0.14162646642883192	1599.565890624997	0.009393502171996405	241988.1701490909	-610583.0677414258	241988.16707144247	-20493727.14548305	555412.939112571	-610583.0697820149	555412.9417423985	0.13683279591710668	-0.02163086207855154	0.0	0.0	0.0	0.05606422298698152	0.0	0.0	0.0	-0.03453099151223661	20547808.053080287	0.05658903009693975
220	621.65	nan	nan	1	1	6.000000000000838e-05	6.000000000000867e-05	5.999999999999513e-05	0.9786432467981149	-1.5216777490834054e-19	2.4331936205462813e-18	-8.794234871573048e-20	1.0575361800000274	3.9055672758359085e-19	1.1611805267319752e-19	4.26633554873046e-20	0.9660985322858497	1.6554145574101131	225742.28051214246	-620396.8339959502	243940.40303466888	-26952761.019818548	565025.314238981	-612444.2829174406	516171.5902587419	1.8932449089948786	1599.565890624997	1.6202801572696217	238763.03031837993	-599445.8185130192	238763.02937203483	-28507388.52260702	545944.2141137245	-599445.8092707569	545944.2191105413	1.8293093741439361	-0.021588108585574344	0.0	0.0	0.0	0.05594184411903618	0.0	0.0	0.0	-0.03448944967538459	28544955.652185824	0.05648039397412879
224	622.96	nan	nan	1	1	6.000000000000838e-05	6.000000000000867e-05	5.999999999999513e-05	0.9786859461623654	3.307900828253274e-19	1.0050418613669066e-18	1.1194387430912833e-20	1.0574067520000094	-5.29556867107095e-18	6.282951589553498e-20	3.467278547608643e-19	0.9661400064223961	5.962281248864543	221633.5118278738	-604267.703313663	239460.65241379425	-34079529.66244383	548765.2750648914	-596521.4785491168	501400.3457301421	7.383069715256628	1599.565890624997	5.836201975045297	234396.97903390412	-583907.3629905541	234396.98233445408	-36042107.23321007	530275.0468157971	-583907.3478676666	530275.0714746361	7.134302800845265	-0.021544478352692888	0.0	0.0	0.0	0.05581945027263813	0.0	0.0	0.0	-0.034446521086888275	36070281.471627995	0.05637096523041539
228	624.27	nan	nan	1	1	6.000000000000838e-05	6.000000000000867e-05	5.999999999999513e-05	0.9787296261004625	3.0173346460271588e-19	-6.647243519508628e-19	2.445553525312616e-19	1.0572773240000135	-3.5870828876682915e-18	-9.437979911486317e-20	2.3641028371046423e-19	0.9661838437489535	14.855511206248718	216174.56539619056	-578405.161584398	233523.59473363042	-40522458.238313206	523026.743304665	-570990.910818214	477963.538355671	18.851417848397453	1599.565890624997	14.542494642384819	228603.0860370789	-558959.7133407879	228603.08057629704	-42852215.24608784	505443.0664247851	-558959.711728484	505443.0880018486	18.217650561318887	-0.021499848138523365	0.0	0.0	0.0	0.05569704144417454	0.0	0.0	0.0	-0.034401148437204244	42873934.499236554	0.05626028228104122
232	625.58	nan	nan	1	1	6.000000000000838e-05	6.000000000000867e-05	5.999999999999513e-05	0.9787741929102646	2.428070765281287e-19	-1.4387091778339523e-18	2.3363201564347015e-19	1.0571478959999905	-3.1917285654714524e-18	-2.0166160408230384e-19	-1.2148485342700078e-19	0.9662307740889242	20.529279770673313	209797.49940454736	-542314.5226049189	226596.67090210647	-46152349.50426798	485229.42632756336	-535364.5487892486	443498.61715525406	27.0331285032921	1599.565890624997	20.098196963146087	221838.5061731922	-524122.70634498686	221838.4947673288	-48801193.05267544	468952.5165275764	-524122.7295281196	468952.5423269441	26.12630840874475	-0.021454313811206188	0.0	0.0	0.0	0.05557461762992859	0.0	0.0	0.0	-0.03435257672847597	48817929.07766451	0.05614806170676544
236	626.89	nan	nan	1	1	6.000000000000838e-05	6.000000000000867e-05	5.999999999999513e-05	0.9788193393514247	-1.9445165963527523e-19	8.93856928578518e-19	2.5986970821761934e-20	1.0570184679999863	6.513886652292911e-19	-2.5939536976715694e-19	-1.8087202742489428e-19	0.9662810021037558	23.923226221474703	203206.3465362492	-497389.76881101175	219440.7180053233	-50990438.50082944	434862.3527247161	-491018.386052127	397532.55893369444	32.85584082524292	1599.565890624997	23.42252605570549	214847.98513674544	-480741.62920919136	214847.94264699612	-53911667.42515142	420307.0691026923	-480741.63721333095	420307.09556565434	31.756122537708862	-0.02140818938299968	0.0	0.0	0.0	0.05545217882627575	0.0	0.0	0.0	-0.034300594623671354	53924323.36117675	0.056034296355223626
240	628.2	nan	nan	1	1	6.000000000000838e-05	6.000000000000867e-05	5.999999999999513e-05	0.9788647649826163	-2.1255783591578313e-19	3.005354212021194e-18	-2.3676264941652205e-20	1.056889040000002	-5.5922877006259194e-18	-5.5836411883003475e-21	2.2971533529536624e-19	0.9663343282260386	22.654097169902524	194805.87785572087	-443919.37101221085	210333.61858795944	-55139059.90924153	372939.56848376343	-438236.7472240203	340985.9526604324	31.079455447090297	1599.565890624997	22.18145124709606	205945.33213583592	-429093.569538029	205945.3030215145	-58292039.90999094	360484.31564899755	-429093.55293800024	360484.3244325386	30.041479034090898	-0.02136178186393246	0.0	0.0	0.0	0.055329725029544995	0.0	0.0	0.0	-0.03424540917475199	58301238.51308145	0.05591914748593963
244	631.21	nan	nan	1	1	6.000000000000838e-05	6.000000000000867e-05	5.999999999999513e-05	0.9791657609551689	-3.4314998759166216e-20	-3.855084112179552e-18	-1.3857459017080353e-20	1.057559062423396	-1.1855262865151373e-17	3.421742056364252e-19	-2.5955800009302978e-19	0.9658777065223016	41305142.11886129	193591.5554618293	-426102.1036571018	209090.82028667448	-46.975691911913046	384833.69013353204	-420319.5083324243	351472.0869255177	169.92149994833628	1599.565890624997	40436852.83057989	204695.38355707607	-411483.8819388502	204695.45181147466	-49.67007600527752	371631.2577617079	-411483.83054464357	371631.46642008494	164.09202823340274	-0.021054334180215264	0.0	0.0	0.0	0.05596348137007796	0.0	0.0	0.0	-0.0347180505867979	40449751.88005054	0.056453680711071846
248	634.22	nan	nan	1	1	6.000000000000838e-05	6.000000000000867e-05	5.999999999999513e-05	0.9794667609551652	-1.0142711323601894e-19	-1.6262083910381641e-18	1.4330442214827155e-19	1.0574516706303438	-5.008688776231285e-18	1.6544925152128798e-19	1.8168517905425841e-19	0.9657616057692635	59859841.61337335	185834.67741202808	-368319.98942663	200630.50344251952	-500.85366904743563	377456.94940569764	-363166.3646909864	344728.2287554469	-384.74755529011134	1599.565890624997	58614504.7480069	196456.8244712486	-355610.8960012858	196456.5438141636	-529.4820251855998	364432.5799124474	-355610.9744657346	364432.5917532432	-371.4716192406809	-0.020746976879651064	0.0	0.0	0.0	0.055861929362359425	0.0	0.0	0.0	-0.03483826014397472	58622577.32695061	0.056359980198950645
252	637.23	nan	nan	1	1	6.000000000000838e-05	6.000000000000867e-05	5.999999999999513e-05	0.9797677609551737	-1.7797178661349555e-19	-8.047084049458975e-19	-1.6723818510588906e-20	1.057320490448097	9.517126670077758e-19	7.54604712049911e-20	-2.921382753762192e-19	0.9656415799238423	72634070.21923876	162526.8563603368	-311816.1871340573	175391.5451660124	-486.9084246124172	303053.3663235094	-307320.01801996294	276776.32431456156	-553.3294784894533	1599.565890624997	71140641.14132065	171785.31368425075	-301001.6407917757	171785.31970210426	-514.6455073991136	292542.73599218216	-301001.21129810356	292543.0833863964	-534.1386618013447	-0.020439714018558573	0.0	0.0	0.0	0.05573786854405556	0.0	0.0	0.0	-0.03496254889576349	71145502.41353433	0.05625438756559722
256	640.24	nan	nan	1	1	6.000000000000838e-05	6.000000000000867e-05	5.999999999999513e-05	0.9800687609551603	9.719872476332547e-20	-4.865492774300262e-19	-8.646512325571898e-21	1.0571770255893473	3.849486918464095e-18	-1.0023449084628488e-19	-7.730361489821646e-20	0.9655135778939778	81069231.78219448	126359.35993301471	-269215.42068843497	136300.98552815252	-434.25391389085996	195665.35309487113	-265216.82025621965	178699.780719335	-247.8021765685177	1599.565890624997	79423670.81980509	133534.19270520782	-259833.81482902964	133534.31837232053	-458.9113608301991	188846.8164063585	-259833.3913475158	188846.56401871613	-239.1667783965865	-0.020132545538955143	0.0	0.0	0.0	0.0556021721359189	0.0	0.0	0.0	-0.03509511414256271	79426305.17965972	0.05614588865682645
260	643.25	nan	nan	1	1	6.000000000000838e-05	6.000000000000867e-05	5.999999999999513e-05	0.9803697609551757	5.26705415393458e-19	2.171562083798373e-18	2.7847055173932377e-19	1.057033950093929	5.886675695510046e-19	-9.378348791999613e-21	-1.522761951255891e-19	0.9653730936144014	86752012.52929918	84177.04984501521	-245983.44560097848	90759.03319518108	-449.5849269685988	94591.07890414631	-242220.1672566671	86388.27471760212	-9.223585826177965	1599.565890624997	85014975.12660067	88942.35072330658	-237370.65986258734	88941.76313197025	-475.03613310251006	91279.09710238632	-237370.18766604236	91278.7540364166	-8.900634140277141	-0.019825471382824665	0.0	0.0	0.0	0.055466825666448644	0.0	0.0	0.0	-0.03524062685638225	85016497.80848265	0.05604442475277305
264	646.26	nan	nan	1	1	6.000000000000838e-05	6.000000000000867e-05	5.999999999999513e-05	0.9806707609551745	1.0733601507606494e-20	-2.2607241599581497e-18	1.0360229384456798e-19	1.056894945455251	-9.125079164507e-18	-4.336808689942018e-21	-3.4984493600676014e-19	0.9652212302381769	90683811.11913888	43233.95080263209	-223012.68243011317	46593.95769617695	-345.05398609340426	14308.276625872464	-219499.07082426865	13066.906469273637	105.86254709399061	1599.565890624997	88893719.22761156	45674.608284480935	-215166.42976908368	45674.196331532556	-364.5330893714088	13804.868692623288	-215166.17499610272	13804.563853037651	102.13798630763317	-0.019518491492302746	0.0	0.0	0.0	0.05533531259694988	0.0	0.0	0.0	-0.035397949785038664	88894670.05029772	0.05595191206102637
268	649.2700000000001	nan	nan	1	1	6.000000000000838e-05	6.000000000000867e-05	5.999999999999513e-05	0.9809717609551744	-2.046702651109511e-19	-7.694176242314943e-19	3.426078865054194e-20	1.0567600475140728	-1.3385560021506038e-18	-1.2864058776540511e-19	1.5487828033955432e-19	0.965060887402261	93522547.71665591	3858.7015443548457	-187395.6646825883	4156.582259626887	-245.6140306992376	-54093.43568948615	-184356.20576071294	-49399.703846405006	141.30712034381216	1599.565890624997	91703355.87163219	4075.9605190033863	-180770.12074903923	4075.7288105442885	-259.44299670130556	-52180.91313842094	-180770.1261009126	-52181.087397903735	136.31107875690012	-0.019211605809513737	0.0	0.0	0.0	0.05520766835812101	0.0	0.0	0.0	-0.03556408387996655	91703996.76007055	0.05586718955812373
272	652.2800000000001	nan	nan	1	1	6.000000000000838e-05	6.000000000000867e-05	5.999999999999513e-05	0.9812727609551744	2.32615576106765e-19	-1.78377007175462e-18	1.8245767310215432e-19	1.05662839890725	-4.82819621956676e-18	-4.553649124439119e-21	-9.996344030316351e-20	0.9648945149182941	95641670.58639634	-29275.077418212622	-142941.43214443175	-31523.512137778947	-189.51625080291507	-117400.0971844992	-140555.40857144567	-107207.89093122631	146.1131213165865	1599.565890624997	93809114.56045337	-30919.215852074103	-137862.4862917567	-30919.50133607731	-200.15980768698822	-113228.6772696884	-137862.27638986375	-113228.86950543166	140.9214800940301	-0.018904814276654393	0.0	0.0	0.0	0.0550830830200914	0.0	0.0	0.0	-0.03573649458352843	93809668.37268744	0.05578870870315872
276	655.2900000000001	nan	nan	1	1	6.000000000000838e-05	6.000000000000867e-05	5.999999999999513e-05	0.9815737609551624	3.3393426912553536e-20	6.726525803371631e-19	2.8785567679490144e-20	1.056499150058142	-3.987993745999119e-18	-8.809142651444724e-20	-1.9694532463199188e-19	0.9647238535814281	97257122.17222609	-54305.20828411426	-93392.06484116522	-58450.758895667765	-151.05616583812179	-175776.84000468464	-91788.78987120249	-160507.75183141817	136.59856723397294	1599.565890624997	95422160.57513626	-57347.63683425971	-90057.08490663316	-57347.96153236128	-159.51902982746418	-169499.94447434094	-90056.99994471521	-169500.13731563734	131.72070655506087	-0.01859811683598595	0.0	0.0	0.0	0.05496075358538002	0.0	0.0	0.0	-0.0359133806871197	95422805.2898333	0.05571521647265772
280	658.3000000000001	nan	nan	1	1	6.000000000000838e-05	6.000000000000867e-05	5.999999999999513e-05	0.9818747609551641	1.0633312806651585e-19	8.980988695783676e-19	-3.6681270000615827e-19	1.0563716722875147	2.8155646217276066e-18	-2.0014372104082413e-19	8.638380809278256e-20	0.9645500980702741	98507874.69440754	-71518.44758441365	-41798.820510333535	-76945.02275386562	-119.12956770796329	-231781.88109340894	-41061.21583859027	-211635.22578585616	119.34864674409094	1599.565890624997	96678390.82348429	-75515.68960463941	-40298.71366066138	-75516.00321088271	-125.7878458163016	-223463.52226861464	-40298.6287628845	-223463.74340674965	115.06537462554743	-0.0182915134297842	0.0	0.0	0.0	0.05484008575331573	0.0	0.0	0.0	-0.03609350597360352	96679284.63097279	0.05564582412597616
284	661.3100000000001	nan	nan	1	1	6.000000000000838e-05	6.000000000000867e-05	5.999999999999513e-05	0.9821757609551716	-1.7217130499069811e-19	-1.6953533845884272e-18	8.140325436292728e-20	1.05624550908055	-6.353424730765056e-20	-1.0451708942760262e-19	-2.4023209636847563e-19	0.9643741005831944	99491585.53955413	-82276.36089722265	9946.544635504852	-88481.37323687671	-93.25297497801273	-286086.13850440335	9766.341986570635	-261202.74473218818	100.81034185086517	1599.565890624997	97673317.34684487	-86864.09996944919	9587.781947867743	-86864.32325489717	-98.45277127724886	-275767.27545127936	9587.856249339695	-275767.43894949317	97.17420583485313	-0.0179850040004125	0.0	0.0	0.0	0.054720647922148875	0.0	0.0	0.0	-0.036275988507329604	97674603.15407681	0.05557989200180548
288	664.32	nan	nan	1	1	6.000000000000838e-05	6.000000000000867e-05	5.999999999999513e-05	0.9824767609551645	-3.3393426912553536e-20	2.484760986375123e-18	3.0420002454512043e-19	1.056120332808811	5.730089796748827e-18	1.186117176699142e-19	4.377466271410224e-20	0.9641964751293752	100279076.3374241	-88615.15301363241	60270.5369792372	-95257.59997178319	-74.43725584848801	-336360.6196950299	59149.179394672065	-307084.17767295515	82.9708999192135	1599.565890624997	98476222.67351939	-93544.91090273332	58085.71910984781	-93545.0242341883	-78.57828181055828	-324167.4863781365	58085.77395972546	-324167.6063645293	79.96318978639574	-0.017678588490299497	0.0	0.0	0.0	0.05460213031558365	0.0	0.0	0.0	-0.036460192763641056	98478007.30783501	0.055516959680524954
292	667.33	nan	nan	1	1	6.000000000000838e-05	6.000000000000867e-05	5.999999999999513e-05	0.9827777609551668	2.6446401492352666e-19	-1.1008040182516886e-18	1.8343345505739127e-20	1.0559959096201654	-2.1868357819032623e-19	1.6263032587282566e-20	2.2396906378119308e-19	0.9640176571360881	100920336.6882474	-93315.05562132706	107434.56071118462	-100267.16936444414	-60.71416960821353	-380064.88135429914	105383.82133217357	-346960.9253404113	68.36375343540847	1599.565890624997	99136016.98791952	-98494.37082348212	103520.52266550512	-98494.39797401808	-64.08402048108987	-366218.4208149718	103520.58509387504	-366218.4822609333	65.87313654154897	-0.017372266841881784	0.0	0.0	0.0	0.054484311810814985	0.0	0.0	0.0	-0.03664566800812531	99138354.27161951	0.05545670004604517
296	670.34	nan	nan	1	1	6.000000000000838e-05	6.000000000000867e-05	5.999999999999513e-05	0.9830787609551805	-2.485533480423019e-20	-7.175249977509069e-19	-2.738694687698384e-19	1.055872069913625	-8.906720846968419e-20	-1.5872719805187785e-19	-1.4972832002024816e-19	0.9638379597466626	101451095.06058317	-96994.5098909605	150445.43957925896	-104176.60487999638	-49.30199128338846	-417051.28826902027	147500.9433525696	-380699.42567550443	56.09154555399821	1599.565890624997	99687662.0267503	-102365.78305246937	144937.04818689715	-102365.79676315706	-52.03219181625471	-401781.4221109026	144937.06727144792	-401781.4499058597	54.0378163909342	-0.017066038997671194	0.0	0.0	0.0	0.05436703203018283	0.0	0.0	0.0	-0.03683209004966435	99690563.7556329	0.055398877402976936
300	673.35	nan	nan	1	1	6.000000000000838e-05	6.000000000000867e-05	5.999999999999513e-05	0.9833797609551599	1.5325197708082605e-19	2.9428364042502486e-18	5.038829596626382e-20	1.0557486814506605	-1.9178181178552965e-18	1.2284010614260765e-19	-3.4099513577384723e-19	0.963657619719219	101897612.63747336	-99882.08360350665	189135.14649063488	-107232.62000415586	-39.39997359827929	-448401.9163310791	185341.96639033608	-409288.6675116021	46.92130937570066	1599.565890624997	100156860.22688392	-105400.7176478329	182175.69149338553	-105400.72780438309	-41.57688088535656	-431902.4289788379	182175.70501849003	-431902.4766453071	45.19478341227618	-0.016759904900281033	0.0	0.0	0.0	0.05425016590919491	0.0	0.0	0.0	-0.03701921372443778	100160315.49088615	0.05534331116686803
304	676.36	nan	nan	1	1	6.000000000000838e-05	6.000000000000867e-05	5.999999999999513e-05	0.9836807609551714	-4.1118367391512753e-20	-4.956633519424825e-18	1.2427667402115094e-19	1.0556256378846083	3.7952497047855085e-19	1.7564075194265173e-19	-9.371572528421579e-20	0.9634768227429621	102280010.8346491	-102478.90909608449	223842.00712084645	-109974.08276026213	-30.06781974171882	-475322.615567669	219244.50955732094	-433830.2898272292	36.58454541457165	1599.565890624997	100563311.08423376	-108128.21767720491	215564.62084067147	-108128.24329577568	-31.72535487339388	-457745.80347880744	215564.64101051903	-457745.8564612672	35.23169650932792	-0.016453864492262934	0.0	0.0	0.0	0.05413361285172453	0.0	0.0	0.0	-0.03720684669160759	100567302.12562123	0.05528985797602657
308	679.37	nan	nan	1	1	6.000000000000838e-05	6.000000000000867e-05	5.999999999999513e-05	0.9839817609551771	-1.352813260718788e-19	-2.5274378943895835e-18	-5.886540170238485e-20	1.05550285265485	5.6010968432773646e-18	-9.877081791342946e-20	1.2388365073362495e-19	0.9632957123156317	102612949.00801338	-104885.40937980538	254823.90605577416	-112509.08450523419	-24.221983561585077	-498659.87443000154	249466.79244758582	-455097.7405010774	29.04226292545907	1599.565890624997	100921368.37964384	-110654.32721423887	245354.31975409717	-110654.36548873088	-25.554243537308448	-480129.0278183623	245354.31738858653	-480129.07219069323	27.963014830468897	-0.01614791771632769	0.0	0.0	0.0	0.054017290959952044	0.0	0.0	0.0	-0.03739484026590812	100925870.09096046	0.05523840443762862
312	682.3800000000001	nan	nan	1	1	6.000000000000838e-05	6.000000000000867e-05	5.999999999999513e-05	0.9842827609551734	1.4512046078718477e-19	1.8980585332617482e-18	-2.267337793210311e-19	1.055380264902833	-3.508559545326029e-18	-2.8232624571522536e-19	8.033938098117588e-20	0.9631143899725593	102906893.28271931	-106933.36682647813	282328.84663123335	-114657.50636836063	-19.563919718606687	-519090.2165434477	276256.98320274975	-473709.1370919465	22.66866254494083	1599.565890624997	101241279.84390672	-112801.65988799096	271785.57717920846	-112801.7017922453	-20.637549192246976	-499705.3464239732	271785.5884389007	-499705.3637597442	21.822125536129462	-0.015842064515203442	0.0	0.0	0.0	0.053901142651090264	0.0	0.0	0.0	-0.03758308922015922	101246261.73690538	0.05518887122546557
316	685.3900000000001	nan	nan	1	1	6.000000000000838e-05	6.000000000000867e-05	5.999999999999513e-05	0.9845837609551674	-1.7450233966154193e-19	-1.6103925918470318e-18	-1.7176472917601603e-19	1.0552578354860263	1.1241929696176323e-17	-1.1709383462843448e-20	-5.6514038240806916e-21	0.962932926923349	103169943.89375241	-108571.43174950116	306804.38491159194	-116364.78586423639	-15.865904884264165	-537312.3882504195	300057.83668883145	-490302.7320724293	17.688265741529293	1599.565890624997	101530978.43131284	-114516.18171946247	295291.0664210076	-114516.20615315245	-16.73463099448445	-517148.8933360747	295291.0954024954	-517148.9024212228	17.024485668480462	-0.015536304831660281	0.0	0.0	0.0	0.05378513089434098	0.0	0.0	0.0	-0.03777151974121147	101536411.26749799	0.05514120562255227
320	688.4000000000001	nan	nan	1	1	6.000000000000838e-05	6.000000000000867e-05	5.999999999999513e-05	0.9848847609551651	-2.986434884111322e-19	-8.152793761276311e-19	-1.3576244078591926e-19	1.055135540298318	4.117311960122327e-18	1.7477339020466333e-19	-2.2768245622195595e-21	0.9627513729177747	103408458.51025757	-109809.18672081768	328749.61071815755	-117641.77167723162	-12.920693433585228	-553803.6993652809	321361.62665624643	-505314.4964243046	13.379882813056232	1599.565890624997	101796692.1385366	-115808.14647638284	316352.72362302704	-115808.15908663072	-13.626560786190133	-532920.2010733762	316352.75339318824	-532920.2133818493	12.875338043506014	-0.015230638608521783	0.0	0.0	0.0	0.05366923289233985	0.0	0.0	0.0	-0.03796008025045738	101802549.52805734	0.05509537354485138
324	763.4100000000001	nan	nan	1	1	6.000000000000838e-05	6.000000000000867e-05	5.999999999999513e-05	0.99238576095517	1.7574917215990027e-19	3.0896238258776297e-18	-1.2967057982926633e-19	1.0521045435313416	1.5728791966790335e-18	-7.047314121155779e-20	3.3075620150743723e-19	0.9582476927463401	106999432.70348495	-100634.02654360785	567292.7170999243	-106689.37195360872	-433.0605548277375	-728253.7137314212	547778.9018438482	-663285.9536048796	-532.9709466053897	1599.565890624997	106131620.82781516	-105824.57754217579	543335.1324696227	-105824.07480529891	-455.3971637512367	-697498.515483426	543336.1770157756	-697497.240652288	-510.4628195417007	-0.0076433753577424	0.0	0.0	0.0	0.050792485358415476	0.0	0.0	0.0	-0.042648982502779466	106143309.70529912	0.05451085572879671
328	838.4200000000001	nan	nan	1	1	6.000000000000838e-05	6.000000000000867e-05	5.999999999999513e-05	0.999886760955168	1.1649752343356745e-19	5.0331917453294574e-18	-2.3635607360183997e-20	1.0490813978256988	-2.3305196748119038e-18	2.658463726934457e-19	2.5762676497328995e-19	0.953814798911457	109633124.95397964	-110933.2175141602	631706.8503279244	-116387.63443408448	471.52686733081174	-785398.0880497056	602599.4741565218	-714076.1105709868	504.42325526211874	1599.565890624997	109564169.3734606	-116317.94876220782	602220.5651716101	-116314.43049229217	494.4149211861533	-748737.9315650389	602220.4591774415	-748737.5765614156	480.8782075292753	-0.00011324545685666151	0.0	0.0	0.0	0.047914922043144084	0.0	0.0	0.0	-0.04728575749980127	109576506.49308726	0.054964877980374284
332	913.4300000000001	nan	nan	1	1	6.000000000000838e-05	6.000000000000867e-05	5.999999999999513e-05	1.0073877609551771	8.803721640582297e-20	3.1825399520596377e-18	-4.649601016704086e-19	1.046066906212876	-7.589360997289907e-18	-3.061244834012822e-19	-4.508925784824092e-19	0.9494542890413463	111860738.52910802	-128437.17728453464	658772.779795876	-133368.7485920183	493.48453493962097	-816203.5546044456	620886.828561766	-740819.7912339914	474.50764663479316	1599.565890624997	112627425.99783301	-134282.68654801542	625143.202196974	-134282.85080169063	515.9442968353862	-774537.3206344036	625142.3533975048	-774536.4225379837	450.28458792140555	0.007360605114433515	0.0	0.0	0.0	0.045037327471772644	0.0	0.0	0.0	-0.05186789202521529	112640376.82563874	0.05640758784019677
336	988.44	nan	nan	1	1	6.000000000000838e-05	6.000000000000867e-05	5.999999999999513e-05	1.0148887609551578	1.3530843112619095e-19	-5.30229072454036e-19	2.8145888397723696e-19	1.0430656380263341	-7.429603807174167e-18	-4.203045246911619e-19	3.8798174742393776e-19	0.9451606933864286	113755415.4902498	-143509.36872886744	674228.9375889661	-147492.5646248012	260.0227562998749	-835040.8806500513	627905.3391649529	-756659.93912089	226.81879827049934	1599.565890624997	115386444.22410582	-149608.46213902015	636908.8838698306	-149607.31766663582	271.07362422220166	-788819.5324015241	636908.2657149194	-788817.6978044907	214.26387921550375	0.014779011369695736	0.0	0.0	0.0	0.042164105990885076	0.0	0.0	0.0	-0.05640032003299664	115399854.06818293	0.058748780987377944
340	1063.45	nan	nan	1	1	6.000000000000838e-05	6.000000000000867e-05	5.999999999999513e-05	1.0223897609551336	-6.1886260005472595e-19	1.9499376072151797e-19	-3.763265740697186e-19	1.040081584383954	-4.306586554383984e-18	-3.894454203567932e-19	4.996816762442568e-19	0.9409290389459294	115366489.4606978	-157522.6030474096	686887.5975758523	-160249.30381565195	-820.6035774267714	-846775.0225457458	632157.0878716001	-766049.7661197857	-790.4940199484462	1599.565890624997	117884145.20267737	-163745.55383677804	645954.2746062959	-163746.44221160834	-853.0216277961457	-796313.6142997035	645952.7223712978	-796312.6611237227	-743.3865352038566	0.02214278987574076	0.0	0.0	0.0	0.03929915659954634	0.0	0.0	0.0	-0.06088755249962788	117898661.70523681	0.06187039384292727
344	1138.46	nan	nan	1	1	6.000000000000838e-05	6.000000000000867e-05	5.999999999999513e-05	1.0298907609551782	-5.551115123125783e-20	-4.99898516678754e-18	2.231288070975168e-19	1.037117658753103	3.2410191067380746e-18	-3.0547396209779086e-19	-7.160342197637393e-19	0.9367553878744495	116736942.37355688	-173830.5205280987	700224.8492662974	-175050.01496781647	-887.9052181422514	-854402.3913276861	636899.7787533731	-771720.8134237648	-874.9836287291816	1599.565890624997	120158385.75651306	-180180.86553951347	655568.8774551651	-180180.55636474176	-920.3420103436985	-799913.9378795238	655566.6762180063	-799913.178049046	-819.1826323768327	0.02945273929199889	0.0	0.0	0.0	0.036445383518157334	0.0	0.0	0.0	-0.0653330896574675	120173012.67150098	0.06564569554285339
348	1213.4700000000003	nan	nan	1	1	6.000000000000838e-05	6.000000000000867e-05	5.999999999999513e-05	1.0373917609551642	3.2873009869760495e-19	1.5204851266936713e-18	3.284048380458593e-19	1.0341748507283495	1.8735216828456857e-17	3.9421590991572943e-19	-2.410181429435276e-19	0.9326375570854654	117903442.15684806	-194041.69292018178	714999.9188060907	-193439.5815468979	463.65736278130265	-859182.8024899204	642798.3266837313	-774825.601840234	674.521856147273	1599.565890624997	122241764.94189675	-200557.7090633745	666452.5372606646	-200557.29862795473	479.22720663971904	-800845.6275719204	666450.4489274009	-800844.629265576	628.722872049778	0.03670964089009499	0.0	0.0	0.0	0.03360386307489745	0.0	0.0	0.0	-0.06973862404256365	122255023.8646029	0.06995323613613989
352	1288.48	nan	nan	1	1	6.000000000000838e-05	6.000000000000867e-05	5.999999999999513e-05	1.0448927609551626	3.107323426343456e-19	-6.269941163483673e-19	-3.046608104684268e-20	1.0312531944628156	-2.7933689703777548e-18	5.630261881717224e-19	-7.951538733008689e-19	0.9285742038675013	118893425.0246247	-216309.2104350711	729970.6121222924	-213485.4696003264	999.2708280306557	-862641.4570279634	648707.7262546634	-776749.4397563498	1291.1764445549247	1599.565890624997	124158345.50758539	-222939.32252542852	677436.1200688031	-222939.18011022586	1029.8995635576468	-800558.9155986737	677434.248303344	-800557.6531992664	1198.253116492563	0.043914259055331244	0.0	0.0	0.0	0.0307747563228674	0.0	0.0	0.0	-0.07410498337780246	124171118.45517413	0.07468593191377026
356	1363.4900000000002	nan	nan	1	1	6.000000000000838e-05	6.000000000000867e-05	5.999999999999513e-05	1.0523937609551774	7.247891523065597e-19	-2.446935883082535e-18	-1.3357370765021414e-19	1.0283525011440107	9.747262133714962e-18	-4.295609007387569e-19	-3.4054790237769694e-19	0.9245642480677049	119732746.55090807	-243465.81444848684	744627.9980521427	-237904.27249008344	1633.1753153197667	-864614.851265195	654181.8227141654	-777352.7490217253	2005.2658188942548	1599.565890624997	125931344.61450572	-250220.35111732615	688048.5568275108	-250220.64378581443	1678.4849312876486	-798918.389022209	688049.0002101122	-798919.0525283773	1852.89870425892	0.05106734176959887	0.0	0.0	0.0	0.027958008201759334	0.0	0.0	0.0	-0.07843273563429652	125943565.63672644	0.07975420813635108
360	1438.5	nan	nan	1	1	6.000000000000838e-05	6.000000000000867e-05	5.999999999999513e-05	1.0598947609551859	-3.365363543395006e-19	1.2256905559948627e-18	-2.8254308614972244e-19	1.0254729557712887	5.641632452001166e-18	-2.667137344314341e-20	2.7755575615628914e-19	0.9206062763150775	120441689.4402641	-273902.62381968315	763682.9097312947	-265007.391939231	2239.8229639885462	-862821.6597900271	663325.997838785	-774593.1894470417	2715.225513799796	1599.565890624997	127578853.76142447	-280711.0545331973	702629.0714158486	-280711.2674941361	2295.498514840121	-793842.0172700441	702633.5388328952	-793847.3462271607	2498.1525147878947	0.05816962107743091	0.0	0.0	0.0	0.025153926433448777	0.0	0.0	0.0	-0.08272282998691362	127590596.83616035	0.08508572596769237
364	1513.5100000000002	nan	nan	1	1	6.000000000000838e-05	6.000000000000867e-05	5.999999999999513e-05	1.0673957609551776	-7.856128941829966e-19	5.930585883495709e-19	-5.904565031356057e-19	1.0226153202608241	6.228280695005916e-18	5.906733435701029e-19	2.67093205191804e-19	0.9166983800258489	121037289.95153312	-305886.24384590564	784568.6655928644	-293053.5110643361	2758.275646465444	-854649.9150536133	673806.8169676008	-766136.9102167354	3352.2134992283172	1599.565890624997	129116109.8000998	-312613.70167427877	718775.376141026	-312613.8178328266	2818.9393195267635	-782979.6690865242	718781.0880306521	-782986.8139242053	3071.099604764502	0.06522181353562027	0.0	0.0	0.0	0.022363385226507458	0.0	0.0	0.0	-0.08697678119623595	129127423.95215023	0.09062318701185132
368	1588.5200000000002	nan	nan	1	1	6.000000000000838e-05	6.000000000000867e-05	5.999999999999513e-05	1.07489676095517	-1.2945373939476922e-19	-1.8123523515267693e-18	-5.212844045310305e-19	1.019779786581903	1.4871106733191365e-17	6.331740687315345e-20	6.230909885274194e-19	0.9128391838207474	121533144.32820736	-337218.4897046016	804998.4355175026	-319924.988020376	3146.654831223965	-839281.5219419915	683637.2591957886	-751275.9320965899	3841.562077060446	1599.565890624997	130555165.84491363	-343676.90670232696	734381.7617897572	-343674.6420065925	3206.9196437072587	-765657.4417130622	734387.1192128226	-765664.3876468324	3504.569700638915	0.07222462064707136	0.0	0.0	0.0	0.019586708479450904	0.0	0.0	0.0	-0.0911955542951957	130566098.70505339	0.0963207755609674
372	1663.5300000000002	nan	nan	1	1	6.000000000000838e-05	6.000000000000867e-05	5.999999999999513e-05	1.0823977609551714	6.171278765787491e-19	3.701032535996518e-18	1.0776969594505914e-19	1.016966296426242	-4.479381275623861e-18	-2.2508037100799073e-19	7.97539118080337e-19	0.9090275617473359	121940898.39044394	-366139.08664976526	819812.8817388988	-343999.4428428346	3421.5828061518264	-820706.3938367596	688507.423722609	-733604.2087056029	4197.519136114344	1599.565890624997	131906373.05970016	-372119.26748689025	744768.4879163597	-372112.3875491463	3477.467809081218	-745580.2093089869	744774.8728005487	-745586.2286289006	3813.284774658515	0.07917872927951841	0.0	0.0	0.0	0.016823976326755512	0.0	0.0	0.0	-0.0953798643101639	131916931.12922247	0.10214207933123044
376	1738.5400000000002	nan	nan	1	1	6.000000000000838e-05	6.000000000000867e-05	5.999999999999513e-05	1.089898760955158	3.4911309954033244e-20	-4.7561238801507865e-18	6.01949046163952e-19	1.014174902927412	9.971055014643127e-18	-8.278967789099312e-19	1.1714804473705876e-19	0.9052623151481571	122271180.03221409	-390480.7873633537	832070.2916403423	-363341.07679769734	3563.60722339712	-804287.219592039	691119.7465115454	-717919.6570379002	4383.173009129887	1599.565890624997	133179322.96296233	-395766.5361391024	752767.7384441963	-395755.7177398805	3611.846043661508	-727632.6019984483	752776.4098006721	-727637.7867668872	3965.4236744682894	0.08608481206979807	0.0	0.0	0.0	0.014075378388725501	0.0	0.0	0.0	-0.09953052628845539	133189643.66869299	0.10805833193279187
380	1813.5500000000002	nan	nan	1	1	6.000000000000838e-05	6.000000000000867e-05	5.999999999999513e-05	1.0973997609551667	-8.732164297198253e-19	-4.3532885629637975e-18	2.388497385985566e-19	1.0114051969144457	-1.3827806087662875e-17	-3.2114068349020643e-19	6.902031030042721e-19	0.9015426783176956	122531885.8710389	-408155.2157808522	845506.1294015286	-376163.0934864511	3561.6246111019136	-791518.198095566	694610.8637165213	-705545.6503720679	4384.018616707087	1599.565890624997	134380931.18514958	-412547.7270777814	761775.0041565396	-412538.7152973163	3599.9543340475357	-713133.5393996689	761780.9357458783	-713138.6373533307	3949.8658659379194	0.09294352781436238	0.0	0.0	0.0	0.011340647987943786	0.0	0.0	0.0	-0.10364789600875843	134391209.94565496	0.1140463679262356
384	1888.5600000000002	nan	nan	1	1	6.000000000000838e-05	6.000000000000867e-05	5.999999999999513e-05	1.1049007609551866	-2.8601253310167606e-19	4.434386885465713e-19	-9.126813887982976e-19	1.0086566729681083	-4.632551937541751e-18	9.395696026759382e-19	5.453536927602088e-19	0.8978679903795813	122729437.85046998	-419691.0634268483	861294.4335180548	-383128.2611019039	3355.852462199087	-779788.3906925385	699912.6892599356	-694145.1241788501	4187.998901039453	1599.565890624997	135516722.62649426	-423052.2022557646	772831.8317677729	-423046.72130394646	3382.728150050799	-699697.1847462025	772837.1891409194	-699704.2564384937	3757.8541508870585	0.09975552184630948	0.0	0.0	0.0	0.008619418818279507	0.0	0.0	0.0	-0.1077322255177358	135527163.0756942	0.12008761590423717
388	1963.5700000000002	nan	nan	1	1	6.000000000000838e-05	6.000000000000867e-05	5.999999999999513e-05	1.1124017609551744	2.3223610534639504e-19	5.894373530934693e-18	-5.529431079676073e-20	1.005929100474962	-7.52550148933051e-18	-3.6038880213418166e-19	-5.5494888198670545e-19	0.8942373742092476	122870212.6524357	-428778.6677278904	880002.0463022499	-387735.2166732303	3034.2544002075956	-766398.5350193414	707419.0945213482	-681312.2419142784	3788.510002556039	1599.565890624997	136592363.82622945	-431041.10343420116	786420.1675270067	-431037.5040522232	3050.264537870086	-684897.5713578657	786423.6925333122	-684907.1622292779	3385.6292532580715	0.10652142639976962	0.0	0.0	0.0	0.005911592528903101	0.0	0.0	0.0	-0.11178401980290291	136603128.84003294	0.12616731719376992
392	2038.5800000000002	nan	nan	1	1	6.000000000000838e-05	6.000000000000867e-05	5.999999999999513e-05	1.119902760955185	1.164866814118426e-18	-4.907099032669393e-19	4.572080561371372e-19	1.003221904576076	1.420456634260159e-17	-7.207776042683633e-19	-4.3232561627859487e-19	0.8906502831762232	122959767.81738773	-437819.34232301544	898204.4571395449	-392199.39411959366	2593.663319419945	-751769.6136515748	714336.6647253803	-667419.2248864766	3201.9165766271626	1599.565890624997	137612795.7284312	-438942.2834618045	799462.108070892	-438937.51643992605	2600.315677961454	-669125.2925058188	799463.65603239	-669131.0553882247	2849.920144428535	0.11324186096215119	0.0	0.0	0.0	0.003216725363165394	0.0	0.0	0.0	-0.11580342780036779	137624017.37496683	0.13227334629214846
396	2113.59	nan	nan	1	1	6.000000000000838e-05	6.000000000000867e-05	5.999999999999513e-05	1.1274037609551741	-4.766152750246277e-19	-9.327608130327291e-18	-3.9638431426070044e-19	1.0005343621751144	-1.150501135332993e-18	3.0878077872387165e-19	-5.627009275199768e-20	0.887106326383143	123002924.87618868	-446809.9650001175	912900.523847523	-396522.7221098418	2053.67923947234	-737795.7533162441	718326.6684754298	-654155.1968559925	2530.2984256306786	1599.565890624997	138582296.40949202	-446753.22343992215	809304.5246700129	-446745.7132733788	2053.4184374014017	-654070.6526540319	809308.8793596294	-654072.1239852263	2243.1600279926542	0.11991743261433613	0.0	0.0	0.0	0.0005342194544884647	0.0	0.0	0.0	-0.11979043194777804	138594027.8961517	0.13839575591788728
400	2188.6000000000004	nan	nan	1	1	6.000000000000838e-05	6.000000000000867e-05	5.999999999999513e-05	1.1349047609551703	2.866630544051674e-19	4.818411294960079e-18	-2.62160085306995e-19	0.9978659737368141	7.80609301156976e-18	1.3444106938820255e-20	3.2276698674893466e-19	0.8836049354424897	123004263.64806886	-457014.2269933301	923540.907462583	-401821.8246114663	1478.382265092548	-726098.6966294955	719050.4254282699	-642954.5173146286	1707.6894527961786	1599.565890624997	139505014.51558095	-455734.7752929648	815501.0135811736	-455725.3367694941	1474.2434033435184	-641156.4645124426	815509.4552153787	-641154.5093458444	1507.9163991375062	0.1265487363599233	0.0	0.0	0.0	-0.002136306541925968	0.0	0.0	0.0	-0.12374522184461105	139517326.90981162	0.14452653279007252
