6	header
postResults v2.0.3	--cr f,p,texture --time RVE_1_40_D_tensionX.spectralOut
addCauchy v2.0.3	RVE_1_40_D_tensionX.txt
addStrainTensors v2.0.3	--left --logarithmic RVE_1_40_D_tensionX.txt
addMises v2.0.3	-s Cauchy RVE_1_40_D_tensionX.txt
addMises v2.0.3	-e ln(V) RVE_1_40_D_tensionX.txt
inc	time	elem	node	ip	grain	1_pos	2_pos	3_pos	1_f	2_f	3_f	4_f	5_f	6_f	7_f	8_f	9_f	1_p	2_p	3_p	4_p	5_p	6_p	7_p	8_p	9_p	texture	1_Cauchy	2_Cauchy	3_Cauchy	4_Cauchy	5_Cauchy	6_Cauchy	7_Cauchy	8_Cauchy	9_Cauchy	1_ln(V)	2_ln(V)	3_ln(V)	4_ln(V)	5_ln(V)	6_ln(V)	7_ln(V)	8_ln(V)	9_ln(V)	Mises(Cauchy)	Mises(ln(V))
0	0.0	nan	nan	1	1	6.000000000000838e-05	6.000000000000867e-05	5.999999999999513e-05	1.0	0.0	0.0	0.0	1.0	0.0	0.0	0.0	1.0	2.7716487604837305e-06	-1.193192284640359e-09	-2.8066754232013673e-08	-1.19319228464005e-09	2.7018729684353462e-06	-1.6832583398956398e-08	-2.8066754232013544e-08	-1.6832583398956544e-08	2.6991213888906947e-06	1599.565890624997	2.7716487604837305e-06	-1.193192284640359e-09	-2.8066754232013673e-08	-1.19319228464005e-09	2.7018729684353462e-06	-1.6832583398956398e-08	-2.8066754232013544e-08	-1.6832583398956544e-08	2.6991213888906947e-06	0.0	0.0	0.0	0.0	0.0	0.0	0.0	0.0	0.0	9.102600058541354e-08	0.0
2	4.0	nan	nan	1	1	6.000000000000838e-05	6.000000000000867e-05	5.999999999999513e-05	0.9998663539893814	6.256959589473612e-23	-4.837550745557118e-22	2.5013941723603557e-24	1.0003999999999935	6.677994521263103e-22	-5.174841912131741e-24	8.091811624238738e-23	0.999867742513998	-5.114403949846746e-06	-988.361400361919	5482.59425984983	-988.8889059791952	28326310.375499483	1455.4063112383049	5482.601873584354	1454.631970070294	5.620903720227943e-06	1599.565890624997	-5.1130352434341315e-06	-988.624261535294	5481.134630787331	-988.6242615352027	28333843.942856487	1455.0188389489206	5481.134630787215	1455.0188389487644	5.619407269088534e-06	-0.00013365494204245647	0.0	0.0	0.0	0.00039992002132045463	0.0	0.0	0.0	-0.00013226623279473693	28333845.69715192	0.00035525464391687197
4	8.0	nan	nan	1	1	6.000000000000838e-05	6.000000000000867e-05	5.999999999999513e-05	0.9997326366108238	-1.3039675176285928e-23	-6.751646683004825e-22	-1.3499587596865412e-23	1.0008000000000166	-2.4185437622070446e-22	-2.022291161569642e-23	-2.644330982209519e-23	0.9997354145986067	5.749002320044383e-06	-1976.8673654103395	10965.957183005572	-1978.9779655585269	56686614.83623068	2912.5953600951043	10965.987654447708	2909.497132176831	1.9060591912420932e-06	1599.565890624997	5.745927083024865e-06	-1977.9193773120385	10960.12176516242	-1977.9193773118882	56716781.24724954	2911.045453356409	10960.121765162525	2911.0454533563725	1.9050449020530753e-06	-0.0002673991371390873	0.0	0.0	0.0	0.000799680170581106	0.0	0.0	0.0	-0.0002646204102857486	56716784.75178034	0.000710461774203707
6	12.0	nan	nan	1	1	6.000000000000838e-05	6.000000000000867e-05	5.999999999999513e-05	0.9995987895754939	4.447584717575119e-23	1.186401991527656e-21	-4.2034010007494656e-23	1.0012000000000238	-1.1851579118863764e-21	-2.2366963763433868e-23	1.3134304638361994e-22	0.9996027988770242	0.007916888977757481	-3027.197022806391	15916.00905858354	-3032.046147749972	85022033.29160817	4903.039660200607	15916.072896279353	4895.217905855289	0.009691971917665796	1599.565890624997	0.007910542173874954	-3029.6154199388566	15903.313314381923	-3029.615419932939	85089956.53544056	4899.128646006837	15903.313314385909	4899.128646007689	0.009684240909482588	-0.0004012909309425716	0.0	0.0	0.0	0.0011992805755056955	0.0	0.0	0.0	-0.00039728002823738684	85089961.57004797	0.0010657132192958918
8	16.0	nan	nan	1	1	6.000000000000838e-05	6.000000000000867e-05	5.999999999999513e-05	0.9994616537970928	-1.9598224817096374e-22	3.641235821568627e-21	-5.336307567702092e-23	1.0015999999999927	-6.363335016247931e-23	-2.514629062161204e-24	5.399835038746165e-23	0.9994559562673929	317.44635787843043	-5459.6640573892155	-19663.917962065818	-5471.345972481028	109663414.73104076	39353.27711392623	-19663.80579185055	39269.03597808878	414.56366521356426	1599.565890624997	317.1117777455386	-5465.578343600315	-19643.08073046654	-5465.579317368635	109782209.7365188	39311.57569150394	-19643.080656432503	39311.57491740209	414.1243652164139	-0.0005384911632524863	0.0	0.0	0.0	0.0015987213636897578	0.0	0.0	0.0	-0.0005441917780967124	109781870.91420649	0.001426712352506015
10	20.0	nan	nan	1	1	6.000000000000838e-05	6.000000000000867e-05	5.999999999999513e-05	0.9993182103953877	3.2017845406212553e-22	1.1636062173346748e-20	3.8116482626443514e-23	1.001999999999982	-8.142315963718776e-21	-1.6330530525266894e-22	-5.374424050328535e-22	0.9992585155360315	-2423.8064031677777	2120.890957085345	-186493.45594731267	2126.615620163338	122111995.52373856	179989.82715796202	-186482.32780599632	179497.38034335637	494.09653669303145	1599.565890624997	-2420.763424705713	2123.912793372853	-186248.19560391604	2123.9457511833775	122285980.16824889	179753.11983441317	-186248.20774330167	179753.1274366344	493.44674292067157	-0.000682022128839179	0.0	0.0	0.0	0.0019980026626553295	0.0	0.0	0.0	-0.0007417594995386703	122287765.73756047	0.0018069248365277161
12	24.0	nan	nan	1	1	6.000000000000838e-05	6.000000000000867e-05	5.999999999999513e-05	0.9991764347020053	2.9620742165482882e-21	-4.10223350311178e-20	4.548566926755593e-22	1.002400000000016	-1.2954098378833642e-20	-8.136810249561622e-22	-1.935046768002449e-21	0.9990283204787517	-2299.5126407952457	27451.92235224775	-371091.71034765756	27540.502697846186	127851611.64235589	368871.36554056924	-371036.7206460768	367630.6267531735	-440.27414941176573	1599.565890624997	-2296.238231603315	27501.271860417764	-370508.3604416562	27501.28618144859	128081446.69989157	368291.50597913336	-370508.37997637416	368291.50544814096	-439.58204587910103	-0.0008239046142068486	0.0	0.0	0.0	0.0023971245997376216	0.0	0.0	0.0	-0.0009721519078244758	128086019.59320363	0.0021984353345837443
14	28.0	nan	nan	1	1	6.000000000000838e-05	6.000000000000867e-05	5.999999999999513e-05	0.9990370236236725	-2.3674570875757694e-21	-3.509797483978441e-20	2.0972535774016476e-21	1.0028000000000123	2.1448568290373392e-20	-1.5835280948919144e-21	-4.652751979267872e-21	0.9987859223405081	-1041.6662601870164	64355.47301842217	-520956.6138211468	64597.876591841254	131428657.51399474	537633.4862034388	-520825.6920455126	535481.4203449913	1071.565906497431	1599.565890624997	-1040.0204040571316	64495.80847469308	-520002.7585703138	64495.81049329339	131715254.74891865	536649.0961213602	-520002.77573285333	536649.107037733	1069.6039028690884	-0.0009634403359568455	0.0	0.0	0.0	0.002796087302013366	0.0	0.0	0.0	-0.0012148152488280085	131721646.30329023	0.00259420622326962
16	32.0	nan	nan	1	1	6.000000000000838e-05	6.000000000000867e-05	5.999999999999513e-05	0.9988984411377136	2.1243586317137853e-21	1.7895794472233636e-20	4.956836807332166e-21	1.003200000000002	6.264232161419178e-21	-1.6313854564117824e-21	4.02001836766891e-21	0.9985385631643432	533.8467417714869	101113.71800690543	-637516.7980179669	101549.1533908091	134067883.87713307	665910.4767976223	-637287.1195383951	662816.2860994758	1479.0708780937837	1599.565890624997	532.9227142363052	101373.37433239692	-636184.0457864859	101373.38344305943	134412165.29393923	664518.3665400136	-636184.0485627886	664518.3740526926	1475.9788262146383	-0.00110216602417389	0.0	0.0	0.0	0.0031948908965215017	0.0	0.0	0.0	-0.001462505776055295	134420719.88343215	0.002992059368179995
18	36.0	nan	nan	1	1	6.000000000000838e-05	6.000000000000867e-05	5.999999999999513e-05	0.9987595352089623	-4.895850435129856e-21	-3.4779066935143164e-20	4.765407361252694e-21	1.003600000000013	3.898892656211544e-21	4.8293583487703936e-21	3.059483005482533e-21	0.9982890338421461	1292.2188739827134	132437.0590647883	-724264.5917260012	133078.92032682928	136118904.03122145	754305.6485675111	-723923.3877254401	750313.9202707366	1165.7818321118984	1599.565890624997	1289.790360777483	132828.81221709223	-722562.9058388135	132828.82034620031	136521548.20135742	752533.3801293505	-722562.8925786328	752533.3733872528	1163.0427854790692	-0.0012412348043353706	0.0	0.0	0.0	0.003593535510142829	0.0	0.0	0.0	-0.0017124315321599163	136532473.79871115	0.0033911753650410262
20	40.0	nan	nan	1	1	6.000000000000838e-05	6.000000000000867e-05	5.999999999999513e-05	0.9986197038728909	8.263653433412954e-21	1.3241602536955433e-19	3.7438856268640075e-22	1.0039999999999976	-1.0839311219423831e-19	7.338693455011258e-21	3.503328269843786e-21	0.998038759072551	1073.525968319853	157825.20869178337	-788138.6314273869	158675.533406049	137757045.7497984	811273.427930171	-787680.1063181864	806456.4738144805	137.11714457286575	1599.565890624997	1071.3501481883907	158353.92552280865	-786083.6651184161	158353.9301750664	138218533.9320981	809158.1407265221	-786083.6379671118	809158.11517285	136.75962991587045	-0.0013812496133048923	0.0	0.0	0.0	0.003992021269535466	0.0	0.0	0.0	-0.0019631666787564245	138232012.79459587	0.0037910693581077186
24	66.0	nan	nan	1	1	6.000000000000838e-05	6.000000000000867e-05	5.999999999999513e-05	0.9976861706557026	3.441664271283673e-20	-4.297015082080011e-19	-9.132709237295866e-21	1.006599999999995	-3.5371248844392326e-19	1.3359403644094825e-20	1.2624179045878092e-20	0.9964242875051614	3135.160955864427	230195.60128791473	-965542.5341193858	232252.2778019937	144355988.74379188	884676.9376102223	-964321.4215255247	875733.7187275233	3466.6157267687686	1599.565890624997	3125.781461558851	231557.4527831671	-961436.3362649749	231557.44619756646	145210007.75205904	880914.6398194005	-961436.450894264	880914.6138776455	3451.8731239767462	-0.0023165103838583803	0.0	0.0	0.0	0.006578315360117654	0.0	0.0	0.0	-0.0035821206350998684	145224836.68122736	0.006393645351035115
28	92.0	nan	nan	1	1	6.000000000000838e-05	6.000000000000867e-05	5.999999999999513e-05	0.9967319860553508	1.6230845335286902e-20	3.579696760368234e-19	1.7852066396331634e-20	1.0092000000000216	2.5836876583508474e-19	1.571076710567276e-20	-1.603941588920743e-20	0.9948328888735367	8470.90633536605	244876.6938214601	-1027130.0275190802	247939.47080734203	149273041.39378774	872282.9648011909	-1025172.8351319062	859864.707955465	5485.590793629546	1599.565890624997	8437.280806061477	246955.62526769808	-1021103.5556877117	246955.26727452932	150540325.81757775	867165.0259078512	-1021103.3792974035	867164.7076123625	5453.405230448151	-0.0032733655648474664	0.0	0.0	0.0	0.009157937784786846	0.0	0.0	0.0	-0.005180506809740679	150551869.7537359	0.008990927329368542
32	118.0	nan	nan	1	1	6.000000000000838e-05	6.000000000000867e-05	5.999999999999513e-05	0.9957704993312739	8.593996282842132e-21	-2.0693014901422558e-19	8.643124193782881e-21	1.011799999999993	-2.524971334447179e-19	-1.3213713977167085e-20	-3.3200303400579554e-20	0.9932568926604205	7257.6100564060525	248000.96573265476	-1061535.8423860855	251993.1170731935	153742538.61853892	862737.363964358	-1058856.3134050274	846925.728297379	5120.055783517176	1599.565890624997	7221.665487499874	250745.14264720754	-1053612.0567988807	250745.07758221467	155443728.46679354	856297.5004975175	-1053612.1443985465	856297.1193525245	5081.837362053492	-0.00423847030700785	0.0	0.0	0.0	0.011730922875692116	0.0	0.0	0.0	-0.0067659448094473384	155455970.96456468	0.011581055029138485
36	144.0	nan	nan	1	1	6.000000000000838e-05	6.000000000000867e-05	5.999999999999513e-05	0.9948068547546491	-3.619710596796527e-20	5.8695995112934e-20	5.731024921122596e-21	1.0144000000000093	-8.169327844406716e-19	-2.4448758989548126e-20	-8.47371760433202e-21	0.9916918673139364	5712.587420854064	251478.3353564157	-1090512.3310142315	256431.29339621923	157936199.99355832	864956.1714094899	-1087097.8172319345	845592.9637818658	3751.281550119799	1599.565890624997	5678.673077983256	254908.93358337894	-1080643.812332539	254908.91865315687	160090722.15906936	857128.8081659573	-1080643.9627188079	857128.3102289913	3717.3345776695046	-0.005206676490932676	0.0	0.0	0.0	0.014297304700833806	0.0	0.0	0.0	-0.008342837575991724	160104457.93336132	0.014164249448642186
40	170.0	nan	nan	1	1	6.000000000000838e-05	6.000000000000867e-05	5.999999999999513e-05	0.9938430315977541	-4.0813435530501205e-20	-1.3213036350809282e-18	4.082359992586826e-20	1.0170000000000166	-2.5387949121463694e-19	-1.6439215440311462e-20	7.301424005332069e-20	0.9901359450009523	4577.136654950886	256636.3082163139	-1117511.9062454475	262616.009396811	161894927.46044958	876707.689010328	-1113343.7263744373	853548.9542872125	2939.33511163397	1599.565890624997	4545.462706871025	260798.73179685412	-1105639.1515400123	260798.69729240227	164520726.07918295	867393.304723399	-1105639.3482790007	867392.7954769632	2908.1068047296153	-0.0061760006932228845	0.0	0.0	0.0	0.01685711706643918	0.0	0.0	0.0	-0.009913027098000255	164535623.90353245	0.016740705538466103
44	247.5	nan	nan	1	1	6.000000000000838e-05	6.000000000000867e-05	5.999999999999513e-05	0.9909755402649278	7.449146551333219e-20	9.885281070272367e-19	-9.192001543603667e-20	1.0247500000000134	-9.397999956375913e-19	1.1801540647504716e-19	1.6067876196235176e-19	0.9855472040605564	4770.543789250199	273050.1670634735	-1190540.7871902531	282356.453617906	172444312.78667998	934377.093814145	-1184018.552401056	898630.7836671541	4221.552893225069	1599.565890624997	4723.593642703785	279577.41254718066	-1172366.5442662924	279577.59287134744	176566582.23603794	920113.3269039493	-1172365.825373549	920112.4908101794	4157.1086267006995	-0.009065426828670904	0.0	0.0	0.0	0.024448680402323154	0.0	0.0	0.0	-0.014558254946349729	176581673.98876506	0.024380810074576084
48	325.0	nan	nan	1	1	6.000000000000838e-05	6.000000000000867e-05	5.999999999999513e-05	0.9881216602212013	-7.874018277675975e-21	-8.071343073068337e-19	-4.160625836913123e-21	1.0324999999999906	5.974225020938251e-19	1.8431436932253577e-20	-6.002414277422874e-20	0.9810221636226981	-8952.031132175793	289430.97459719324	-1252128.3809254603	302424.0791361398	181426536.23864585	1005287.1466002223	-1243132.244651627	955168.8150311102	-7610.176080011829	1599.565890624997	-8837.973688470687	298576.600078886	-1227293.3462863162	298570.90694852767	187159368.2383606	985348.0241520513	-1227293.5501789583	985350.8515813597	-7459.23390073035	-0.011949450939405325	0.0	0.0	0.0	0.03198304585304192	0.0	0.0	0.0	-0.019160226784427845	187188082.65835553	0.03196419489496928
52	402.5	nan	nan	1	1	6.000000000000838e-05	6.000000000000867e-05	5.999999999999513e-05	0.9852846505987597	6.844026213814747e-22	-3.915555488349931e-18	1.4738373282224825e-20	1.040249999999982	1.503246312151152e-18	7.838781707070197e-20	-1.0323637561135412e-19	0.9765592395982011	-8265.065002487823	304625.9153201499	-1301767.6639107834	321614.7655759316	189154600.38387242	1078224.9797517618	-1290239.8724998327	1012212.6055041596	-6987.996303275873	1599.565890624997	-8135.981561233654	316596.8114396694	-1270088.6581793686	316591.79955132125	196587815.8716119	1051985.9693198267	-1270088.9598650888	1051989.5625585977	-6817.940784860605	-0.014824694178828583	0.0	0.0	0.0	0.03946106888089579	0.0	0.0	0.0	-0.02371986527433163	196616808.215121	0.03949092323425442
56	480.0	nan	nan	1	1	6.000000000000838e-05	6.000000000000867e-05	5.999999999999513e-05	0.9824654180084506	-3.44112217019743e-19	-1.2416418804575558e-18	-6.72069821669452e-20	1.0480000000000262	3.663979926751826e-18	-4.0007060164715113e-20	4.639707671880156e-20	0.9721567221999478	-7856.560886250826	316906.64641992253	-1342672.7339006425	338040.7555830615	195840762.70701566	1146890.307650687	-1328585.1538876605	1063895.9781131616	-6654.149625528993	1599.565890624997	-7711.429887504312	331801.0771781111	-1304042.1060346214	331796.268563219	205045166.3152169	1113892.6220945888	-1304042.7500171652	1113898.479351096	-6462.700159506206	-0.017690133813958852	0.0	0.0	0.0	0.04688358589887546	0.0	0.0	0.0	-0.028238250687737033	205074573.6516787	0.04696172999671655
60	557.5	nan	nan	1	1	6.000000000000838e-05	6.000000000000867e-05	5.999999999999513e-05	0.979664371072872	-9.54504487601926e-20	-4.071179157683069e-18	1.438465232345143e-19	1.0557500000000133	-5.986883081302019e-18	4.369334755116583e-20	-1.2076656948772912e-19	0.9678133919258977	-7552.08484164143	325500.9373130773	-1377334.2149612021	350774.2001530816	201656206.1354685	1208798.1069140348	-1360673.6803299387	1108120.1043895276	-6399.041640121366	1599.565890624997	-7391.186194188242	343307.5089079774	-1331683.2350713615	343300.8870813185	212687835.4196982	1168733.1630026803	-1331684.260933712	1168739.96047179	-6186.948948271943	-0.02054524447374273	0.0	0.0	0.0	0.05425141483192829	0.0	0.0	0.0	-0.03271598722547833	212717594.1017846	0.0543772751616624
64	635.0	nan	nan	1	1	6.000000000000838e-05	6.000000000000867e-05	5.999999999999513e-05	0.9768816322929679	1.8014019095846656e-19	-2.654926517346723e-18	2.8632424122626564e-19	1.0635000000000239	6.010112112847521e-18	2.9750507613002244e-19	-5.903480829183571e-20	0.9635281887688824	-7265.680659244161	331924.5177941232	-1405684.4536618737	361347.045618579	206734977.0108164	1265474.2826011034	-1386471.6256065897	1146522.5961958251	-6136.259557847021	1599.565890624997	-7090.459599634726	352641.129844323	-1353033.0453751527	352632.70553270314	219638056.13375267	1218074.5955973777	-1353035.1123945613	1218081.2264230414	-5906.419420900318	-0.02338978853401859	0.0	0.0	0.0	0.061565355658177695	0.0	0.0	0.0	-0.03715353491958276	219668037.40684134	0.06173822262169493
68	712.5	nan	nan	1	1	6.000000000000838e-05	6.000000000000867e-05	5.999999999999513e-05	0.9741172824668584	3.0631421878146714e-19	-1.2882219162929643e-18	-1.2427667402115095e-20	1.0712500000000027	-3.153862804597396e-18	-3.04118709382184e-19	-1.3639263329867646e-19	0.959300013963797	-6913.274863931492	337051.72335230914	-1428560.2364763452	370651.8826445024	211184023.59737316	1316931.753639119	-1406832.6482036395	1179309.8037670027	-5788.867666212094	1599.565890624997	-6727.2650439274885	360687.3015649459	-1368978.0162045725	360679.05625876837	225993194.30075988	1262005.3208400654	-1368980.1553086448	1262008.295341629	-5547.426262758819	-0.026223569378363787	0.0	0.0	0.0	0.06882619092985481	0.0	0.0	0.0	-0.04155141260199964	226023203.40509036	0.06904525902780229
72	790.0	nan	nan	1	1	6.000000000000838e-05	6.000000000000867e-05	5.999999999999513e-05	0.9713712776887883	-1.8897643866422343e-19	6.466113994067768e-18	-3.8163916471489756e-19	1.0790000000000048	-2.303929616531697e-19	-2.6194324487249786e-19	-3.9158671964745204e-19	0.9551278410645524	-6458.575952313079	340793.54086715635	-1446821.848085973	378545.3627953333	215090264.52386597	1360667.2313949522	-1422629.4864343647	1204460.424263384	-5316.0484829053385	1599.565890624997	-6266.915255870023	367320.01436568645	-1380410.8236183156	367311.8852602952	231832325.38325366	1298210.8170713412	-1380412.4156491556	1298212.457952031	-5072.034870354126	-0.02904651746234981	0.0	0.0	0.0	0.0760346862760021	0.0	0.0	0.0	-0.045910082471464816	231862099.7340938	0.07629906920764842
76	867.5	nan	nan	1	1	6.000000000000838e-05	6.000000000000867e-05	5.999999999999513e-05	0.9686435174178335	-3.054197519891666e-19	-7.401644943651197e-18	1.4083786220586702e-19	1.0867499999999812	1.1765219874726451e-18	1.5287250632045612e-19	-1.564503734896583e-19	0.9510106708899759	-5851.26478586559	343163.2515418802	-1460377.4954440254	384994.7894673606	218525669.55735222	1395653.3288035484	-1433794.7230926212	1221330.7481223566	-4700.293952527977	1599.565890624997	-5661.541729507088	372521.55563027185	-1387303.5788111745	372511.610050103	237220978.65341133	1325818.0599668818	-1387304.9594242747	1325818.0419534184	-4465.102100073081	-0.03185862186012374	0.0	0.0	0.0	0.08319159088674713	0.0	0.0	0.0	-0.05022999579520237	237250202.35625586	0.08350033749245395
80	945.0	nan	nan	1	1	6.000000000000838e-05	6.000000000000867e-05	5.999999999999513e-05	0.9659339320197357	5.001424621675632e-19	3.1440558571340857e-18	2.9319537249439254e-19	1.0945000000000076	2.519252167987318e-18	1.0473392986209973e-19	3.990948196919142e-19	0.9469474584105922	-5125.781686271925	346358.83015061077	-1470591.5462994182	392447.24751091184	221550374.2361888	1423694.1875405149	-1441687.7881447175	1231761.6448543137	-3954.7541303150665	1599.565890624997	-4945.593949785148	378663.0762983677	-1391005.594382098	378651.462682844	242213967.0204159	1346646.2421475945	-1391007.8186949515	1346645.7705266313	-3740.7294591872505	-0.03465984046286207	0.0	0.0	0.0	0.09029763798078791	0.0	0.0	0.0	-0.05451166947823561	242242409.57752612	0.09064975585063999
84	1022.5	nan	nan	1	1	6.000000000000838e-05	6.000000000000867e-05	5.999999999999513e-05	0.9632424907913427	-2.371692252312041e-20	1.1110334657490895e-17	2.807541525651214e-19	1.1022499999999986	-5.8081794582220956e-18	-2.883977778811442e-20	-3.903127820947816e-20	0.9429371120617052	-4335.985011124168	350846.88313154865	-1479155.090365596	401464.0526800451	224214708.19448605	1447920.4155138729	-1447976.1407011177	1238645.089605647	-3145.636719171537	1599.565890624997	-4171.813985887366	386277.3662746928	-1393150.3003049057	386263.6391742052	246857165.12106258	1363731.75120682	-1393152.2132826687	1363730.407667761	-2962.7351239286218	-0.037450091206913116	0.0	0.0	0.0	0.09735354525590871	0.0	0.0	0.0	-0.058755687796571365	246884731.63268903	0.09774802242259366
88	1100.0	nan	nan	1	1	6.000000000000838e-05	6.000000000000867e-05	5.999999999999513e-05	0.9605692499693743	-2.599374708533997e-19	3.148902579658275e-18	6.9334728930448e-20	1.1100000000000112	5.556969814857204e-18	-3.447762908503904e-20	-5.925164872633282e-20	0.9389784565943458	-3467.83930249707	354625.49477812665	-1486149.291312901	409778.3095776331	226561535.11121824	1470220.3172144617	-1452744.8654163256	1243699.4323266095	-2239.7185440610842	1599.565890624997	-3327.211108900694	393174.77489400894	-1393833.1207871807	393160.93535000196	251189725.15703258	1378893.6178662113	-1393832.9988737185	1378894.7820764026	-2100.59238745504	-0.040229201538639806	0.0	0.0	0.0	0.10436001532425286	0.0	0.0	0.0	-0.06296274296108671	251216316.23713225	0.10479584489095918
92	1177.5	nan	nan	1	1	6.000000000000838e-05	6.000000000000867e-05	5.999999999999513e-05	0.9579140961710764	-1.5390249838431735e-19	-3.1318535004959403e-18	-6.044427111606687e-19	1.1177499999999847	6.4527918598733525e-18	-1.5937771935536915e-19	4.677248172102466e-19	0.9350704906941883	-2544.4926036213324	357615.91116833885	-1491321.556493207	417278.28466099646	228627536.80669987	1491706.658453339	-1455755.4785283937	1247912.997651948	-1258.9263408107033	1599.565890624997	-2434.5133627105524	399250.9126669333	-1392836.222897056	399242.48886805394	255245222.26277602	1393195.8931219282	-1392834.139219961	1393199.7645567262	-1175.788146966531	-0.0429971749994296	0.0	0.0	0.0	0.11131773613193968	0.0	0.0	0.0	-0.06713336141843801	255270770.2979562	0.11179389916694416
96	1255.0	nan	nan	1	1	6.000000000000838e-05	6.000000000000867e-05	5.999999999999513e-05	0.9552769343002395	3.5632304398736105e-19	3.4547560125164356e-18	-1.1806961658367143e-19	1.1255000000000035	6.2857705152019604e-18	-3.4564365258837883e-19	9.483787453273828e-19	0.9312123205925283	11471.602611798924	360486.7452028035	-1494668.5433596268	424744.28756335884	230449569.87531775	1512771.1123549277	-1457008.2544261615	1251601.810655494	7250.4484422188925	1599.565890624997	10945.355743424392	405239.05670067697	-1390177.0147109926	405259.6210564936	259058530.04612562	1407014.042181927	-1390169.6393664852	1406980.8220814082	6743.573225983562	-0.04575399697805272	0.0	0.0	0.0	0.118227381364653	0.0	0.0	0.0	-0.07126797121563491	259073288.79146907	0.11874280700937657
100	1332.5	nan	nan	1	1	6.000000000000838e-05	6.000000000000867e-05	5.999999999999513e-05	0.9526570962596019	-5.088702896560715e-19	-1.2652639352905837e-18	1.374226253625377e-19	1.1332499999999817	-4.257553511133327e-18	-2.3830763751231387e-19	1.172564649543073e-19	0.9274032476100109	10361.924700309932	362687.2337172373	-1496397.3271401185	431460.5458621142	232041971.69145244	1535221.9894543162	-1456722.6820890594	1256330.1866272707	6043.374165453562	1599.565890624997	9859.300232954507	410513.1276617601	-1386068.166285575	410531.74804501166	262640277.05514613	1422030.2918016263	-1386061.6337465947	1421996.6581187448	5597.7970528033975	-0.048500255124538434	0.0	0.0	0.0	0.1250896108388054	0.0	0.0	0.0	-0.07536680518703145	262656031.7779645	0.1256432584771092
104	1410.0	nan	nan	1	1	6.000000000000838e-05	6.000000000000867e-05	5.999999999999513e-05	0.9500545864576542	-6.063400649625184e-19	-2.1780537443061297e-18	1.5243882545146191e-19	1.1409999999999987	-8.847198147698965e-18	1.8995222061946038e-19	-4.172552060810464e-19	0.9236423352622901	9387.915560862348	364368.1286456271	-1496826.4047932997	437620.5492443832	233435438.53953835	1563170.40576841	-1455208.6662533598	1265361.7998813211	4957.216284617508	1599.565890624997	8907.989565442293	415229.30132043955	-1380820.5202677457	415248.6524851102	266020067.14608464	1442022.7796945802	-1380815.9575452525	1441990.2696629572	4573.025934928328	-0.05123583660917064	0.0	0.0	0.0	0.13190507087993744	0.0	0.0	0.0	-0.07943036532590407	266036774.44855118	0.13249586160565002
108	1487.5	nan	nan	1	1	6.000000000000838e-05	6.000000000000867e-05	5.999999999999513e-05	0.9474694465369784	-4.662069341687669e-20	1.1780832386010243e-17	5.97395397039513e-20	1.1487499999999935	6.930762387613587e-18	6.674348573820765e-19	-4.115089345668732e-19	0.9199284811417303	8433.800075673445	366023.4386506853	-1495965.7336711583	443799.9776916266	234649881.2916478	1596490.6622358602	-1452480.3621564244	1278454.598150172	3876.601199380417	1599.565890624997	7980.750108778075	419942.29550130543	-1374456.2086100534	419959.7676561409	269216119.4703286	1466816.0194506194	-1374455.4891351638	1466783.5497653778	3561.7250227503105	-0.05396058894444933	0.0	0.0	0.0	0.13867439468775372	0.0	0.0	0.0	-0.0834593498502212	269233843.67186075	0.1393012836156998
112	1565.0	nan	nan	1	1	6.000000000000838e-05	6.000000000000867e-05	5.999999999999513e-05	0.944901959146441	1.7954387976359953e-19	-5.146599292571441e-18	-8.776616586270158e-20	1.156499999999986	-6.484938454287548e-18	1.7542391150815463e-19	-4.353613823615543e-19	0.9162603736832781	7511.9603480045425	366852.00639737985	-1492465.625655388	449015.96050429787	235703628.5211355	1632714.0557710433	-1447230.802634073	1293517.8075488748	2853.806354944302	1599.565890624997	7089.06151716501	423726.1280668896	-1365752.3319588578	423737.8285748606	272245439.9673976	1494093.3920083393	-1365756.4356199424	1494055.5935914635	2611.5125314947427	-0.05667410380546283	0.0	0.0	0.0	0.1453982026893452	0.0	0.0	0.0	-0.08745470395365904	272264154.7501299	0.14606021477437192
116	1642.5	nan	nan	1	1	6.000000000000838e-05	6.000000000000867e-05	5.999999999999513e-05	0.9423522997540383	-4.393729303997507e-19	-3.9145119437589134e-18	-7.195849818786292e-19	1.1642499999999858	-5.650861722994449e-19	-9.653736143810931e-19	-1.2576745200831852e-20	0.9126368251973147	6600.83162498555	366838.2578555341	-1486153.3879077393	453224.7095951316	236613003.9310315	1667796.0416556909	-1439296.3376508488	1307319.9648256882	1842.3895201630987	1599.565890624997	6212.328599002697	426543.51038453856	-1354578.2390363044	426549.4084919471	275123270.6462114	1520139.3365985004	-1354584.1355781858	1520094.5786089257	1679.2753508135224	-0.0593760830767432	0.0	0.0	0.0	0.15207710288033735	0.0	0.0	0.0	-0.09141725934446684	275142918.646073	0.15277331883348041
120	1720.0	nan	nan	1	1	6.000000000000838e-05	6.000000000000867e-05	5.999999999999513e-05	0.9398203746121586	2.0269159614616505e-19	-8.220095611133348e-18	2.1673201427985235e-19	1.1720000000000137	1.6399208380146746e-17	-8.461113754076877e-19	-5.179775879049497e-19	0.9090569280953794	5705.922844139101	367705.1349855717	-1477795.2618666927	458552.1436183859	237392277.23498958	1700290.114010529	-1429430.4105105686	1318777.214778721	891.9053932312909	1599.565890624997	5355.588521995378	430391.571527622	-1341657.9305922803	430397.7926412932	277862954.7060777	1543656.1306119948	-1341665.723255423	1543602.587942389	809.7413593377274	-0.06206651281639708	0.0	0.0	0.0	0.15871169115483236	0.0	0.0	0.0	-0.09534755959802353	277883451.7727398	0.15944120916970905
124	1780.0	nan	nan	1	1	6.000000000000838e-05	6.000000000000867e-05	5.999999999999513e-05	0.9378720497170128	4.930409379377832e-19	-3.045740742946279e-18	5.403663627667754e-19	1.1779999999999906	2.1456903094574377e-18	3.045523902511782e-19	-7.736324601770317e-19	0.9063145026905345	6562.127150630492	369363.02539506415	-1469106.764576925	463932.68744852336	237918364.67999786	1724622.2701861786	-1419680.3261553135	1326841.4734790085	4017.0112126318354	1599.565890624997	6146.394353455177	434541.13656885887	-1329733.0855779124	434540.99334891944	279901640.0953274	1561007.9186120108	-1329738.8087876395	1560977.039636227	3635.9186706980186	-0.0641417468314276	0.0	0.0	0.0	0.16381808522938698	0.0	0.0	0.0	-0.09836889996344114	279920294.43161815	0.1645729816148591
128	1840.0	nan	nan	1	1	6.000000000000838e-05	6.000000000000867e-05	5.999999999999513e-05	0.9359343118039842	-5.048045315092508e-19	-8.655728044038025e-19	-3.276458965251194e-19	1.1839999999999904	-3.8638797023038405e-18	3.5735303605122224e-19	2.451923213075968e-19	0.9035978040242617	5654.160307080457	371804.65464317414	-1458025.652213873	470350.95829578675	238377048.8264672	1747837.5857316456	-1407656.3426852927	1333880.174019712	3526.3648407417145	1599.565890624997	5284.954446617142	439637.05157645716	-1315733.9880686093	439637.9397667791	281866785.69191813	1577262.5904620052	-1315739.074158797	1577234.5492154094	3182.219783478426	-0.06620998466385318	0.0	0.0	0.0	0.16889853646180603	0.0	0.0	0.0	-0.10137092464327632	281886031.4963174	0.16967805463561
132	1900.0	nan	nan	1	1	6.000000000000838e-05	6.000000000000867e-05	5.999999999999513e-05	0.9340066906975294	-9.400032835449323e-20	1.2825678019634524e-17	2.846030702774449e-19	1.1900000000000033	1.6380126421911002e-17	6.938893903907229e-21	6.049848122469115e-20	0.9009062803518563	4154.033235429587	375361.52391784784	-1444938.4641319246	478245.8120999117	238774549.15977705	1770870.334474677	-1393735.5944129368	1340641.7361274897	2723.7982595097824	1599.565890624997	3874.747360058422	446087.60066616704	-1300027.0935590353	446092.1694338593	283764741.3168074	1593271.5967804976	-1300031.3211294115	1593247.0893125562	2450.6313747270856	-0.06827167729123325	0.0	0.0	0.0	0.1739533071234404	0.0	0.0	0.0	-0.10435404415151028	283784982.24718827	0.17475688639847792
136	1960.0	nan	nan	1	1	6.000000000000838e-05	6.000000000000867e-05	5.999999999999513e-05	0.9320890173100339	7.311859451242242e-19	-8.211313573536217e-18	-3.3350058825654117e-19	1.195999999999995	7.607521383679039e-18	-7.392090412006169e-19	-9.226560487851643e-20	0.8982396491481127	766.4662391192184	379067.2065109349	-1430875.5626990392	486407.7639221246	239114577.24100086	1793775.492063784	-1378917.7293214398	1347170.3710003612	790.7416568344752	1599.565890624997	713.4599993131346	452758.4898733689	-1283551.492969068	452769.4309309275	285598841.15225244	1609086.9610959082	-1283556.394271273	1609062.4889195596	709.3262759119507	-0.07032695672230992	0.0	0.0	0.0	0.17898265552843606	0.0	0.0	0.0	-0.10731837640796431	285621456.8342271	0.1798097320186753
140	2020.0	nan	nan	1	1	6.000000000000838e-05	6.000000000000867e-05	5.999999999999513e-05	0.9301812157821671	1.4278942611634093e-19	-8.544922582010006e-18	-8.955509944730266e-19	1.2019999999999869	-7.701413291816284e-18	-3.3046482217358176e-19	5.017687654262915e-19	0.8955975768998719	-2049.3200686357454	381802.9463144723	-1416386.9849869083	493390.6265411628	239402270.51597652	1816395.47481472	-1363735.101286411	1353357.594479646	-1045.399889639594	1599.565890624997	-1903.6732857126947	458309.4376908014	-1266805.3671355287	458324.968140647	287374209.7624022	1624569.810882047	-1266813.3791496558	1624546.2852182065	-934.9974301059863	-0.07237585613698809	0.0	0.0	0.0	0.1839868361130049	0.0	0.0	0.0	-0.1102640998218585	287398876.7349843	0.1848368423386371
