6	header
postResults v2.0.3	--cr f,p,texture --time RVE_1_40_D_tensionX.spectralOut
addCauchy v2.0.3	RVE_1_40_D_tensionX.txt
addStrainTensors v2.0.3	--left --logarithmic RVE_1_40_D_tensionX.txt
addMises v2.0.3	-s Cauchy RVE_1_40_D_tensionX.txt
addMises v2.0.3	-e ln(V) RVE_1_40_D_tensionX.txt
inc	time	elem	node	ip	grain	1_pos	2_pos	3_pos	1_f	2_f	3_f	4_f	5_f	6_f	7_f	8_f	9_f	1_p	2_p	3_p	4_p	5_p	6_p	7_p	8_p	9_p	texture	1_Cauchy	2_Cauchy	3_Cauchy	4_Cauchy	5_Cauchy	6_Cauchy	7_Cauchy	8_Cauchy	9_Cauchy	1_ln(V)	2_ln(V)	3_ln(V)	4_ln(V)	5_ln(V)	6_ln(V)	7_ln(V)	8_ln(V)	9_ln(V)	Mises(Cauchy)	Mises(ln(V))
0	0.0	nan	nan	1	1	6.000000000000838e-05	6.000000000000867e-05	5.999999999999513e-05	1.0	0.0	0.0	0.0	1.0	0.0	0.0	0.0	1.0	2.7716487604837305e-06	-1.193192284640359e-09	-2.8066754232013673e-08	-1.19319228464005e-09	2.7018729684353462e-06	-1.6832583398956398e-08	-2.8066754232013544e-08	-1.6832583398956544e-08	2.6991213888906947e-06	1599.565890624997	2.7716487604837305e-06	-1.193192284640359e-09	-2.8066754232013673e-08	-1.19319228464005e-09	2.7018729684353462e-06	-1.6832583398956398e-08	-2.8066754232013544e-08	-1.6832583398956544e-08	2.6991213888906947e-06	0.0	0.0	0.0	0.0	0.0	0.0	0.0	0.0	0.0	9.102600058541354e-08	0.0
4	3.0	nan	nan	1	1	6.000000000000838e-05	6.000000000000867e-05	5.999999999999513e-05	1.0001425000000086	-1.0216921335948721e-23	2.599563967458149e-22	-1.2109924167776325e-24	1.0001574999999803	-9.32914147172006e-22	2.448454613156962e-25	-2.845501307182415e-24	0.9998510483974113	15542125.423963448	482.94122855954174	-4252.905417199466	482.94847164584473	16340978.316832798	4711.159528883976	-4251.666077706009	4709.716013849819	5.429174070059162e-06	1599.565890624997	15541992.92944488	482.94435457537105	-4251.629832827148	482.94435457539913	16341084.089862444	4709.7464992298865	-4251.629832827351	4709.746499229696	5.427545684539368e-06	0.00014248984784803666	0.0	0.0	0.0	0.00015748759815767006	0.0	0.0	0.0	-0.00014896269698008732	15956556.067663897	0.00019948895919944952
8	6.0	nan	nan	1	1	6.000000000000838e-05	6.000000000000867e-05	5.999999999999513e-05	1.0002850000000072	-7.153457937358583e-24	2.909889046063543e-22	-8.612604537902125e-24	1.0003150000000107	-5.105491089575295e-22	-3.2690177808095653e-24	-3.118140037079893e-23	0.9997020519355609	31090940.858764905	965.5349324631095	-8507.319489367648	965.5638902581119	32689589.151979346	9424.236745442151	-8502.36157694279	9418.461996815906	1.2065445182543045e-05	1599.565890624997	31090413.624983374	965.5475164242231	-8502.217395643544	965.5475164242198	32690015.200281564	9418.584749039113	-8502.217395643598	9418.584749039086	1.2058209174512127e-05	0.0002849593952219201	0.0	0.0	0.0	0.0003149503979271062	0.0	0.0	0.0	-0.0002979924597823878	31920296.12913763	0.00039900745532252545
12	9.0	nan	nan	1	1	6.000000000000838e-05	6.000000000000867e-05	5.999999999999513e-05	1.0004274999999891	-2.1576179097833174e-23	-8.723115867739208e-22	-1.095848875510251e-23	1.0004725000000123	-1.2387459806900116e-21	-1.6106860887632556e-23	-5.1721949341715713e-23	0.9995523308404076	46581291.672593035	1475.953332932707	-12532.560324765867	1476.0197224651417	48966920.37517506	13799.522546652099	-12521.596901332754	13786.830648482306	-0.024330296423275742	1599.565890624997	46580144.901251815	1475.9833847487491	-12521.288635771609	1475.9833847626862	48967917.3883261	13787.111361516389	-12521.288635761812	13787.111361489422	-0.024308413940581496	0.00042740864789856807	0.0	0.0	0.0	0.0004723884070379297	0.0	0.0	0.0	-0.00044776939334587143	47818774.496742554	0.0005990084696518339
16	12.0	nan	nan	1	1	6.000000000000838e-05	6.000000000000867e-05	5.999999999999513e-05	1.0005699999999995	1.917603183244931e-22	-4.618447144904073e-22	-5.500420201232612e-23	1.0006299999999988	3.3391891665336637e-21	-3.5575383784680616e-23	1.4235447469792585e-22	0.9993622627888229	57990872.24641169	7215.0718712348025	-10976.471938503735	7215.50450045211	60786590.13381525	-2172.2365054316083	-10963.223659835157	-2169.4820256224953	245.96094486634112	1599.565890624997	57991344.2371286	7215.563256297777	-10963.31202714583	7215.563227817471	60790730.02638375	-2169.632167715442	-10963.312890081132	-2169.629778975588	245.6660573788058	0.0005698376117041377	0.0	0.0	0.0	0.0006298016333088802	0.0	0.0	0.0	-0.0006379406520510607	59440256.24454817	0.0008258994451002672
20	15.0	nan	nan	1	1	6.000000000000838e-05	6.000000000000867e-05	5.999999999999513e-05	1.0007124999999881	-1.0842021724855045e-22	-5.011046915956441e-21	-1.7660636950252161e-22	1.0007874999999913	6.960493244062213e-22	-7.051549285892051e-23	-2.3399285167900046e-22	0.9990975577751037	61396788.6564115	11574.806869710004	1165.0244375058426	11575.674301039862	64766807.83860611	-67119.36355878368	1163.1420016952598	-67006.0215910008	428.264793603173	1599.565890624997	61403890.194270596	11577.013277274436	1163.2788664976188	11577.013216170317	64779153.78755782	-67018.79775831904	1163.2765379982375	-67018.79438233677	427.6231189880404	0.0007122462923671013	0.0	0.0	0.0	0.000787190084560994	0.0	0.0	0.0	-0.0009028496710306947	63158881.97607365	0.001102561252362745
24	18.0	nan	nan	1	1	6.000000000000838e-05	6.000000000000867e-05	5.999999999999513e-05	1.0008550000000063	-5.937700960252645e-22	1.7968956943052726e-20	-4.383395502041004e-22	1.0009450000000086	6.6017747909000165e-21	-6.924494343803906e-23	-1.1789639834595793e-21	0.9988154795951881	62968382.080451846	13140.841124108554	30026.408179688642	13142.022917274382	66871639.12624574	-129643.12386561619	29965.219427026033	-129367.3041738641	472.6071778047281	1599.565890624997	62983538.42506703	13145.186044118691	29972.433582263096	13145.186171937974	66893749.72938036	-129410.08115941696	29972.431986362964	-129410.07849730762	471.75763289713274	0.000854634695714879	0.0	0.0	0.0	0.0009445537686124993	0.0	0.0	0.0	-0.0011852225035946778	65026817.48998925	0.0013908470482968678
28	21.0	nan	nan	1	1	6.000000000000838e-05	6.000000000000867e-05	5.999999999999513e-05	1.0009974999999867	-1.7503935855010117e-21	1.3637230450794237e-20	-6.06475590234079e-22	1.001102499999999	1.81603863891322e-21	-1.6014216659026616e-21	3.494752061252836e-21	0.9985282694991564	64091615.627055824	15561.078748061414	60806.765560535016	15562.710820201057	68309486.9794912	-180021.4896983392	60656.76864605446	-179558.57985047245	339.5515769392539	1599.565890624997	64115393.01827069	15568.484653668489	60679.2723569358	15568.484440664753	68341997.16858724	-179644.03965266136	60679.27174109764	-179644.03625840167	338.83964105626313	0.0009970028274539412	0.0	0.0	0.0	0.0011018926932038493	0.0	0.0	0.0	-0.0014728145599360322	66330248.74111113	0.0016825983379128565
32	24.0	nan	nan	1	1	6.000000000000838e-05	6.000000000000867e-05	5.999999999999513e-05	1.0011399999999935	3.2390539903004444e-21	5.10930273783794e-21	2.668153783851046e-22	1.0012599999999976	7.428478947420214e-22	-1.6722547961168025e-21	-1.0678438486916557e-21	0.9982379767571795	64966397.88261775	20769.477126559497	86532.07770562709	20771.965296493494	69313254.07938775	-220133.300130743	86281.24484881974	-219468.88542070013	320.1417332902277	1599.565890624997	64999173.28623988	20782.446036871603	86324.77425052089	20782.44470690882	69356534.7729805	-219605.9304556928	86324.77354545535	-219605.92653511892	319.3747750801114	0.0011393506934196317	0.0	0.0	0.0	0.001259206866160559	0.0	0.0	0.0	-0.001763577431720466	67284689.51825172	0.0019764492355619054
36	27.0	nan	nan	1	1	6.000000000000838e-05	6.000000000000867e-05	5.999999999999513e-05	1.0012824999999852	-2.337810934421869e-22	-5.700531735021442e-21	-2.5224641169233066e-21	1.0014174999999925	4.442179588580453e-20	1.69935985042894e-21	2.9094522947001148e-21	0.9979455930158158	65663563.580222026	27776.494891685208	106954.5778544692	27780.23896118766	70021760.46571326	-252538.6992584025	106598.1368365464	-251663.1455620973	267.88655790044845	1599.565890624997	65705603.28057824	27798.025623408234	106666.384702288	27798.02466848217	70076037.28304534	-251858.22418901327	106666.38402702463	-251858.22027158816	267.164727445904	0.0012816782993392353	0.0	0.0	0.0	0.0014164962952567728	0.0	0.0	0.0	-0.002056520172941552	67997643.13273418	0.0022717388504421877
40	30.0	nan	nan	1	1	6.000000000000838e-05	6.000000000000867e-05	5.999999999999513e-05	1.0014249999999976	-1.2946051565834727e-20	-6.692237909666776e-20	-3.1340219048409114e-21	1.0015750000000228	-1.1535402895477415e-19	5.496396794733155e-21	-9.681586587116653e-22	0.9976518176216082	66228730.210267924	35673.61374175076	123178.85888164636	35678.95724235864	70537413.07606556	-279878.34606011014	122714.74367880943	-278782.0548660848	220.6476352249966	1599.565890624997	66280222.03991143	35706.697015543505	122810.1527912335	35706.69708853037	70602828.61165778	-279040.59799437923	122810.1525241277	-279040.59393970954	219.9871799514109	0.00142398565101476	0.0	0.0	0.0	0.001573760988314181	0.0	0.0	0.0	-0.002350943682176694	68545668.24388479	0.0025680009896513023
44	33.0	nan	nan	1	1	6.000000000000838e-05	6.000000000000867e-05	5.999999999999513e-05	1.0015674999999948	-4.754395932938388e-21	3.571260312213581e-20	-1.5043305143236374e-21	1.001732499999995	-1.3266399426486304e-19	-2.5360166440793754e-21	-1.0934560074342577e-20	0.997357132895043	66695871.92056254	43841.625199211805	136279.4009332678	43848.848132010135	70928550.24222378	-303523.85213756136	135706.51213673534	-302198.11662995454	177.00376528339456	1599.565890624997	66756950.91724636	43889.00380889841	135830.79044995568	43889.00419523447	71005201.05255057	-302524.69906621147	135830.78995732736	-302524.69500269456	176.4210965590821	0.0015662727541743443	0.0	0.0	0.0	0.0017310009530193333	0.0	0.0	0.0	-0.002646365643699012	68981517.37204188	0.0028649140368254317
48	36.0	nan	nan	1	1	6.000000000000838e-05	6.000000000000867e-05	5.999999999999513e-05	1.0017099999999965	1.0832704362435247e-20	-1.7289636519354778e-20	4.670539671160212e-21	1.0018899999999773	-3.672904265884097e-20	-1.183982653672061e-20	1.89684558208128e-20	0.9970618720041531	67091110.08890132	51107.85767997354	146808.98082961998	51117.04225143579	71239867.10168086	-323583.25077444874	146127.7584805549	-322023.89305177104	135.32608468026785	1599.565890624997	67161877.28680348	51170.95926069196	146281.89324548928	51170.960122825716	71327825.16582894	-322421.4913715019	146281.8929402425	-322421.4878170986	134.84022408345075	0.0017085396145988833	0.0	0.0	0.0	0.0018882161972147394	0.0	0.0	0.0	-0.002942452767138903	69341409.02892981	0.0031622557508663523
52	39.0	nan	nan	1	1	6.000000000000838e-05	6.000000000000867e-05	5.999999999999513e-05	1.0018524999999971	1.509582118596614e-20	6.748819710543364e-20	-2.5427929076574094e-21	1.0020474999999942	-1.719527704903065e-19	4.698491758419604e-21	-3.136139487209047e-21	0.9967662615378178	67433759.46016183	56831.63188825456	155172.94607691787	56842.69453367689	71500298.99882719	-340168.7199123937	154385.1590542644	-338375.8762252486	97.71024312776902	1599.565890624997	67514294.53059308	56910.579892965354	154569.53859510447	56910.5808630825	71599624.07105601	-338845.93552334	154569.53880348065	-338845.9331175578	97.33028583982866	0.0018507862380417565	0.0	0.0	0.0	0.0020454067286977623	0.0	0.0	0.0	-0.00323897829361519	69649840.8228632	0.0034598749234663797
56	42.0	nan	nan	1	1	6.000000000000838e-05	6.000000000000867e-05	5.999999999999513e-05	1.0019949999999869	2.8409485050909234e-21	-1.748276003132876e-21	-1.4568966692773966e-21	1.0022049999999874	-1.096534972197527e-19	3.6939106829760036e-21	6.91941214612038e-21	0.9964704517198598	67737615.27919222	61378.69925434304	161963.3385019594	61391.56399742727	71728090.97637813	-353928.2745351264	161070.34640214057	-351903.1196467612	65.42768093142196	1599.565890624997	67827984.60127486	61473.466118315344	161285.23104188842	61473.46699913724	71838836.98962262	-352446.449046024	161285.23170555706	-352446.44747019396	65.1537485776862	0.00199301263024968	0.0	0.0	0.0	0.0022025725551765643	0.0	0.0	0.0	-0.003535791831277171	69922981.89729553	0.0037576712637144806
60	45.0	nan	nan	1	1	6.000000000000838e-05	6.000000000000867e-05	5.999999999999513e-05	1.0021375000000052	8.470329472543003e-21	-1.1283834110142888e-19	6.193504910323444e-21	1.0023624999999967	-9.495578151899608e-20	-1.2841019480375193e-21	6.3900165540864414e-21	0.9961745414657805	68012479.57608029	65188.01953899818	167746.1066852034	65202.65642691309	71934573.17851645	-365723.2152651814	166747.97779178544	-363465.4679317635	37.11475288530343	1599.565890624997	68112741.27104127	65298.775106417335	166993.79133165718	65298.77597570866	72056791.25671215	-364083.0031885541	166993.79201571792	-364083.00201889686	36.948298956860924	0.0021352187970161067	0.0	0.0	0.0	0.002359713684456032	0.0	0.0	0.0	-0.0038327943151779016	70171433.31030723	0.004055578703392171
64	48.0	nan	nan	1	1	6.000000000000838e-05	6.000000000000867e-05	5.999999999999513e-05	1.0022799999999867	-9.618906149019835e-21	1.1462049842245192e-20	7.840136959785804e-21	1.002520000000014	-1.6495119614830246e-19	-1.8888834723770897e-21	3.6047604652774885e-20	0.995878597422912	68265384.39926027	68449.9165193813	172901.2492343195	68466.30800799344	72126978.10259135	-376288.1304840765	171796.95725184877	-373795.3306381441	12.479461377131928	1599.565890624997	68375591.39193748	68576.838489195	172074.30390545266	68576.83936984942	72260718.19466142	-374488.434338503	172074.3046392023	-374488.4335969815	12.419775097603605	0.002277404744027226	0.0	0.0	0.0	0.002516830124288197	0.0	0.0	0.0	-0.004129918964383944	70402311.51302339	0.004353552701589943
68	51.0	nan	nan	1	1	6.000000000000838e-05	6.000000000000867e-05	5.999999999999513e-05	1.0024224999999747	1.6551023789349028e-21	-4.466912950640278e-20	1.3657559241528338e-20	1.0026775000000123	1.2258938439022039e-19	-1.27241289336541e-20	-1.1057168093457637e-20	0.9955826656188921	68501464.31515346	71216.87236479331	177630.5666825619	71234.98959941186	72310043.48496307	-386045.8816706364	176418.54009982114	-383314.26354140224	-7.662441872382274	1599.565890624997	68621666.26618578	71359.98734367579	176728.10703510547	71359.98816429247	72455355.26295486	-384084.5591528904	176728.10797446844	-384084.55871037685	-7.623512510617846	0.00241957047707535	0.0	0.0	0.0	0.0026739218824043875	0.0	0.0	0.0	-0.004427119629734475	70620513.96683256	0.0046515624761578715
72	54.0	nan	nan	1	1	6.000000000000838e-05	6.000000000000867e-05	5.999999999999513e-05	1.0025649999999962	-8.346662662243875e-21	-6.863677378191046e-20	-1.4128509560201729e-21	1.0028350000000064	-2.3253087281203955e-19	4.667151539371195e-21	-1.8651665498539693e-21	0.9952867781700404	68724548.6188041	73493.91985454164	182026.88367987616	73513.71311122613	72486845.0397237	-395159.7087509084	180705.44232955098	-392185.38752230635	-22.654367153892178	1599.565890624997	68854793.23118559	73653.03333059729	181047.9084346741	73653.03399817736	72643778.21059556	-393034.46458396025	181047.90962492724	-393034.464294785	-22.53252765309413	0.0025617160019341468	0.0	0.0	0.0	0.0028309889665710393	0.0	0.0	0.0	-0.004724364084365888	70829442.75746313	0.004949586529931661
76	57.0	nan	nan	1	1	6.000000000000838e-05	6.000000000000867e-05	5.999999999999513e-05	1.0027074999999988	-8.982784405631855e-21	-4.3130917674188975e-20	-1.8505975831611953e-20	1.0029925000000182	-3.9264381676562545e-19	3.156044761469523e-21	-2.874914526275821e-20	0.9949909575271814	68937496.98847723	75312.9578961848	186148.9010337378	75334.36452774475	72659363.65077817	-403678.2634640629	184716.35514247583	-400457.8515948382	-32.888907154453165	1599.565890624997	69077830.81450565	75487.71985273746	185092.37484284784	75487.72024948447	72827968.00397573	-401387.10485031706	185092.37623374784	-401387.1046691638	-32.70223942982269	0.0027038413242955407	0.0	0.0	0.0	0.0029880313845615557	0.0	0.0	0.0	-0.005021629777220147	71031467.88216387	0.005247609819024748
80	60.0	nan	nan	1	1	6.000000000000838e-05	6.000000000000867e-05	5.999999999999513e-05	1.0028499999999994	6.483190178284415e-21	-5.549082244052372e-20	8.416119363918728e-21	1.0031500000000062	8.737991883875363e-21	1.9176825925837358e-21	-1.9502086577583012e-20	0.9946952194934305	69142409.42842627	76745.88346963009	190044.08080896418	76768.84197546108	72828917.6059494	-411633.04281801503	188498.7187920357	-408163.7041583014	-38.93919875234406	1599.565890624997	69292878.25980014	76935.90740046225	188908.93129128477	76935.90757287752	73009243.07196884	-409174.3235144368	188908.9327571922	-409174.3234642589	-38.70661159417321	0.00284594644991812	0.0	0.0	0.0	0.0031450491440790473	0.0	0.0	0.0	-0.005318900813571753	71228256.72100957	0.005545621739382226
84	117.0	nan	nan	1	1	6.000000000000838e-05	6.000000000000867e-05	5.999999999999513e-05	1.005557499999998	6.548242308633546e-20	-2.5587171270657903e-19	3.260738033750155e-20	1.0061425000000108	-3.5484581852734953e-19	4.433370445929008e-20	1.154204151620152e-19	0.9890993429057701	72433930.52839802	87524.62100380538	238407.0012078762	87575.49534470873	75931899.41318904	-499764.24199842906	234504.77632308056	-491298.6664875021	-69.18475271786808	1599.565890624997	72785127.09180944	88000.15071789623	235641.9463398307	88000.10592126795	76344444.75190873	-493967.95437595306	235641.77483948637	-493967.93956436415	-68.38234491806419	0.0055421140754013465	0.0	0.0	0.0	0.006123711745533757	0.0	0.0	0.0	-0.010960504572049404	74634716.32147022	0.011200646065285374
88	174.0	nan	nan	1	1	6.000000000000838e-05	6.000000000000867e-05	5.999999999999513e-05	1.0082650000000064	5.386790731358448e-20	7.649995003786159e-19	3.5466963567432064e-20	1.0091349999999908	6.174124796490266e-19	3.250573638383103e-20	-7.887824914716221e-20	0.983546512466004	75258730.97304493	94902.59823016805	264092.15297805506	94984.28139107287	78804371.2353096	-540383.7277218519	257618.004672853	-526681.5764237903	280.1869465211361	1599.565890624997	75825052.37680104	95699.2442547143	259556.27705718682	95699.03741840244	79465883.04038386	-531102.4465063276	259556.57828621136	-531102.7281296916	275.3746368415963	0.00823103192326514	0.0	0.0	0.0	0.009093528259060405	0.0	0.0	0.0	-0.016590349474135728	77716107.86694415	0.016842449345615223
92	231.0	nan	nan	1	1	6.000000000000838e-05	6.000000000000867e-05	5.999999999999513e-05	1.0109724999999963	-1.4368558697453597e-19	-2.6516874633564223e-19	9.307875650788056e-20	1.0121275000000058	1.6767186597488326e-19	8.662775358159181e-20	-1.2123582574050801e-20	0.9780380752297057	77787337.56461558	101610.65954414208	280642.2560758782	101726.38733164447	81420650.73076078	-568490.4320857167	271499.8057657178	-549344.486320553	-340.3945375056099	1599.565890624997	78581066.68945515	102764.74898563577	274270.1194673682	102764.38656028197	82345422.93231404	-555582.5444976777	274270.14487194485	-555583.9170480929	-332.66569251945106	0.010912738877086702	0.0	0.0	0.0	0.012054551071732606	0.0	0.0	0.0	-0.02220667797742437	80536938.4564363	0.022469887621879455
96	288.0	nan	nan	1	1	6.000000000000838e-05	6.000000000000867e-05	5.999999999999513e-05	1.0136799999999766	-8.132532733177988e-20	1.7083502581310972e-18	-1.6010955582179687e-19	1.0151200000000145	7.5783021351305545e-19	5.907546587330392e-20	-1.09514583816403e-19	0.9725738588398973	80075717.03844911	108214.24757238872	292258.8377790729	108367.22348965077	83797823.9433212	-591811.1170026645	280406.9237744989	-567007.6406968323	-297.2380441154469	1599.565890624997	81107470.93491055	109764.26506624636	284020.30575874797	109763.50577371035	84998110.37485106	-575128.4569522047	284019.8909373179	-575129.2308011588	-288.85915243602733	0.013587273508492696	0.0	0.0	0.0	0.01500683210653566	0.0	0.0	0.0	-0.027809258980182553	83129039.98810913	0.028082836611414745
100	345.0	nan	nan	1	1	6.000000000000838e-05	6.000000000000867e-05	5.999999999999513e-05	1.0163875000000233	5.1157401882370724e-20	9.375909337111521e-19	1.0522182083971821e-19	1.0181124999999902	-3.820023724426802e-18	1.1552174147833049e-19	1.2881422951959223e-19	0.9671536425253137	82158615.02776316	115224.02805124213	300764.3564807052	115418.58749635846	85964242.74355146	-612111.824888511	286194.65885702154	-581474.7242645894	-268.04238027644766	1599.565890624997	83437612.42682685	117216.36959013909	290650.6389239084	117215.35674766051	87450652.60592522	-591528.514477209	290649.97038071696	-591529.0182045286	-259.0289953159149	0.016254674080517246	0.0	0.0	0.0	0.017950422827953134	0.0	0.0	0.0	-0.03339791039461079	85522902.1109946	0.033681204892704764
104	402.0	nan	nan	1	1	6.000000000000838e-05	6.000000000000867e-05	5.999999999999513e-05	1.0190949999999972	1.0961283963828449e-19	-1.374632829440059e-18	2.1171757923210688e-19	1.0211050000000021	-1.3185253670139342e-18	-1.5701957963021318e-19	1.0955862952966022e-19	0.9617771806264742	84064208.06488673	122660.52391943359	307462.43211478443	122901.27030754891	87947627.14687109	-629875.2273579693	290169.2005966602	-593278.8598984346	-255.3071706598337	1599.565890624997	85598519.75744127	125145.62623284676	295465.6407123286	125144.42301669152	89729446.14371023	-605298.300478763	295465.2713923431	-605298.6900778746	-245.34541094535342	0.018914978550608638	0.0	0.0	0.0	0.020885374247419784	0.0	0.0	0.0	-0.038972476115111294	87745218.55623437	0.0392649182318742
108	459.0	nan	nan	1	1	6.000000000000838e-05	6.000000000000867e-05	5.999999999999513e-05	1.0218024999999982	-5.992927508413625e-20	-2.05239471251506e-19	1.877296061658651e-19	1.0240975000000194	-3.4190857610416624e-18	3.0222135558033436e-20	1.975009782453907e-19	0.9564441892543969	85816639.05793358	130208.01622925619	313859.08695752104	130498.70802637374	89770331.14157356	-645160.4969639196	293783.36795382557	-602540.3321913786	-237.60588444234966	1599.565890624997	87613405.74966995	133232.79181618063	299934.5115604581	133230.99554625817	91855725.83485468	-616537.5054479958	299934.3915306079	-616537.5448033952	-227.06433509682736	0.021568224574317688	0.0	0.0	0.0	0.02381173692843949	0.0	0.0	0.0	-0.044532840727982276	89818118.98828174	0.04483392930661303
112	516.0	nan	nan	1	1	6.000000000000838e-05	6.000000000000867e-05	5.999999999999513e-05	1.0245099999999996	5.233308361315969e-20	4.405113426808604e-19	-2.6871950845053227e-19	1.027089999999996	-3.2110815742503186e-18	3.2461013044216005e-19	8.940602164858592e-20	0.9511543631411697	87436557.65957573	137298.38182257267	321244.9556861422	137642.62366090383	91451407.68634726	-659236.1351540786	298245.49729708803	-610497.3114389203	860.7841782422571	1599.565890624997	89502166.08223547	140895.8535905803	305289.32192265085	140894.3043121241	93847603.86090481	-626493.1141353933	305291.2734315484	-626493.4711400903	818.0306443599698	0.024214449508135706	0.0	0.0	0.0	0.026729560991894562	0.0	0.0	0.0	-0.050078912951288614	91759540.72416721	0.050388206646625786
116	573.0	nan	nan	1	1	6.000000000000838e-05	6.000000000000867e-05	5.999999999999513e-05	1.027217499999998	7.083905944477165e-20	5.695314012066355e-19	5.1662233518934284e-20	1.030082500000007	-2.017103931800657e-18	-2.460596830455852e-19	3.753778971687938e-19	0.9459073300990085	88937763.46279202	143009.44316290162	329858.4417940771	143406.80971262918	93004473.84056611	-672332.3363322547	303751.02484673867	-617392.3852808377	571.6290317632477	1599.565890624997	91277892.45691915	147181.66619409132	311740.46903613734	147180.1273709284	95717828.98117231	-635403.4680343978	311743.3169009127	-635404.4736589153	540.2314444563884	0.026853690412797702	0.0	0.0	0.0	0.029638896121329097	0.0	0.0	0.0	-0.05561067445483253	93584728.80714515	0.055927767159038765
120	630.0	nan	nan	1	1	6.000000000000838e-05	6.000000000000867e-05	5.999999999999513e-05	1.0299249999999918	3.231464575093046e-19	-9.492732121196834e-19	-1.3010426069826053e-21	1.0330750000000055	-3.976745148459582e-18	-1.6908132879911443e-19	-2.1106705792861557e-19	0.9407027472400917	90333956.06532423	147044.49038180566	339072.92453954235	147492.48041757586	94444407.07074481	-684221.0340021243	309702.30119288934	-623042.8262904225	523.0676707448467	1599.565890624997	92953718.05131789	151771.68089323136	318680.62485104403	151769.88849586775	97480608.58909354	-643071.0648693978	318683.9328071759	-643072.4250125815	491.6096806570841	0.02948598405637613	0.0	0.0	0.0	0.032539791567787114	0.0	0.0	0.0	-0.06112807958743486	95305815.80990143	0.06145260930562246
124	687.0	nan	nan	1	1	6.000000000000838e-05	6.000000000000867e-05	5.999999999999513e-05	1.0326325000000003	-4.481278629425712e-19	6.272651668914886e-19	-9.437979911486317e-20	1.0360675000000155	1.757166460947257e-18	-1.872959252968709e-19	-6.699827324874175e-19	0.9355402365841363	91635432.7607995	149552.46517539793	347813.8594077388	150048.39314804904	95782463.18038064	-694786.0180812747	315114.4566596941	-627373.8260258329	465.39845123880616	1599.565890624997	94539415.67941898	154805.1184282173	325097.06095646054	154803.5185132084	99146580.6905629	-649407.3952558518	325100.6265503139	-649408.7497841504	435.00183957321127	0.032111366917371924	0.0	0.0	0.0	0.03543229615500255	0.0	0.0	0.0	-0.06663112341352141	96933253.70791098	0.06696275844206817
128	744.0	nan	nan	1	1	6.000000000000838e-05	6.000000000000867e-05	5.999999999999513e-05	1.0353399999999837	8.95632309635963e-19	1.3686426124370765e-18	-2.7137580377312177e-19	1.039060000000009	-2.205429849161389e-18	2.776641763735377e-19	4.430321127318892e-19	0.9304194150253259	92852185.41762021	150512.55861964024	355597.9248489194	151051.97363951724	97027595.13627301	-704432.1122633755	319565.3045612174	-630780.633176722	418.13018784337675	1599.565890624997	96044552.93799385	156246.74589018477	330548.8102661831	156245.31844197173	100724126.54883093	-654810.3359176863	330552.33620006504	-654811.9453173156	388.6761605448772	0.034729875187670865	0.0	0.0	0.0	0.0383164582842134	0.0	0.0	0.0	-0.07211981059930944	98475951.36321135	0.07245824608543504
132	801.0	nan	nan	1	1	6.000000000000838e-05	6.000000000000867e-05	5.999999999999513e-05	1.038047499999979	2.567119693902553e-19	8.972857179490034e-19	2.6291902682773482e-20	1.042052500000014	1.5725810410816e-18	2.649790109554573e-19	5.0643083476797915e-19	0.9253398922259793	93993306.324974	149750.8602344459	362644.23707480147	150327.94494160573	98186865.1480267	-713232.5957053631	323272.857862577	-633350.1948694921	383.7856972246575	1599.565890624997	97477872.38943082	155901.68661612444	335253.98871341796	155900.97642612405	102219765.92429803	-659362.6704767577	335257.3881883137	-659364.2496892483	354.7986501690554	0.03734154477566842	0.0	0.0	0.0	0.041192325939123045	0.0	0.0	0.0	-0.07759415790820502	99941454.790985	0.07793911157908404
136	858.0	nan	nan	1	1	6.000000000000838e-05	6.000000000000867e-05	5.999999999999513e-05	1.0407549999999919	-7.560277274012983e-19	1.6338926739356552e-18	7.085261197192771e-20	1.0450450000000175	1.191429767344321e-18	-4.2717565595928874e-19	-2.490683440742325e-19	0.9203012851360859	95066778.82384819	146685.23643949855	369154.3307845057	147289.50011659274	99267911.6358709	-720736.292554736	326432.38465241063	-634704.5249803861	1476.851700369918	1599.565890624997	98847060.44682887	153146.78027498152	339409.87207142194	153146.39142433825	103640703.18641381	-662663.2615507201	339412.80073586496	-662663.5153347544	1357.8549806683047	0.03994641130912009	0.0	0.0	0.0	0.044059946690598095	0.0	0.0	0.0	-0.08305417870660914	101336154.68456817	0.08340539176955608
140	915.0	nan	nan	1	1	6.000000000000838e-05	6.000000000000867e-05	5.999999999999513e-05	1.043462500000006	4.3145825454060647e-19	-3.148197848246159e-18	4.1253892663073445e-19	1.0480374999999853	-1.9806205286965196e-18	1.7607443281164593e-19	-1.2181011407874642e-19	0.915303168061247	96076365.97581185	141787.66518418174	374900.403633424	142408.53573049774	100275079.52309825	-727472.2783489985	328857.00711416104	-635338.4225887527	1161.6894019860028	1599.565890624997	100155494.55136083	148455.61877837995	342816.9127366682	148454.79613596114	104990789.99090235	-665216.1431358876	342819.3380304512	-665216.9533687736	1062.273527817142	0.04254451013806589	0.0	0.0	0.0	0.04691936770140794	0.0	0.0	0.0	-0.08849993737020344	102666025.95474762	0.08885715726506126
144	972.0	nan	nan	1	1	6.000000000000838e-05	6.000000000000867e-05	5.999999999999513e-05	1.046169999999993	6.859205044229544e-19	1.214089592749268e-18	-4.294524805215083e-19	1.0510300000000363	-5.048153735309757e-18	5.057803134644878e-19	3.382710778154774e-19	0.9103451644950205	97028775.38215712	136111.70673838977	379196.69496947504	136742.94957592123	101215506.1466383	-734559.8715727	329966.89471014525	-636237.128207029	1075.59949730799	1599.565890624997	101409664.97485636	142918.065151032	344863.45030856854	142916.95066284333	106276856.32921384	-668051.3177710385	344865.0373413135	-668052.5982630362	978.2125179694808	0.04513587633771969	0.0	0.0	0.0	0.04977063573104701	0.0	0.0	0.0	-0.09393144974504478	103936248.42443772	0.09429444610559222
148	1029.0	nan	nan	1	1	6.000000000000838e-05	6.000000000000867e-05	5.999999999999513e-05	1.0488775000000108	1.2801717151622593e-19	4.0223900599212214e-20	-1.576972059880166e-19	1.0540225000000185	1.1111445964717692e-17	2.0366737810140201e-19	2.533238376012381e-19	0.9054268767735845	97927716.90806335	130591.09312416478	381218.8358856934	131229.92062852412	102094843.83379593	-742614.5218488933	329081.70236727636	-637923.4649285815	1003.3714910562104	1599.565890624997	102612995.47453623	137510.3558567424	344825.7582118708	137508.51829028717	107504256.00140724	-671720.7846268977	344826.3709391713	-671723.320274921	907.5845750585523	0.0477205447114037	0.0	0.0	0.0	0.052613797139915944	0.0	0.0	0.0	-0.09934875944893971	105151483.76928572	0.09971731461214403
152	1086.0	nan	nan	1	1	6.000000000000838e-05	6.000000000000867e-05	5.999999999999513e-05	1.0515849999999956	-2.0548341674031524e-19	-1.258650302038422e-18	6.158268339717665e-19	1.057015000000014	-3.626764687181261e-18	5.3505377212159643e-20	4.636048489548017e-19	0.9005479092806583	98776341.41887619	126109.76348841799	380938.98053504026	126758.87837752582	102918321.36821325	-751178.0497987731	326225.5788898594	-639986.6342478626	914.5706228518632	1599.565890624997	103768362.52737635	133167.27297593222	342712.45039936947	133165.09860658855	108677962.88527872	-675798.7060583236	342712.57316964195	-675802.3523821796	822.795133174901	0.05029854979315423	0.0	0.0	0.0	0.05544889789432739	0.0	0.0	0.0	-0.10475191280449854	106315752.84184018	0.10512582068472937
156	1143.0	nan	nan	1	1	6.000000000000838e-05	6.000000000000867e-05	5.999999999999513e-05	1.054292499999978	1.7892046351442037e-19	-8.493639819251441e-19	3.37403716077489e-19	1.0600075000000069	5.260115260030673e-18	2.42861286636753e-19	-5.905649233528543e-19	0.8957078672549654	99577812.54274485	122025.70483083879	379658.5424024742	122684.78570764874	103690237.95944351	-759067.6333057615	322551.0815223423	-641417.2687457933	802.1891370209823	1599.565890624997	104878690.19265516	129218.23926988403	339721.5687639354	129215.72891613255	109802028.98371965	-679219.9262862692	339721.61153636756	-679224.186572229	717.8054004781424	0.052869925850697205	0.0	0.0	0.0	0.058275983570649344	0.0	0.0	0.0	-0.11014096018021578	107432576.52064812	0.11052002469842973
160	1200.0	nan	nan	1	1	6.000000000000838e-05	6.000000000000867e-05	5.999999999999513e-05	1.0569999999999968	-2.478215115758742e-19	1.3515664282204298e-18	-1.5916087892087205e-19	1.0629999999999966	3.365797224264e-18	-3.789286592836838e-20	3.2959746043559335e-19	0.8909063577006988	100335250.62359267	117593.00991768691	377952.5738613518	118257.51727390182	104414131.89033273	-765322.0881425409	318562.5082854485	-641424.1617406952	647.7454058555667	1599.565890624997	105946891.05335303	124874.70097208378	336379.1396169551	124871.53040421102	110879749.62280388	-681139.3898158188	336379.35968901834	-681142.9561136824	576.4957229593068	0.05543470688809758	0.0	0.0	0.0	0.06109509935980748	0.0	0.0	0.0	-0.11551595501352076	108505073.33970253	0.11589998885475347
164	1202.2	nan	nan	1	1	6.000000000000838e-05	6.000000000000867e-05	5.999999999999513e-05	1.0568954999999949	-1.2487298521601798e-19	-9.162050458588755e-18	-3.2894693913210202e-19	1.062884500000031	-7.832384914252533e-18	-3.333921680392926e-20	1.680513367352532e-20	0.8909865148305313	88881967.90994914	115509.22837791523	378750.46621333424	116163.87683453027	92498359.4291177	-760720.9341433063	319295.05199250986	-637691.166635852	-1.5006323209018446	1599.565890624997	93854793.13998713	122662.97762666566	337159.2301381116	122663.08776702262	98226993.22374198	-677184.8681005599	337159.1759280119	-677184.8310669808	-1.3358453207834737	0.05533583728921053	0.0	0.0	0.0	0.06098643870577995	0.0	0.0	0.0	-0.11542598649619608	96124671.26365647	0.11577072506997994
168	1204.4	nan	nan	1	1	6.000000000000838e-05	6.000000000000867e-05	5.999999999999513e-05	1.0567910000000036	5.52888897858983e-19	5.2803898406561526e-18	1.4875253806501122e-19	1.0627690000000112	-2.8642452992722055e-18	-1.9838189251053517e-19	4.714653147053216e-19	0.8910782714524229	78592137.028284	113051.33867225259	380804.0071354946	113690.84686834195	81806042.07741292	-760920.2162059102	321091.09164401115	-637993.2698322556	-2.364594380312832	1599.565890624997	82989732.80507888	120052.37318526061	339057.63295392337	120052.37878429593	86872120.29181555	-677502.8690330078	339057.6323435216	-677502.8674506581	-2.10537115802957	0.055236957914169396	0.0	0.0	0.0	0.06087776624327975	0.0	0.0	0.0	-0.1153230086216777	85007837.81399807	0.11563278463050987
172	1206.6	nan	nan	1	1	6.000000000000838e-05	6.000000000000867e-05	5.999999999999513e-05	1.0566864999999865	7.063577153743061e-20	-6.291408366498885e-18	2.8275992658421957e-19	1.0626535000000028	-1.5330618718945033e-17	5.524010068813645e-20	-5.602614726318845e-19	0.8911704337584309	68356609.44227125	110660.3507886476	383056.8043294932	111285.23877815972	71162904.27959965	-763829.1797892699	323055.9885914997	-640568.143218127	-0.3913656084199902	1599.565890624997	72181859.62578252	117512.78366275366	341134.2659678015	117512.78405185795	75569532.50034098	-680234.1157424473	341134.2693858052	-680234.11365298	-0.3485337371488425	0.05513806876100623	0.0	0.0	0.0	0.06076908196980256	0.0	0.0	0.0	-0.11521958612422195	73945956.3925455	0.11549454069374003
176	1208.8	nan	nan	1	1	6.000000000000838e-05	6.000000000000867e-05	5.999999999999513e-05	1.0565819999999861	-5.6104751920693645e-19	-7.214064415284049e-18	-2.0296264668928644e-19	1.062538000000022	1.2391671889988577e-17	1.8252543573793467e-19	-5.964738251929003e-19	0.8912626560371154	58135566.0587424	108248.1660885792	385092.49541787535	108858.36667216606	60529875.94092574	-767994.3702993721	324838.54975375347	-644197.8519554442	-0.22164429596555418	1599.565890624997	61389164.77957607	114950.70249486122	343018.3682772839	114950.7033701303	64277779.59436781	-684085.4570805602	343018.3725646013	-684085.452009997	-0.1974280611659304	0.055039169827827056	0.0	0.0	0.0	0.06066038588279623	0.0	0.0	0.0	-0.11511610703230585	62897534.6740184	0.11535625184119176
180	1211.0	nan	nan	1	1	6.000000000000838e-05	6.000000000000867e-05	5.999999999999513e-05	1.05647749999997	-6.134280366651423e-19	-5.869870561836521e-19	-3.8359072862537145e-19	1.0624225000000227	-4.941468241537183e-18	-7.714098457234364e-20	-1.4257258568184384e-20	0.8913549139459839	47925013.905208334	105859.31559224566	386623.5231193991	106455.00626509411	49905103.7353422	-772730.4326942863	326196.0442364843	-648308.0568962541	-0.11568716554914135	1599.565890624997	50607434.87414879	112413.42150680741	344453.62705554866	112413.42166835269	52994896.38824864	-688446.9887662539	344453.6311988176	-688446.987007314	-0.10306890655713483	0.05494026111266655	0.0	0.0	0.0	0.06055167797964864	0.0	0.0	0.0	-0.11501259867414249	51859921.74883558	0.1152179362830272
184	1213.2	nan	nan	1	1	6.000000000000838e-05	6.000000000000867e-05	5.999999999999513e-05	1.0563729999999885	5.008607461068349e-19	-3.072086855737677e-18	-2.1076890233118206e-19	1.0623070000000143	-8.313879099053345e-18	-2.4744204081550424e-19	2.708879127955033e-19	0.8914472140196926	37724850.72497789	103715.5519950835	387402.5844209729	104298.1534117381	39289954.01352036	-777597.7963099637	326919.523876611	-652530.194448127	-0.1888520982635673	1599.565890624997	39836562.37367047	110136.42076098536	345219.3876892629	110136.4170831399	41722334.05379718	-692927.3213596898	345219.3912979069	-692927.3254833883	-0.16828851522486515	0.05484134261363717	0.0	0.0	0.0	0.06044295825780031	0.0	0.0	0.0	-0.11490905372953693	40834603.89992535	0.11507958913966831
188	1215.4	nan	nan	1	1	6.000000000000838e-05	6.000000000000867e-05	5.999999999999513e-05	1.0562684999999854	6.104735857451194e-19	1.1174871791808095e-18	-2.747368305078268e-19	1.0621914999999844	8.010410910974652e-18	6.911788849595091e-21	3.1230443578444956e-19	0.8915395835283486	27536852.939810805	101811.95375451287	387327.3927260895	102382.85578604748	28688579.039660648	-782196.1192790223	326922.2820451626	-656528.3192040425	-0.4901165018794127	1599.565890624997	29078423.228493847	108114.46731937068	345224.06513725343	108114.46095150603	30464501.72738279	-697169.7047594312	345224.07120788394	-697169.7025083421	-0.4368397752063838	0.05474241432874994	0.0	0.0	0.0	0.0603342267146671	0.0	0.0	0.0	-0.11480544162330573	29826693.68637122	0.11494119003427936
192	1217.6	nan	nan	1	1	6.000000000000838e-05	6.000000000000867e-05	5.999999999999513e-05	1.0561639999999686	-4.927969924489739e-19	4.2934406030425975e-19	2.6562953225894858e-20	1.0620760000000098	-2.8755210018660547e-18	1.7141236346995825e-19	1.7466496998741476e-19	0.8916320912296268	17367013.645874847	100192.6605110159	386402.76893661707	100753.50733651908	18110121.906948164	-786233.2871598221	326207.9771037556	-660057.1191507359	-1.3926126888084691	1599.565890624997	18339346.641572807	106394.42155958903	344471.48286410735	106394.42877604725	19231108.694349356	-700913.5753618045	344471.49586785847	-700913.5702171527	-1.2414904771242394	0.05464347625607584	0.0	0.0	0.0	0.0602254833477531	0.0	0.0	0.0	-0.11470168526302846	18850597.749175325	0.11480268759077014
196	1219.8	nan	nan	1	1	6.000000000000838e-05	6.000000000000867e-05	5.999999999999513e-05	1.056059500000006	5.861467994999758e-19	1.7713695094068172e-18	1.358505322124337e-19	1.0619605000000172	-4.450107816966753e-18	2.389039487071809e-19	-8.304988641238964e-20	0.89172489601946	7230220.897401834	98627.82854886411	384555.2024347173	99178.91914188903	7574806.590152291	-788142.9704168749	324714.15570991696	-661801.1764128468	-3.8192913668861146	1599.565890624997	7635057.478597588	104732.19169901987	342895.6218892028	104732.17334004509	8043633.3999768	-702761.9760899636	342895.64290496334	-702761.9759505026	-3.405540427311602	0.05454452839374222	0.0	0.0	0.0	0.06011672815441521	0.0	0.0	0.0	-0.11459760650529238	7965416.05584321	0.11466396309212058
200	1222.0	nan	nan	1	1	6.000000000000838e-05	6.000000000000867e-05	5.999999999999513e-05	1.0559549999999918	1.484137248861095e-19	6.25584653524136e-19	-7.231628490478315e-20	1.0618450000000201	8.864979063327727e-18	1.4086496726017917e-19	1.2126801299250368e-19	0.8918183114198361	-2842279.6643034876	96775.39818290462	381132.8154376931	97315.20577770675	-2879286.617411898	-786896.9721013594	321889.9006749698	-660896.0178937129	-9.531154584715434	1599.565890624997	-3001437.4432013705	102764.51351298881	339914.58975799725	102764.51894667168	-3057476.322066547	-701796.7244475451	339914.6159359301	-701796.7276472176	-8.500392433705954	0.05444557073971149	0.0	0.0	0.0	0.06000796113209585	0.0	0.0	0.0	-0.11449285389815347	3322013.8697438175	0.1145247823274966
204	1224.2	nan	nan	1	1	6.000000000000838e-05	6.000000000000867e-05	5.999999999999513e-05	1.0558504999999951	-2.444604848411691e-19	9.75781955236954e-21	-2.1000996081044221e-19	1.0617295000000078	-2.1376130032724207e-18	-2.2936296958930846e-19	3.6505087147586934e-19	0.8919128346925146	-12800498.960809363	94420.11816490983	374119.37447086186	94945.8410511872	-13192225.618542671	-782357.2442794057	316031.3964168197	-657224.3318584601	-21.29989097485476	1599.565890624997	-13517320.178682124	100262.7693801827	333728.95247925894	100262.75827626092	-14008551.360771801	-697892.9224587941	333728.9886090548	-697892.9162223673	-19.000326601675237	0.05434660329211093	0.0	0.0	0.0	0.05989918227820855	0.0	0.0	0.0	-0.11438687013151584	13835617.282235894	0.11438477390084537
208	1226.4	nan	nan	1	1	6.000000000000838e-05	6.000000000000867e-05	5.999999999999513e-05	1.055745999999995	-5.339153598404867e-19	-1.7324466514145874e-18	-9.974659986866641e-20	1.0616140000000078	5.744645210914445e-18	-3.0869946356093523e-19	-1.509751525186065e-19	0.8920093652651231	-22556649.540793203	91848.11565355991	363337.53581059875	92358.62709400408	-23252828.633016255	-771923.9547722436	306987.1254070845	-648600.4637327828	-55.213703514345866	1599.565890624997	-23819823.59215557	97530.71140818454	324178.4822628672	97530.71707809564	-24691469.201009993	-688729.1056293789	324178.4272542522	-688729.0413898097	-49.26299333610016	0.054247626048981874	0.0	0.0	0.0	0.059790391590208054	0.0	0.0	0.0	-0.11427864728109643	24303717.242428415	0.11424326612389601
212	1228.6	nan	nan	1	1	6.000000000000838e-05	6.000000000000867e-05	5.999999999999513e-05	1.0556414999999804	-4.2270332199778606e-19	-3.167062966047407e-18	-4.202367620553815e-19	1.0614985	4.1593247943061406e-18	1.9922214919421143e-19	-3.015166241682188e-19	0.8921097911999311	-31920199.730514966	91509.24611108073	348105.44330691354	92016.80420267762	-32833586.310575828	-751181.5018704907	294179.72406603384	-631311.6014361063	-153.37058541328344	1599.565890624997	-33707606.03936449	97169.55558258973	310652.5868879588	97169.38525607268	-34864509.60494723	-670361.4702534457	310652.6377435936	-670361.4154051188	-136.8693596358101	0.05414863900837475	0.0	0.0	0.0	0.059681589065497254	0.0	0.0	0.0	-0.11416606967152403	34324833.41872312	0.1140988490960337
216	1230.8	nan	nan	1	1	6.000000000000838e-05	6.000000000000867e-05	5.999999999999513e-05	1.055536999999979	2.8889922138591873e-19	-3.629366772395226e-18	-3.4661943454361577e-19	1.0613830000000295	3.3972390872660796e-18	4.1037052228576344e-19	6.364266752489911e-20	0.8922173201108438	-40545365.31739748	97005.38075415068	327728.3536531198	97542.42994819822	-41570269.8686577	-717784.8128702986	277019.9336255907	-603382.4072003285	-304.09898538916246	1599.565890624997	-42815245.716504075	103003.43633544909	292528.6639536748	103003.21808236354	-44140650.88529129	-640691.0783722729	292528.54015992937	-640690.8656283971	-271.4372098537313	0.054049642168376016	0.0	0.0	0.0	0.05957277470154552	0.0	0.0	0.0	-0.11404554366442474	43510296.62481586	0.11394912799175895
220	1233.0	nan	nan	1	1	6.000000000000838e-05	6.000000000000867e-05	5.999999999999513e-05	1.0554325000000093	4.771031660022462e-19	4.476128669106405e-18	-2.286582381771929e-19	1.0612675000000171	-2.6631257962761444e-18	1.192080288647812e-19	-1.8518173106052415e-19	0.8923353884205564	-48031622.738309644	111036.78906326597	302498.3774949394	111650.5460747601	-49103720.22591672	-670189.4191422322	255752.661351734	-563508.8671735106	-378.6877718502441	1599.565890624997	-50719419.943883546	117898.50944880309	270064.63784711366	117898.38882151757	-52138173.94996944	-598332.0117895253	270064.30125289864	-598331.9227926017	-338.0850396910887	0.05395063552706252	0.0	0.0	0.0	0.05946394849569882	0.0	0.0	0.0	-0.11391322108373497	51456103.001698785	0.11379153835707767
224	1235.2	nan	nan	1	1	6.000000000000838e-05	6.000000000000867e-05	5.999999999999513e-05	1.05532800000003	-1.1901829348459625e-19	3.271037954388767e-19	3.8749385644631927e-19	1.061151999999996	4.6603346182116925e-18	-3.74049749507499e-20	1.5108357273585504e-19	0.8924653405271278	-54191584.80140157	131474.77507360495	278898.1207893135	132200.47989459595	-55326506.35353381	-609086.9480656862	235857.39236820227	-512262.74133331986	-314.07684566557566	1599.565890624997	-57221981.93958902	139592.99218564868	249046.55009024442	139593.13979571825	-58742770.73107241	-543893.9591685026	249046.55392294	-543893.6009429022	-280.4599566854984	0.05385161908245435	0.0	0.0	0.0	0.0593551104454123	0.0	0.0	0.0	-0.11376760022568222	58006810.23441695	0.11362507943892478
228	1237.4	nan	nan	1	1	6.000000000000838e-05	6.000000000000867e-05	5.999999999999513e-05	1.0552235000000019	7.100168977064447e-19	1.9075453022709966e-18	8.803721640582297e-20	1.0610365000000066	5.297411814764175e-19	-4.778892125772982e-19	-3.8689754525145223e-19	0.8926059966699843	-59124176.61468853	150285.33587744343	260003.45304840163	151113.7646056834	-60404383.36167392	-537996.897738938	219934.8919332524	-452593.86391609005	-224.63332564044828	1599.565890624997	-62427361.733919285	159555.71029471472	232222.52199329218	159556.27944710653	-64130437.18414242	-480512.8353208673	232222.34697838628	-480512.18710421043	-200.6316331277894	0.0537525928325727	0.0	0.0	0.0	0.05924626054814552	0.0	0.0	0.0	-0.11361000860430903	63303237.73492473	0.11345063589263585
232	1239.6	nan	nan	1	1	6.000000000000838e-05	6.000000000000867e-05	5.999999999999513e-05	1.0551189999999846	1.2494481360994513e-18	5.3944479092016276e-18	-4.898425415289509e-19	1.0609210000000298	-1.2946458141649408e-17	-2.236709081837596e-19	2.4015078120553923e-20	0.8927551368611613	-63070823.30044115	166794.43364934204	244204.9432360639	167712.1634123056	-64590623.32977124	-460427.0502670362	206626.0310047909	-387444.7289861576	-134.9898497178744	1599.565890624997	-66590625.81392824	177071.12707476292	218157.40607763757	177071.7002540715	-68570240.75221102	-411316.69835666526	218157.23965602528	-411316.3331636494	-120.59147972608527	0.053653556775532026	0.0	0.0	0.0	0.059137398801299645	0.0	0.0	0.0	-0.11344293854915567	67607560.26147191	0.11326986861586988
236	1241.8	nan	nan	1	1	6.000000000000838e-05	6.000000000000867e-05	5.999999999999513e-05	1.055014500000003	9.9944466765145e-19	1.265914456594075e-18	1.257674520083185e-19	1.0608055000000225	9.674986506391648e-18	2.9514693640486643e-19	3.7464606070236603e-19	0.8929106082401883	-66280911.31013605	179198.08149036713	228526.15217974497	180181.94198764217	-68115040.69844088	-381430.7427348467	193412.70192215015	-321061.2439909923	-103.73782884336939	1599.565890624997	-69975292.99499466	190224.71607292385	204193.40720219875	190224.96724579972	-72306378.33504422	-340817.19850353716	204193.18652135535	-340817.1754533505	-92.6921515338218	0.05355451090941317	0.0	0.0	0.0	0.059028525202254704	0.0	0.0	0.0	-0.11326880587080149	71173470.4094301	0.11308438751552696
240	1244.0	nan	nan	1	1	6.000000000000838e-05	6.000000000000867e-05	5.999999999999513e-05	1.0549099999999825	-2.2329143742338963e-19	-1.0479030837506898e-17	1.553661713171728e-19	1.0606900000000283	2.0276749029823906e-18	7.123208273229764e-20	1.6778028619213182e-19	0.8930706927488165	-68958736.19130512	187756.54944088616	211252.58452263742	188785.32299194112	-71155740.8681303	-303870.21392612375	178843.11965695428	-255850.02102411483	-57.245213394358785	1599.565890624997	-72797251.31102425	199293.82766512368	188798.3294855544	199293.85833799635	-75528124.05312186	-271571.5355592373	188798.23276918553	-271571.5118856711	-51.16056063560673	0.05345545523220192	0.0	0.0	0.0	0.058919639748472113	0.0	0.0	0.0	-0.11308953802631934	74203350.6455743	0.11289547705797857
244	1247.9	nan	nan	1	1	6.000000000000838e-05	6.000000000000867e-05	5.999999999999513e-05	1.0552999999999937	4.421783035210569e-19	-3.102878197436265e-18	-1.0627349694702914e-18	1.0615689328422284	-3.5607367748768935e-18	-4.907641133755636e-19	7.524905178135644e-19	0.8925406891534489	-20084095.594295185	185506.19754046286	207952.3243182561	186608.4040217662	-1.7162874309876353	-284046.0952022346	175879.83284522768	-238819.0384636363	-4.930726333607425	1599.565890624997	-21197080.819928814	196949.30901766638	185626.35655754656	196949.5416488093	-1.822158117034553	-253550.6247388453	185626.4333094902	-253550.79899914	-4.401358664735058	0.05382508669490148	0.0	0.0	0.0	0.05974793914102051	0.0	0.0	0.0	-0.1136831762796415	21206808.009707484	0.11369789418738115
248	1251.8	nan	nan	1	1	6.000000000000838e-05	6.000000000000867e-05	5.999999999999513e-05	1.0556900000000096	-6.596828118488052e-19	2.349466107776088e-19	3.51389924102552e-19	1.061438036091612	-7.975282760586122e-18	-2.017158141909281e-19	-1.12269134960874e-19	0.892431583417192	4661760.850413345	187634.6951017859	195708.4678585363	188656.33081120084	2.0712803410945417	-277909.9444123013	165442.8960130404	-233660.0058781685	1.988984911636595	1599.565890624997	4921306.483193713	199159.85730734817	174654.01065217884	199159.856909944	2.1985054360685043	-248012.1934571437	174654.00368513688	-248012.1994702847	1.7750084896433744	0.05419458158066881	0.0	0.0	0.0	0.059624626544597374	0.0	0.0	0.0	-0.11380542550229795	4961277.467360982	0.11385319077281154
252	1255.7	nan	nan	1	1	6.000000000000838e-05	6.000000000000867e-05	5.999999999999513e-05	1.056079999999995	1.34611831230369e-18	4.04494146510892e-18	6.7328954911349825e-19	1.0613061520168987	1.626053892228585e-17	8.868773770931426e-20	-7.361732751176576e-20	0.8923227968014326	29343175.017438192	188261.51959247168	182357.58065900306	189193.227442938	61.959892987756255	-273088.3859420807	154081.14704529344	-229606.80405616586	16.6087213004698	1599.565890624997	30984495.83712663	199775.74249589237	162699.53886856118	199775.81719205691	65.7494088722378	-243649.61578548228	162699.7302223567	-243649.7371407793	14.818310744294694	0.054563939990362374	0.0	0.0	0.0	0.05950036844923003	0.0	0.0	0.0	-0.11392733204260412	30990542.525562778	0.11400861992274675
256	1259.6	nan	nan	1	1	6.000000000000838e-05	6.000000000000867e-05	5.999999999999513e-05	1.056469999999978	1.209156472864459e-19	-4.4917411803901965e-18	5.306085432144059e-19	1.0611648326691987	-9.817342251638995e-18	3.065852693245885e-19	7.24247051220317e-20	0.8922173956683594	53039551.127925225	177475.81916444804	167195.0883475355	178263.5070789791	360.1168770095822	-261339.587698803	141200.01280036403	-219730.81286123788	155.13965811959224	1599.565890624997	56020412.78884432	188283.09723099644	149136.3456144922	188282.0468760276	382.0459670942085	-233112.29689225543	149135.5570447475	-233111.18211694888	138.38302249492315	0.054933162024788616	0.0	0.0	0.0	0.05936720352124894	0.0	0.0	0.0	-0.11404545897932503	56023152.29727767	0.11415913512479185
260	1263.5	nan	nan	1	1	6.000000000000838e-05	6.000000000000867e-05	5.999999999999513e-05	1.0568599999999873	1.7442102449860552e-19	-4.939625097843958e-19	1.3118846287074603e-19	1.0610021920505892	5.154730808865082e-18	1.1237755517812253e-19	9.75781955236954e-22	0.8921152785548186	73447468.03672826	144897.43823856706	158356.4345641995	145467.57143839385	666.2907566173755	-235968.4254770158	133672.6718082623	-198407.65445808845	1085.7837209673653	1599.565890624997	77596042.1872629	153681.73999275954	141221.87480804115	153684.09710962043	706.6841488906019	-210436.0554282107	141222.9796094699	-210435.97413225574	968.2992240450956	0.05530224778464298	0.0	0.0	0.0	0.059213925652887155	0.0	0.0	0.0	-0.11415991870438333	77596902.82729647	0.11430098376374391
264	1267.4	nan	nan	1	1	6.000000000000838e-05	6.000000000000867e-05	5.999999999999513e-05	1.0572499999999723	8.586339104998953e-19	4.386681989876351e-19	-5.442694905877232e-19	1.0608284658414397	-1.0205595049606053e-17	-4.109126233720062e-19	-3.5540147214074836e-19	0.8919944086426957	87501015.71898347	90034.15386421604	163710.10215632655	90339.44455028283	1089.0881022617164	-232991.9413346531	138121.74264248743	-195915.40151900938	2043.4895883554445	1599.565890624997	92471051.78552836	95470.11848812929	145966.30714533082	95470.7026729143	1154.8436421554804	-207739.0021952693	145967.02348713324	-207744.12591112455	1822.0050257946134	0.05567119737043468	0.0	0.0	0.0	0.05905017440451035	0.0	0.0	0.0	-0.11429541475955858	92470756.89544299	0.11445402765339896
268	1271.3	nan	nan	1	1	6.000000000000838e-05	6.000000000000867e-05	5.999999999999513e-05	1.057639999999985	-5.039100647169504e-19	1.1362438767648087e-18	-1.7997756063259375e-20	1.0606617815922943	-4.923578905691173e-18	-4.338706043743868e-19	9.519295074422729e-20	0.891839776037249	95229149.21458584	35144.79284009589	185666.34068349955	35246.494947971456	738.6382655799757	-253779.41186934855	156559.93911879265	-213390.50643727937	465.2145686272575	1599.565890624997	100671408.7514708	37259.43648151525	165507.77110930983	37260.80017756165	783.0817402854451	-226225.52185443183	165507.1976923563	-226230.10061642146	414.70428111862526	0.05604001088265852	0.0	0.0	0.0	0.05889303557279476	0.0	0.0	0.0	-0.11446878581294699	100672001.26082309	0.11463537423272653
272	1275.2	nan	nan	1	1	6.000000000000838e-05	6.000000000000867e-05	5.999999999999513e-05	1.0580300000000065	-7.482621293408709e-19	3.456436525883788e-18	3.5962986061344184e-19	1.060505314430327	2.6505490510753126e-18	-1.6615398293340355e-20	8.050201130704871e-20	0.8916614996143942	99509607.18656076	-16601.98229171307	222138.82845507318	-16641.14453778493	393.0438957861567	-294331.553824151	187207.70351929544	-247473.56199604855	24.905483390292417	1599.565890624997	105233047.53562145	-17597.944723245157	197976.50165471798	-17598.284263234196	416.62282433021517	-262316.73119896644	197975.2279249393	-262319.64279620274	22.196481848408553	0.05640868842163098	0.0	0.0	0.0	0.05874550625976274	0.0	0.0	0.0	-0.11466870316190807	105234372.04834732	0.11483845915795445
276	1279.1	nan	nan	1	1	6.000000000000838e-05	6.000000000000867e-05	5.999999999999513e-05	1.0584199999999755	-2.2085198253529724e-19	3.609742713073238e-18	2.9262616635383763e-19	1.0603555008604864	2.658138466282711e-18	1.7336392738043216e-19	7.638204305160379e-20	0.8914705611000724	102146859.36644848	-58011.32465296912	269724.8990975281	-58114.34269874467	181.4944322830814	-346376.23822166456	227178.9882225087	-291208.0681387965	-164.35213502447567	1599.565890624997	108060386.96153778	-61481.96489234419	240331.948674015	-61478.72190091506	192.3526894194647	-308630.2991852723	240330.92675699425	-308630.15676302975	-146.44205637420538	0.056777230087517984	0.0	0.0	0.0	0.0586042300675587	0.0	0.0	0.0	-0.11488286398516795	108062540.43003856	0.11505389812202518
280	1283.0	nan	nan	1	1	6.000000000000838e-05	6.000000000000867e-05	5.999999999999513e-05	1.0588100000000134	9.01514106421697e-20	-1.7744052754897765e-18	-2.3852447794681098e-20	1.0602095187803693	-1.42785089307651e-17	6.413055850251759e-20	7.3720326718151875e-19	0.8912727155507295	103905147.0343198	-90382.97335174713	317946.65083962673	-90500.60427529721	87.42631926607008	-400637.49545786984	267637.06920776615	-336797.56537305005	-170.86435328227137	1599.565890624997	109960004.8816244	-95776.28296229507	283233.4361216149	-95774.34007782774	92.6432001721454	-356896.1465014045	283233.066662897	-356894.86333498417	-152.2094910043435	0.05714563598054695	0.0	0.0	0.0	0.05846654781872804	0.0	0.0	0.0	-0.115104820284481	109962991.63210145	0.11527646412652617
284	1286.9	nan	nan	1	1	6.000000000000838e-05	6.000000000000867e-05	5.999999999999513e-05	1.059200000000011	1.716983217929513e-18	2.7318642140117254e-18	-9.465084965798454e-20	1.060065870669714	2.558825547283039e-18	4.1687573532067646e-20	3.500888814955694e-19	0.8910707845124175	105137915.3717761	-116003.12026454104	360477.35439118027	-116097.50200850642	25.97055862303474	-453856.51229187095	303259.13456831477	-381502.88394425163	-133.89682294324024	1599.565890624997	111304905.34200287	-122907.81393221958	321045.9255013179	-122907.33961963943	27.516368350061725	-404210.6452973596	321047.1612250093	-404210.5537117877	-119.25029109276679	0.05751390620061712	0.0	0.0	0.0	0.058331048334472654	0.0	0.0	0.0	-0.11533141076961322	111308745.63006547	0.11550355552188245
288	1290.8	nan	nan	1	1	6.000000000000838e-05	6.000000000000867e-05	5.999999999999513e-05	1.0595899999999827	2.2299328182595613e-19	-2.520661630811549e-18	3.3501847129802087e-20	1.0599236265192225	1.048857181662477e-17	5.399326818977812e-20	-1.9092800257469732e-19	0.8908663993808338	106037528.13138404	-135449.7434721093	398307.79773075215	-135492.07350305247	14.047962842967594	-505274.76989588124	334884.24033498706	-424683.94255299424	-88.91619367738731	1599.565890624997	112298108.98989405	-143492.0224713757	354655.24316909566	-143491.68549704406	14.88205550093574	-449899.1669396514	354656.2012794195	-449899.39638087753	-79.17142087095391	0.05788204084763376	0.0	0.0	0.0	0.05819685507465385	0.0	0.0	0.0	-0.11556080733232843	112302799.79661798	0.11573364625333442
292	1294.7	nan	nan	1	1	6.000000000000838e-05	6.000000000000867e-05	5.999999999999513e-05	1.0599799999999933	5.724858521266584e-19	1.9911372897696287e-18	1.3183898417423734e-19	1.0597821861528316	-1.1606601096891823e-17	-1.438465232345143e-19	-2.688279286677808e-19	0.8906605623699667	106716959.55575404	-151228.47082666904	434485.888788393	-151200.1775993183	-1.647471184081165	-552444.2280267472	365082.143264778	-464284.6538901402	-68.40719807878952	1599.565890624997	113058860.92517515	-160185.67189230307	386777.6673670924	-160185.5967619853	-1.7450502349306611	-491783.7273437072	386777.99136577704	-491784.0458620976	-60.89582466720526	0.05825004002143959	0.0	0.0	0.0	0.05806340224760956	0.0	0.0	0.0	-0.11579188664373148	113064426.05683377	0.11596578858197318
296	1298.6	nan	nan	1	1	6.000000000000838e-05	6.000000000000867e-05	5.999999999999513e-05	1.060369999999988	1.2606560760575202e-19	-1.551926989695751e-18	4.0896105946153225e-19	1.0596411879262384	1.9180620633441058e-18	-2.5612921072254437e-19	-4.974861668449737e-19	0.8904538823373405	107245541.45777966	-165396.11116243945	468282.3359101551	-165282.45115107505	-3.542190293976106	-592188.3031575426	393243.9542120619	-497636.7131806615	-53.620282865620105	1599.565890624997	113660348.57532316	-175168.6690477893	416765.2623146645	-175168.69005328952	-3.7514833628742466	-527039.981180245	416765.529861	-527039.965477549	-47.721362819382804	0.058617903821654466	0.0	0.0	0.0	0.05793034886287726	0.0	0.0	0.0	-0.11602396609732062	113666737.15064225	0.11619940634184675
300	1302.5	nan	nan	1	1	6.000000000000838e-05	6.000000000000867e-05	5.999999999999513e-05	1.0607599999999726	-6.610787221458803e-19	-2.7822796150323014e-18	-9.475926987523309e-20	1.0595004261776906	7.74358875632597e-18	1.1549463642401836e-19	-4.8951728087720527e-20	0.8902467266386311	107667678.20607148	-178164.5793231642	498854.52542336413	-177952.94306016152	-11.882647590937907	-625122.5522463768	418665.6083214941	-525259.9726137837	-39.881971796899336	1599.565890624997	114149450.8712664	-188666.08895108404	443869.84950352117	-188666.00515304593	-12.583043475217067	-556220.3789799692	443869.9717951965	-556220.2380072732	-35.486106504435945	0.058985632347845096	0.0	0.0	0.0	0.0577975009702987	0.0	0.0	0.0	-0.11625663373229464	114156596.87683019	0.11643415429058922
304	1306.4	nan	nan	1	1	6.000000000000838e-05	6.000000000000867e-05	5.999999999999513e-05	1.0611500000000071	2.1421124422882353e-19	3.507827708859601e-18	-6.114900252818245e-19	1.0593597653274724	-1.50487261540988e-19	2.3113835064675347e-19	2.80483102022e-19	0.8900393438098371	108014168.90560387	-188926.2797609866	525991.4225570555	-188607.54718193927	-11.197520877551986	-653348.4586484513	441175.31713103375	-548921.7390453992	-24.959666669444996	1599.565890624997	114558692.75308478	-200035.1837447008	467905.77927253104	-200035.18304539536	-11.855937400873621	-581198.6784770241	467905.90639666305	-581198.4498415008	-22.203351200242214	0.059353225699519854	0.0	0.0	0.0	0.05766473067144796	0.0	0.0	0.0	-0.11648961070512422	114566523.08704159	0.11666979876805011
308	1310.3	nan	nan	1	1	6.000000000000838e-05	6.000000000000867e-05	5.999999999999513e-05	1.0615399999999857	9.767306321378787e-19	-2.4555010802451704e-18	1.6371452804531117e-19	1.0592191133361555	-1.8481635492839654e-17	1.0961283963828449e-19	1.7574917215990027e-19	0.8898319015317662	108305786.77736464	-196807.65770470764	549591.3595186475	-196377.36916067798	-11.708180167866288	-677762.9935489047	460692.79074362596	-569376.8999716456	-13.29579079639737	1599.565890624997	114910014.91873735	-208351.9922306269	488784.835921779	-208351.99199782757	-12.39495806117329	-602775.62202907	488784.7365545256	-602775.383959834	-11.824750899576163	0.05972068397592094	0.0	0.0	0.0	0.05753195110591884	0.0	0.0	0.0	-0.11672270877842937	114918454.9582545	0.11690618070311481
312	1314.2	nan	nan	1	1	6.000000000000838e-05	6.000000000000867e-05	5.999999999999513e-05	1.061929999999981	6.924257174578674e-19	-3.0087694488645235e-18	3.1951438023147816e-19	1.0590783970529347	-2.3527187142935445e-18	2.4722520038100716e-19	-1.4609624274242171e-19	0.8896245227405245	108556707.04732208	-202032.91891904463	570003.0690777266	-201490.42503026754	-10.48027608647733	-698965.270292914	477515.97263897007	-587129.7643428823	-6.226884446983575	1599.565890624997	115218390.89197499	-213855.04626854623	506819.3582218734	-213855.07338581557	-11.093538317280416	-621486.3549461467	506819.1868485357	-621486.1597356835	-5.536646643408721	0.06008800727634933	0.0	0.0	0.0	0.05739909320211926	0.0	0.0	0.0	-0.11695578983548904	115227366.7608015	0.11714318076016057
316	1318.1	nan	nan	1	1	6.000000000000838e-05	6.000000000000867e-05	5.999999999999513e-05	1.0623199999999744	3.7147476934784596e-19	9.237402509576497e-19	-2.520770051028798e-19	1.058937578682689	-3.006167363650558e-18	1.1831356207248068e-19	7.367153762039003e-20	0.8894172816400471	108776730.18337376	-205176.6234801252	587738.7656866903	-204523.31534371388	-7.180712334747193	-717704.6051504978	492078.560267817	-602810.4947736303	-1.6951353604141624	1599.565890624997	115494173.60812141	-217153.56169878913	522466.70336763194	-217153.53319956566	-7.599877766656851	-637999.0242886918	522466.58428322885	-637998.8311981516	-1.5068799868640992	0.06045519569991092	0.0	0.0	0.0	0.05726612123961484	0.0	0.0	0.0	-0.11718877042189822	115503622.01362798	0.11738072728427122
320	1322.0	nan	nan	1	1	6.000000000000838e-05	6.000000000000867e-05	5.999999999999513e-05	1.0627099999999785	8.727285387422068e-19	1.4148838350935832e-19	1.3140530330524313e-19	1.0587966429897597	-4.122136659789888e-19	7.848268476079446e-20	3.338800590169111e-19	0.8892102212221131	108972847.43132566	-206642.2897555821	603438.5426562177	-205881.332764022	-4.743167325384799	-734545.5274430236	504920.0267653895	-616893.9947015308	1.4150905094052433	1599.565890624997	115744748.93712008	-218675.4314622537	536297.4388316353	-218675.4199171384	-5.019370248959937	-652816.9104659812	536297.2805506786	-652816.8102346843	1.257641602686358	0.060822249345631484	0.0	0.0	0.0	0.05713302078565457	0.0	0.0	0.0	-0.1174216021064819	115754620.43856497	0.11761877907589303
324	1397.9	nan	nan	1	1	6.000000000000838e-05	6.000000000000867e-05	5.999999999999513e-05	1.070299999999988	-1.4069149491258148e-18	7.162239551439242e-19	1.4344536843069466e-18	1.0560353836335536	-9.950265437985718e-18	-1.429811943755993e-18	-8.518576469218609e-19	0.8852273349068034	111277594.43503918	-167893.20867769406	712721.1916437512	-165656.80448774254	1903.6645656824667	-869706.6067444575	589485.0471796022	-729030.6898802521	2320.1039833402738	1599.565890624997	119034935.96505868	-177203.70083093992	630573.4436641327	-177205.0089192579	2009.2319923865775	-769464.8291956797	630579.0055908018	-769458.9750447574	2052.6904146902602	0.0679389830081817	0.0	0.0	0.0	0.05452169195145928	0.0	0.0	0.0	-0.12191079136018777	119045771.75099508	0.12233958357742164
328	1473.8	nan	nan	1	1	6.000000000000838e-05	6.000000000000867e-05	5.999999999999513e-05	1.0778900000000007	9.67135442911382e-19	-7.78023478975598e-19	-6.871673369213127e-19	1.053268912063949	-2.293521275675836e-18	-2.0925101928970236e-20	1.2372915192404577e-18	0.8813131054933678	112935262.99067298	-155806.38249805625	743660.862056867	-152249.6706333778	-2296.9984144462455	-902694.5173384689	608046.1227952066	-755326.4959354181	-3203.6983584205477	1599.565890624997	121663434.81286286	-164013.86885736676	655030.0393918807	-164016.2460144409	-2417.998484222977	-795109.7811112675	655038.8059929359	-795115.1863139591	-2821.8758966441937	0.07500542646396123	0.0	0.0	0.0	0.05189857762743656	0.0	0.0	0.0	-0.12634231834897716	121679469.93331498	0.12723089928934095
332	1549.7	nan	nan	1	1	6.000000000000838e-05	6.000000000000867e-05	5.999999999999513e-05	1.0854800000000022	-5.776087073916525e-19	2.3595491879802035e-18	5.193870507291809e-19	1.0505111682043826	-1.012655671123186e-17	6.18103658533986e-19	3.480831074764712e-19	0.8774576088725824	114345505.40848024	-167219.6235715469	763406.3702558858	-161837.60195908762	2158.788656610019	-910387.5870008897	617110.8333165402	-760410.6264451401	3758.7911928875587	1599.565890624997	124048717.97582948	-175565.5377959104	669473.3287782412	-175570.9327759771	2266.5335765648774	-798369.2985736873	669478.0651713774	-798362.6426502859	3296.2921847787247	0.08202228547739149	0.0	0.0	0.0	0.04927687256899768	0.0	0.0	0.0	-0.13072663378614646	124059435.79182424	0.1322754928292472
336	1625.6	nan	nan	1	1	6.000000000000838e-05	6.000000000000867e-05	5.999999999999513e-05	1.0930700000000118	-1.6324561060571118e-18	3.0724121163894226e-18	6.1257422745431e-21	1.0477682721515171	6.482444789290831e-18	-5.88559149333756e-19	-1.12117346656726e-18	0.8736544766978708	115542140.2373858	-188825.0891427488	782240.8297006513	-181008.3440169045	1950.8541610354696	-915086.4782728998	625222.1531478169	-763016.0887298484	3296.6508560594675	1599.565890624997	126222116.4484714	-197729.7497881278	683010.3145949825	-197739.5972560844	2042.853028090221	-799003.9380148039	683013.6888467707	-798998.5917327584	2878.456931439718	0.08899025105951623	0.0	0.0	0.0	0.046662447090226974	0.0	0.0	0.0	-0.13507031707827638	126233250.49843965	0.13745429846996648
340	1701.5	nan	nan	1	1	6.000000000000838e-05	6.000000000000867e-05	5.999999999999513e-05	1.1006600000000035	-2.1390360186238077e-18	6.39050444506406e-18	-5.718624358774793e-19	1.0450420285581552	-1.4213890481284963e-18	9.324138683375337e-21	-1.433369482134461e-18	0.8699011958068534	116556861.69369188	-214582.43230089179	801031.6123497984	-203748.44044878572	2308.9050812327164	-918341.4896501047	633094.6668813836	-764430.554813857	3733.0147748554555	1599.565890624997	128213619.55682264	-224115.06573033426	696406.3381741064	-224125.1578791466	2411.476132957519	-798394.0011112902	696409.954621969	-798389.7013440246	3245.433900019014	0.09590999987629568	0.0	0.0	0.0	0.044057103323961656	0.0	0.0	0.0	-0.13937564182094508	128224509.69494702	0.1427473510640746
344	1777.4	nan	nan	1	1	6.000000000000838e-05	6.000000000000867e-05	5.999999999999513e-05	1.1082500000000035	-2.649654584283012e-19	-2.2871244828581715e-18	-9.45857975276354e-19	1.042332702102407	-1.4699829894992966e-17	5.876375774871434e-20	1.1935439615806675e-18	0.8661964749265847	117411642.49133696	-242294.93064683603	819920.2474661332	-227895.1482182933	2624.3890075739114	-917874.2213532176	640842.1149502862	-762766.6351057742	4178.636978787261	1599.565890624997	130043421.66449228	-252400.4796318626	709786.1287071705	-252413.34016113562	2733.8460713309023	-794582.6343815455	709787.3737776389	-794579.8289461376	3617.350069853646	0.10278219464302903	0.0	0.0	0.0	0.04146118421330225	0.0	0.0	0.0	-0.14364351979360787	130054074.1193573	0.14813631147712522
348	1853.3000000000002	nan	nan	1	1	6.000000000000838e-05	6.000000000000867e-05	5.999999999999513e-05	1.115840000000009	-7.378199071671198e-19	6.717825080937434e-18	-8.668196369021608e-20	1.0396408268197626	-1.246398817489336e-18	-7.357395942486633e-19	4.539283445653686e-19	0.8625388281943485	118126702.94263284	-271421.4525456503	838672.2488392845	-252897.11096960772	2851.817679126802	-914816.4220218738	648290.4663210363	-758974.7384724087	4487.702387672609	1599.565890624997	131730427.7453076	-282009.4036560778	722947.9341613454	-282021.28539689886	2963.0649879863304	-788585.3423109092	722948.9887070544	-788581.7844506325	3868.4661079331504	0.1096074845051574	0.0	0.0	0.0	0.03887529467603512	0.0	0.0	0.0	-0.14787511289356517	131740949.74318793	0.15360558827264026
352	1929.2	nan	nan	1	1	6.000000000000838e-05	6.000000000000867e-05	5.999999999999513e-05	1.1234300000000073	5.807427292964934e-19	4.3488433340566065e-18	6.97467257559925e-19	1.036966756104763	9.195443885501309e-18	-9.665662367708272e-20	-3.2160146941351276e-19	0.8589269427268994	118719566.45546937	-302371.1859771347	855555.8135095242	-279103.21242744697	2970.6803617073024	-911229.1320728791	654124.6824101332	-754777.2082723452	4644.200887035347	1599.565890624997	133291127.74800394	-313356.10507262836	734408.1638724552	-313360.15665538365	3078.6029579906403	-782198.0789395738	734411.5145413319	-782197.6998816924	3986.5769038626113	0.11638650540624754	0.0	0.0	0.0	0.036299870975345254	0.0	0.0	0.0	-0.15207140982676262	133301654.81960675	0.15914162853449446
356	2005.1	nan	nan	1	1	6.000000000000838e-05	6.000000000000867e-05	5.999999999999513e-05	1.1310200000000004	2.445146949497934e-19	-5.809263660394582e-18	1.089623183347932e-20	1.0343104393900726	7.744456118063958e-19	8.366788165070637e-19	9.467117844871865e-19	0.855359857866999	119205406.45791028	-332284.9498295472	871468.170617173	-303869.7818401465	3092.1474935831857	-908525.1101247465	659074.9796580701	-751340.2584212049	4794.266067118386	1599.565890624997	134739887.3460266	-343472.1444868267	744955.5102250637	-343469.1545425798	3196.252286585333	-776632.8246801553	744963.5981323418	-776635.9864676314	4098.273516582416	0.1231198804435924	0.0	0.0	0.0	0.03373496254421956	0.0	0.0	0.0	-0.15623301219905927	134750445.95778084	0.16473246566866973
360	2081.0	nan	nan	1	1	6.000000000000838e-05	6.000000000000867e-05	5.999999999999513e-05	1.138610000000006	-7.595513844618762e-19	7.196934020958778e-19	5.070542510171583e-19	1.031671843971731	-3.3356564038689028e-18	3.6700243538634323e-19	2.8254308614972244e-19	0.8518366087366132	119596847.69756575	-359509.1242593579	887967.5998264496	-325741.0904188556	3051.284429169515	-907361.843634257	664329.2455200233	-749197.0657738127	4428.101563308955	1599.565890624997	136088633.80411246	-370662.47638791957	755928.2011060342	-370659.10032230895	3145.9469770340156	-772438.5510741108	755936.8090332778	-772440.0327095622	3769.649759429488	0.12980822021189747	0.0	0.0	0.0	0.031180635845258257	0.0	0.0	0.0	-0.1603605443270821	136099564.9746973	0.17036779560957016
364	2156.9	nan	nan	1	1	6.000000000000838e-05	6.000000000000867e-05	5.999999999999513e-05	1.1462000000000128	8.838822685916513e-19	4.605690828718423e-19	8.044780119842443e-20	1.0290506479312627	-5.496905014501508e-19	-2.0556473190325163e-19	-7.362952478620621e-19	0.848356494109657	119905053.24479976	-384027.9776179966	898690.2449990547	-344775.4633069504	2856.4877308607574	-905386.6676186993	665170.55914405	-746409.7886119967	3935.844226169241	1599.565890624997	137348002.3214249	-394933.58941873	761926.139138978	-394930.98792070383	2937.606160042792	-767603.4895508924	761934.9229172101	-767606.305202689	3336.881213727566	0.13645212313551117	0.0	0.0	0.0	0.02863667617634811	0.0	0.0	0.0	-0.16445433753379568	137359343.1264044	0.1760385110967005
368	2232.8	nan	nan	1	1	6.000000000000838e-05	6.000000000000867e-05	5.999999999999513e-05	1.1537900000000114	-1.3429741260034821e-18	4.005910186899442e-18	4.99898516678754e-19	1.0264465758570351	-3.670783295384172e-18	-5.891554605286231e-19	4.0915079484171725e-19	0.8449187897959161	120139467.28956431	-405497.72761745	906445.9963269917	-360741.1940664101	2501.483778482282	-905548.4076999255	663797.158887929	-745404.8362322074	3171.27783013135	1599.565890624997	138526985.41013464	-415955.3225765528	765383.0042080864	-415953.15223786497	2565.995864174694	-764625.1001710995	765392.2679957177	-764628.475051774	2677.7570452512973	0.1430521757897559	0.0	0.0	0.0	0.02610291117072249	0.0	0.0	0.0	-0.1685147629939078	138538910.64706993	0.18173676136116715
372	2308.7	nan	nan	1	1	6.000000000000838e-05	6.000000000000867e-05	5.999999999999513e-05	1.1613799999999919	6.894170564292201e-19	-9.277517989958462e-19	1.0378525296117491e-18	1.0238598755543578	-7.758225485654524e-18	9.514958265732787e-19	4.670742959067553e-19	0.8415223555360335	120308013.82936904	-424953.72548647487	915837.3506418096	-374632.2786081617	1780.0694077475996	-906731.0736951682	663614.5154796301	-745256.8064586807	1475.0694521006112	1599.565890624997	139633098.6497949	-434812.1192362375	770199.9480413301	-434809.4881732721	1821.3647866818505	-762541.7606718829	770210.9623123268	-762545.8301855576	1240.502382403467	0.14960895321169665	0.0	0.0	0.0	0.023579676974883574	0.0	0.0	0.0	-0.17254269941059056	139646217.10914382	0.18745609991268256
376	2384.6000000000004	nan	nan	1	1	6.000000000000838e-05	6.000000000000867e-05	5.999999999999513e-05	1.168970000000013	1.3391252082911587e-18	-2.7813038330770644e-18	1.4728886513215578e-19	1.021290768155782	-8.453958019738473e-18	-4.928783076119103e-19	-6.618512161937762e-19	0.8381661179368458	120418626.32024306	-444035.6053992396	927581.6016704001	-387934.8680718301	1584.7852885398397	-907868.6467078001	665095.4806747148	-745085.331067632	1583.619785498967	1599.565890624997	140674105.2689812	-453194.1854450498	776961.2403424433	-453188.94706134865	1617.4727188810798	-760449.2677990308	776970.4282586573	-760453.2960744166	1326.4721837479015	0.15612301920084834	0.0	0.0	0.0	0.02106728625408178	0.0	0.0	0.0	-0.17653896671709046	140687425.8511053	0.19319091253642925
380	2460.5	nan	nan	1	1	6.000000000000838e-05	6.000000000000867e-05	5.999999999999513e-05	1.1765600000000402	1.287598500043785e-18	3.907681470072255e-18	-6.650902701840767e-19	1.0187391016094474	-3.3887823103206927e-18	-7.106945240642481e-19	-1.185737705938772e-18	0.8348492287465002	120471887.42508322	-461344.41381271067	939083.0745004899	-399461.1626141602	-5085.845859813415	-909022.4348361276	666343.0320946331	-744937.4218339602	-6143.063062039243	1599.565890624997	141649383.42157745	-469681.1563750835	783478.2741802892	-469681.5879169264	-5177.749839520829	-758398.6420108802	783478.0516920583	-758398.8431169945	-5125.165788540339	0.16259492660995542	0.0	0.0	0.0	0.018565687709036036	0.0	0.0	0.0	-0.18050413481043956	141669460.62481636	0.19893616052720117
384	2536.4	nan	nan	1	1	6.000000000000838e-05	6.000000000000867e-05	5.999999999999513e-05	1.184149999999999	-1.4515027634692813e-18	-1.0980799602933189e-18	-9.612807511799604e-20	1.0162047597700263	-1.1614515772750966e-17	4.597017211338539e-19	-8.277883586926826e-19	0.8315711095231584	120484830.28451678	-475874.4054798615	948247.9824074374	-408376.9011389125	-869.292351306685	-909475.5838344505	665919.0382712802	-744239.5252629797	-2307.302461859029	1599.565890624997	142577748.67084575	-483265.9929893155	788014.0906090147	-483259.66875719704	-882.7947595303382	-755793.4089212421	788026.4847414163	-755799.5325162141	-1917.4170522627649	0.16902521762660463	0.0	0.0	0.0	0.01607486405751756	0.0	0.0	0.0	-0.1844384644348988	142594147.52518365	0.204687284573046
388	2612.3	nan	nan	1	1	6.000000000000838e-05	6.000000000000867e-05	5.999999999999513e-05	1.1917400000000036	1.8368553206249416e-18	5.249381658523067e-18	4.1559840963621696e-19	1.0136874554290733	1.7998840265431858e-17	3.4932993997482953e-19	-9.876539690256703e-19	0.8283309867183674	120452424.23617382	-487722.4761351053	953674.4856292844	-414855.76260975807	-1742.5916402878086	-909603.8021766715	662874.1678945761	-743281.572548331	-3168.962037272378	1599.565890624997	143452316.26097408	-494068.7045987847	789431.7247441383	-494070.7539758272	-1765.2661841304607	-752950.9378793283	789447.2475505847	-752953.1273833966	-2623.200268466752	0.1754144240459893	0.0	0.0	0.0	0.013594628296670653	0.0	0.0	0.0	-0.18834246205910274	143469506.69313696	0.21044044126893052
392	2688.2	nan	nan	1	1	6.000000000000838e-05	6.000000000000867e-05	5.999999999999513e-05	1.1993300000000258	1.9911372897696287e-18	2.8080836267374563e-18	2.0040121905678944e-19	1.0111869491207004	-4.995027828857967e-18	2.5630539357557324e-19	2.384160577295624e-19	0.8251282706374506	120381518.65533993	-496119.8894964194	956722.7282231388	-418297.7873567828	-2767.095439380805	-908706.8847226562	658231.6643834872	-741506.6981196865	-4221.538860612055	1599.565890624997	144280252.87842324	-501333.2090066415	788889.0688125496	-501340.33207467286	-2796.1725897756646	-749296.4335067119	788907.0685487839	-749298.58757647	-3480.972869631143	0.18176306753454535	0.0	0.0	0.0	0.011124837998747705	0.0	0.0	0.0	-0.19221642517260373	144298310.75046256	0.21619216536977723
396	2764.1000000000004	nan	nan	1	1	6.000000000000838e-05	6.000000000000867e-05	5.999999999999513e-05	1.2069200000000229	-6.784395094328044e-19	-8.676869986401492e-19	6.579209833185162e-19	1.0087030581194691	-1.0107095282235746e-17	5.564125549195608e-19	-1.6122086304859452e-19	0.8219622960584271	120276085.75083926	-501425.7760879182	960353.7071395009	-419083.48722218425	-3673.6252334483856	-904413.3467976161	654058.1083007117	-736978.5585673787	-4994.085133115733	1599.565890624997	145065470.83049262	-505447.75816737686	788840.8558088874	-505458.2796875453	-3703.09171794156	-742891.075641131	788862.115347664	-742889.9310912029	-4102.17439793482	0.1880716598856549	0.0	0.0	0.0	0.008665404817358684	0.0	0.0	0.0	-0.1960607535200108	145084155.1803244	0.2219394888973466
400	2840.0	nan	nan	1	1	6.000000000000838e-05	6.000000000000867e-05	5.999999999999513e-05	1.2145100000000115	-8.685543603781375e-19	4.751299180483226e-18	9.887381711981558e-19	1.0062357244407232	-1.1376533395890398e-18	-7.04948252550075e-19	1.2652639352905837e-19	0.8188323142111679	120139670.45435385	-505458.35291464656	969301.0545033633	-418786.3051262859	-4260.805181608651	-893258.6635425454	653531.1860351743	-726891.0678855458	-5318.684198957507	1599.565890624997	145811484.34792143	-508263.95268675237	793154.6197309972	-508273.849462955	-4284.455229090461	-730931.048008107	793179.7377424298	-730925.7532412153	-4352.145211948461	0.1943407032672886	0.0	0.0	0.0	0.006216362758795285	0.0	0.0	0.0	-0.19987596064500293	145830426.95286024	0.22767988803184366
