6	header
postResults v2.0.3	--cr f,p,texture --time RVE_1_40_D_tensionX.spectralOut
addCauchy v2.0.3	RVE_1_40_D_tensionX.txt
addStrainTensors v2.0.3	--left --logarithmic RVE_1_40_D_tensionX.txt
addMises v2.0.3	-s Cauchy RVE_1_40_D_tensionX.txt
addMises v2.0.3	-e ln(V) RVE_1_40_D_tensionX.txt
inc	time	elem	node	ip	grain	1_pos	2_pos	3_pos	1_f	2_f	3_f	4_f	5_f	6_f	7_f	8_f	9_f	1_p	2_p	3_p	4_p	5_p	6_p	7_p	8_p	9_p	texture	1_Cauchy	2_Cauchy	3_Cauchy	4_Cauchy	5_Cauchy	6_Cauchy	7_Cauchy	8_Cauchy	9_Cauchy	1_ln(V)	2_ln(V)	3_ln(V)	4_ln(V)	5_ln(V)	6_ln(V)	7_ln(V)	8_ln(V)	9_ln(V)	Mises(Cauchy)	Mises(ln(V))
0	0.0	nan	nan	1	1	0.001500000000000045	0.001500000000000028	0.0014999999999998368	1.0	0.0	0.0	0.0	1.0	0.0	0.0	0.0	1.0	2.7716487604837245e-12	-1.1931922846408178e-15	-2.8066754232013122e-14	-1.1931922846409345e-15	2.7018729684354e-12	-1.6832583398957215e-14	-2.806675423201312e-14	-1.6832583398957266e-14	2.699121388890668e-12	1599.565890624997	2.7716487604837245e-12	-1.1931922846408178e-15	-2.8066754232013122e-14	-1.1931922846409345e-15	2.7018729684354e-12	-1.6832583398957215e-14	-2.806675423201312e-14	-1.6832583398957266e-14	2.699121388890668e-12	0.0	0.0	0.0	0.0	0.0	0.0	0.0	0.0	0.0	9.102600058540028e-14	0.0
2	2.0	nan	nan	1	1	0.001500000000000045	0.001500000000000028	0.0014999999999998368	0.999933185913899	1.8567723209977812e-23	-3.694122441212817e-22	6.4453913330131915e-24	1.000200000000001	1.8404437757059845e-22	1.134891800422754e-24	1.8065624578158126e-24	0.9999338800589289	-9.06991582229691e-12	-0.0004941626033697464	0.0027412009144695843	-0.0004942944617231621	14.158906776135792	0.000727480346010325	0.0027412028173876305	0.0007272867876951757	1.1090607762026527e-11	1599.565890624997	-9.068701823887736e-12	-0.0004942283009447595	0.002740835910359302	-0.0004942283009447759	14.160789164308603	0.0007273834784968779	0.0027408359103592156	0.0007273834784968772	1.1089130994162745e-11	-6.681631826146364e-05	0.0	0.0	0.0	0.0001999800026671327	0.0	0.0	0.0	-6.612212709119347e-05	14.160790041963084	0.0001776332690462963
4	4.0	nan	nan	1	1	0.001500000000000045	0.001500000000000028	0.0014999999999998368	0.9998663539893822	-3.854661654497109e-24	4.0913676585852832e-22	-5.2079291366338625e-24	1.0003999999999935	1.3743572790344053e-21	5.161607022330893e-25	7.580944877925988e-23	0.9998677425139986	-2.7206383955598325e-12	-0.0009883614006021514	0.005482594259818842	-0.0009888889062196684	28.326310375535144	0.0014554063112549526	0.005482601873553425	0.0014546319700870407	4.510008859426318e-14	1599.565890624997	-2.719910303826406e-12	-0.000988624261775589	0.005481134630756346	-0.000988624261775611	28.333843942892116	0.0014550188389655628	0.005481134630756292	0.0014550188389655136	4.508808161430193e-14	-0.00013365494204167923	0.0	0.0	0.0	0.00039992002132067657	0.0	0.0	0.0	-0.0001322662327937376	28.333845697189147	0.00035525464391642804
6	6.0	nan	nan	1	1	0.001500000000000045	0.001500000000000028	0.0014999999999998368	0.9997995042228781	-9.589670277449761e-23	-9.113015721272203e-22	-1.690095427568346e-23	1.000599999999987	2.2500768499320446e-21	3.427836458419747e-24	-2.04082000729083e-23	0.9998015873617155	-1.0873223875093597e-11	-0.001482596338708386	0.008224179771040941	-0.0014837833888153144	42.50221249605808	0.0021837779609319118	0.00822419690658492	0.002182035450514959	-8.089460221474832e-12	1599.565890624997	-1.086886037205098e-11	-0.0014831879358550824	0.008220896477135604	-0.0014831879358551839	42.51917206015821	0.0021829061433076198	0.008220896477135692	0.0021829061433076037	-8.086230710911842e-12	-0.00020051587908716245	0.0	0.0	0.0	0.0005998200719544568	0.0	0.0	0.0	-0.00019843232467626188	42.51917469008939	0.0005328641403783817
8	8.0	nan	nan	1	1	0.001500000000000045	0.001500000000000028	0.0014999999999998368	0.999732636610824	4.9544809969476146e-23	-6.806703824576354e-23	-2.650948427109943e-23	1.0008000000000166	1.3014793583460334e-21	2.185080306120078e-23	1.0233216794016016e-22	0.9997354145986068	-2.257740400885e-13	-0.001976867365484776	0.010965957183074864	-0.0019789779656331575	56.686614836164466	0.0029125953601532085	0.010965987654516984	0.0029094971322349604	2.5860017634216083e-12	1599.565890624997	-2.256532697981164e-13	-0.001977919377386514	0.010960121765231675	-0.0019779193773864787	56.71678124718328	0.0029110454534144823	0.010960121765231765	0.002911045453414532	2.584625650003056e-12	-0.0002673991371388652	0.0	0.0	0.0	0.0007996801705808841	0.0	0.0	0.0	-0.0002646204102858596	56.716784751716716	0.0007104617742035216
10	10.0	nan	nan	1	1	0.001500000000000045	0.001500000000000028	0.0014999999999998368	0.9996657491670979	2.0100488885038573e-23	1.0802581753248516e-21	2.2499312661442352e-23	1.0010000000000077	1.4424176998352684e-21	1.8211208365967456e-23	-8.24004239000824e-23	0.9996692167745603	1.088686952845086e-10	-0.0024747620781316814	0.013691857928273406	-0.002478065135545265	70.8775084517792	0.0036596202116117205	0.01369190542213669	0.003654754915718477	9.58723334679168e-11	1599.565890624997	1.0879592321556925e-10	-0.002476408700456799	0.013682753220185015	-0.0024764087004566903	70.92466792977376	0.0036571866650531998	0.01368275322018471	0.0036571866650531837	9.580858100900642e-11	-0.00033430670716273455	0.0	0.0	0.0	0.000999500333091187	0.0	0.0	0.0	-0.00033083794627849605	70.92467230174712	0.000888050698063434
12	12.0	nan	nan	1	1	0.001500000000000045	0.001500000000000028	0.0014999999999998368	0.9995987677633941	2.6079350352571855e-23	-3.877240376497357e-21	5.765117997249582e-23	1.0012000000000032	-3.7110101605987e-21	-1.0984958534704207e-23	7.009197638529336e-23	0.9996027008014916	2.2274906859194586e-09	-0.0030716086986211024	0.01570838794133733	-0.003076529031680563	84.99641552878556	0.005132684839115295	0.015708449747825527	0.005124496232065773	2.2955423873635692e-09	1599.565890624997	2.225705171719224e-09	-0.0030740629444817344	0.015695858153046943	-0.003074062944478477	85.06432850906646	0.005128590755455307	0.015695858153048164	0.005128590755457056	2.293711349052529e-09	-0.00040131275179735703	0.0	0.0	0.0	0.0011992805754852918	0.0	0.0	0.0	-0.00039737814274530883	85.06433348149353	0.0010657531028434428
14	14.0	nan	nan	1	1	0.001500000000000045	0.001500000000000028	0.0014999999999998368	0.9995307598779009	1.0058516248644816e-22	1.025465731549339e-21	9.878521747353278e-23	1.001399999999996	-5.398352731088469e-21	-4.8757334026325665e-23	1.9116474828345492e-22	0.9995318310563733	7.406443228482667e-06	-0.004634088710886603	0.005933727327091167	-0.004642754999150507	97.97915227957328	0.016660293115719343	0.005933733676626403	0.016629212389628088	8.215794652925112e-06	1599.565890624997	7.399552945182337e-06	-0.0046384358036712335	0.005928213478295825	-0.004638435800818554	98.07106343891691	0.016644811727367245	0.005928213468775024	0.01664481173044848	8.2081602189593e-06	-0.00046935024969744577	0.0	0.0	0.0	0.0013990209137036394	0.0	0.0	0.0	-0.0004682785689231087	98.0710607391435	0.0012452237023966174
16	16.0	nan	nan	1	1	0.001500000000000045	0.001500000000000028	0.0014999999999998368	0.9994600643050782	1.3065483211397583e-22	8.675999660048188e-21	7.220955875342911e-23	1.0015999999999763	-7.652942678442603e-22	-2.991085094991748e-23	3.110728498791418e-22	0.9994457874984295	0.00015110031164117553	-0.005071643514884048	-0.05066936442081236	-0.005082502048490126	107.1433644061632	0.061056585262495654	-0.05066864064233683	0.06092526555772955	0.0004755789943608396	1599.565890624997	0.00015094259161272403	-0.005077197201749596	-0.05061575219543863	-0.005077196881617961	107.26069140162075	0.06099198252971895	-0.050615752204471225	0.060991981573181926	0.00047507579388615174	-0.0005400815126896666	0.0	0.0	0.0	0.0015987213636731309	0.0	0.0	0.0	-0.0005543661340847278	107.26046660456106	0.0014306538961333865
18	18.0	nan	nan	1	1	0.001500000000000045	0.001500000000000028	0.0014999999999998368	0.9993881757845224	6.030874584450618e-22	-1.2883053490382689e-20	-3.282252670610414e-22	1.0017999999999987	4.669269121739331e-22	-2.676094717731555e-23	-4.372807590200325e-22	0.9993439504304712	-0.00026807766363463306	-0.00022686020556436564	-0.14635906935173082	-0.00022740530591388572	112.66532613602956	0.1386295154018026	-0.14635259374494988	0.13828964280315187	0.00015612823761105004	1599.565890624997	-0.00026777166233490825	-0.00022714810952344293	-0.1461855362292678	-0.0002271457306914277	112.80830755211619	0.13846514695658246	-0.14618553736547812	0.13846514355068654	0.00015594312150791204	-0.0006120114562890892	0.0	0.0	0.0	0.0017983819413780675	0.0	0.0	0.0	-0.0006562648642154517	112.80890255949078	0.00162188132432274
20	20.0	nan	nan	1	1	0.001500000000000045	0.001500000000000028	0.0014999999999998368	0.9993168200909236	-6.954140496957805e-22	6.26550271084006e-21	-3.49824607216026e-22	1.0019999999999982	1.4106274945336303e-20	4.117374217043951e-23	8.724439356719294e-22	0.9992330169365293	-0.00016337810667202773	0.00869455713428261	-0.2448785050566062	0.008717904418114118	116.3417821751095	0.23322880104766366	-0.24485797132712311	0.2325847454407016	0.00019122278372108765	1599.565890624997	-0.00016317715678229193	0.008707179400992787	-0.24455680189908122	0.008707181672164662	116.51068059989082	0.23292240240436318	-0.2445568037879626	0.23292239883055574	0.00019097156945751002	-0.0006834133828129198	0.0	0.0	0.0	0.0019980026626717283	0.0	0.0	0.0	-0.0007672773454623215	116.51213613039053	0.001816210872277142
22	22.0	nan	nan	1	1	0.001500000000000045	0.001500000000000028	0.0014999999999998368	0.9992462314997838	-1.7618285302889446e-22	1.657770532718754e-20	5.21772295508649e-22	1.002200000000001	4.889074171551822e-21	-5.717472393966528e-23	2.8481482851425847e-21	0.9991172978326007	-7.729431072606746e-05	0.02212580240237155	-0.33165238871603586	0.022191207185077638	119.14578738373609	0.3297429663423286	-0.33160959706269205	0.3287286959760837	0.00023805870083751617	1599.565890624997	-7.719277475529487e-05	0.022162055210065007	-0.33117398365170686	0.022162056193976393	119.34100603565017	0.3292673155995863	-0.3311739854110843	0.3292673131969111	0.00023771530367843296	-0.0007540527265284069	0.0	0.0	0.0	0.0021975835434891954	0.0	0.0	0.0	-0.0008830919783652002	119.34367313665622	0.0020121502854161255
24	24.0	nan	nan	1	1	0.001500000000000045	0.001500000000000028	0.0014999999999998368	0.9991761441801138	-4.051358586717319e-21	1.0158677894657637e-20	1.7160887511372123e-21	1.0024000000000006	2.777759847225752e-20	-6.606856988583543e-23	7.3221763125398e-21	0.998998907173957	-2.9157738355598666e-05	0.039604867614297753	-0.4068295580398488	0.03973265387789139	121.47275386814627	0.41927701930235317	-0.4067573950192711	0.41785443213142504	0.00023881986037464095	1599.565890624997	-2.911707622613196e-05	0.039677243822635176	-0.4061901469448016	0.03967724442547313	121.69474015091589	0.41861804462182123	-0.40619014862806946	0.4186180433049097	0.00023844450891498566	-0.0008241953756016235	0.0	0.0	0.0	0.0023971245997221158	0.0	0.0	0.0	-0.0010015942541450426	121.69884848993368	0.0022090552326056237
26	26.0	nan	nan	1	1	0.001500000000000045	0.001500000000000028	0.0014999999999998368	0.999106290796556	-1.7957098481791168e-21	-1.973576179190679e-20	2.806220154253497e-21	1.0025999999999853	3.8210079767115117e-20	-4.010701005249112e-22	5.922454367202068e-21	0.9988789016624741	1.0129709376946406e-05	0.05901656937938239	-0.47269674047384663	0.059222941306848555	123.49132534861737	0.49831445220343495	-0.4725891597155595	0.4964649828487227	0.00021657911715174883	1599.565890624997	1.0114780094972738e-05	0.0591356570971039	-0.4718926508971587	0.059135657856042675	123.74051469067541	0.49746678514203724	-0.47189265238641986	0.4974667842471746	0.00021621070121882868	-0.0008941087996137539	0.0	0.0	0.0	0.0025966258472515185	0.0	0.0	0.0	-0.0011217272383508595	123.74614308750787	0.002406619953271829
28	28.0	nan	nan	1	1	0.001500000000000045	0.001500000000000028	0.0014999999999998368	0.9990364680506486	4.650210880426109e-22	6.251764895226779e-20	3.353403438179775e-21	1.00279999999999	2.6723889485873174e-21	-8.169632776267727e-22	6.166399856011307e-21	0.9987578553317737	5.903804042691989e-05	0.07832290051134705	-0.5302828689022443	0.07861795617252744	125.28048796380834	0.5658705990806349	-0.5301349840215053	0.5635896533748089	0.0001836615292113831	1599.565890624997	5.894641545524642e-05	0.07849594323034348	-0.5293122319253918	0.07849594385715854	125.55727643988523	0.5648348218383521	-0.5293122330876527	0.5648348203104244	0.00018332535264990586	-0.0009639964446547831	0.0	0.0	0.0	0.002796087301990781	0.0	0.0	0.0	-0.0012429167693555258	125.5643873171365	0.0026046787056146718
30	30.0	nan	nan	1	1	0.001500000000000045	0.001500000000000028	0.0014999999999998368	0.9989665150172804	-1.7931687493373538e-21	-1.0955460612316076e-19	1.748276003132876e-21	1.0030000000000139	-1.7401444868392347e-20	-8.072223987333482e-22	5.82250447942606e-21	0.9986361296923301	0.00010577301210138185	0.09639327743150411	-0.5799119962820212	0.09678248097153723	126.88281260720795	0.6220667841138997	-0.5797202039808793	0.6193602829181976	0.00015200306632446282	1599.565890624997	0.00010560066779012495	0.09662478517497651	-0.5787756198017715	0.09662478564176075	127.18754707017918	0.6208478024974756	-0.578775620128232	0.620847800567929	0.00015170520611359567	-0.0010340193965618705	0.0	0.0	0.0	0.0029955089798123177	0.0	0.0	0.0	-0.0013648012253077843	127.19602475047917	0.0028031260580964803
32	32.0	nan	nan	1	1	0.001500000000000045	0.001500000000000028	0.0014999999999998368	0.9988963113975814	-5.577711957669568e-21	5.608205143770723e-21	-4.421511984667448e-22	1.003200000000015	-2.738584573415241e-20	-3.3402744274973332e-21	6.710195008148567e-21	0.9985139840329036	0.00013518607956991655	0.11270006919482503	-0.6222136669813682	0.113185631166965	128.32777817711045	0.6677395126328286	-0.6219755141056931	0.6646204535594717	0.00011626353179011162	1599.565890624997	0.00013495540989905423	0.11299250107229776	-0.6209142303504239	0.11299250113190011	128.66076052017684	0.6663449994154422	-0.6209142296333597	0.6663449973723525	0.00011602072598228688	-0.0011042981152003066	0.0	0.0	0.0	0.0031948908965338967	0.0	0.0	0.0	-0.0014871211838727453	128.67045488065776	0.003001881513006935
34	34.0	nan	nan	1	1	0.001500000000000045	0.001500000000000028	0.0014999999999998368	0.9988257799364892	1.6364676540953082e-21	4.13140320023285e-20	-2.129440829397311e-21	1.0034	2.3038449132369716e-20	-3.538903653628467e-21	2.6935647722686752e-21	0.9983916144880086	0.00014116022240085813	0.12705039866242723	-0.6582769896218446	0.12763223850450803	129.640669355812	0.7042231207788269	-0.6579908508422738	0.7007080490502565	7.805930952613238e-05	1599.565890624997	0.00014090853918043828	0.12740467500515867	-0.656817680252102	0.12740467515649215	130.0021685930609	0.7026619551680825	-0.6568176785878658	0.7026619530722312	7.788626279415932e-05	-0.0011749100000339522	0.0	0.0	0.0	0.003394233068015174	0.0	0.0	0.0	-0.0016096803525575414	130.0129205918621	0.003200876378477293
36	36.0	nan	nan	1	1	0.001500000000000045	0.001500000000000028	0.0014999999999998368	0.9987548835938668	1.182203884482827e-20	-2.7786492318203693e-20	-2.949368722339474e-21	1.0036000000000014	-1.464392910860597e-20	-3.2500654186147506e-21	-7.212485545870368e-21	0.9982691648409804	0.00013120871948010566	0.13959527505922936	-0.6893744380153272	0.14027247403857554	130.84426781647943	0.7331186029660766	-0.6890391763957266	0.7292244851322658	4.527817046535504e-05	1599.565890624997	0.0001309647408332927	0.14001164118408754	-0.6877579309664016	0.14001164161420127	131.23453260679943	0.7313995206734331	-0.6877579288801327	0.7313995184412184	4.517199814784001e-05	-0.0012458922076079323	0.0	0.0	0.0	0.0035935355101313245	0.0	0.0	0.0	-0.0017323347848469106	131.24618894191593	0.0034000516798394385
38	38.0	nan	nan	1	1	0.001500000000000045	0.001500000000000028	0.0014999999999998368	0.9986836152873685	4.161472869860378e-21	4.593247914723257e-20	-2.9408983928669308e-21	1.0037999999999894	1.3837723149409328e-19	-6.217221832846564e-22	3.2915700330302112e-21	0.9981467349365253	0.00011530038669449465	0.1506839812592015	-0.716638585567034	0.15145595491168087	131.95844151512944	0.7559490072679649	-0.7162533268630109	0.7516916031424983	2.128449292832241e-05	1599.565890624997	0.00011507717236297225	0.1511627454433367	-0.7148667076340318	0.15116274566321347	132.3777095425853	0.7540799349190442	-0.7148667052554006	0.7540799327717822	2.1231867345365564e-05	-0.0013172519081127985	0.0	0.0	0.0	0.0037927982386858658	0.0	0.0	0.0	-0.0018549844838618077	132.39013370664986	0.003599358538743836
40	40.0	nan	nan	1	1	0.001500000000000045	0.001500000000000028	0.0014999999999998368	0.9986119851904407	6.11388381328154e-21	-1.7978168426354118e-19	-1.0503208545953324e-21	1.0040000000000247	-6.21370664611546e-20	2.9722386119153398e-21	-3.0755766314803643e-21	0.998024392143779	9.782451713281456e-05	0.16055134082834588	-0.740860543504515	0.16141759662701943	132.99985517848552	0.7739660725068612	-0.7404246113751666	0.769359578587128	4.111354921693455e-06	1599.565890624997	9.762765197695945e-05	0.1610927543238873	-0.7389345599855599	0.1610927547443387	133.44835916560376	0.7719540259578206	-0.7389345574419637	0.7719540238070934	4.100666807865307e-06	-0.0013889789944202659	0.0	0.0	0.0	0.0039920212695617845	0.0	0.0	0.0	-0.0019775619435193946	133.461435077877	0.0037987576175740442
42	44.333333333333336	nan	nan	1	1	0.001500000000000045	0.001500000000000028	0.0014999999999998368	0.9984555015628009	1.1145259519972083e-20	-6.097451374104807e-20	2.1870390698106033e-21	1.0044333333333497	-9.903339812707829e-20	1.1067332488824689e-20	4.360525612465138e-21	0.9977598921160944	0.00019923560785994814	0.1775620387125327	-0.7842250357553315	0.17862510995349443	135.05278823781845	0.7997917440969229	-0.7836786484428836	0.7944779210322532	-0.0006379127451277711	1599.565890624997	0.00019880156553419328	0.17823597504181118	-0.7819714038504394	0.1782359683788772	135.5653807999661	0.7974933780545405	-0.78197137479402	0.7974933602425458	-0.0006360795716770248	-0.0015456924044557191	0.0	0.0	0.0	0.004423535059796505	0.0	0.0	0.0	-0.0022426206788935333	135.5797532109323	0.00423097093853209
44	48.666666666666664	nan	nan	1	1	0.001500000000000045	0.001500000000000028	0.0014999999999998368	0.9982977154564309	1.5653168865259471e-21	-1.420211672331813e-19	5.546371738621159e-21	1.0048666666666706	-1.6389071089834006e-19	6.156235460644255e-21	2.229898936941671e-20	0.9974961846630459	-1.7282201091120997e-05	0.18998945927248198	-0.8197279094466444	0.19123960813942126	136.93657647030096	0.8155141532937309	-0.8190697334600642	0.8095325239879758	-0.0006140671723459836	1599.565890624997	-1.7241671678084764e-05	0.19079113264155192	-0.8171489076817138	0.19079112191788722	137.51438961334702	0.8129484087138127	-0.8171488892714243	0.8129484012074925	-0.0006121352138228983	-0.0017037350762827783	0.0	0.0	0.0	0.0048548627261862124	0.0	0.0	0.0	-0.0025069551246353545	137.52959301739781	0.004663254220184337
46	53.0	nan	nan	1	1	0.001500000000000045	0.001500000000000028	0.0014999999999998368	0.9981388630751078	-6.171482053694832e-21	-3.8971138870223105e-20	4.114886057761391e-21	1.0052999999999805	-1.6894749759344824e-19	5.29056778855036e-21	1.4895921410414125e-20	0.9972332915554346	7.415166204849732e-05	0.19893952694137787	-0.8494996613952537	0.20036680567998613	138.70276534758685	0.8248461744598728	-0.8487289313693895	0.8182274574145754	-0.00044114941053593213	1599.565890624997	7.39653707945351e-05	0.199863434871527	-0.8465966821768556	0.1998634240638314	139.34692383538706	0.8220274431387804	-0.8465966692928439	0.8220274404958352	-0.0004396418789509389	-0.0018628709921105161	0.0	0.0	0.0	0.005286004429218221	0.0	0.0	0.0	-0.0027705428564733523	139.36252487603574	0.005095493481054679
48	57.33333333333333	nan	nan	1	1	0.001500000000000045	0.001500000000000028	0.0014999999999998368	0.9979791327979459	6.775416545087148e-21	-1.1327964526694836e-19	1.8939656700606157e-21	1.0057333333333487	-1.4279789644581349e-19	6.984633683058961e-21	-1.9142944607947188e-22	0.9969711784449826	4.560983697355242e-05	0.20554689799564738	-0.8750212007898902	0.20714396558904036	140.38555358729386	0.830205420621172	-0.8741374201144247	0.822972503078304	-0.0003648898816641413	1599.565890624997	4.5487605113098816e-05	0.20658884285422308	-0.8717947930279587	0.20658883112735857	141.09718683111777	0.8271442591194028	-0.8717947797928919	0.8271442613324703	-0.00036354444735307693	-0.002022911909363951	0.0	0.0	0.0	0.005716960329244332	0.0	0.0	0.0	-0.003033417718007825	141.1131518566042	0.005527624770773604
50	61.666666666666664	nan	nan	1	1	0.001500000000000045	0.001500000000000028	0.0014999999999998368	0.9978186906076989	9.142026599715663e-21	2.093153937936937e-19	-9.33430307874239e-22	1.0061666666666778	-1.6862054287580808e-19	5.6751207466038124e-21	1.6188493687924187e-20	0.9967097857063513	4.313460409801878e-05	0.2105526858101823	-0.8972490566084906	0.21231420485475946	142.00792143308445	0.8331474369891666	-0.8962519011294812	0.8253167541530398	-0.0002938182654907859	1599.565890624997	4.30117555254417e-05	0.2117095401394477	-0.8936993668504479	0.21170952799381196	142.78816547541382	0.8298513455614435	-0.8936993503636766	0.8298513496457707	-0.00029265586394791794	-0.002183691912940531	0.0	0.0	0.0	0.006147730586245788	0.0	0.0	0.0	-0.003295638950821727	142.80438496190177	0.005959609519061826
52	66.0	nan	nan	1	1	0.001500000000000045	0.001500000000000028	0.0014999999999998368	0.9976576765657709	7.538593230563273e-22	-1.8009783931110386e-19	-4.7620192294636764e-21	1.0066000000000024	2.632273468205354e-19	1.129603138458335e-20	2.8799120206646214e-22	0.9964490436716025	6.219277594634781e-05	0.2143825057533045	-0.9168658256157195	0.21630407219523748	143.58531775591675	0.8347383167027747	-0.915755053359942	0.8263204854942845	-0.00022798769665129638	1599.565890624997	6.200517263966142e-05	0.2156516073268377	-0.9129927122001487	0.21565159514181573	144.43531413066754	0.831212134264094	-0.9129926959396293	0.8312121375658871	-0.0002270246089433515	-0.0023450709650067268	0.0	0.0	0.0	0.006578315360124933	0.0	0.0	0.0	-0.003557275938696133	144.45171071138364	0.006391426121201944
54	70.33333333333333	nan	nan	1	1	0.001500000000000045	0.001500000000000028	0.0014999999999998368	0.99749620670864	-2.6317313671191112e-20	-4.092659913225438e-19	-1.2495430037895439e-20	1.0070333333333317	-7.034134288496502e-19	1.696098773582011e-20	-3.757438154020076e-21	0.9961888842034997	7.585534171190383e-05	0.21733012120556977	-0.9343925489796066	0.21940801581246897	145.12834252151941	0.8356691652048975	-0.9331679180542553	0.8266700878725202	-0.00017804948129839976	1599.565890624997	7.5613724656669e-05	0.21870916270808452	-0.9301955716469051	0.2187091498199203	146.04923653482115	0.8319156201366791	-0.9301955593605647	0.8319156210445438	-0.00017724974286092543	-0.0025069330237050443	0.0	0.0	0.0	0.0070087148105566896	0.0	0.0	0.0	-0.0038183966028583296	146.0657724436914	0.006823062720307702
56	74.66666666666666	nan	nan	1	1	0.001500000000000045	0.001500000000000028	0.0014999999999998368	0.9973343748467067	-4.3671324694537217e-20	-1.9545962884250785e-19	-1.706940795306866e-20	1.0074666666666876	-8.23519312638521e-20	9.839134715305952e-21	-1.3347545182833264e-20	0.9959292470763182	8.531200872103754e-05	0.21963794736650502	-0.9502336786884003	0.2218693174463364	146.64443427436782	0.8363340404232864	-0.9488949022389951	0.8267564166778877	-0.00013982954564741278	1599.565890624997	8.502585261660422e-05	0.22112513039596368	-0.9457120984681511	0.22112511671157975	147.63737341185433	0.8323544388373706	-0.9457120904307608	0.8323544389100281	-0.0001391641824615084	-0.0026691842582556493	0.0	0.0	0.0	0.007438929097019146	0.0	0.0	0.0	-0.004079060992760521	147.65402217895678	0.00725451282869797
58	79.0	nan	nan	1	1	0.001500000000000045	0.001500000000000028	0.0014999999999998368	0.9971722553016895	-4.632423188533769e-21	3.3588075083832576e-19	6.505213034913027e-22	1.0078999999999767	-1.2831871524544846e-19	-4.5367084654940325e-21	8.114575634696197e-21	0.995670081837018	9.132958985246913e-05	0.2214941167736448	-0.9647331056189327	0.2238769723567201	148.13891261970852	0.8369468626247983	-0.9632797940873942	0.8267912988238268	-0.00010961518768204792	1599.565890624997	9.100779761208427e-05	0.22308817525042118	-0.95988576303223	0.22308816039970208	149.20504517817824	0.8327415874596991	-0.959885757570234	0.8327415863421267	-0.00010906442150194496	-0.002831750321384945	0.0	0.0	0.0	0.007868958378671844	0.0	0.0	0.0	-0.00433931940618868	149.22178803195501	0.007685772970614761
60	83.33333333333333	nan	nan	1	1	0.001500000000000045	0.001500000000000028	0.0014999999999998368	0.9970099069419406	1.1170670508389713e-20	9.500490942993684e-20	7.3861273000575e-21	1.00833333333332	-2.6747945221575197e-19	-1.1309583911739418e-20	1.349831704744453e-20	0.9954113470136261	9.548724412167187e-05	0.22303180309866172	-0.9782012140354261	0.22556484766036894	149.6156825299878	0.837635651170044	-0.9766328074775248	0.8269011879932391	-8.437049401591701e-05	1599.565890624997	9.513463316237609e-05	0.2247319057061033	-0.9730263458033226	0.22473189203316954	150.7561567065377	0.833204401178608	-0.9730263421921147	0.8332044005677345	-8.392415824885256e-05	-0.002994572317470743	0.0	0.0	0.0	0.008298802814681852	0.0	0.0	0.0	-0.004599213171555549	150.77298046301425	0.008116841346886337
62	87.66666666666666	nan	nan	1	1	0.001500000000000045	0.001500000000000028	0.0014999999999998368	0.9968473766104905	-5.614134374401503e-21	1.4088360198501875e-19	5.4447277849506425e-21	1.0087666666666917	7.284212295843861e-19	-3.452506293008528e-21	-3.2085608041992895e-21	0.9951530086392412	9.772532413512014e-05	0.22435527666917096	-0.9909081349555507	0.22703787577398923	151.0776642606066	0.838491192544368	-0.9892238588831128	0.8271754598555151	-6.428982448148846e-05	1599.565890624997	9.73478885227439e-05	0.22616102180776484	-0.9854032729100188	0.2261610080794207	152.2936274500572	0.833833063118922	-0.9854032697343026	0.8338330615289573	-6.393267067255547e-05	-0.0031576033760633603	0.0	0.0	0.0	0.00872846256386464	0.0	0.0	0.0	-0.004858776119220388	152.31052560790002	0.008547717138530798
64	92.0	nan	nan	1	1	0.001500000000000045	0.001500000000000028	0.0014999999999998368	0.996684701811651	9.12169780898156e-21	-4.914857854466243e-19	2.6122496093322623e-21	1.0091999999999939	5.892469400869265e-19	3.774378812965163e-21	-3.0926866970149014e-20	0.9948950389157264	9.954821228482541e-05	0.22555481001923575	-1.0030692454455816	0.2283870728037544	152.52707934867632	0.8395883605029688	-1.0012681164726611	0.8276875671803275	-4.842027938497939e-05	1599.565890624997	9.914685853660809e-05	0.2274662853719266	-0.9972312531778735	0.22746627266470204	153.81967759904416	0.8347018480523786	-0.9972312512965444	0.83470184625626	-4.813846711934246e-05	-0.003320805966040538	0.0	0.0	0.0	0.009157937784759785	0.0	0.0	0.0	-0.005118035914758178	153.836647731784	0.008978400082123446
66	96.33333333333333	nan	nan	1	1	0.001500000000000045	0.001500000000000028	0.0014999999999998368	0.9965219128943171	4.018663114953303e-20	-1.5083962724704581e-19	-3.6236069483538965e-21	1.0096333333333318	-8.199278929421627e-20	1.1580634454860795e-20	-2.756922836723297e-20	0.9946374148924809	9.904039888502558e-05	0.22670274964605952	-1.0148428148070328	0.22968550589780648	153.96564379208164	0.8409878848427724	-1.0129236703838445	0.8284968277463767	-3.505510233128667e-05	1599.565890624997	9.862429424398052e-05	0.22872052686286035	-1.0086680108374917	0.22872051377276623	155.3360213843198	0.8358708999719179	-1.0086680106226136	0.8358708980910389	-3.4841809807686336e-05	-0.003484149712238033	0.0	0.0	0.0	0.009587228635904175	0.0	0.0	0.0	-0.005377015379197155	155.35306512902557	0.009408890255697645
68	100.66666666666666	nan	nan	1	1	0.001500000000000045	0.001500000000000028	0.0014999999999998368	0.996359035019006	1.2083772025529849e-20	-8.37512296927162e-20	-4.592612640012816e-21	1.0100666666666653	8.828522765277902e-19	1.5870009299756572e-20	-2.0731978416996254e-20	0.9943801170519414	9.889505789465854e-05	0.22784934952170258	-1.0263345419167627	0.23098402575641416	155.3946835251632	0.842733720371632	-1.02429609009699	0.8296458862404902	-2.4655878629977534e-05	1599.565890624997	9.846278556616585e-05	0.2299744017947715	-1.0198188688814498	0.2299743898374513	156.8439824858193	0.8373836350402745	-1.0198188708571376	0.8373836343626533	-2.4499351068066552e-05	-0.0036476094270236187	0.0	0.0	0.0	0.010016335275487242	0.0	0.0	0.0	-0.005635733905145168	156.8611029911823	0.009839188013122531
70	105.0	nan	nan	1	1	0.001500000000000045	0.001500000000000028	0.0014999999999998368	0.9961960892796111	-8.950597153636192e-21	2.3049799373862925e-19	1.373887440446475e-20	1.0104999999999906	-4.127151094837633e-19	9.507097799982267e-21	-1.9437712073591685e-20	0.9941231287044444	9.771781030032779e-05	0.2290273825566745	-1.037613991800373	0.23231586626557352	156.81525338274284	0.8448517325240494	-1.035454846633988	0.8311594720590204	-1.7105924048224307e-05	1599.565890624997	9.727410211412e-05	0.2312610000253794	-1.0307531460848542	0.2312609874125669	158.3446132584267	0.8392654572471723	-1.030753147010473	0.8392654561354491	-1.6992817337401542e-05	-0.0038111639884719456	0.0	0.0	0.0	0.010445257861529814	0.0	0.0	0.0	-0.00589420806099677	158.36181590418985	0.010269293854406673
72	109.33333333333333	nan	nan	1	1	0.001500000000000045	0.001500000000000028	0.0014999999999998368	0.9960330934989624	3.167056189783829e-21	2.777658203272082e-19	2.3121458361200637e-20	1.0109333333333224	-6.664658516904176e-19	-9.690056916589195e-21	-2.9205696021328273e-20	0.993866435510353	9.634247920461137e-05	0.23025484163518603	-1.048727011860938	0.23369934682104415	158.2281987357576	0.8473508220168573	-1.0464457310882782	0.8330455749474556	-9.830311875098196e-06	1599.565890624997	9.588866609582548e-05	0.2325985369911426	-1.0415165352693168	0.23259852579196538	159.83875637669496	0.8415248985897474	-1.0415165368810997	0.8415248973861903	-9.76272399678281e-06	-0.0039747955449428414	0.0	0.0	0.0	0.010873996551867264	0.0	0.0	0.0	-0.006152452068046742	159.85604568664948	0.010699208353616936
74	113.66666666666666	nan	nan	1	1	0.001500000000000045	0.001500000000000028	0.0014999999999998368	0.9958700627801382	-2.814266967252413e-20	-6.382393257561153e-19	3.583118773475141e-20	1.0113666666666776	-3.981732478453015e-19	-3.14960731107039e-20	2.6905154536585595e-20	0.9936100250533658	9.423366764124386e-05	0.23154154202517876	-1.0597047275232943	0.2351445191970691	159.63419470233444	0.8502277390037822	-1.0572998228572128	0.8353002228756834	-5.109803002883329e-06	1599.565890624997	9.377379541542172e-05	0.23399699462950183	-1.0521400657901696	0.23399698417970274	161.32708400285674	0.844158420754429	-1.0521400658927431	0.8441584177797696	-5.073326869262488e-06	-0.004138488964147779	0.0	0.0	0.0	0.011302551504137089	0.0	0.0	0.0	-0.006410478226844419	161.34446626185917	0.01112893214607418
76	118.0	nan	nan	1	1	0.001500000000000045	0.001500000000000028	0.0014999999999998368	0.9957070099356471	-2.4569037668058236e-20	9.500660349583134e-20	2.6994092996047297e-20	1.0118000000000453	-8.314475410248212e-20	-1.5443104694340403e-20	3.1492684978914886e-20	0.9933538867352774	9.248481817531717e-05	0.23289175285452243	-1.0705686432293269	0.2366558266399561	161.0338027790143	0.8534703535560445	-1.0680386037574063	0.8379107458921145	8.405079559862249e-07	1599.565890624997	9.201778534736224e-05	0.23546076439066466	-1.0626451859777353	0.23546075438757702	162.8101546333737	0.8471536769891844	-1.0626451878506769	0.8471536767648062	8.342872162877926e-07	-0.004302231404336754	0.0	0.0	0.0	0.01173092287574303	0.0	0.0	0.0	-0.006668297020621015	162.82763374880614	0.011558465829225316
78	122.33333333333333	nan	nan	1	1	0.001500000000000045	0.001500000000000028	0.0014999999999998368	0.995543945886123	2.6119107961533604e-20	4.773572758864225e-19	-6.34427677493471e-21	1.0122333333333	5.162157593746608e-20	1.0211829212097844e-20	4.1236952004128356e-20	0.9930980113436074	9.103226924668767e-05	0.234306027868801	-1.0813336685022548	0.23823394644359375	162.42748125424686	0.8570609143007417	-1.078676958844798	0.8408589785936079	3.925573622776735e-06	1599.565890624997	9.055712413488711e-05	0.23699048716526205	-1.0730467784410065	0.23699047864855552	164.28842339909798	0.8504927570524424	-1.073046778597203	0.8504927542272519	3.895489664432665e-06	-0.004466011915689981	0.0	0.0	0.0	0.012159110823776517	0.0	0.0	0.0	-0.006925917548288804	164.30600518822789	0.01198781001022989
80	126.66666666666666	nan	nan	1	1	0.001500000000000045	0.001500000000000028	0.0014999999999998368	0.9953808798855953	4.970812850961862e-20	-4.654581570433941e-19	-2.712030090518819e-20	1.0126666666666537	1.2203779653496838e-18	2.392021043046144e-20	-3.496552006265752e-21	0.9928423910646701	8.928721468818628e-05	0.2357818589145769	-1.092008990141293	0.23987643846972015	163.81562110132086	0.8609789690951016	-1.0892240728863116	0.8441241778851466	7.307513480184491e-06	1599.565890624997	8.88060285749771e-05	0.23858370656243594	-1.0833540339245673	0.23858369782951847	165.76227812904236	0.8541550918666957	-1.0833540331513174	0.8541550910062673	7.249596182987168e-06	-0.004629821215550575	0.0	0.0	0.0	0.012587115505458643	0.0	0.0	0.0	-0.007183347509468923	165.7799668395841	0.012416965226062344
82	131.0	nan	nan	1	1	0.001500000000000045	0.001500000000000028	0.0014999999999998368	0.9952178198606398	-2.3625442964816945e-20	3.6284519768121916e-19	-3.433363348400581e-20	1.0131000000000054	-2.080177393185001e-19	3.8895752937917473e-20	3.3623819874206705e-20	0.9925870190817657	8.746529940831299e-05	0.23731402135156066	-1.1026025338532304	0.2415780963025282	165.19854282392447	0.865200583838605	-1.0996878667932064	0.847682228159396	1.0281719814291047e-05	1599.565890624997	8.697909418415977e-05	0.2402352120656606	-1.0935748836711017	0.2402352033694707	167.23203602644028	0.8581166819170553	-1.0935748826796288	0.8581166788475769	1.019753737601048e-05	-0.00479365134900839	0.0	0.0	0.0	0.013014937077499586	0.0	0.0	0.0	-0.007440593607474536	167.2498357911341	0.012845932003455632
84	135.33333333333331	nan	nan	1	1	0.001500000000000045	0.001500000000000028	0.0014999999999998368	0.9950547726177863	6.424406091744967e-20	-9.107433774149797e-19	-2.3732592632644614e-20	1.0135333333333245	-9.50547149672354e-19	3.8265560425160274e-20	1.0831857329487993e-20	0.9923318895013193	8.617586969233965e-05	0.23889641761817237	-1.1131198795196382	0.24333281004145113	166.57652257731826	0.8697028760980946	-1.1100739174187344	0.8515101231592197	1.1708306113270395e-05	1599.565890624997	8.568221608220181e-05	0.24193890025748602	-1.1037149253752294	0.24193889176048627	168.6979699523423	0.8623545968880486	-1.1037149215790503	0.862354592041346	1.1609380486183789e-05	-0.0049574954815503084	0.0	0.0	0.0	0.013442575696480158	0.0	0.0	0.0	-0.0076976616224425165	168.7158847965358	0.013274710825363897
86	139.66666666666666	nan	nan	1	1	0.001500000000000045	0.001500000000000028	0.0014999999999998368	0.9948917439733761	-5.553995035146448e-21	3.5246057374788144e-19	-4.00240008236602e-20	1.0139666666666525	1.7911833041089897e-18	-2.6522295644426653e-20	-1.7713152992981928e-20	0.9920769972397595	8.409975980421441e-05	0.2405209820093274	-1.123567703423283	0.24513244974325168	167.94979556553392	0.874463359408881	-1.1203889030051966	0.8555853050445704	1.2780722372603693e-05	1599.565890624997	8.360373832579162e-05	0.2436866633182345	-1.1137808384317267	0.24368665536269676	170.16031177170822	0.8668463241269642	-1.1137808346662328	0.8668463201365932	1.266939556606225e-05	-0.005121347769454224	0.0	0.0	0.0	0.013870031518848719	0.0	0.0	0.0	-0.007954556524158298	170.17834545218304	0.013703302135429325
88	144.0	nan	nan	1	1	0.001500000000000045	0.001500000000000028	0.0014999999999998368	0.994728738967825	3.9370938421327135e-20	8.698418504579642e-19	-2.8882976468424384e-20	1.0144	4.769337594127953e-19	-7.344792092231489e-20	-5.888573049311896e-20	0.9918223378642762	8.236049371069292e-05	0.2421802308429799	-1.1339521492338278	0.2469694590010475	169.3185661605347	0.8794603239903366	-1.130638961720594	0.8598860315343703	1.4632259748691035e-05	1599.565890624997	8.186076814122609e-05	0.2454709696366988	-1.1237787679334652	0.24547096199138285	171.61926251474117	0.871570145184697	-1.1237787648768158	0.8715701409775632	1.450098475811059e-05	-0.005285203145203923	0.0	0.0	0.0	0.014297304700823956	0.0	0.0	0.0	-0.00821128263155333	171.63741735487625	0.014131706340310184
90	148.33333333333331	nan	nan	1	1	0.001500000000000045	0.001500000000000028	0.0014999999999998368	0.9945657620169287	4.8584115788612156e-20	-4.897917195521157e-19	-1.475150229290727e-20	1.0148333333333377	6.433723454164763e-19	-5.579575430153527e-20	-5.823182105783864e-20	0.9915679074276723	8.046026830442959e-05	0.24386753946475942	-1.1442796541834093	0.24883713993386627	170.68301170397794	0.8846732238266304	-1.1408305217671861	0.8643917634086171	1.587934938346458e-05	1599.565890624997	7.995843598931274e-05	0.2472851459404125	-1.133715143802235	0.24728513767670587	173.07499616965868	0.8765055181238378	-1.1337151388091167	0.8765055153848345	1.5732744005317222e-05	-0.005449057165993952	0.0	0.0	0.0	0.01472439539838676	0.0	0.0	0.0	-0.008467843778410642	173.09327515254253	0.014559923832312992
92	152.66666666666666	nan	nan	1	1	0.001500000000000045	0.001500000000000028	0.0014999999999998368	0.9944028169692366	4.025524081826062e-20	1.5903551804467841e-19	1.4973424925087893e-20	1.0152666666666768	-6.18266288859859e-20	-8.843023969334895e-21	1.8187491443444338e-20	0.991313702449486	7.885208894443053e-05	0.24557725907410785	-1.1545556705921924	0.2507297763071477	172.04328580495823	0.890082896341362	-1.1509690343127088	0.8690833627406442	1.5155233076896369e-05	1599.565890624997	7.834692689571904e-05	0.24912349763002473	-1.1435954140526805	0.24912348826623726	174.5276629647508	0.8816332934908304	-1.143595407524122	0.8816332907790817	1.5011363667503876e-05	-0.005612905956546186	0.0	0.0	0.0	0.015151303767353477	0.0	0.0	0.0	-0.008724243331780745	174.54606926842814	0.014987954978756903
94	157.0	nan	nan	1	1	0.001500000000000045	0.001500000000000028	0.0014999999999998368	0.9942399071586695	-1.3712616383099868e-20	4.596915567384868e-19	5.3359687545231906e-20	1.0156999999999996	6.926696629466766e-19	2.9422536455825374e-20	-5.0767766726633745e-20	0.9910597199014353	7.664873109923992e-05	0.24730426196814465	-1.1647858750997744	0.2526421733220089	173.39952454785683	0.8956721318586337	-1.1610601718395048	0.8739436507288975	1.5545748507288737e-05	1599.565890624997	7.614470209405184e-05	0.25098084933261244	-1.1534252434978038	0.2509808414061154	175.97739561196124	0.8869362763304013	-1.1534252378362604	0.8869362702573899	1.5394124483042088e-05	-0.005776746156653491	0.0	0.0	0.0	0.015578029963317806	0.0	0.0	0.0	-0.0089804842060555	175.99593111484023	0.015415800111361877
96	161.33333333333331	nan	nan	1	1	0.001500000000000045	0.001500000000000028	0.0014999999999998368	0.9940770355652323	5.79878755690294e-20	-6.427489291672972e-19	7.245964523110593e-20	1.0161333333333429	6.045240263236052e-19	3.880088524782499e-20	5.3922117422208757e-20	0.9908059570297686	7.46710997618617e-05	0.2490447767850388	-1.1749740217488882	0.2545705030550014	174.7518488771382	0.9014254749937854	-1.1711076808579401	0.878957217544405	1.5623372395756175e-05	1599.565890624997	7.416743171438414e-05	0.2528533940332418	-1.1632083878921018	0.2528533858754205	177.42431169439018	0.8923990268411954	-1.1632083795099524	0.8923990237223424	1.5466927337555585e-05	-0.005940574759932762	0.0	0.0	0.0	0.016004574141725042	0.0	0.0	0.0	-0.00923656904167987	177.442978364097	0.01584345955364821
98	165.66666666666666	nan	nan	1	1	0.001500000000000045	0.001500000000000028	0.0014999999999998368	0.9939142047979764	1.943262987590816e-20	-9.323427175699644e-19	3.1043334000396483e-20	1.0165666666666713	9.08026095720188e-19	-1.3213713977167085e-20	4.190102583477573e-20	0.9905524113912488	7.256522906839113e-05	0.25079562806078365	-1.1851234258362056	0.2565115435900582	176.10036486697732	0.9073290996453715	-1.181114883640781	0.884110263250256	1.6210364938860854e-05	1599.565890624997	7.206348253079405e-05	0.2547379235642333	-1.1729481650895648	0.25473791480802843	178.86851390505652	0.8980077343509485	-1.1729481581858952	0.8980077300534669	1.604382918770944e-05	-0.006104389131257915	0.0	0.0	0.0	0.01643093645775065	0.0	0.0	0.0	-0.0094925001684712	178.88731329257854	0.01627093360919575
100	170.0	nan	nan	1	1	0.001500000000000045	0.001500000000000028	0.0014999999999998368	0.9937514171768779	-1.5272004038995036e-20	5.814034149953517e-19	-2.884433059020591e-20	1.0169999999999952	5.844256285511551e-19	-4.160625836913123e-20	7.23467780908843e-20	0.9902990807862738	7.045822012394909e-05	0.2525544516331018	-1.1952362711469755	0.2584628956507802	177.4451694965256	0.9133702420351405	-1.191083960358047	0.8893900755027744	1.632527029587494e-05	1599.565890624997	6.995912020597615e-05	0.25663204875323986	-1.1826467700759935	0.25663204029009634	180.3100958814803	0.9037496541079769	-1.1826467630251172	0.903749649792987	1.6153315166303258e-05	-0.006268186924672265	0.0	0.0	0.0	0.016857117066418	0.0	0.0	0.0	-0.00974827967274635	180.3290297769427	0.016698222565849272
102	208.75	nan	nan	1	1	0.001500000000000045	0.001500000000000028	0.0014999999999998368	0.992297960417244	-6.778974083465616e-20	1.7628280291667046e-18	-1.605390015260548e-19	1.0208749999999704	-1.6084952380451823e-18	-1.6368742299099902e-19	-5.270577810995158e-20	0.9880445871714251	-0.004977469966935194	0.2677967466098978	-1.283842923887524	0.27550619126691683	189.28288480924203	0.9706500247744551	-1.2783392782400502	0.9394367551431891	-0.004036908399115304	1599.565890624997	-0.004934686149546617	0.27314084874605804	-1.2673519122499124	0.27313807922306965	193.06017890206826	0.9581819879478518	-1.2673513195774793	0.9581839805426878	-0.003985054155772046	-0.007731853473461977	0.0	0.0	0.0	0.02066010269627397	0.0	0.0	0.0	-0.012027453536521604	193.08482965959243	0.020510331746155738
104	247.5	nan	nan	1	1	0.001500000000000045	0.001500000000000028	0.0014999999999998368	0.9908486245277528	-1.5085656790599089e-19	-6.296673523299018e-19	-9.644655950616366e-20	1.0247499999999874	5.127192073683951e-19	3.9302328752599535e-20	-1.1541332126108195e-19	0.9858051434643191	0.0241709154984612	0.2830678436394137	-1.3700650914601087	0.29275505240113836	200.8956818394585	1.0338550261658321	-1.363090497533641	0.9945614879893605	0.01940627553676622	1599.565890624997	0.023926771015532346	0.289795839346746	-1.3493231237095915	0.28979800549499873	205.67059822579043	1.018203078134233	-1.3493222550884274	1.018200363164438	0.019112476107928666	-0.009193506543918319	0.0	0.0	0.0	0.024448680402297803	0.0	0.0	0.0	-0.014296567170890846	205.67053195217252	0.024308353295818073
106	286.25	nan	nan	1	1	0.001500000000000045	0.001500000000000028	0.0014999999999998368	0.9894039041960234	-5.947865355619697e-20	-1.4081109596473379e-18	3.154858915343367e-20	1.0286249999999968	1.8926510749264768e-18	1.2728533504979821e-19	1.4670610646444482e-20	0.9835811699348843	0.019313642639479666	0.29781149869838947	-1.4543336001471248	0.30961982750330497	212.2540241587095	1.1002054731371425	-1.4457738623801395	1.0520242867340017	0.015087274411630982	1599.565890624997	0.019089603597882376	0.30602551434162306	-1.429003665697727	0.306028224888086	218.10825706240482	1.0810433410701852	-1.4290028266651085	1.081040439522133	0.014824501364354875	-0.010652634172437853	0.0	0.0	0.0	0.028222958943737688	0.0	0.0	0.0	-0.016555112850509004	218.11402572172008	0.028092018274434506
108	325.0	nan	nan	1	1	0.001500000000000045	0.001500000000000028	0.0014999999999998368	0.98796424550133	9.595189226496714e-21	-2.1480077916011254e-19	9.620939028093245e-20	1.0325000000000206	-1.5045473547581346e-18	6.82505267579625e-20	1.635451214558603e-20	0.9813725034317359	0.01685500550761129	0.3118364029353805	-1.5367048372188277	0.3258964914235215	223.39662734306762	1.168522938923506	-1.526451072176106	1.1106569774410713	0.013150060803014778	1599.565890624997	0.016634316208141615	0.3216264068523814	-1.5064654308651217	0.3216293988758861	230.4100928530153	1.1455286467680355	-1.5064646403923159	1.1455256972481227	0.012891292806346022	-0.012108770652934385	0.0	0.0	0.0	0.031983045853070526	0.0	0.0	0.0	-0.018803173416273487	230.41932093556844	0.03186130840178308
110	363.75	nan	nan	1	1	0.001500000000000045	0.001500000000000028	0.0014999999999998368	0.9865297341663519	-7.864531508666728e-20	1.38211043629842e-18	8.819307046811776e-20	1.0363750000000205	-1.2478353853678792e-18	-1.8431436932253577e-21	1.154810838968623e-19	0.9791788658130107	0.01510423475641753	0.32508733902269743	-1.617372449768455	0.34151594670350494	234.3303478497585	1.238042767473946	-1.6053200747287335	1.1697139380581185	0.011663506839354297	1599.565890624997	0.014884003640356924	0.3365331455606184	-1.5819142325876034	0.336536387043056	242.58074552908738	1.210900726483599	-1.581913299251956	1.2108976995665546	0.011407803733579634	-0.013561812902892134	0.0	0.0	0.0	0.035729047454265264	0.0	0.0	0.0	-0.021040950572792084	242.5928406780362	0.035616347966211624
112	402.5	nan	nan	1	1	0.001500000000000045	0.001500000000000028	0.0014999999999998368	0.9851004163520942	-1.650765570244961e-19	-7.403610060088827e-19	1.864150110317264e-20	1.0402500000000006	-3.274968187264027e-18	-1.126486057212439e-19	1.616952014990569e-19	0.9770000368832348	0.013867317252383696	0.337574002767632	-1.6964532955427791	0.35647622793727285	245.06186118795733	1.3082726478005164	-1.6825023933308678	1.2287232366254408	0.010621814914499412	1599.565890624997	0.013644579206755528	0.35074695599879185	-1.6554790175955996	0.35075047602155873	254.62476712770194	1.2766740607704385	-1.6554778947898239	1.2766709861482255	0.01036526721126839	-0.015011697471020057	0.0	0.0	0.0	0.03946106888091415	0.0	0.0	0.0	-0.02326858918783529	254.63923355289467	0.03935724848184568
114	441.25	nan	nan	1	1	0.001500000000000045	0.001500000000000028	0.0014999999999998368	0.983676315898273	1.4718044491490724e-20	1.8726068872626512e-18	-4.7362694278671455e-20	1.04412500000002	-5.287789520483366e-19	-1.292911090688964e-19	1.0753930298340597e-20	0.9748358155889177	0.012952424382672184	0.3493507612310873	-1.7740103190223466	0.3708228901483297	255.59666758543028	1.378908530705379	-1.758065592548935	1.2873997613795922	0.00984330424615362	1599.565890624997	0.012725272592045967	0.3643157962844322	-1.727235010131614	0.36431962241915705	266.5455863067035	1.3425508659476253	-1.7272337007279663	1.3425477235274963	0.009583765960675646	-0.016458383302753166	0.0	0.0	0.0	0.043179214093951986	0.0	0.0	0.0	-0.025486216431973616	266.56211067818816	0.043084119640977435
116	480.0	nan	nan	1	1	0.001500000000000045	0.001500000000000028	0.0014999999999998368	0.9822574432799553	3.526367566009103e-20	-1.4267761776730337e-18	-1.0090534094051029e-19	1.0480000000000216	1.4335050074060218e-18	-6.158268339717665e-20	1.5937771935536915e-19	0.9726860151105883	0.012250531816877692	0.3604872332557282	-1.850096699676507	0.3846189133712238	265.93965523554544	1.449759092918597	-1.8320672739931563	1.3455698305909762	0.009238136471128306	1599.565890624997	0.012017689752878199	0.37730441614281085	-1.7972472067620906	0.37730858080923513	278.3460746768997	1.4083455641434748	-1.7972457387456178	1.4083423557759018	0.008974241709271441	-0.017901842786628534	0.0	0.0	0.0	0.04688358589887059	0.0	0.0	0.0	-0.027693946602317634	278.36444106025755	0.04679706880912501
118	518.75	nan	nan	1	1	0.001500000000000045	0.001500000000000028	0.0014999999999998368	0.9808438005570053	1.2054972905323202e-19	-1.5790264324146131e-18	-8.125417656421052e-20	1.0518749999999952	1.6309111179613201e-19	2.211772431870429e-20	5.014435047745458e-22	0.9705504581210844	0.011689411325569707	0.3710353633446209	-1.9247689796683163	0.3979097438807203	276.0952758338978	1.520688984223934	-1.904568133172044	1.4031156018580047	0.008749540753661333	1599.565890624997	0.011450129236899134	0.3897600602652832	-1.865583216477347	0.38976453690952906	290.0287195752553	1.473928495532505	-1.8655816497446063	1.473925333180141	0.008480496389092878	-0.019342056806907114	0.0	0.0	0.0	0.05057428596292908	0.0	0.0	0.0	-0.029891885843011765	290.0487754664583	0.05049620158234886
120	557.5	nan	nan	1	1	0.001500000000000045	0.001500000000000028	0.0014999999999998368	0.9794353840986698	5.334274688628682e-20	1.8676890139708927e-18	-5.013079795029851e-20	1.0557500000000049	-2.320301069336228e-18	7.237049501340742e-20	-1.1954006578010489e-19	0.9684289744796969	0.011229570055380602	0.3810190814719978	-1.998082097226537	0.4107118648761096	286.06767067303434	1.5915869646678407	-1.975626936136798	1.459943949092154	0.008343149982831217	1599.565890624997	0.010983335859044027	0.4017012298268206	-1.932308430717576	0.40170606096065103	301.5957486409959	1.5391944676931764	-1.9323067637275757	1.5391913642824846	0.008068506831097513	-0.020779012024007053	0.0	0.0	0.0	0.054251414831920496	0.0	0.0	0.0	-0.03208013441570593	301.61737784912845	0.05418162197028763
122	596.25	nan	nan	1	1	0.001500000000000045	0.001500000000000028	0.0014999999999998368	0.9780321855018584	6.538416726445395e-20	4.379707520588659e-18	8.052911636136084e-20	1.0596249999999947	1.3451425303484533e-18	-1.8106176280507925e-20	-2.644098048149024e-19	0.9663214003983469	0.010838254917455218	0.39043672047669137	-2.070080685316413	0.4230144093862294	295.86074691776275	1.6623618727683542	-2.0452921803354887	1.515982368279798	0.007993014426342305	1599.565890624997	0.010584870953998175	0.41311970607007287	-1.997477656697938	0.4131248959483147	313.0492046319581	1.6040585865829586	-1.9974759734804126	1.6040555550884754	0.007712678949923465	-0.022212699977723096	0.0	0.0	0.0	0.057915071946427796	0.0	0.0	0.0	-0.03425878747850305	313.07231964099185	0.057853432470707296
124	635.0	nan	nan	1	1	0.001500000000000045	0.001500000000000028	0.0014999999999998368	0.9766341924979273	2.4326786245143505e-20	1.964384601163549e-18	8.047490625273656e-20	1.0634999999999986	-6.172945726627688e-18	1.8485647040877852e-20	-1.357692170494973e-19	0.9642275778355397	0.010499783058709028	0.3992793278812196	-2.1407925752166546	0.4347985238174129	305.47824147837537	1.7329500872304928	-2.113595395372618	1.5711850166905519	0.007686813259730371	1599.565890624997	0.010239135332463246	0.4239995074969344	-2.061128984187878	0.4240050392306977	324.3910087335952	1.6684632104444774	-2.061127279514693	1.6684602150541008	0.007400770064828237	-0.02364311619404958	0.0	0.0	0.0	0.061565355658153055	0.0	0.0	0.0	-0.03642793564040188	324.4155356623652	0.06151173406249301
126	673.75	nan	nan	1	1	0.001500000000000045	0.001500000000000028	0.0014999999999998368	0.9752413892659467	-4.7040821758714825e-20	1.7113792479504786e-18	1.4543216891177435e-19	1.0673750000000037	5.648910159083975e-18	1.5043305143236374e-19	2.9110828331235796e-20	0.9621473539636104	0.01019049460057611	0.4075351191548302	-2.210234948339075	0.44604201631098206	314.9237326225126	1.8033120330747894	-2.180557562189927	1.6255289714847474	0.007405137197277291	1599.565890624997	0.009922855037596696	0.4343214969672298	-2.123289884168379	0.4343273258082093	335.6229697866915	1.7323742893053782	-2.123288165966218	1.732371378748916	0.007113837790716958	-0.025070259892542857	0.0	0.0	0.0	0.06520236324563668	0.0	0.0	0.0	-0.03858766544811439	335.6488557262178	0.06515662633216339
128	712.5	nan	nan	1	1	0.001500000000000045	0.001500000000000028	0.0014999999999998368	0.9738537572746885	3.9004173155166024e-20	9.865331750298634e-18	2.992601283967333e-19	1.0712500000000023	4.612196041753336e-18	2.8899408907601123e-19	-3.304106120649575e-20	0.9600805807557031	0.009908608644314802	0.4151869632264828	-2.2784148591496063	0.456716573675374	324.2006878800371	1.8734203630331705	-2.2461895743768108	1.6790027238416796	0.007147817637029157	1599.565890624997	0.00963416666908139	0.44406063813456503	-2.183977828793696	0.4440667453189768	346.74683237860245	1.795769774079771	-2.1839761268920004	1.7957669363816195	0.006851550840639592	-0.026494133147948833	0.0	0.0	0.0	0.06882619092985419	0.0	0.0	0.0	-0.04073805975568528	346.7740253594316	0.06878820741278215
130	751.25	nan	nan	1	1	0.001500000000000045	0.001500000000000028	0.0014999999999998368	0.9724712758210942	2.262052307619444e-19	-3.272000183816848e-18	3.67544536472586e-20	1.0751250000000079	3.2881141386054136e-18	3.23417508052426e-19	2.9839954292232297e-19	0.9580271140959645	0.009643197727351829	0.42221636341559565	-2.3453288305857023	0.4667918609173143	333.3124570627177	1.9432480891428567	-2.3104918313426563	1.7315955292901477	0.006905044391133995	1599.565890624997	0.009362337879770786	0.4531901665555471	-2.2432000155652676	0.45319646501067923	357.764267375413	1.8586281322111364	-2.2431983461383074	1.8586254212828934	0.006604359901976922	-0.02791474035649616	0.0	0.0	0.0	0.07243693388951429	0.0	0.0	0.0	-0.042879198597633686	357.79272522914084	0.07240657420462072
132	790.0	nan	nan	1	1	0.001500000000000045	0.001500000000000028	0.0014999999999998368	0.9710939231832012	1.3460369971407538e-19	-1.2534732366648037e-18	-1.5945903451830556e-19	1.0789999999999829	5.772292366312825e-19	2.0317948712378354e-19	-5.667666856667975e-20	0.9559868128561869	0.009392524222275678	0.4286146620976497	-2.410965447020207	0.4762481752116248	342.2622931650927	2.0127672450264944	-2.3734568905674798	1.7832958851360632	0.006675496558255756	1599.565890624997	0.009105608580436622	0.46169363292204085	-2.3009559533966017	0.46170011042820314	368.6768921302534	1.9209270630441238	-2.300954345882052	1.9209243840468941	0.006370901568324454	-0.02933208706467517	0.0	0.0	0.0	0.07603468627598131	0.0	0.0	0.0	-0.045011160109361965	368.70657380546044	0.07601182244728048
134	828.75	nan	nan	1	1	0.001500000000000045	0.001500000000000028	0.0014999999999998368	0.9697216773020382	1.2522535092207577e-20	-6.356677337282513e-19	-9.421716878899033e-20	1.082874999999998	-5.33183523374059e-18	-5.464378949326942e-20	-1.5132751822466429e-19	0.9539595381516401	0.009155847682142436	0.4343971687312209	-2.4753104088535838	0.48509221470664204	351.0533618142266	2.0819495005829918	-2.4350744440566094	1.834092455595585	0.006457724676951461	1599.565890624997	0.008863194442066902	0.46958036313646373	-2.357242359120738	0.46958695366497977	379.486278887326	1.9826440897153697	-2.3572408615617606	1.9826413782574994	0.006149702315153025	-0.030746179273629312	0.0	0.0	0.0	0.07961954122816632	0.0	0.0	0.0	-0.04713402127225158	379.5171440717664	0.07960404684548202
136	867.5	nan	nan	1	1	0.001500000000000045	0.001500000000000028	0.0014999999999998368	0.9683545162289225	7.868597266813548e-20	5.382982471227593e-18	-2.8528069663524835e-20	1.0867499999999908	-2.8135588477085085e-18	-1.7488181042191186e-19	1.7349945265199284e-19	0.951945152774079	0.00892412583880593	0.4396048808513728	-2.538351017343326	0.49335995525987675	359.6887357635023	2.150770871868925	-2.495335573475007	1.883978027993337	0.006245071553673171	1599.565890624997	0.008626291106596335	0.4768877827242722	-2.4120574488871096	0.4768945072359595	390.19394720311726	2.0437610349771367	-2.4120559766020864	2.0437582556658356	0.005934353151691373	-0.03215702297983094	0.0	0.0	0.0	0.08319159088675591	0.0	0.0	0.0	-0.04924785848271316	390.22596300841207	0.08318334118535688
138	906.25	nan	nan	1	1	0.001500000000000045	0.001500000000000028	0.0014999999999998368	0.9669924184144714	-1.0404275097714021e-19	-1.1856428382486794e-18	1.9081958235744877e-20	1.0906250000000137	1.7051247566679529e-18	-3.3133218391157016e-19	1.0790522121661983e-19	0.9499435211338582	0.00870408313124216	0.4442998925899183	-2.6000787680530713	0.5011118885121284	368.1714114893478	2.2192125048157947	-2.5542357053332387	1.9329500837605262	0.006042975171605295	1599.565890624997	0.008401363903862216	0.483676908631006	-2.465403380818038	0.483683722738205	400.8013801611316	2.104264716650634	-2.4654019651671555	2.1042618660145718	0.005729969261443184	-0.03356462387553332	0.0	0.0	0.0	0.08675092640866731	0.0	0.0	0.0	-0.0513527475929016	400.8345079698962	0.08674979828129738
140	945.0	nan	nan	1	1	0.001500000000000045	0.001500000000000028	0.0014999999999998368	0.9656353622827971	-2.6812319725566523e-19	-1.81490022663211e-18	1.0183368905070101e-19	1.0945000000000136	2.6698478497455547e-18	-1.334652874329656e-19	-1.2780033108172883e-19	0.947954509386147	0.008485866699387327	0.44855550594072496	-2.6604891661757093	0.5084226509321395	376.504308749485	2.287257624567092	-2.6117739954307684	1.9810079446310789	0.005844069382226398	1599.565890624997	0.008178863169612707	0.4900219492315375	-2.5172860395694836	0.4900288257657826	411.310022559116	2.1641440079599787	-2.517284668179291	2.1641410296266934	0.005529507301584096	-0.03496898778695459	0.0	0.0	0.0	0.09029763798079278	0.0	0.0	0.0	-0.053448763758066405	411.34423225503184	0.09030351003889156
142	983.75	nan	nan	1	1	0.001500000000000045	0.001500000000000028	0.0014999999999998368	0.9642833262481623	-8.912141857830846e-20	-9.900527663322944e-19	6.36020099434309e-20	1.0983750000000123	2.5157827210353646e-18	8.391724815037805e-20	2.0255607087460436e-19	0.9459779856573834	0.00827606107079723	0.4524492751225344	-2.7195820882743136	0.5153732755164371	384.69027508136446	2.354886968624607	-2.6679538323145904	2.0281489349529638	0.005652973216545758	1599.565890624997	0.007965114394959937	0.4960028930714807	-2.567715338809203	0.49600976363967186	421.7212842813046	2.223385503445559	-2.567713951488568	2.2233823648939905	0.005337300205272586	-0.03637012065732862	0.0	0.0	0.0	0.0938318148338814	0.0	0.0	0.0	-0.05553598117631413	421.75654067792175	0.0938445673559729
144	1022.5	nan	nan	1	1	0.001500000000000045	0.001500000000000028	0.0014999999999998368	0.9629362883484941	3.5128150388530345e-20	-1.107021917710893e-17	2.7972416050126015e-20	1.102250000000007	-1.163104985588137e-18	9.73613550891983e-20	-9.191323917245864e-20	0.9440138201938792	0.008074095868839936	0.4560479131397354	-2.777367415997619	0.5220342377523767	392.7320871468219	2.4220757142508873	-2.722788488411639	2.0743656703291085	0.005469849260079361	1599.565890624997	0.007759530453422626	0.5016889863082654	-2.6167104881501144	0.5016958717571951	432.03654049184877	2.2819706489202254	-2.616709107405501	2.281967267902406	0.005153445613643679	-0.03776802892769387	0.0	0.0	0.0	0.09735354525591636	0.0	0.0	0.0	-0.05761447290791184	432.07280894867273	0.0973730601599863
146	1061.25	nan	nan	1	1	0.001500000000000045	0.001500000000000028	0.0014999999999998368	0.9615942261287153	1.9301509175673194e-19	-1.0871647549218211e-17	-9.042246118529107e-20	1.1061250000000173	-3.936304407425872e-18	1.5612511283791263e-20	-6.410345344820546e-20	0.9420618854947551	0.00787947938722438	0.4594004457112808	-2.8338599608803428	0.5284569387332517	400.6324542472143	2.488807840422	-2.776295851413944	2.1196585615688517	0.0052921935820719945	1599.565890624997	0.007561603177155224	0.5071309685420875	-2.664295124889621	0.50713777783264	442.2571341593157	2.3398892985394717	-2.664293730473166	2.339885625584503	0.0049755336379806074	-0.03916271966107251	0.0	0.0	0.0	0.10086291660539268	0.0	0.0	0.0	-0.059684310709347564	442.2943819348581	0.10088907738417136
148	1100.0	nan	nan	1	1	0.001500000000000045	0.001500000000000028	0.0014999999999998368	0.9602571161062283	3.1655992931145516e-19	-4.631765890966699e-18	-1.3658236867886141e-19	1.1100000000000172	1.5635008478870338e-18	-1.5655879370690683e-19	-1.003158060092213e-19	0.9401220568661579	0.007690634212289325	0.46253752891418914	-2.889064876481362	0.5346727944660529	408.39402753536035	2.5550929032816057	-2.828484279292865	2.164049692112696	0.00512154899307786	1599.565890624997	0.007369786975795884	0.5123599794114485	-2.7104835843728736	0.5123666642045801	452.38438496218816	2.3971553658314315	-2.7104821302599373	2.397151336668973	0.004804971527398137	-0.04055420110279211	0.0	0.0	0.0	0.10436001532425845	0.0	0.0	0.0	-0.06174556441761881	452.42257996481334	0.10439270687935179
150	1138.75	nan	nan	1	1	0.001500000000000045	0.001500000000000028	0.0014999999999998368	0.958924933430426	4.3286771736483764e-20	-2.0941364961557518e-19	3.1699361018044935e-20	1.1138749999999864	-3.1387652893455353e-18	-3.426078865054194e-20	-2.0843786766033823e-20	0.9381942127462395	0.0075094843675711665	0.4654765267217247	-2.9429721407917557	0.5406984250915869	416.01940372321087	2.620967973823682	-2.8793473377100467	2.207584016451431	0.004960693318711646	1599.565890624997	0.0071858957312060795	0.517392851838106	-2.7552758345785286	0.5173993731865455	462.4195923009892	2.4538083868975478	-2.7552743610547408	2.453804057506984	0.004644311182682212	-0.041942483043097466	0.0	0.0	0.0	0.10784492695073483	0.0	0.0	0.0	-0.06379830157169498	462.4587009430381	0.10788403536907216
152	1177.5	nan	nan	1	1	0.001500000000000045	0.001500000000000028	0.0014999999999998368	0.9575976516036737	-3.154486220846575e-19	-4.6511188997455656e-18	2.4643915380595517e-19	1.1177500000000065	-1.1738250345685874e-17	1.2934531917752069e-19	1.171751497913709e-19	0.9362782348659019	0.007334130673510075	0.4682240015604088	-2.995561800878049	0.5465382605510841	423.5111211701866	2.686482336649521	-2.928868701300557	2.250315742995808	0.0048070849080670865	1599.565890624997	0.007008079782503602	0.5222346362096445	-2.798662528182884	0.5222409996002464	472.36402994714086	2.5098989598553416	-2.7986610063178032	2.509894451125509	0.004491113619507833	-0.043327577118496746	0.0	0.0	0.0	0.11131773613195894	0.0	0.0	0.0	-0.06584258720527036	472.40402145289846	0.11136314845733875
154	1216.25	nan	nan	1	1	0.001500000000000045	0.001500000000000028	0.0014999999999998368	0.9562752425067168	-1.8840723252366852e-19	-1.6460086332131806e-18	3.4483050095901467e-19	1.1216249999999974	5.444321209135961e-18	3.681950577760773e-19	3.3054613733651817e-19	0.9343740082648426	0.0071669016910482775	0.47077978277566485	-3.0468111786281153	0.5521888377497267	430.8716597235853	2.7516838954503413	-2.9770295460697285	2.292296610040716	0.004662329807427671	1599.565890624997	0.006838534109459325	0.5268829474529066	-2.8406318182482075	0.5268890748886326	482.2189447274271	2.565475957947926	-2.840630299295799	2.5654712426554735	0.004346827427654847	-0.04470949679715147	0.0	0.0	0.0	0.11477852663608283	0.0	0.0	0.0	-0.06787848379244603	482.25978708799175	0.11483013061398875
156	1255.0	nan	nan	1	1	0.001500000000000045	0.001500000000000028	0.0014999999999998368	0.9549576764697421	1.4948437453143892e-19	2.643366211682596e-18	3.0808959983891216e-19	1.1254999999999948	5.878191813510347e-18	2.6356954813122613e-19	3.62421681207592e-19	0.9324814211362159	0.007009095808361778	0.47314166239025623	-3.096699444039099	0.5576444432233352	438.1034391579942	2.816613359806575	-3.023812684938502	2.3335715124044185	0.0045280183780644235	1599.565890624997	0.006678459697619558	0.5313331098102636	-2.8811736392942255	0.5313389974246905	491.9855536931944	2.6205811416344167	-2.881172080059296	2.6205762612124053	0.00421287484461288	-0.0460882573162018	0.0	0.0	0.0	0.1182273813646457	0.0	0.0	0.0	-0.06990605137715958	492.0272141061886	0.1182850652207439
158	1293.75	nan	nan	1	1	0.001500000000000045	0.001500000000000028	0.0014999999999998368	0.953644922657316	6.581649288073255e-19	-7.897924935579281e-18	3.3210467795946606e-19	1.1293749999999951	-1.4036027114888715e-17	5.876375774871434e-20	1.7536970139953035e-20	0.9306003643828612	0.006859715514674945	0.47531579684642156	-3.145209072328305	0.5629091865916485	445.2088156989781	2.881303245410055	-3.0692043538694502	2.374177546646796	0.004403147868532503	1599.565890624997	0.006526866306943293	0.535589838737454	-2.9202810409682036	0.5355955354087263	501.66503908927217	2.675248305392412	-2.920279484409981	2.67524323361275	0.004088258982267373	-0.047463875289308906	0.0	0.0	0.0	0.12166438236435177	0.0	0.0	0.0	-0.07192534801475452	501.7074862393695	0.12172803465386436
160	1332.5	nan	nan	1	1	0.001500000000000045	0.001500000000000028	0.0014999999999998368	0.9523369496430654	4.32542456713092e-19	4.913062144618064e-19	4.016426947972551e-19	1.1332500000000136	-2.2377932840100812e-18	-2.5413698923060222e-19	3.015979393311552e-19	0.928730731079542	0.006715958705501361	0.477324939509099	-3.192329148736911	0.5680070382309954	452.19009077980223	2.945784080137472	-3.1131971048331795	2.4141495661820436	0.0042873596561795084	1599.565890624997	0.006381054781869335	0.5396767084960418	-2.957953216724095	0.5396822979972088	511.25855702731	2.72950911063318	-2.9579516706117883	2.729503916208922	0.003972588256216319	-0.04883636811159906	0.0	0.0	0.0	0.12508961083883383	0.0	0.0	0.0	-0.07393643032066444	511.30176178406987	0.12515912035519483
162	1371.25	nan	nan	1	1	0.001500000000000045	0.001500000000000028	0.0014999999999998368	0.9510337257900515	2.8438622984294784e-19	-1.4860074976086323e-18	2.819738800091676e-19	1.1371250000000044	1.6766942651999517e-17	-3.649424512586208e-19	-4.560967489103396e-19	0.9268724160458939	0.006576021896295761	0.4792095243608112	-3.2380562042109156	0.5729834414056282	459.049505653539	3.01008634406174	-3.1557908583586194	2.4535214646839756	0.004178633438634403	1599.565890624997	0.00623928875443372	0.5436376985220693	-2.9941962128434443	0.5436431324008593	520.7672303551399	2.783394902164079	-2.9941947767833414	2.7833895081997886	0.0038639380009986837	-0.050205753563930394	0.0	0.0	0.0	0.1285031471600933	0.0	0.0	0.0	-0.07593935390675259	520.8111662429002	0.12857840291006223
164	1410.0	nan	nan	1	1	0.001500000000000045	0.001500000000000028	0.0014999999999998368	0.9497352194054683	-3.1143707404646115e-19	-1.8935590942459335e-18	-1.661810879877157e-19	1.1410000000000102	8.512559147161314e-18	-2.091425990724538e-19	-3.956524777942727e-19	0.9250253157335835	0.006439498504463355	0.4810199091450564	-3.2823936060763343	0.5778969592197438	465.7892498217207	3.0742397901761014	-3.196991898540253	2.4923260498119313	0.004079381418332371	1599.565890624997	0.006101165190107473	0.5475287017138266	-3.0290222963351896	0.5475340678496339	530.1921570781309	2.836936085753413	-3.029020920015709	2.836930489481178	0.003764489806618537	-0.05157204965148576	0.0	0.0	0.0	0.13190507087994754	0.0	0.0	0.0	-0.07793417348358757	530.2367976872985	0.13198596205363372
166	1448.75	nan	nan	1	1	0.001500000000000045	0.001500000000000028	0.0014999999999998368	0.9484413987457211	2.358952876785336e-19	5.826556685045725e-18	-5.710899418295834e-19	1.1448749999999892	-8.593115368576986e-18	2.9598719308854273e-20	-4.895172808772052e-19	0.9231893280906983	0.006304460170708171	0.48280247737863324	-3.32535016905201	0.58280229270924	472.4114487839727	3.1382689825651062	-3.2368119336059293	2.5305911909773036	0.003988779074372937	1599.565890624997	0.005964843559260793	0.5514018413930374	-3.062448613366167	0.5514071637950652	539.5343954508116	2.890158030113984	-3.062447266208857	2.890152200738558	0.003673426954858036	-0.05293527459877776	0.0	0.0	0.0	0.13529546074100532	0.0	0.0	0.0	-0.07992094298889979	539.5797166460964	0.135381876728551
168	1487.5	nan	nan	1	1	0.001500000000000045	0.001500000000000028	0.0014999999999998368	0.9471522323237416	-8.825405684032006e-20	1.4884469524967248e-18	-5.281690883263135e-19	1.148749999999998	-3.05576961304177e-18	4.2305568770384384e-19	-2.4275286641950443e-19	0.921364352380991	0.006172055286900017	0.48459318333610674	-3.3669399097426034	0.5877426073890409	478.918187593595	3.202189410112221	-3.2752677411460263	2.5683370644720123	0.00390711859691659	1599.565890624997	0.0058314006092681295	0.5552979985635146	-3.094496914277097	0.5553032886947333	548.7949896768058	2.9430775464242256	-3.094495660428228	2.9430715919679264	0.0035909659114757844	-0.05429544652550653	0.0	0.0	0.0	0.13867439468775816	0.0	0.0	0.0	-0.0818997157668452	548.8409675259119	0.13876622507821518
170	1526.25	nan	nan	1	1	0.001500000000000045	0.001500000000000028	0.0014999999999998368	0.9458676890819886	-7.7758979810660375e-19	-6.230205153862079e-18	-6.448970047215341e-20	1.1526249999999842	1.489186920479446e-17	5.78313438803768e-19	-1.8108886785939138e-19	0.9195502888770628	0.006038612674184182	0.48641635275301043	-3.4071826425933263	0.5927477538374574	485.3114949483913	3.2660011381645333	-3.312381411115421	2.6055709040915085	0.003834482820645174	1599.565890624997	0.0056973598929691395	0.5592452339991199	-3.125194054395293	0.5592505202061675	557.9749509217052	2.9956971519646034	-3.1251928249322667	2.9956910406337807	0.003517129596445736	-0.05565258326177207	0.0	0.0	0.0	0.1420419498771546	0.0	0.0	0.0	-0.08387054488672842	558.0215638777559	0.1421390845316478
172	1565.0	nan	nan	1	1	0.001500000000000045	0.001500000000000028	0.0014999999999998368	0.9445877387726118	-1.9737900550098608e-19	3.873041210661343e-18	4.698254589194373e-19	1.156499999999995	2.3791190371935667e-18	1.6154612370034016e-19	1.4634018823123096e-19	0.9177470385397938	0.005900097417275093	0.4882870886675889	-3.446101585027413	0.5978368786779986	491.5933568720367	3.3296886348214034	-3.348178534533474	2.642287564335119	0.003769073269785282	1599.565890624997	0.005558921657553478	0.5632613413981848	-3.1545697505824726	0.5632666950272415	567.075271987546	3.0480050535661425	-3.154568620253349	3.047998753987801	0.0034502188142834568	-0.057006701942485666	0.0	0.0	0.0	0.14539820268935286	0.0	0.0	0.0	-0.08583348348068637	567.1225016949228	0.1455005318370687
174	1603.75	nan	nan	1	1	0.001500000000000045	0.001500000000000028	0.0014999999999998368	0.9433123521542256	-2.6443690986921454e-19	-4.290079576307893e-18	5.278370514109898e-19	1.160375000000013	-8.917291818150153e-18	-1.8713329497099806e-19	4.0700949555105836e-19	0.9159545028013799	0.005750326098605247	0.4902130798352087	-3.483722910140843	0.6030202068593675	497.76571786486073	3.3932315918373046	-3.382687179997437	2.6784783731554413	0.003706661440647115	1599.565890624997	0.005410285814485074	0.5673557642580319	-3.1826561446842	0.5673611574499071	576.0969278412597	3.099985175244875	-3.182655061809385	3.0999787785366006	0.0033863281077835764	-0.05835781879293303	0.0	0.0	0.0	0.1487432287379706	0.0	0.0	0.0	-0.08778858497238178	576.144761175528	0.14885064310197046
176	1642.5	nan	nan	1	1	0.001500000000000045	0.001500000000000028	0.0014999999999998368	0.9420415011495923	2.0713682505335563e-19	5.238322796363715e-19	3.458130591778297e-19	1.164250000000012	1.002130778533783e-17	-2.540285690133537e-19	3.723692361401465e-19	0.9141725834145971	0.005586254794978865	0.49219600390610196	-3.5200717819954574	0.6083008924099619	503.83047662034676	3.456608444911876	-3.415934594411542	2.714133668971491	0.0036459857807402516	1599.565890624997	0.005248634145401186	0.5715310836087544	-3.209484165388373	0.5715365574536098	585.040869841918	3.151620409173437	-3.2094832063157637	3.1516138785682033	0.0033242883541095094	-0.059705948954157165	0.0	0.0	0.0	0.1520771028803608	0.0	0.0	0.0	-0.08973590323601192	585.0892959862458	0.15218949381576855
178	1681.25	nan	nan	1	1	0.001500000000000045	0.001500000000000028	0.0014999999999998368	0.9407751587618051	-2.7338157779221995e-19	9.80715075121763e-19	1.2602495002428381e-19	1.1681250000000034	1.0274875568427878e-17	-4.1069578293750906e-19	1.146543797403421e-19	0.9124011825204746	0.005404356341772283	0.49423947354497805	-3.5551690138930705	0.61368438557791	509.7894957640777	3.5197959893284434	-3.44794344476766	2.749242850871141	0.003583956512918774	1599.565890624997	0.005070710529079446	0.575792160474338	-3.235080501046326	0.5757976859203706	593.9080362151786	3.202892275511938	-3.2350796326876483	3.202885575726203	0.0032612761267417608	-0.06105110656370934	0.0	0.0	0.0	0.15539989922769354	0.0	0.0	0.0	-0.09167549251786139	593.9570476119093	0.1555171588456458
180	1720.0	nan	nan	1	1	0.001500000000000045	0.001500000000000028	0.0014999999999998368	0.9395132988692539	-1.3417001884508118e-19	-1.4403083760383683e-18	-1.455202603382888e-19	1.172000000000007	-1.5491622741559131e-18	-5.284401388694348e-19	-1.4533730122168187e-19	0.9106402027780713	0.0051977329644825754	0.49635188099347044	-3.5890296724907156	0.6191824412192843	515.6445947413307	3.582763842466079	-3.4787309835682865	2.7837900203737114	0.0035155770152357295	1599.565890624997	0.004870118543068448	0.5801494976722998	-3.25946637576099	0.5801552155776454	602.6993430907437	3.25377590670801	-3.259465691136975	3.2537690372250565	0.0031927585220009607	-0.062393304966157935	0.0	0.0	0.0	0.15871169115482764	0.0	0.0	0.0	-0.09360740728876234	602.7489376865831	0.1588337124394588
182	1750.0	nan	nan	1	1	0.001500000000000045	0.001500000000000028	0.0014999999999998368	0.9385392339019988	3.094855101359872e-19	-1.0673970388119792e-19	-2.0802451558207814e-19	1.1750000000000123	9.78215989114184e-18	-2.4958334010616313e-19	1.5173409403934634e-19	0.9092835772112996	0.0024396191955471025	0.49816477122147346	-3.614285511891902	0.6236785953733847	520.1074457865403	3.6318580085586434	-3.501622038399923	2.810540765830996	0.0016948565545279377	1599.565890624997	0.002283414885983652	0.583742391146672	-3.2774204408128074	0.5837456072424421	609.4545050068286	3.2933551143692266	-3.2774196490029324	3.293351681690865	0.001536889517382867	-0.06343061892580594	0.0	0.0	0.0	0.16126814759613253	0.0	0.0	0.0	-0.09509826732693072	609.5065632320058	0.16139400672628745
184	1780.0	nan	nan	1	1	0.001500000000000045	0.001500000000000028	0.0014999999999998368	0.937568114448026	-2.1922567927656897e-19	-1.1645957635753046e-18	-2.624853459587406e-19	1.178000000000001	1.0629247048504763e-17	-4.401860820291148e-20	2.4340338772299576e-19	0.9079334110650631	0.002321178908048355	0.4999723614869663	-3.638867467034477	0.6281893862035339	524.5118359124441	3.680523073530416	-3.5238494215128187	2.8367288852940087	0.001803453167192841	1599.565890624997	0.0021702478124256967	0.5873394470983508	-3.294717014446853	0.587342335599431	616.1670432844252	3.3324329897365823	-3.294716521780673	3.332429756919549	0.0016328893229933137	-0.06446586836561997	0.0	0.0	0.0	0.16381808522939661	0.0	0.0	0.0	-0.09658423890147563	616.2194394420119	0.16394750081630807
186	1810.0	nan	nan	1	1	0.001500000000000045	0.001500000000000028	0.0014999999999998368	0.9365996425116336	-2.6394901889159604e-19	-7.439795307595532e-18	4.58346468418247e-20	1.1810000000000211	4.658003583540848e-18	1.513546232789764e-19	-2.662800535624399e-19	0.9065893478642341	0.0021740924872447674	0.5018226839498724	-3.662746932112485	0.632773736481537	528.8572712641746	3.7288985823235716	-3.545385682441109	2.8624694728294573	0.0017436046371329225	1599.565890624997	0.0020305678501958075	0.5909975619369395	-3.3113343018834414	0.5910006190104681	622.8362485920846	3.3711392058339937	-3.311333913136712	3.3711359284231013	0.0015763190716895426	-0.06549936392011249	0.0	0.0	0.0	0.16636153721524335	0.0	0.0	0.0	-0.09806569008750518	622.8890610772738	0.16649444542910913
188	1840.0	nan	nan	1	1	0.001500000000000045	0.001500000000000028	0.0014999999999998368	0.9356338066322283	-4.301030018249996e-19	-2.439238047657888e-18	5.627009275199768e-20	1.183999999999988	4.816188680506484e-18	2.8341044788771085e-19	-5.730550582672134e-19	0.9052513416636233	0.002008456267353987	0.503730419107122	-3.685917127150955	0.6374502185586408	533.1438897494035	3.776995599477192	-3.5662255339929385	2.887776176945729	0.001666505647304507	1599.565890624997	0.001873878810021325	0.5947344490345249	-3.327269343677147	0.5947375984313449	629.4617626790686	3.4094856818058	-3.3272690914551593	3.4094823508476946	0.0015043510095483564	-0.06653111128636632	0.0	0.0	0.0	0.16889853646180394	0.0	0.0	0.0	-0.09954264824566118	629.5149968423497	0.16903487494096844
190	1870.0	nan	nan	1	1	0.001500000000000045	0.001500000000000028	0.0014999999999998368	0.9346705966716453	-6.104600332179632e-19	-5.035034889022682e-18	-1.4783774248197657e-19	1.1870000000000085	1.0266364581373866e-17	3.5431726996826283e-19	-3.7220660581427365e-19	0.9039193479267781	0.0018269062395713021	0.5057018732632232	-3.708379250477039	0.6422276948574869	537.37243066519	3.824808491421653	-3.586371123932773	2.9126496204955807	0.0015739670048330115	1599.565890624997	0.0017026910678894012	0.5985580822369415	-3.342526374531044	0.598561292254184	636.0439392292668	3.44746920328135	-3.3425262591963523	3.4474659146942432	0.001418686135086964	-0.06756111479171853	0.0	0.0	0.0	0.17142911562753832	0.0	0.0	0.0	-0.10101513946518147	636.0975983802114	0.17156882268947035
192	1900.0	nan	nan	1	1	0.001500000000000045	0.001500000000000028	0.0014999999999998368	0.9337100027255837	-3.8624702394796095e-19	3.4494976319798808e-18	-2.9236866833787234e-19	1.1899999999999984	2.2485268855176877e-18	2.0166160408230384e-19	-1.0386656812411132e-19	0.9025933226012834	0.001637076384955603	0.5077391553347671	-3.730139039488312	0.6471097909778134	541.5436654016468	3.8723285277866606	-3.605829035277316	2.9370878350087333	0.0014702787433017233	1599.565890624997	0.0015241575654187055	0.6024715293661272	-3.3571136779820927	0.6024748097518415	642.5831785574085	3.4850837806989987	-3.3571137267815674	3.4850804418927845	0.0013232463528388	-0.06858937855233559	0.0	0.0	0.0	0.17395330712343685	0.0	0.0	0.0	-0.1024831895766238	642.6372605320196	0.17409632168452635
194	1930.0	nan	nan	1	1	0.001500000000000045	0.001500000000000028	0.0014999999999998368	0.9327520151921861	-5.968532959532702e-20	5.935573213489143e-18	-1.2303322965458164e-19	1.192999999999996	-4.7013174603316445e-18	-1.5720931501039814e-19	-7.534662997688013e-19	0.901273221726164	0.0014380266686731232	0.5098394268577394	-3.7512047047076376	0.6520937737354798	545.6583488847199	3.9195485549096785	-3.62460822133471	2.9610903245660296	0.0013528868309906712	1599.565890624997	0.0013374268226636812	0.6064719982029702	-3.3710416995634165	0.6064753337923453	649.0798705463553	3.5223248695231764	-3.3710419719360116	3.522321482799189	0.001215779537793899	-0.06961590639841558	0.0	0.0	0.0	0.17647114311577594	0.0	0.0	0.0	-0.10394682458325305	649.134374838546	0.17661740476110616
196	1960.0	nan	nan	1	1	0.001500000000000045	0.001500000000000028	0.0014999999999998368	0.931796624934149	-1.0836600713992617e-19	8.499386090765615e-18	-2.670525476103358e-20	1.1960000000000086	-5.92830905893349e-18	-4.9439619065339e-19	6.922088770233703e-19	0.8999590014113745	0.0012339584257718486	0.511995553129273	-3.7715876577632996	0.6571713461973808	549.71722709488	3.9664660455674654	-3.642720497386635	2.984660011335414	0.0012236092628224856	1599.565890624997	0.001146427573447717	0.6105515396928766	-3.3843236836284456	0.6105548906878266	655.534403271926	3.559192095321175	-3.3843240852747134	3.55918865748525	0.0010979699223358699	-0.07064070169856426	0.0	0.0	0.0	0.1789826555284474	0.0	0.0	0.0	-0.10540607068280208	655.5893267687668	0.17913210454233766
198	1990.0	nan	nan	1	1	0.001500000000000045	0.001500000000000028	0.0014999999999998368	0.9308438232106004	1.0469598278606273e-18	-4.057301369875254e-18	3.15593464718638e-19	1.1990000000000067	-1.686221691790668e-17	-5.368969158148218e-19	1.9483113039564514e-19	0.8986506178117003	0.0010227082576383896	0.5141955375432707	-3.791301831343126	0.6623277983496033	553.721034234044	4.013081761707856	-3.660180330008777	3.007802271561729	0.0010831665869067814	1599.565890624997	0.0009491649711974471	0.6146963082222578	-3.396975043830535	0.6146995890063905	661.9471595473235	3.59568802480271	-3.396975561273474	3.5956845542167457	0.000970508291799582	-0.07166376743044274	0.0	0.0	0.0	0.181487876045383	0.0	0.0	0.0	-0.10686095429565197	662.0025000522489	0.18164045347075636
200	2020.0	nan	nan	1	1	0.001500000000000045	0.001500000000000028	0.0014999999999998368	0.9298936017752173	1.185358235178402e-18	4.681584980792408e-19	3.460993563140016e-19	1.2019999999999857	3.364008290679399e-18	-1.7282182629418942e-19	-7.213197053546061e-19	0.8973480270297408	0.0008046922835092123	0.5164242683802306	-3.8103619652453955	0.6675443769589394	557.6704866234408	4.059401136551944	-3.677002878310168	3.0305258331354428	0.0009291131713291674	1599.565890624997	0.000746044025508159	0.6188885830604839	-3.4090118136773278	0.6188918477258928	668.3185094371216	3.6318193802014593	-3.409012470178862	3.631815841420642	0.000831248528668417	-0.0726851060730951	0.0	0.0	0.0	0.18398683611300418	0.0	0.0	0.0	-0.10831150217228638	668.3742659522409	0.18414248382340775
