6	header
postResults v2.0.3	--cr f,p,texture --time RVE_1_40_D_tensionX.spectralOut
addCauchy v2.0.3	RVE_1_40_D_tensionX.txt
addStrainTensors v2.0.3	--left --logarithmic RVE_1_40_D_tensionX.txt
addMises v2.0.3	-s Cauchy RVE_1_40_D_tensionX.txt
addMises v2.0.3	-e ln(V) RVE_1_40_D_tensionX.txt
inc	time	elem	node	ip	grain	1_pos	2_pos	3_pos	1_f	2_f	3_f	4_f	5_f	6_f	7_f	8_f	9_f	1_p	2_p	3_p	4_p	5_p	6_p	7_p	8_p	9_p	texture	1_Cauchy	2_Cauchy	3_Cauchy	4_Cauchy	5_Cauchy	6_Cauchy	7_Cauchy	8_Cauchy	9_Cauchy	1_ln(V)	2_ln(V)	3_ln(V)	4_ln(V)	5_ln(V)	6_ln(V)	7_ln(V)	8_ln(V)	9_ln(V)	Mises(Cauchy)	Mises(ln(V))
0	0.0	nan	nan	1	1	6.000000000000838e-05	6.000000000000867e-05	5.999999999999513e-05	0.0	0.0	0.0	0.0	0.0	0.0	0.0	0.0	0.0	0.0	0.0	0.0	0.0	0.0	0.0	0.0	0.0	0.0	0.0	nan	nan	nan	nan	nan	nan	nan	nan	nan	nan	nan	nan	nan	nan	nan	nan	nan	nan	nan	nan
2	2.0	nan	nan	1	1	6.000000000000838e-05	6.000000000000867e-05	5.999999999999513e-05	0.9999331859138993	3.760363064666064e-24	1.0782795592996247e-22	-2.4418371682565377e-24	1.000200000000001	4.734649477355522e-22	-2.0183206946293875e-24	2.5556572205438344e-23	0.9999338800589287	-9.69649644889614e-06	-494.1626033522683	2741.2009144829563	-494.29446170563557	14158906.776138123	727.4803459827067	2741.2028174010616	727.2867876675289	-3.4493660755288148e-06	1599.565890624997	-9.695198583347365e-06	-494.2283009272791	2740.8359103726716	-494.2283009272519	14160789.164310936	727.3834784692632	2740.835910372646	727.3834784692266	-3.4489067758150183e-06	-6.681631826113055e-05	0.0	0.0	0.0	0.0001999800026669107	0.0	0.0	0.0	-6.612212709119347e-05	14160790.041972999	0.00017763326904603684
4	4.0	nan	nan	1	1	6.000000000000838e-05	6.000000000000867e-05	5.999999999999513e-05	0.9998663539893825	-3.238412098145103e-23	-1.3592893569961393e-22	-1.0647468844782572e-23	1.0003999999999935	3.259091613458929e-23	-3.745473813640109e-24	1.0654086289682997e-23	0.9998677425139986	2.172502275698207e-06	-988.3614005930773	5482.594259828146	-988.8889062105633	28326310.37551085	1455.4063112584158	5482.60187356281	1454.6319700905121	1.14632487657218e-06	1599.565890624997	2.171920875043336e-06	-988.624261766512	5481.134630765646	-988.6242617665082	28333843.942867804	1455.0188389690245	5481.134630765675	1455.0188389689852	1.146019690919979e-06	-0.0001336549420413461	0.0	0.0	0.0	0.00039992002132067657	0.0	0.0	0.0	-0.00013226623279395967	28333845.69716184	0.0003552546439163903
6	6.0	nan	nan	1	1	6.000000000000838e-05	6.000000000000867e-05	5.999999999999513e-05	0.9997995042228782	5.975883617328093e-23	2.567568621364598e-24	-1.3354003809056077e-23	1.000599999999987	1.0871006133518902e-21	-4.07634605866132e-24	1.4081922748102744e-23	0.9998015873617152	-4.569215739138599e-06	-1482.5963387102813	8224.17977104497	-1483.783388817138	42502212.49607872	2183.777960926743	8224.1969065886	2182.035450509725	-5.508725429535843e-06	1599.565890624997	-4.5673820799550885e-06	-1483.1879358569788	8220.896477139631	-1483.1879358570072	42519172.060178876	2182.906143302453	8220.896477139373	2182.906143302368	-5.506526211482191e-06	-0.0002005158790870514	0.0	0.0	0.0	0.0005998200719546787	0.0	0.0	0.0	-0.00019843232467659503	42519174.69010562	0.000532864140378603
8	8.0	nan	nan	1	1	6.000000000000838e-05	6.000000000000867e-05	5.999999999999513e-05	0.9997326366108241	7.652082410605548e-23	2.302341429755595e-22	1.4201036756310379e-23	1.0008000000000166	6.58872518955638e-22	1.2215803286183113e-23	4.986906476959693e-23	0.9997354145986067	-1.1599637918152438e-05	-1976.867365449621	10965.957183064416	-1978.9779655979576	56686614.83612889	2912.5953601426895	10965.987654506529	2909.49713222445	-1.251592680819158e-05	1599.565890624997	-1.1593433078794034e-05	-1977.9193773513405	10960.121765221229	-1977.919377351298	56716781.24714769	2911.045453403968	10960.121765221316	2911.0454534040164	-1.2509266590446394e-05	-0.0002673991371387541	0.0	0.0	0.0	0.0007996801705808841	0.0	0.0	0.0	-0.0002646204102861928	56716784.75169437	0.0007104617742035951
10	10.0	nan	nan	1	1	6.000000000000838e-05	6.000000000000867e-05	5.999999999999513e-05	0.9996657508829858	-8.11133308669499e-23	3.0151725944292922e-22	3.4463653041409346e-23	1.0010000000000054	-1.79263935374532e-21	6.061579528788587e-24	-2.2411962388756754e-22	0.9996692233101802	7.325028502691566e-05	-2471.845640047396	13706.643992532358	-2475.144800651534	70879267.97007848	3643.9106216151	13706.6916037695	3639.0662346869826	6.762564491509693e-05	1599.565890624997	7.32013212097208e-05	-2473.4903014572383	13697.52942860758	-2473.490301457215	70926428.0333525	3641.487515250407	13697.529428607366	3641.4875152504137	6.758067560941723e-05	-0.00033430499070113105	0.0	0.0	0.0	0.0009995003330889687	0.0	0.0	0.0	-0.0003308314084956613	70926432.41107675	0.0008880479529359443
12	12.0	nan	nan	1	1	6.000000000000838e-05	6.000000000000867e-05	5.999999999999513e-05	0.9995988370783221	1.4038909356249986e-22	-1.9047388703585063e-21	1.0177630256852453e-22	1.0011999999999954	1.371716918519136e-21	-1.2149628837178871e-23	6.183340514956392e-23	0.999602976589012	0.001020656828080064	-2978.091370662372	16354.910471887897	-2982.861693817732	85070158.36376552	4468.037467751987	16354.978200385429	4460.910459725715	0.001079732403235539	1599.565890624997	0.0010198384075938316	-2980.4698662719234	16341.86385201391	-2980.46986627045	85138100.87223433	4464.473230177914	16341.863852014549	4464.473230179162	0.0010788710803774988	-0.0004012434090491948	0.0	0.0	0.0	0.0011992805754773078	0.0	0.0	0.0	-0.0003971022456495041	85138106.08397262	0.0010656382840415612
14	14.0	nan	nan	1	1	6.000000000000838e-05	6.000000000000867e-05	5.999999999999513e-05	0.9995317622111064	1.2983426894632323e-22	-5.291838337971242e-22	1.3359297764976417e-22	1.0013999999999923	2.1446344828886852e-21	-1.6173035336636797e-23	-2.0514079191315086e-22	0.9995361760255763	-0.0016304047986359365	-3625.4894416777643	17662.104404481877	-3632.2658910678165	99124021.41350652	6605.664103520092	17662.1823982508	6593.369520776357	0.003209690280873474	1599.565890624997	-0.001628880937073794	-3628.870985449431	17645.674399207535	-3628.8709854716444	99216475.74901779	6599.519247076268	17645.674399204836	6599.519247039788	0.003206704496901412	-0.00046834744643894726	0.0	0.0	0.0	0.0013990209136998698	0.0	0.0	0.0	-0.0004639315740358919	99216481.3132145	0.0012434428963287983
16	16.0	nan	nan	1	1	6.000000000000838e-05	6.000000000000867e-05	5.999999999999513e-05	0.9994636850833031	-5.193370757852929e-22	4.456716791537705e-22	1.3287829360051835e-22	1.001600000000003	-1.236721042550482e-21	-2.999026028872257e-23	1.07149667827669e-22	0.9994654645706739	-4.318037614203526	-4997.315576994093	8298.568388675894	-5007.997150469473	112139255.22550969	17998.818799053675	8298.583157997093	17960.461059457833	-5.086174160920349	1599.565890624997	-4.313445479970162	-5002.671255076217	8289.75781042196	-5002.671260051194	112259436.09904142	17979.709478737193	8289.757804627567	17979.709483168313	-5.080774177048544	-0.0005364587849832969	0.0	0.0	0.0	0.0015987213637001772	0.0	0.0	0.0	-0.0005346783443197562	112259446.36828946	0.001422860323548659
18	18.0	nan	nan	1	1	6.000000000000838e-05	6.000000000000867e-05	5.999999999999513e-05	0.9993931978994111	2.9603801506537795e-22	2.2227732722728944e-21	2.0964065444543934e-23	1.0018000000000118	3.8402356246141845e-21	-8.576208590949791e-23	-3.7618850769931613e-22	0.9993832223914791	47.70918694321105	-6314.806684223205	-35700.61749147467	-6330.0144042303955	122170477.61574759	55110.411076464035	-35700.26115651844	54977.46079685112	127.86662379507065	1599.565890624997	47.65285592125265	-6322.540450141716	-35658.10925775901	-6322.540452078872	122320100.22864458	55044.79186876365	-35658.10927081303	55044.79188612408	127.7143747666046	-0.0006069862794941162	0.0	0.0	0.0	0.0017983819413909228	0.0	0.0	0.0	-0.000616967894076869	122320065.78331324	0.001606916352546608
20	20.0	nan	nan	1	1	6.000000000000838e-05	6.000000000000867e-05	5.999999999999513e-05	0.9993209265405657	4.065758146820642e-23	-9.335097172130441e-21	-1.9354702844760763e-22	1.0019999999999816	1.6411475111288884e-20	-1.2456678280558555e-22	-9.571472303973594e-23	0.9992863648441969	-27.606493364333442	-3945.720696702464	-120033.16690196138	-3956.297472664102	128677984.28570136	122972.89274224694	-120029.01580606995	122639.85567474629	213.9145480405098	1599.565890624997	-27.57106626533754	-3951.22168237594	-119874.98366233383	-3951.220401108089	128857382.62695724	122810.83544539809	-119874.98393504512	122810.8358684604	213.63264515411717	-0.0006793041342519619	0.0	0.0	0.0	0.0019980026626546647	0.0	0.0	0.0	-0.0007138899145813617	128857632.62798993	0.0017965107669795958
22	22.0	nan	nan	1	1	6.000000000000838e-05	6.000000000000867e-05	5.999999999999513e-05	0.9992486388637779	-1.4615553504872953e-21	9.615623896349224e-21	-8.000226186816867e-22	1.0022000000000026	-5.6234517368213e-21	-2.091641984126088e-22	-1.2536087619363645e-21	0.9991786092639973	-92.74420184065153	3218.4466962108645	-221792.89538465792	3227.954750124343	132832768.6738608	212234.35031780077	-221777.3526261412	211594.5150775326	167.56144706222602	1599.565890624997	-92.61668698185247	3223.5144952407218	-221472.4279110353	3223.5166053562302	133041928.50770584	211927.69393936123	-221472.4288978251	211927.69396146297	167.31933834398484	-0.0007516435494723623	0.0	0.0	0.0	0.0021975835434896386	0.0	0.0	0.0	-0.0008217282622134791	133042950.67323917	0.0019899244035266666
24	24.0	nan	nan	1	1	6.000000000000838e-05	6.000000000000867e-05	5.999999999999513e-05	0.9991771598556636	-3.5660087079406043e-22	2.282012639021492e-20	-2.939204326972422e-22	1.002399999999989	-1.6229151269392394e-21	-7.051549285892051e-23	3.5405977195229753e-22	0.9990642292029669	-64.91222213979955	14866.43686439967	-321152.1268628414	14914.390261379529	135727215.63507298	310604.8176281557	-321115.8302833206	309571.1915226574	174.28008591447434	1599.565890624997	-64.81746009215829	14892.615714178371	-320647.0484292579	14892.617502507623	135966222.6292439	310116.32702937437	-320647.0496345525	310116.3267014905	174.00599427554187	-0.0008231788631083373	0.0	0.0	0.0	0.00239712459971104	0.0	0.0	0.0	-0.0009362089038579932	135968365.71617365	0.0021855201480437936
26	26.0	nan	nan	1	1	6.000000000000838e-05	6.000000000000867e-05	5.999999999999513e-05	0.9991065304796519	-1.48908392127306e-21	2.6270091584381685e-20	4.2012834183813297e-22	1.0026000000000177	-3.8703476458890744e-20	-7.792703114739563e-23	2.0879362149818503e-22	0.9989459160881136	-45.67256865018086	30523.010366516293	-411074.09214993904	30629.737956649536	137947505.13793758	408366.5936368472	-411008.0097016319	406878.25763972296	163.494407733692	1599.565890624997	-45.60219645922867	30582.542700129005	-410374.72847671807	30582.543725363565	138216559.10077742	407671.83625271503	-410374.72948559804	407671.83638188196	163.21625337727	-0.0008938689021480044	0.0	0.0	0.0	0.0025966258472831885	0.0	0.0	0.0	-0.0010546398490374723	138220141.69647416	0.0023823957166543494
28	28.0	nan	nan	1	1	6.000000000000838e-05	6.000000000000867e-05	5.999999999999513e-05	0.9990365429663471	-3.015437292225309e-22	7.526935939626686e-20	1.0731907441711984e-21	1.0028000000000066	4.8725570290803626e-20	-6.28921963336318e-23	-1.0765788759602157e-21	0.9988251775835633	-35.55817243298348	49024.022313489266	-491269.8341142781	49208.70073672328	139772386.00808772	499662.93945243425	-491165.8973432913	497682.4142391672	138.5193440416713	1599.565890624997	-35.50059444199659	49129.018274980015	-490370.5703551158	49129.018966440024	140071739.9853059	498748.312210857	-490370.57115875196	498748.31297888973	138.26578598174243	-0.0009639214567057737	0.0	0.0	0.0	0.002796087302008052	0.0	0.0	0.0	-0.0011755130612677185	140076953.2383775	0.0025800967388537976
30	30.0	nan	nan	1	1	6.000000000000838e-05	6.000000000000867e-05	5.999999999999513e-05	0.998966974171756	5.8529976655272155e-21	-3.0622570383847904e-20	2.154004784867686e-21	1.0030000000000001	-4.5746555415310255e-20	-9.213600883758652e-22	6.454391058077769e-21	0.99870286125792	-22.935223755946108	68725.75124087458	-562835.0481524188	69003.21138537796	141335600.545007	581747.1919885593	-562686.24302032	579254.8218749582	109.7713300936404	1599.565890624997	-22.89632359267647	68886.1750594363	-561731.8769096974	68886.17585009901	141665514.67950186	580606.952455072	-561731.8775013271	580606.9536271419	109.55617544925198	-0.001033559767171767	0.0	0.0	0.0	0.0029955089797988137	0.0	0.0	0.0	-0.001297980754754857	141672431.8632018	0.0027783835239300666
32	32.0	nan	nan	1	1	6.000000000000838e-05	6.000000000000867e-05	5.999999999999513e-05	0.9988976364402535	-8.470329472543004e-23	2.954705029907176e-20	6.742382260144231e-22	1.0031999999999939	1.2756316185649764e-20	-6.615327318056086e-22	-1.3798166710772553e-21	0.9985794691101069	-3.199206503052963	88172.40089358143	-626496.4161921625	88552.17012689714	142704294.85607198	653610.6756835864	-626296.8658376718	650600.2816185891	85.99139647404282	1599.565890624997	-3.193538217306353	88395.2744189598	-625187.2061141421	88395.27528335256	143065008.74112988	652244.8040495429	-625187.2064285658	652244.8050398295	85.81169743670252	-0.0011029716093576252	0.0	0.0	0.0	0.0031948908965133125	0.0	0.0	0.0	-0.0014215408004166266	143073607.6098496	0.0029771182957604655
34	34.0	nan	nan	1	1	6.000000000000838e-05	6.000000000000867e-05	5.999999999999513e-05	0.9988283760805756	9.612129885441801e-21	-8.99595576796166e-20	8.555032767268433e-22	1.0034000000000165	-3.947258237499765e-20	-8.690558038829122e-22	5.188923834879844e-21	0.9984553270153854	18.869384691228856	106526.77383916803	-682558.2015187105	107014.34626295275	143915094.99883345	715086.2783914158	-682303.2749901096	711562.3923860354	69.16243196091399	1599.565890624997	18.83453937839166	106816.72646824495	-681043.2938832585	106816.72729261398	144306813.98791844	713499.1761329832	-681043.2937317932	713499.1767172316	69.00892901269523	-0.0011723108072972544	0.0	0.0	0.0	0.0033942330680319923	0.0	0.0	0.0	-0.0015458672218915317	144317001.14506358	0.003176212217745256
36	36.0	nan	nan	1	1	6.000000000000838e-05	6.000000000000867e-05	5.999999999999513e-05	0.9987590701771929	6.354441170301761e-21	-2.155222394729364e-20	2.3513634615779376e-21	1.0035999999999978	1.2997212355848885e-19	-1.5111067779016718e-21	1.7957098481791168e-21	0.9983306686378858	38.51947609577104	123457.50514297928	-731330.6263675663	124055.89754214509	144991479.65028518	766561.3754955278	-731016.9332541478	762536.5990385013	56.07201639617229	1599.565890624997	38.44548165177137	123817.59017869213	-729612.6782905845	123817.59089589967	145414372.22427222	764760.6678628364	-729612.6776148444	764760.6681072803	55.940299209352496	-0.0012417004137851865	0.0	0.0	0.0	0.0035935355101284483	0.0	0.0	0.0	-0.0016707262482801165	145426006.9497101	0.0033755994189546656
38	38.0	nan	nan	1	1	6.000000000000838e-05	6.000000000000867e-05	5.999999999999513e-05	0.9986896257474541	-1.4331797467542761e-21	1.0256965480274659e-19	1.5805634795765245e-21	1.0038000000000167	1.2040149828746252e-20	3.5151867311053462e-22	4.663763407582178e-21	0.9982056739355801	52.75376770510254	138846.149127099	-773392.7830178338	139556.63651707635	145951905.39408454	808859.376437525	-773018.0059455121	804351.4831657888	42.9110428887849	1599.565890624997	52.64853089972815	139278.23884299948	-771475.9381630111	139278.23944261638	146406108.2490671	806854.6280508782	-771475.9370283254	806854.627876897	42.80468837710265	-0.0013112335436307138	0.0	0.0	0.0	0.0037927982387126313	0.0	0.0	0.0	-0.0017959377957025716	146419026.50109416	0.0035752249069741825
40	40.0	nan	nan	1	1	6.000000000000838e-05	6.000000000000867e-05	5.999999999999513e-05	0.998619978824385	3.925150677576428e-21	-4.15512012275597e-21	1.2349740370967699e-21	1.0039999999999816	-1.5667568425362793e-19	1.9219177573200076e-21	5.1855357030908266e-21	0.9980804843399681	60.45631494690984	152691.25212245193	-809597.2829284588	153513.87020400114	146812878.05153936	843099.4707535306	-809159.9046660593	838128.6131819208	29.56965522378357	1599.565890624997	60.33125993260354	153196.3232211957	-807486.1437228448	153196.323902156	147298504.70399332	840900.9698636783	-807486.1423214149	840900.9693821891	29.49254817345651	-0.0013809742818096191	0.0	0.0	0.0	0.0039920212695191	0.0	0.0	0.0	-0.0019213602911268362	147312538.8736436	0.0037750402415942345
44	48.666666666666664	nan	nan	1	1	6.000000000000838e-05	6.000000000000867e-05	5.999999999999513e-05	0.9983150400638585	-3.5575383784680616e-21	-2.0478842620709308e-19	-6.928729508540176e-22	1.0048666666666617	-1.373684152539134e-19	1.1943164556285634e-20	-2.7913123743818214e-20	0.9975380029687261	559.3238948347902	198000.87084474263	-917998.4060669831	199300.2827002724	149702927.92530558	923819.4794390743	-917283.8491553508	917081.8673400925	-372.70101337953986	1599.565890624997	557.9888017712487	198824.5629542505	-915094.3481207696	198824.55758383765	150325698.52210253	920897.0067175518	-915094.3140476692	920896.9672165627	-371.5219859081265	-0.0016863810777368066	0.0	0.0	0.0	0.004854862726177594	0.0	0.0	0.0	-0.002465032729574885	150342816.74348083	0.004642198674007453
48	57.33333333333333	nan	nan	1	1	6.000000000000838e-05	6.000000000000867e-05	5.999999999999513e-05	0.9980056124424364	-1.0249098661777034e-20	-5.438205631256785e-20	-1.6296913905172738e-21	1.0057333333333465	3.3038689514243437e-19	2.476724337771574e-21	4.845028458294598e-21	0.9969979059085079	266.46937520432743	226056.68114288335	-984162.4405960056	227807.06738772706	151885695.18272233	950759.217661666	-983168.6874189583	942501.242350242	-398.3027995519138	1599.565890624997	265.74812754831714	227190.47391020777	-980507.5874965062	227190.46627455976	152647481.57093072	947228.4130605027	-980507.563187628	947228.3801918153	-396.8236349735541	-0.001996378996669978	0.0	0.0	0.0	0.005716960329242125	0.0	0.0	0.0	-0.0030066094151746624	152666317.16059184	0.005509927165093086
52	66.0	nan	nan	1	1	6.000000000000838e-05	6.000000000000867e-05	5.999999999999513e-05	0.9976926922577439	-7.15573433840433e-21	6.526134748710208e-20	-5.0076587841674235e-21	1.006599999999985	1.6278787400101497e-19	-1.7123618061692937e-20	1.8543245281291143e-20	0.9964609362545227	169.240628454262	242148.76337510094	-1027076.9959560529	244310.6363016669	153734861.40969095	955813.4941112335	-1025808.944021498	946185.956766199	-308.28361482735454	1599.565890624997	168.72810360557577	243570.77970868288	-1022702.4231311618	243570.7709806351	154637667.93621817	951742.4500186619	-1022702.4052511244	951742.4248908911	-306.97055930270267	-0.002309973678310855	0.0	0.0	0.0	0.006578315360107507	0.0	0.0	0.0	-0.00354534104646301	154657243.29714102	0.0063773249983055755
56	74.66666666666666	nan	nan	1	1	6.000000000000838e-05	6.000000000000867e-05	5.999999999999513e-05	0.9973772285190943	4.780653954303271e-21	-2.982487710577117e-19	-1.6276585114438636e-20	1.0074666666666707	2.3378448157397593e-19	-1.1936388292707601e-20	-2.1687431581499105e-20	0.9959268931373175	137.1744596369746	251606.45163910568	-1056613.5618879881	254151.68622166466	155415435.68647525	952547.0602864061	-1055077.0684716378	941636.3282929944	-225.90264681316185	1599.565890624997	136.71466807389768	253299.81039553	-1051540.6021262892	253299.8016844423	156461410.8082924	947973.7393654411	-1051540.5826289866	947973.717940575	-224.81805441469143	-0.002626216971835069	0.0	0.0	0.0	0.0074389290970026155	0.0	0.0	0.0	-0.004081424556025378	156481284.87074563	0.007244052622530492
60	83.33333333333333	nan	nan	1	1	6.000000000000838e-05	6.000000000000867e-05	5.999999999999513e-05	0.9970599553285976	-2.6976305304154956e-20	2.187970806052583e-19	-2.0345731393048294e-20	1.0083333333333504	-6.248257120033962e-19	2.0125502826762175e-21	-1.2654672231979247e-20	0.9953953711534704	124.30303518845653	257082.8489836998	-1078174.6175320263	259989.57667314273	157000927.36076173	946419.20780941	-1076374.5985409496	934275.6452656607	-167.9317856347194	1599.565890624997	123.84600225147386	259033.6666792175	-1072417.0374994392	259033.65633192504	158192295.0016559	941365.2172546951	-1072417.0230616492	941365.1942903451	-167.03501002890857	-0.0029443750925745894	0.0	0.0	0.0	0.0082988028147118	0.0	0.0	0.0	-0.004615262806118488	158212259.5301923	0.008109993917866954
64	92.0	nan	nan	1	1	6.000000000000838e-05	6.000000000000867e-05	5.999999999999513e-05	0.9967414135742284	3.394908052595236e-21	7.860838445016699e-19	1.928524614308591e-20	1.0091999999999897	-1.1636877442558479e-19	9.507097799982267e-21	2.846030702774449e-20	0.9948659796392952	115.98055186364759	260186.26810942576	-1094553.1850784153	263438.40655407164	158525631.34207147	939785.7091900161	-1092493.7026451672	926437.5813486981	-128.07480476322667	1599.565890624997	115.51632103523886	262383.96395433636	-1088120.8299778441	262383.9519257403	159864637.90780526	934262.8753228622	-1088120.820739884	934262.8522128882	-127.3221482135914	-0.003263907180422191	0.0	0.0	0.0	0.009157937784755384	0.0	0.0	0.0	-0.005147244725426854	159884587.8716394	0.008975119179610502
68	100.66666666666666	nan	nan	1	1	6.000000000000838e-05	6.000000000000867e-05	5.999999999999513e-05	0.9964219828056331	3.933282193870069e-20	3.102444516567271e-19	1.4606236142453155e-20	1.0100666666666782	4.736404953138707e-19	5.437951521372608e-21	-2.7765740010995966e-20	0.9943384106055655	109.59679685438267	261838.90171430286	-1107530.152139694	265424.42654706445	160006431.9238014	933640.3284425134	-1105214.2410604123	919102.123303672	-98.65568086100782	1599.565890624997	109.12232383074682	264275.3484697258	-1100429.4869763402	264275.3352065772	161495313.63448364	927654.5163700689	-1100429.4813067333	927654.4941376627	-98.02317351580976	-0.0035844336078192304	0.0	0.0	0.0	0.010016335275499772	0.0	0.0	0.0	-0.005677676941127391	161515195.94648874	0.009839428634332383
72	109.33333333333333	nan	nan	1	1	6.000000000000838e-05	6.000000000000867e-05	5.999999999999513e-05	0.9961019305360249	3.857726854974985e-20	-2.8569066058171943e-19	-8.12474003006325e-21	1.0109333333333348	6.120456788952233e-19	-5.610746242612485e-21	4.939218522029276e-20	0.9938124318483365	104.45867537624697	262652.78181644785	-1118523.7956522293	266563.5217646518	161452123.11238137	928483.5245813789	-1115952.912318778	912758.949638161	-76.44818747203873	1599.565890624997	103.97228114681373	265322.32719935075	-1110756.6686132774	265322.313618973	163093087.1518018	922036.0538015622	-1110756.6655262895	922036.0318105198	-75.91732457372484	-0.0039056867383013335	0.0	0.0	0.0	0.010873996551880004	0.0	0.0	0.0	-0.006206790485500871	163112885.70028532	0.010702932126081668
76	118.0	nan	nan	1	1	6.000000000000838e-05	6.000000000000867e-05	5.999999999999513e-05	0.9957814498010393	3.761419208872171e-20	-3.1976510198386543e-19	-3.1204693776848426e-21	1.0117999999999738	1.116050611302266e-19	-1.1323136438895487e-20	8.069174668723366e-20	0.9932878678861073	100.59140328684289	263126.95751776017	-1128481.9624812556	267359.7133836015	162867485.70552525	924603.7726976995	-1125656.0778158817	907686.9812367251	-59.01420409943373	1599.565890624997	100.09008560553467	266027.2845652928	-1120046.1435257	266027.27197002864	164662698.85438514	917692.0184194553	-1120046.142210625	917691.9960296183	-58.57305115402509	-0.004227473385968171	0.0	0.0	0.0	0.011730922875672584	0.0	0.0	0.0	-0.006734759782757689	164682421.2088451	0.011565641956155481
80	126.66666666666666	nan	nan	1	1	6.000000000000838e-05	6.000000000000867e-05	5.999999999999513e-05	0.9954606821462767	-4.911181731475159e-20	-8.928235483828678e-19	2.816892769388901e-20	1.0126666666666886	3.49817830952448e-19	1.9820570965750627e-20	-1.1445109183300107e-20	0.9927645857204921	98.16686566692631	263622.4202286978	-1137907.8370814591	268178.97642456397	164255233.92415	922143.0537982864	-1134825.9374594758	904020.0238618796	-44.74379343722929	1599.565890624997	97.64547750358054	266754.623214797	-1128798.600804597	266754.61248041363	166206815.78783715	914761.0684701421	-1128798.600157521	914761.0458727434	-44.38560820195736	-0.0045496518417078085	0.0	0.0	0.0	0.012587115505493726	0.0	0.0	0.0	-0.00726171683947917	166226481.5199116	0.012427570041583541
84	135.33333333333331	nan	nan	1	1	6.000000000000838e-05	6.000000000000867e-05	5.999999999999513e-05	0.9951397326689602	-1.4604542076558647e-20	-2.783350264677631e-19	1.9095510762900947e-20	1.013533333333332	5.969481636433626e-19	-6.871131268126884e-21	-3.068969774491781e-20	0.9922424842082349	96.96805183191975	264334.4227790139	-1147037.5994862712	269220.2221348848	165617007.9417666	921130.5403385294	-1143698.1152711774	901780.7330060846	-32.62183576574031	1599.565890624997	96.42126300053414	267702.13695011794	-1137248.967384619	267702.1282073946	167727027.28301454	913269.762295152	-1137248.9668754626	913269.7389472898	-32.343446331135596	-0.004872116840417708	0.0	0.0	0.0	0.013442575696487826	0.0	0.0	0.0	-0.007787761841742794	167746660.52555603	0.013288726888961514
88	144.0	nan	nan	1	1	6.000000000000838e-05	6.000000000000867e-05	5.999999999999513e-05	0.9948186800427865	-3.4521674798296265e-20	-8.031498643229496e-19	-8.859964628279982e-21	1.0143999999999798	-2.881063985472887e-19	-4.161303463270927e-20	-4.264980296014853e-20	0.991721486270401	96.65705583493258	265329.6612290599	-1155972.2442407338	270552.2183322773	166953881.1809636	921505.9175495001	-1152373.3265765393	900904.174074889	-22.15065734755632	1599.565890624997	96.080355057152	268937.98606755765	-1145497.7338822405	268937.97844678786	169224354.19765657	913155.956443708	-1145497.733398259	913155.9324850214	-21.94994553030432	-0.0051947895424283574	0.0	0.0	0.0	0.014297304700804694	0.0	0.0	0.0	-0.0083129709257415	169243979.35637188	0.014149121347157989
92	152.66666666666666	nan	nan	1	1	6.000000000000838e-05	6.000000000000867e-05	5.999999999999513e-05	0.9944975834620657	-4.711197252628419e-21	5.72797560251248e-20	-2.3974420539085716e-20	1.0152666666666819	-2.2903093267398477e-19	1.6737371037744975e-21	7.067642911889882e-20	0.9912015330828541	96.77087630760848	266599.223608637	-1164749.5646919606	272166.8738123631	168266620.91747525	923139.3409609725	-1160889.249695777	901257.9013110038	-13.205786494852626	1599.565890624997	96.16179934768267	270453.85929369414	-1153582.6006789855	270453.8525148481	170699510.67916727	914288.7999417115	-1153582.5999888182	914288.7752228235	-13.079176838132023	-0.005517610593459828	0.0	0.0	0.0	0.015151303767358727	0.0	0.0	0.0	-0.008837401974641106	170719150.1567062	0.015008760692384318
96	161.33333333333331	nan	nan	1	1	6.000000000000838e-05	6.000000000000867e-05	5.999999999999513e-05	0.9941764877958043	-6.272109567828643e-20	4.1632008170727765e-19	8.222995851944748e-21	1.016133333333345	-6.656323712703194e-20	2.3134163855409452e-20	1.311207002349657e-20	0.9906825795195697	97.11996534882404	268100.16469830315	-1173383.9525970488	274021.2736554649	169555826.70434174	925864.281983009	-1169260.2413950926	902674.4423440559	-5.614915778897878	1599.565890624997	96.47688978315452	272206.86047433474	-1161518.0371095296	272206.8538816478	172153043.3010262	916501.4239870331	-1161518.0362939194	916501.398861138	-5.558134606840378	-0.005840534971760503	0.0	0.0	0.0	0.016004574141727446	0.0	0.0	0.0	-0.009361099169492262	172172716.3419162	0.015867650858705992
100	170.0	nan	nan	1	1	6.000000000000838e-05	6.000000000000867e-05	5.999999999999513e-05	0.993855427517877	-1.2431055533904112e-20	4.135621424310176e-19	2.5370330836160805e-20	1.0170000000000106	-5.092904179979096e-19	-2.1819568721270778e-20	1.9447876468958737e-20	0.9901645905291058	97.36443042387319	269779.6931347082	-1181884.5800080653	276062.2260535749	170822004.69074282	929508.4161108321	-1177495.4663463142	904981.6077480658	0.5888395463916822	1599.565890624997	96.68786784275477	274143.9406377955	-1169313.3277514037	274143.93442084145	173585405.8154957	919621.5921592584	-1169313.32664193	919621.5670276632	0.5825762863394304	-0.006163528056776211	0.0	0.0	0.0	0.016857117066433284	0.0	0.0	0.0	-0.00988409661230679	173605128.6242028	0.016725796717626785
104	208.75	nan	nan	1	1	6.000000000000838e-05	6.000000000000867e-05	5.999999999999513e-05	0.992420837256477	1.5151725360484924e-19	1.0605394600710084e-18	-3.0537231814412035e-20	1.0208750000000328	-6.292980459648989e-19	-1.0169816377914031e-19	1.3057859914872294e-20	0.9878603891147538	9277.240751451822	277960.1458632716	-1218282.8784334564	285929.4787212405	176210732.66550937	952797.357206898	-1212685.0261588735	921983.1019855322	6417.63427360526	1599.565890624997	9199.213257000545	283524.8210514503	-1202485.0836619984	283524.62997233996	179738416.42358625	940442.1830725482	-1202485.5738987876	940440.9153371722	6334.415120674984	-0.00760803055251824	0.0	0.0	0.0	0.020660102696334653	0.0	0.0	0.0	-0.012213897782996943	179750768.5040635	0.020553460253877737
108	247.5	nan	nan	1	1	6.000000000000838e-05	6.000000000000867e-05	5.999999999999513e-05	0.9909887746502795	4.617346002072642e-20	3.664603343001005e-20	-4.8992385669188735e-20	1.0247499999999865	2.1319480469211838e-19	1.1096809235389139e-19	-1.5550169658873348e-19	0.9855729978498209	7702.695269335228	286140.33543854667	-1252647.1870499768	295888.56526514277	181179523.13927677	983140.8182603823	-1245801.7232505502	945553.2636167174	5169.853792499525	1599.565890624997	7626.688231743857	292968.9202262583	-1233508.383271264	292968.8582643353	185503274.74758303	968119.7178243998	-1233508.6628217595	968118.382309293	5090.865216688086	-0.00905207201168231	0.0	0.0	0.0	0.02444868040229672	0.0	0.0	0.0	-0.014532083240290672	185517491.69592458	0.024366784630483532
112	286.25	nan	nan	1	1	6.000000000000838e-05	6.000000000000867e-05	5.999999999999513e-05	0.9895602021618786	-1.5799874971723916e-19	-1.369726814609562e-18	-1.2908782116155537e-21	1.0286249999999908	8.916207615977667e-20	-4.41812385287843e-20	-1.039207782327356e-19	0.9833019849325654	6901.983364477998	294123.0611226584	-1284447.7806538846	305734.3620090133	185772848.68376237	1016979.8713186095	-1276324.5942823403	972168.5832007884	4626.749745721387	1599.565890624997	6823.856996712707	302273.4068031837	-1261877.3837709343	302273.62993484805	190920737.90077677	999109.4372975802	-1261877.355079478	999108.0213481721	4545.448209285348	-0.010494674797957048	0.0	0.0	0.0	0.028222958943731426	0.0	0.0	0.0	-0.016838998554144922	190936123.68206164	0.02816572235111039
116	325.0	nan	nan	1	1	6.000000000000838e-05	6.000000000000867e-05	5.999999999999513e-05	0.9881355054813886	-3.035088456601609e-20	-8.127992636580705e-19	7.26618743472629e-20	1.0325000000000033	-1.9560633494897227e-18	-1.1546753136970622e-20	1.0477458744356793e-19	0.9810469026182591	6435.328064277788	302179.1297986885	-1313217.584639759	315746.6519684162	190025455.98226547	1052768.24912077	-1303796.6880273744	1000303.6547298862	4326.445293594785	1599.565890624997	6353.175614485042	311715.35118625395	-1287152.8559113278	311715.8767361399	196022312.27981052	1031872.9160486305	-1287152.611628584	1031871.4109566314	4240.574053173586	-0.011935439341696448	0.0	0.0	0.0	0.03198304585305397	0.0	0.0	0.0	-0.01913500953189744	196038583.95341393	0.031950387718266866
120	363.75	nan	nan	1	1	6.000000000000838e-05	6.000000000000867e-05	5.999999999999513e-05	0.9867149294189431	-1.3125622550652638e-20	5.233985987673772e-19	7.826584432629736e-20	1.0363750000000238	1.0401835642825929e-18	1.1107651257113993e-19	1.3471211993132393e-20	0.9788074369564723	6141.826509221615	310119.79798237095	-1338913.1447508386	325728.57552382356	193968829.16133913	1089406.4819899914	-1328182.7503653048	1028891.6131988975	4140.732884400053	1599.565890624997	6054.5707153659	321100.1678781719	-1309313.8979249895	321101.0098646261	200836657.3564549	1065323.0591925383	-1309313.5035549975	1065321.439895268	4049.194030542527	-0.01337410657680638	0.0	0.0	0.0	0.03572904745426891	0.0	0.0	0.0	-0.021420349407675076	200853654.97960183	0.03572087880335154
124	402.5	nan	nan	1	1	6.000000000000838e-05	6.000000000000867e-05	5.999999999999513e-05	0.9852986355074903	1.0073593435105943e-19	1.8110513089197867e-18	8.232482620953995e-20	1.040250000000009	8.247525926097232e-19	-1.226503707624227e-19	2.0782800393831514e-20	0.9765833460328442	5946.260416548031	317584.8142801508	-1361911.7238794311	335298.0789264413	197630952.8206822	1125994.4272230177	-1349864.677553863	1057078.2942712524	4014.12798165314	1599.565890624997	5853.247480986228	330052.12458083034	-1328750.229844918	330053.26009503106	205389278.48061407	1098577.336359824	-1328749.746912572	1098575.6282563943	3916.3870790796723	-0.014810500504468863	0.0	0.0	0.0	0.0394610688809229	0.0	0.0	0.0	-0.023695180507512903	205406896.93402553	0.03947728635029454
128	441.25	nan	nan	1	1	6.000000000000838e-05	6.000000000000867e-05	5.999999999999513e-05	0.9838867382449974	-6.601435977721116e-20	-1.3158148615827204e-18	-1.0503208545953325e-20	1.0441249999999935	-2.8835169928881353e-18	-7.296680620827445e-20	1.2922334643311606e-20	0.9743744238776658	5803.1115466923	324428.65834243124	-1382726.5901744945	344293.1769751168	201036556.95904034	1161718.9951938796	-1369357.7215180069	1084111.160010146	3915.9440691357768	1599.565890624997	5704.039816954239	338413.9273500149	-1345980.3303628657	338415.343970273	209702715.93462333	1130846.0602775766	-1345979.8083055185	1130844.350241641	3811.8770039655674	-0.01624449196434494	0.0	0.0	0.0	0.04317921409392732	0.0	0.0	0.0	-0.025959630443994002	209720882.54427966	0.043219698650339096
132	480.0	nan	nan	1	1	6.000000000000838e-05	6.000000000000867e-05	5.999999999999513e-05	0.9824793232964348	1.4738373282224826e-19	-2.05239471251506e-18	-5.80861313909109e-20	1.0480000000000118	3.913969842672671e-19	-1.6263032587282566e-21	1.6834271606910867e-19	0.9721804837184377	5691.24693880613	330549.7343970233	-1401823.8247321683	352595.3756458493	204207514.93883026	1195889.3930207817	-1387128.5301651342	1109368.9385247263	3836.3659125770573	1599.565890624997	5585.978355902615	346072.0255185613	-1361472.0652668504	346073.5683983925	213796899.4284851	1161465.494465969	-1361471.401552445	1161463.8151289518	3725.9354064078307	-0.0176759804510757	0.0	0.0	0.0	0.04688358589886148	0.0	0.0	0.0	-0.0282138089207238	213815552.4900713	0.046948203479618165
136	518.75	nan	nan	1	1	6.000000000000838e-05	6.000000000000867e-05	5.999999999999513e-05	0.9810764419036632	-1.2197274440461925e-20	-5.061597842248577e-19	-8.41273123212971e-20	1.0518749999999997	1.4207114217706928e-18	-6.819631664933823e-20	-1.0678036146266611e-19	0.9700013648867016	5597.7290628887085	335742.71746815305	-1419542.9459103458	359972.8174193507	207163243.15239704	1228158.3965959118	-1403517.337204975	1132561.7645172651	3772.446066927272	1599.565890624997	5486.247495046967	352802.3006528674	-1375566.3879118937	352803.7791155194	217689513.40488213	1190110.812960075	-1375565.5890072992	1190108.899952725	3655.578032933507	-0.019104900022738867	0.0	0.0	0.0	0.05057428596293309	0.0	0.0	0.0	-0.03045780038600633	217708597.05129305	0.05066288653518387
140	557.5	nan	nan	1	1	6.000000000000838e-05	6.000000000000867e-05	5.999999999999513e-05	0.9796781119643283	-3.9421590991572943e-19	-1.4426394107092121e-18	-4.5875304423292903e-20	1.0557500000000284	6.910704647422605e-19	-4.911435841359335e-20	9.303809892641235e-20	0.9678369330628707	5518.695109343109	339967.28147954884	-1435941.5354558337	366367.0894526328	209921040.67857543	1258743.2720077094	-1418584.7974931255	1153924.7426162006	3721.696549114597	1599.565890624997	5400.986854748341	358551.4857034384	-1388328.5755153222	358552.8453630425	221396308.1627988	1217005.853383304	-1388327.8006489086	1217003.6747488764	3598.292507704595	-0.020531218450650267	0.0	0.0	0.0	0.05425141483194279	0.0	0.0	0.0	-0.03269166347581087	221415772.31489405	0.0543638309694086
144	596.25	nan	nan	1	1	6.000000000000838e-05	6.000000000000867e-05	5.999999999999513e-05	0.9782843463006524	2.304878293432622e-19	4.312251510735221e-18	1.4898293102666438e-19	1.059624999999984	8.062398405145333e-19	-1.2359904766334751e-20	1.386830103880521e-19	0.9656870533134488	5447.784947011223	343492.7934706346	-1450852.1009661944	372054.23255162913	212496358.22260326	1287960.1203858883	-1432168.8726116107	1173777.4785852528	3677.148608211345	1599.565890624997	5323.9179070484115	363593.5049358511	-1399606.1509439866	363594.7839977565	224931343.94933286	1242467.723251861	-1399605.450835097	1242465.2731180612	3547.2670209185135	-0.021954908566066297	0.0	0.0	0.0	0.057915071946417526	0.0	0.0	0.0	-0.03491545862968198	224951147.06452003	0.05805112124872961
148	635.0	nan	nan	1	1	6.000000000000838e-05	6.000000000000867e-05	5.999999999999513e-05	0.9768951604930572	2.869612100026009e-19	-8.576174709631901e-19	3.252606517456513e-20	1.0635000000000234	-3.0010987184941885e-18	-2.1190731461229183e-19	2.5587171270657903e-20	0.9635515834847758	5384.700420203059	346536.4885148305	-1464153.4672564096	377259.38561025437	214903045.8258435	1315994.335656613	-1444153.77159601	1192313.6476904482	3635.624964676456	1599.565890624997	5254.713987344692	368151.0493990619	-1409292.523417093	368152.36052603123	228307218.61040923	1266684.824764561	-1409291.9626522092	1266681.9661366667	3499.400298705015	-0.02337594027853768	0.0	0.0	0.0	0.06156535565817727	0.0	0.0	0.0	-0.037129254953354694	228327321.72254813	0.06172484387940302
152	673.75	nan	nan	1	1	6.000000000000838e-05	6.000000000000867e-05	5.999999999999513e-05	0.9755105671318826	-2.748452507250754e-19	-4.69099043463872e-18	-1.636196603552187e-19	1.067375000000004	5.9577993580250955e-18	-1.0690233420707074e-19	1.9240522803470882e-19	0.9614303807333214	5324.478393346436	349056.50434489147	-1476002.214214894	381928.8683671358	217153568.8540816	1342811.3545462063	-1454697.5723566923	1209524.376068491	3593.8517644739823	1599.565890624997	5188.504538362787	372173.9016605702	-1417548.7527828293	372175.36075100565	231535267.13854408	1289632.591690992	-1417548.236377438	1289629.0445577689	3451.526046067809	-0.024794286448803455	0.0	0.0	0.0	0.06520236324563729	0.0	0.0	0.0	-0.039333123508434015	231555636.49815533	0.06538508618634507
156	712.5	nan	nan	1	1	6.000000000000838e-05	6.000000000000867e-05	5.999999999999513e-05	0.9741305690117189	-4.434386885465713e-20	2.548606941807363e-18	-2.3866000321837166e-19	1.071250000000022	-8.725388033620219e-19	1.61708754026213e-19	-2.1358782797964438e-20	0.9593233090805962	5268.734948816383	351017.897340405	-1486608.1477850236	386015.59206356294	219259188.58034986	1368152.700915925	-1464010.3294087306	1225201.0216557807	3554.0392179905007	1599.565890624997	5126.848918696455	375618.6015798875	-1424585.4414003154	375620.26558493736	234625728.26656783	1311072.0684810858	-1424584.8096753778	1311067.8911118307	3405.7613202636544	-0.02620992989727757	0.0	0.0	0.0	0.06882619092987326	0.0	0.0	0.0	-0.04152712944384069	234646326.8982515	0.06903193493083166
160	751.25	nan	nan	1	1	6.000000000000838e-05	6.000000000000867e-05	5.999999999999513e-05	0.9727551614888588	2.490683440742325e-19	-2.1779453240888814e-18	-5.120144759562795e-20	1.0751249999999946	5.611613604350474e-18	3.002155815612362e-19	-1.7036881887894095e-19	0.9572302376401433	5218.557166319041	352511.5592084416	-1496065.5188856442	389610.8845864049	221230115.71826798	1391562.4655333892	-1472187.9792842118	1238963.9033163001	3516.625259667513	1599.565890624997	5070.7835836386	378576.2889641899	-1430500.8129452504	378578.29560985445	237587886.20663923	1330577.5803805352	-1430500.1170754773	1330572.9824329691	3362.5100166236116	-0.02762286105202544	0.0	0.0	0.0	0.07243693388950169	0.0	0.0	0.0	-0.043711333768483886	237608670.49096888	0.07266547643985453
164	790.0	nan	nan	1	1	6.000000000000838e-05	6.000000000000867e-05	5.999999999999513e-05	0.9713843377707909	-1.0720048980450425e-19	-3.851086116668512e-19	1.8119728807663992e-19	1.0789999999999995	5.504087853894224e-18	7.28583859910259e-20	8.655999094581145e-20	0.9551510358787856	5153.9804782364245	353673.66398635413	-1504318.3583236977	392857.98589678894	223075668.98210245	1412734.3602458544	-1479178.1124404632	1250574.3302896514	3469.414424986366	1599.565890624997	5000.9127036660375	381188.31024331436	-1435248.871551244	381190.5188046352	240430221.3437228	1347869.8741694335	-1435248.0853826264	1347864.8945010775	3310.1192382934487	-0.029033072557701066	0.0	0.0	0.0	0.07603468627599695	0.0	0.0	0.0	-0.045885798253580135	240451157.41394523	0.07628579721844764
168	828.75	nan	nan	1	1	6.000000000000838e-05	6.000000000000867e-05	5.999999999999513e-05	0.9700180863312517	-5.210404590422213e-19	-5.213928247482791e-19	4.519496756005825e-19	1.0828750000000056	4.748913935703758e-18	1.104802013762729e-19	2.6286481671911056e-19	0.9530855771390132	5087.675014607169	354536.293513451	-1511331.2338959489	395787.04189148755	224804409.9377167	1431672.0987016167	-1484948.6562587586	1260072.116092781	3419.4025211227167	1599.565890624997	4929.571126067429	383485.52048618183	-1438803.5425827513	383487.618249642	243160538.79342404	1362967.1915922218	-1438802.596189609	1362961.7619715752	3255.3078706811634	-0.0304405619562161	0.0	0.0	0.0	0.07961954122817268	0.0	0.0	0.0	-0.048050581731994786	243181582.50725093	0.07989298315194437
172	867.5	nan	nan	1	1	6.000000000000838e-05	6.000000000000867e-05	5.999999999999513e-05	0.9686563966728012	6.548581121812447e-20	-6.524945514452263e-18	-4.6702008579813106e-20	1.0867500000000003	-3.948881152626704e-18	9.085614205428527e-20	9.738846014351044e-20	0.9510337327410168	5028.525589543329	355240.1780807377	-1517274.4501216777	398551.14944782533	226424151.74152282	1448506.1275328435	-1489669.77867546	1267607.3275908655	3371.199353326623	1599.565890624997	4865.361276256749	385617.2089323409	-1441334.377063658	385619.0636005419	245785963.4604582	1376007.9310852515	-1441333.3543830577	1376002.0117338132	3202.469744016823	-0.03184532577222919	0.0	0.0	0.0	0.0831915908867647	0.0	0.0	0.0	-0.05020574625507789	245807069.66223377	0.08348712048540413
176	906.25	nan	nan	1	1	6.000000000000838e-05	6.000000000000867e-05	5.999999999999513e-05	0.9672992589046168	1.7916440900322962e-20	5.119860156492517e-18	-3.865722845997066e-19	1.0906250000000068	3.1901835773756605e-18	2.8818093744664707e-19	-3.7369738380144126e-19	0.9489953727092406	4967.395207246597	356163.5755908671	-1522406.1010484688	401574.34231876885	227942054.43594885	1463494.733318115	-1493597.0963857148	1273438.1525026085	3322.209851077828	1599.565890624997	4799.424570055956	387993.59184006206	-1443092.6410538373	387995.2540150456	248313029.44240367	1387250.4047493837	-1443091.6613399999	1387244.1671105274	3149.131223807636	-0.033247359942366356	0.0	0.0	0.0	0.08675092640866121	0.0	0.0	0.0	-0.05235135634906998	248334168.82844946	0.08706829563854183
180	945.0	nan	nan	1	1	6.000000000000838e-05	6.000000000000867e-05	5.999999999999513e-05	0.9659466595434911	-3.998266561583419e-19	-1.4296188202440191e-18	1.579140464225137e-19	1.0944999999999874	-3.06997266150133e-18	3.6597244332248204e-19	3.910175135068972e-19	0.9469703702290402	4903.867116570977	357651.5492600216	-1526932.6921219698	405251.35939011566	229364681.9050711	1477055.3869673104	-1496934.9493445228	1277954.3938790387	3268.4051115619623	1599.565890624997	4731.365914478951	390994.4340831023	-1444278.6213577108	390996.00846349716	250747729.6985626	1397101.214064335	-1444277.9192747395	1397094.6191972843	3091.48376540761	-0.034646664158062244	0.0	0.0	0.0	0.09029763798076924	0.0	0.0	0.0	-0.054487474322456264	250768886.63313878	0.09063659443636163
184	983.75	nan	nan	1	1	6.000000000000838e-05	6.000000000000867e-05	5.999999999999513e-05	0.9645985920791222	-5.542170455202777e-19	-5.017609727231767e-18	3.9923034496347485e-19	1.098375000000003	5.800915303666443e-18	-2.612927235690066e-19	4.130810277169772e-19	0.9449585913259675	4842.247683670694	359712.3948595216	-1531037.0020343123	409600.7701511812	230698039.19124073	1489695.4723142108	-1499863.3636633786	1281614.668482164	3210.2562768539888	1599.565890624997	4665.343041258179	394635.3646462906	-1445068.4649468812	394636.58770759334	253095545.5537583	1406048.2839768566	-1445067.98570052	1406041.2686919284	3029.9986897217514	-0.036043230938707864	0.0	0.0	0.0	0.09383181483387291	0.0	0.0	0.0	-0.05661417115114184	253116712.8108672	0.09419210369671446
188	1022.5	nan	nan	1	1	6.000000000000838e-05	6.000000000000867e-05	5.999999999999513e-05	0.9632550661618113	2.2949849486086917e-19	2.746034228186343e-18	1.9016906105395748e-19	1.1022500000000208	-3.498069889307232e-18	-3.5453411040275995e-19	-2.33401622681817e-19	0.9429598861631414	4780.065044007833	362015.30304354796	-1534840.2364552754	414253.8543356412	231947665.65504757	1501699.3880886524	-1502501.6693621585	1284676.8097579936	3145.4652789090333	1599.565890624997	4598.968984065989	398558.8062545299	-1445578.7868844497	398559.56144522375	255361538.47584754	1414365.3053505097	-1445578.3576765533	1414358.0434731825	2962.534975349518	-0.03743703604323185	0.0	0.0	0.0	0.09735354525592906	0.0	0.0	0.0	-0.05873153578672245	255382715.4078818	0.09773491250472975
192	1061.25	nan	nan	1	1	6.000000000000838e-05	6.000000000000867e-05	5.999999999999513e-05	0.9619160989203063	4.735795089416684e-19	4.409663687801254e-18	-4.2601013862386684e-19	1.1061249999999998	6.749917465243005e-18	4.39643980942872e-19	-2.9696297504377965e-19	0.9409740979285371	4702.526651722464	364256.511679929	-1538305.251050123	418865.8597995224	233118699.14239788	1513125.5269240094	-1504813.9730380853	1287200.537452924	3070.6973616027626	1599.565890624997	4518.03289557866	402431.9584080658	-1445776.3661411998	402432.53756273957	257550411.94665113	1422111.1995413722	-1445775.757469062	1422103.9749215774	2885.99526650953	-0.03882804737945935	0.0	0.0	0.0	0.10086291660537622	0.0	0.0	0.0	-0.06083966588768403	257571604.85865548	0.10126511075531636
196	1100.0	nan	nan	1	1	6.000000000000838e-05	6.000000000000867e-05	5.999999999999513e-05	0.9605816921321148	-4.293440603042598e-20	-4.187676681116636e-18	-2.267879894296554e-19	1.1100000000000014	4.428206933082546e-18	4.923362065256676e-19	4.0391951935947466e-19	0.9390010857322592	4615.047467897923	366266.8108255504	-1541279.7845073235	423240.2115264538	234215933.42060593	1524050.222733249	-1506652.386286508	1289259.3318523949	2992.1810899496695	1599.565890624997	4427.790856373046	406066.5049042694	-1445520.3110533755	406067.1426852752	259666567.28363863	1429361.219274374	-1445519.619491718	1429354.272150708	2806.277343898766	-0.040216248717007796	0.0	0.0	0.0	0.10436001532424345	0.0	0.0	0.0	-0.06293864351015659	259687774.4131751	0.1047827854787123
200	1138.75	nan	nan	1	1	6.000000000000838e-05	6.000000000000867e-05	5.999999999999513e-05	0.9592518316044885	4.489139095176231e-19	7.611573589298703e-18	-2.5278173651499537e-19	1.113875000000003	1.5043305143236374e-18	1.1470858984896637e-19	4.185020385794047e-20	0.9370407250012406	4540.065420788925	368034.68652360816	-1543769.9219396845	427359.84451904736	235243782.94844386	1534634.5969879497	-1508023.8785199686	1290996.4066253053	2923.528539842246	1599.565890624997	4349.778957190848	409446.9577236174	-1444819.1235334235	409448.0335735529	261714057.88257605	1436269.3441897668	-1444818.5049693957	1436262.8591284854	2736.1395519693606	-0.04160164044382711	0.0	0.0	0.0	0.10784492695074958	0.0	0.0	0.0	-0.06502853450652449	261735262.5274256	0.10828802082888457
204	1177.5	nan	nan	1	1	6.000000000000838e-05	6.000000000000867e-05	5.999999999999513e-05	0.9579264971037811	-5.24916481808857e-19	8.087335055112499e-19	-2.9311405733145613e-19	1.1177499999999918	-8.63740502732302e-18	-5.869870561836521e-19	-6.16314724949385e-19	0.9350928972218564	4472.903229734195	369621.6426787905	-1545921.7385324843	431292.29537041107	236206271.4510589	1545006.2043884809	-1509071.9519482723	1292523.1888802068	2862.7281082428117	1599.565890624997	4279.470782871437	412639.16711961664	-1443811.9741164497	412640.8916351436	263696569.31776816	1442956.911970109	-1443811.5460855106	1442950.3864464147	2673.6418916292073	-0.042984229316215226	0.0	0.0	0.0	0.11131773613194564	0.0	0.0	0.0	-0.06710939931136924	263717762.219956	0.11178089981046507
208	1216.25	nan	nan	1	1	6.000000000000838e-05	6.000000000000867e-05	5.999999999999513e-05	0.9566056535245969	-4.635506388461774e-19	-1.916327339868129e-18	3.573801411055344e-19	1.1216249999999768	-7.755081299354317e-18	-4.0202216555762506e-19	-4.632253781944318e-19	0.9331574990213793	4396.192092898395	371129.17624097393	-1547672.9766647352	435153.2904330742	237107154.1529604	1555153.613533467	-1509736.2846121383	1293834.042911138	2800.2812935479283	1599.565890624997	4200.239255630829	415754.7348978265	-1442442.7182553024	415757.067496314	265617548.62742245	1449414.7274212618	-1442442.3397061727	1449408.0873960545	2609.8829803498916	-0.04436403773396399	0.0	0.0	0.0	0.11477852663606423	0.0	0.0	0.0	-0.06918128314097745	265638732.35072193	0.1152615027540668
212	1255.0	nan	nan	1	1	6.000000000000838e-05	6.000000000000867e-05	5.999999999999513e-05	0.9552892462838305	-1.247374599444573e-19	-1.7542662201358584e-18	1.534959225696353e-19	1.1255000000000173	-2.276336671241941e-18	4.466912950640278e-20	4.551480720094148e-19	0.9312344470131801	4306.627549771774	372554.20147654426	-1548911.752570181	438937.5852926208	237949976.49097538	1565252.1932890392	-1509908.6978112056	1295078.1923926005	2730.4386162145033	1599.565890624997	4108.968221653368	418789.268324053	-1440609.541215098	418791.86635311006	267480265.03911307	1455807.4340377108	-1440609.1042707055	1455801.1866863382	2539.5222908559713	-0.0457411086691145	0.0	0.0	0.0	0.11822738136466522	0.0	0.0	0.0	-0.07124421062173479	267501447.05989566	0.11872990646657208
216	1293.75	nan	nan	1	1	6.000000000000838e-05	6.000000000000867e-05	5.999999999999513e-05	0.9539772251163753	4.412702842016003e-20	-2.464933639145794e-19	-7.676151381197371e-20	1.1293750000000065	-3.953434801751143e-18	-1.0169816377914031e-19	-4.2487172634275707e-19	0.9293236544038475	4221.746909644141	373863.2775551558	-1549675.4122226213	442604.028081873	238738020.40355796	1575632.8135861107	-1509626.8048655954	1296528.8222359046	2660.621505376131	1599.565890624997	4022.4164556095084	421704.08772442356	-1438349.9607972805	421706.4082663465	269287745.39661616	1462442.6365531832	-1438349.5343714065	1462437.0378520302	2469.488002307156	-0.04711548086244795	0.0	0.0	0.0	0.121664382364362	0.0	0.0	0.0	-0.073298210741018	269308926.4944496	0.12218618787656156
220	1332.5	nan	nan	1	1	6.000000000000838e-05	6.000000000000867e-05	5.999999999999513e-05	0.9526695599796049	-7.784571598445922e-20	2.331115986006771e-18	2.728394767059772e-19	1.1332500000000012	9.063984372087441e-18	-2.677979366039196e-19	-4.441434199586869e-19	0.9274250152373034	4139.417154965373	375016.9709669928	-1549976.0814750995	446104.02919036866	239474292.96768016	1586820.6250614985	-1508903.2808957635	1298612.0401561186	2593.3439455360763	1599.565890624997	3938.5345682697016	424453.2146462522	-1435677.7835944071	424454.9592937468	271042756.31359786	1469805.337758551	-1435677.4177385974	1469800.2962407437	2402.1056404185692	-0.04848717209758101	0.0	0.0	0.0	0.12508961083882245	0.0	0.0	0.0	-0.07534333387410291	271063944.73000723	0.12563042653948006
224	1371.25	nan	nan	1	1	6.000000000000838e-05	6.000000000000867e-05	5.999999999999513e-05	0.9513662342988437	-3.1978543077459953e-19	-1.9248112218678283e-18	5.96040144323906e-19	1.1371250000000233	-5.275185670228222e-19	1.7401444868392346e-19	2.9240932591934055e-19	0.9255384114772867	4069.44129189362	375956.2466053616	-1549836.7207235035	449364.93762754125	240161574.41937783	1599502.111107442	-1507761.3642194823	1301876.3452306013	2539.404693756591	1599.565890624997	3866.6256920138935	426967.80049380404	-1432616.6866073203	426969.18035948684	272747853.29104424	1478525.6949947858	-1432616.521567788	1478521.196700592	2347.3398776010004	-0.04985618615523194	0.0	0.0	0.0	0.12850314716010952	0.0	0.0	0.0	-0.07737964434275733	272769057.65226763	0.1290627034242628
228	1410.0	nan	nan	1	1	6.000000000000838e-05	6.000000000000867e-05	5.999999999999513e-05	0.9500672342029003	-1.2392430831509316e-19	1.482781996145488e-18	-1.0402919844998415e-19	1.1409999999999947	2.0990696160405607e-18	6.55508633484736e-19	1.0968331277949606e-18	0.9236637232384747	4014.4207102229075	376764.2070854679	-1549384.773909084	452483.05419689475	240802399.81639266	1613990.7710217023	-1506325.5931297494	1306556.1967599636	2498.6472932897937	1599.565890624997	3809.1085835450635	429340.057561543	-1429286.523640758	429341.4193636858	274405355.5349404	1488884.683229267	-1429286.6046133821	1488880.5841290066	2304.968374395628	-0.051222524046671984	0.0	0.0	0.0	0.13190507087993392	0.0	0.0	0.0	-0.07940720947028733	274426590.03271693	0.13248309941929426
232	1448.75	nan	nan	1	1	6.000000000000838e-05	6.000000000000867e-05	5.999999999999513e-05	0.94877255938016	4.492391701693688e-19	1.1490103573458254e-18	-5.93871739978935e-20	1.1448750000000167	-5.731255314084249e-18	-2.1922567927656897e-19	3.0747973611688904e-19	0.921800818555241	3946.924062100218	377622.13558734005	-1548667.7614453698	455674.7608794278	241399173.96980923	1630034.87079009	-1504642.4431768775	1312425.930016176	2451.4114526062326	1599.565890624997	3739.9311682924304	431775.7419470012	-1425732.5679652416	431777.30658196314	276017472.5565054	1500640.6538969115	-1425732.819237097	1500636.8172825288	2256.8153302305177	-0.052586172552185874	0.0	0.0	0.0	0.1352954607410288	0.0	0.0	0.0	-0.08142611069955043	276038771.08876365	0.13589169681849494
236	1487.5	nan	nan	1	1	6.000000000000838e-05	6.000000000000867e-05	5.999999999999513e-05	0.9474822344454092	2.6107588313450946e-19	2.04136295541002e-18	-1.2311115668572902e-19	1.1487499999999988	-4.726687791167805e-18	-2.5717275531356164e-19	-2.3657291403633706e-19	0.9199495430908198	3861.4286872364037	378540.1990430404	-1547543.8560146743	458952.8415947365	241954240.6640864	1647320.6082515062	-1502574.5109779846	1319214.9432726207	2398.428231297082	1599.565890624997	3653.915387091992	434287.0931971578	-1421825.7177703574	434288.7013285235	277586380.8662081	1513496.885482055	-1421826.1090933268	1513493.2154219598	2203.5866242050633	-0.05394709212702715	0.0	0.0	0.0	0.13867439468775875	0.0	0.0	0.0	-0.08343645490956453	277607772.72311944	0.1392885806988128
240	1526.25	nan	nan	1	1	6.000000000000838e-05	6.000000000000867e-05	5.999999999999513e-05	0.9461962996540199	-2.333745176275048e-19	-1.8557204384261894e-18	2.0529368136013026e-19	1.1526250000000189	-9.447195629952443e-19	-5.182486384480711e-20	-2.799952110443815e-19	0.918109728712544	3762.830970578883	379381.29409157985	-1545848.535206466	462151.13601391594	242469808.49650368	1665467.193799475	-1499962.5506997353	1326604.7166870662	2345.0715152493303	1599.565890624997	3555.7570965020936	436716.98085259524	-1417417.069253484	436718.3098009783	279114137.58038056	1527097.6263258434	-1417417.504490626	1527093.7594422803	2150.2393789767902	-0.05530522653674409	0.0	0.0	0.0	0.14204194987718483	0.0	0.0	0.0	-0.08543836531685382	279135638.406388	0.14267383774194817
244	1565.0	nan	nan	1	1	6.000000000000838e-05	6.000000000000867e-05	5.999999999999513e-05	0.944914791187805	-1.6626240315065211e-19	-9.957312752106872e-19	2.571185452049374e-19	1.1565000000000052	-1.0836709134209865e-17	-5.473052566706826e-19	-9.118140270603092e-20	0.9162812124201386	3645.8529047896063	379907.54874705715	-1543480.3444353272	464977.13429528463	242947959.6034197	1683947.3284066624	-1496709.2075554847	1334167.7594465017	2288.9849711556103	1599.565890624997	3440.525046197162	438789.7701648003	-1412416.6188406674	438790.46089607006	280602687.96440303	1540955.931488748	-1412417.2450028434	1540951.6511570811	2094.617158678159	-0.05666052360901061	0.0	0.0	0.0	0.14539820268936113	0.0	0.0	0.0	-0.0874319609643386	280624306.3544414	0.14604755339518835
248	1603.75	nan	nan	1	1	6.000000000000838e-05	6.000000000000867e-05	5.999999999999513e-05	0.9436377335028179	2.478486166301863e-19	4.043369371958816e-18	-2.8731357570865867e-19	1.1603750000000126	8.723924360687363e-18	-1.0776969594505914e-19	-2.393376295761751e-19	0.9144638438819426	3514.8212553410535	380041.6820033229	-1540464.0682446507	467330.488547028	243390663.2842794	1702231.4234846772	-1492839.3925721261	1341483.5916155782	2231.6171006729132	1599.565890624997	3312.3661789430953	440412.2534778895	-1406850.3742794476	440412.0699736488	282053878.7415705	1554586.6759284413	-1406851.2607962086	1554581.6145026532	2038.0555561465337	-0.058012943372760986	0.0	0.0	0.0	0.14874322873797044	0.0	0.0	0.0	-0.08941734842056519	282075612.5336158	0.14940981068098555
252	1642.5	nan	nan	1	1	6.000000000000838e-05	6.000000000000867e-05	5.999999999999513e-05	0.9423651330157317	2.0540210157737882e-19	-1.9922214919421144e-17	-1.940721888749053e-20	1.1642500000000036	9.241576687940567e-18	-8.782037597132586e-21	-3.733992282040077e-19	0.9126574911877254	3357.4490954381176	380044.24086785875	-1536909.4735923524	469526.80381065025	243799732.5272674	1719897.9262821935	-1488460.1833371292	1348225.4159791067	2160.760131053975	1599.565890624997	3159.769242185132	441882.82691611827	-1400821.60705335	441882.0094929168	283469405.4685082	1567607.0832141787	-1400822.6399966113	1567600.8055602978	1969.4325080610895	-0.05936246484255022	0.0	0.0	0.0	0.15207710288035298	0.0	0.0	0.0	-0.09139461533552393	283491260.3714582	0.15276068941324464
256	1681.25	nan	nan	1	1	6.000000000000838e-05	6.000000000000867e-05	5.999999999999513e-05	0.9410969716355768	-3.546425306200085e-19	-1.049529387009418e-17	8.206326243542783e-19	1.1681250000000027	2.6284855368652328e-18	-1.9884267843384152e-19	-6.3881192002845925e-19	0.9108620474706545	3154.379176246976	380165.27051258076	-1532884.1726925396	471874.7698382457	244176878.08069497	1736841.6859577456	-1483637.960677333	1354320.598316884	2066.9047217997822	1599.565890624997	2964.6400511527672	443491.65997700184	-1394394.4497851888	443491.0210938502	284850872.4692298	1579925.2482338692	-1394395.623948993	1579917.8327856348	1880.1684586839897	-0.06070909302122624	0.0	0.0	0.0	0.1553998992276924	0.0	0.0	0.0	-0.09336382296856854	284872868.1847167	0.1561002650718196
260	1720.0	nan	nan	1	1	6.000000000000838e-05	6.000000000000867e-05	5.999999999999513e-05	0.9398332120387843	-1.1779856604055006e-19	-4.406251839089715e-18	-1.1324491691611094e-19	1.1720000000000168	1.1089653501050734e-17	3.63207727782644e-19	8.906720846968419e-19	0.9090774259362382	2912.2936497333335	380492.6120858933	-1528267.4603323862	474485.15557849535	244523716.31917095	1753180.8954748237	-1478256.8694601462	1359871.0066012673	1955.2267690943265	1599.565890624997	2733.421952531787	445342.93491276895	-1387461.581462505	445342.5019580269	286199800.0023566	1591652.7708417652	-1387463.0323879805	1591644.4260575504	1775.0832858637364	-0.062052853462655426	0.0	0.0	0.0	0.15871169115483522	0.0	0.0	0.0	-0.09532501138445043	286221951.24590755	0.15942860951255083
264	1750.0	nan	nan	1	1	6.000000000000838e-05	6.000000000000867e-05	5.999999999999513e-05	0.9388577688961216	-6.510634045775454e-20	-4.658437264409843e-18	-3.2152015425057634e-19	1.1750000000000178	-1.2020224225695042e-17	6.126826476715585e-19	2.655753221503243e-19	0.9077030511355758	1435.7634404771438	380994.3212439535	-1524105.6202915914	476821.940698391	244772042.57092386	1765701.9951701325	-1473530.9724177301	1364024.718099239	1099.121514233211	1599.565890624997	1346.1740938209678	447069.3563861651	-1381584.3135970333	447069.01278966415	287222337.5304354	1600588.6642864826	-1381584.9920599333	1600584.6250526628	996.3410819986985	-0.06309128207088963	0.0	0.0	0.0	0.16126814759613745	0.0	0.0	0.0	-0.09683799006314195	287245556.8482722	0.16199778618392624
268	1780.0	nan	nan	1	1	6.000000000000838e-05	6.000000000000867e-05	5.999999999999513e-05	0.9378849984028584	5.424805570031221e-19	-5.736351064294931e-18	2.4969176032341166e-19	1.1780000000000084	7.917115314032274e-18	-1.9374692822315963e-19	1.5102936262723077e-19	0.9063351612006507	1271.9752175785636	381664.9930947272	-1519417.0668949764	479377.4562202733	245004708.0617794	1777869.3190909836	-1468306.0083547533	1367862.1288388749	1021.3990568522288	1599.565890624997	1191.36415905577	448997.48622945725	-1375251.4786004021	448997.04971247294	288227896.2556516	1609181.220291747	-1375252.5432139854	1609177.3373742346	924.486498001261	-0.0641279404742996	0.0	0.0	0.0	0.16381808522940208	0.0	0.0	0.0	-0.09834610624822035	288251205.4748814	0.1645602468507842
272	1810.0	nan	nan	1	1	6.000000000000838e-05	6.000000000000867e-05	5.999999999999513e-05	0.9369147999112448	1.6111244283134596e-19	1.0530584650808583e-17	1.95590071916385e-19	1.1809999999999876	1.8880079791228078e-17	-2.645453300864631e-19	3.3203691532368573e-19	0.9049736363957275	1084.7175564786253	382486.59088541666	-1514120.858182035	482131.6146481563	245221321.5727613	1789684.484322563	-1462503.0863601293	1371391.7377120226	927.2673234669699	1599.565890624997	1014.91774118324	451107.64528859226	-1368392.0592379668	451107.22728620743	289215924.388796	1617433.6570654137	-1368393.3850031786	1617430.0284237461	838.0211099836107	-0.06516292946788986	0.0	0.0	0.0	0.16636153721521496	0.0	0.0	0.0	-0.09984946676097263	289239332.1602471	0.16711608286211002
276	1840.0	nan	nan	1	1	6.000000000000838e-05	6.000000000000867e-05	5.999999999999513e-05	0.9359471516125112	-1.0137290312739466e-18	-1.762489893614161e-17	1.0359551758098995e-19	1.1840000000000013	-1.050125698204285e-17	4.44956571588051e-19	-6.733437592221225e-19	0.9036184422486785	868.2686098354179	383560.7333258205	-1508231.9480284755	485215.064409983	245422475.09552714	1801199.1495190887	-1456137.4546339356	1374656.603139733	805.1228984459767	1599.565890624997	811.5537933226068	453521.3401808538	-1361021.8787514463	453521.0897164913	290186977.302697	1625394.1933059308	-1361023.3763158356	1625390.846290843	726.5393637239556	-0.06619626605102635	0.0	0.0	0.0	0.16889853646181502	0.0	0.0	0.0	-0.10134808484813809	290210501.80318123	0.16966532603448214
280	1870.0	nan	nan	1	1	6.000000000000838e-05	6.000000000000867e-05	5.999999999999513e-05	0.9349820304035701	5.856860135766695e-19	6.4318667579443825e-18	-3.6374982886888674e-19	1.1869999999999676	-1.4112300737723073e-17	-2.5955800009302978e-19	1.964574336543734e-19	0.9022695462884502	632.5225653985224	384979.6903438235	-1501827.8367445888	488748.4596272209	245608772.67703396	1812621.576314129	-1449284.530392096	1377818.1945989323	662.5535865675698	1599.565890624997	590.593966049464	456350.2108488313	-1353213.0168246843	456350.34536664403	291141631.6465572	1633251.8625853038	-1353214.4868209253	1633248.8164636153	596.9899583367456	-0.06722796869784507	0.0	0.0	0.0	0.1714291156275039	0.0	0.0	0.0	-0.10284197175546711	291165287.71845174	0.17220800761269453
284	1900.0	nan	nan	1	1	6.000000000000838e-05	6.000000000000867e-05	5.999999999999513e-05	0.9340194155212336	-1.566672139241554e-19	5.106429602080853e-18	-4.707063731845817e-19	1.190000000000013	6.340631145129727e-18	6.071532165918825e-21	1.590524587036235e-19	0.9009269148938568	464.846556517685	386710.95874129975	-1494996.1263583845	492695.0952729875	245780824.57504472	1824068.441840713	-1442029.5442103348	1380965.9771992466	559.7040652361626	1599.565890624997	433.5838478798621	459558.72290207876	-1345046.2002936897	459559.4659027524	292080478.4616634	1641112.1631129452	-1345047.5426107296	1641109.3259900669	503.5650681374156	-0.06825805347338401	0.0	0.0	0.0	0.17395330712344897	0.0	0.0	0.0	-0.10433114020895164	292104215.8991963	0.17474415864718118
288	1930.0	nan	nan	1	1	6.000000000000838e-05	6.000000000000867e-05	5.999999999999513e-05	0.9330592902904861	-1.6605640473787987e-18	9.947500722445879e-18	4.4831759832275606e-20	1.192999999999991	2.275415099395328e-18	-3.178880769727499e-19	-1.04788139970724e-18	0.8995905091963671	272.4268512676121	388626.1542279639	-1487824.1277327444	496895.3724679259	245939106.22319978	1835538.482901725	-1434457.426137057	1384098.735861501	438.32342187906664	1599.565890624997	253.84265541913342	462996.72449227155	-1336601.401604676	462998.56356244854	293003956.03097785	1648974.003859187	-1336602.7630611823	1648970.801645694	393.7721462633482	-0.06928653214693044	0.0	0.0	0.0	0.1764711431157711	0.0	0.0	0.0	-0.10581560897889933	293027794.6577996	0.17727381132203449
292	1960.0	nan	nan	1	1	6.000000000000838e-05	6.000000000000867e-05	5.999999999999513e-05	0.9321016365932773	1.454999315475547e-19	-7.55694335233259e-18	5.40095312223654e-19	1.1959999999999966	1.2426149519073615e-17	-3.2786273695961654e-19	-6.599538623919265e-19	0.8982602865283333	-611.5429536528967	390507.80031297414	-1480408.2302538473	501073.1969117896	246083743.3228878	1847011.19930812	-1426661.1170695869	1387200.449094826	-194.2996554098559	1599.565890624997	-569.2376113161519	466406.1232433458	-1327966.2592886698	466409.93572221405	293912092.4715251	1656819.0469928046	-1327967.498582744	1656813.981961964	-174.29205086995563	-0.07031341810358857	0.0	0.0	0.0	0.17898265552843753	0.0	0.0	0.0	-0.10729540131087502	293936583.0480051	0.1797969998748473
296	1990.0	nan	nan	1	1	6.000000000000838e-05	6.000000000000867e-05	5.999999999999513e-05	0.9311464575934445	-2.688821387764051e-20	5.452452725429602e-19	-4.3178351519235213e-19	1.1989999999999947	7.118004102801834e-18	4.293440603042598e-20	-1.9504797083014224e-19	0.8969362051521597	-669.1048153078235	392154.90934662503	-1472817.3969720695	504966.4533439938	246216054.99476588	1858483.960090399	-1418707.5999656122	1390272.5933107715	-251.28382571715605	1599.565890624997	-622.1762334293433	469545.9576679105	-1319203.2936253157	469549.94010198733	294806339.4854634	1664645.0309057343	-1319204.6009683919	1664640.3262761391	-225.075050853116	-0.07133870194688044	0.0	0.0	0.0	0.18148787604537317	0.0	0.0	0.0	-0.10877053968421034	294830837.947628	0.1823137520975643
300	2020.0	nan	nan	1	1	6.000000000000838e-05	6.000000000000867e-05	5.999999999999513e-05	0.9301937365028071	-3.892285799222961e-20	-1.0240614779777335e-17	2.637863885657232e-19	1.2019999999999995	-1.1447657058405447e-17	2.2941717969793275e-19	1.6685871434551912e-19	0.8956182187126225	-924.5454535291335	393483.186719488	-1465072.8512345161	508465.42089379946	246335935.33567286	1869968.143407134	-1410617.217544316	1393321.6066499362	-460.69317599354264	1599.565890624997	-858.8174896621349	472312.9460277933	-1310331.984821657	472317.4990317132	295686461.983056	1672462.2716469406	-1310333.3459931852	1672457.3120583012	-412.0348030370969	-0.07236239570996517	0.0	0.0	0.0	0.18398683611301525	0.0	0.0	0.0	-0.11024105199836157	295711127.79160905	0.18482410340701266
