6	header
postResults v2.0.3	--cr f,p,texture --time RVE_1_40_D_tensionX.spectralOut
addCauchy v2.0.3	RVE_1_40_D_tensionX.txt
addStrainTensors v2.0.3	--left --logarithmic RVE_1_40_D_tensionX.txt
addMises v2.0.3	-s Cauchy RVE_1_40_D_tensionX.txt
addMises v2.0.3	-e ln(V) RVE_1_40_D_tensionX.txt
inc	time	elem	node	ip	grain	1_pos	2_pos	3_pos	1_f	2_f	3_f	4_f	5_f	6_f	7_f	8_f	9_f	1_p	2_p	3_p	4_p	5_p	6_p	7_p	8_p	9_p	texture	1_Cauchy	2_Cauchy	3_Cauchy	4_Cauchy	5_Cauchy	6_Cauchy	7_Cauchy	8_Cauchy	9_Cauchy	1_ln(V)	2_ln(V)	3_ln(V)	4_ln(V)	5_ln(V)	6_ln(V)	7_ln(V)	8_ln(V)	9_ln(V)	Mises(Cauchy)	Mises(ln(V))
0	0.0	nan	nan	1	1	6.000000000000838e-05	6.000000000000867e-05	5.999999999999513e-05	0.0	0.0	0.0	0.0	0.0	0.0	0.0	0.0	0.0	0.0	0.0	0.0	0.0	0.0	0.0	0.0	0.0	0.0	0.0	nan	nan	nan	nan	nan	nan	nan	nan	nan	nan	nan	nan	nan	nan	nan	nan	nan	nan	nan	nan
2	2.0	nan	nan	1	1	6.000000000000838e-05	6.000000000000867e-05	5.999999999999513e-05	0.9999331859138995	-3.188615825269411e-23	-2.498118537134646e-22	4.966392397768378e-24	1.000200000000001	-2.74293091122584e-22	-2.117582368135751e-25	1.1243038885820753e-23	0.9999338800589289	4.391649238414175e-06	-494.16260335542853	2741.200914493995	-494.2944617087901	14158906.776136687	727.4803459824137	2741.202817412074	727.2867876672328	1.0628085723965341e-05	1599.565890624997	4.391061420919053e-06	-494.22830093043956	2740.835910383708	-494.22830093040585	14160789.164309492	727.3834784689701	2740.835910383656	727.3834784689302	1.0626670543139595e-05	-6.681631826101953e-05	0.0	0.0	0.0	0.0001999800026675767	0.0	0.0	0.0	-6.612212709097142e-05	14160790.041957473	0.00017763326904636997
4	4.0	nan	nan	1	1	6.000000000000838e-05	6.000000000000867e-05	5.999999999999513e-05	0.9998663539893822	-4.894593120598775e-23	2.200962173881096e-22	-1.462455322993753e-24	1.0003999999999935	7.225124865630178e-22	-3.7322389238392605e-24	-1.462455322993753e-23	0.9998677425139986	-6.22262294518805e-06	-988.3614006235282	5482.594259828256	-988.8889062410209	28326310.3755105	1455.4063112393799	5482.601873562858	1454.6319700714853	-7.273966065440618e-06	1599.565890624997	-6.220957659450904e-06	-988.6242617969714	5481.134630765758	-988.6242617969577	28333843.942867465	1455.0188389499942	5481.134630765722	1455.018838949954	-7.272029520118213e-06	-0.00013365494204167923	0.0	0.0	0.0	0.0003999200213202327	0.0	0.0	0.0	-0.00013226623279395967	28333845.697169907	0.00035525464391620583
6	6.0	nan	nan	1	1	6.000000000000838e-05	6.000000000000867e-05	5.999999999999513e-05	0.9997995042228783	3.0701635615518175e-23	-1.0420093438003996e-21	2.5808035111654464e-24	1.000599999999987	1.765798997229199e-21	3.202843331805323e-24	-1.1082896719230487e-22	0.9998015873617153	-1.066056073341315e-06	-1482.5963387102843	8224.179771041066	-1483.7833888170517	42502212.49605879	2183.7779609324343	8224.19690658501	2182.03545051545	-2.0662088045355632e-06	1599.565890624997	-1.0656282573699674e-06	-1483.1879358569815	8220.896477135726	-1483.1879358569208	42519172.06015893	2182.906143308142	8220.896477135782	2182.906143308095	-2.065383923396996e-06	-0.00020051587908694035	0.0	0.0	0.0	0.0005998200719542348	0.0	0.0	0.0	-0.00019843232467626188	42519174.6900822	0.0005328641403781594
8	8.0	nan	nan	1	1	6.000000000000838e-05	6.000000000000867e-05	5.999999999999513e-05	0.9997326366108236	3.207144670990599e-23	2.658889360990452e-22	1.1567293685941539e-23	1.0008000000000166	-2.6048910106029903e-22	6.5909751208225245e-24	1.4648376031579056e-22	0.9997354145986063	1.5543021700068492e-06	-1976.8673654597435	10965.957183087254	-1978.9779656080364	56686614.83620121	2912.595360139807	10965.987654529175	2909.497132221605	5.592097240878502e-07	1599.565890624997	1.5534707479132812e-06	-1977.91937736147	10960.12176524406	-1977.919377361372	56716781.2472201	2911.0454534010883	10960.121765243954	2911.0454534011724	5.589121465629627e-07	-0.0002673991371393094	0.0	0.0	0.0	0.000799680170581106	0.0	0.0	0.0	-0.0002646204102861928	56716784.751753666	0.0007104617742039288
10	10.0	nan	nan	1	1	6.000000000000838e-05	6.000000000000867e-05	5.999999999999513e-05	0.9996657510007217	1.256983658835581e-22	1.5989070368405004e-21	-8.126222337720944e-24	1.0009999999999992	1.2669495308556197e-21	1.691418916548431e-23	1.063291046600164e-22	0.9996692237691444	3.21966401188547e-05	-2471.864633877971	13707.695720258318	-2475.163819541492	70879390.94343327	3643.1542602732397	13707.743339827843	3638.3108805580205	2.842342040821677e-05	1599.565890624997	3.2175118407627313e-05	-2473.509306498557	13698.580455348521	-2473.509306498471	70926551.04761164	3640.7316564405205	13698.580455348409	3640.7316564404955	2.840451956507418e-05	-0.00033430487292583264	0.0	0.0	0.0	0.0009995003330829796	0.0	0.0	0.0	-0.00033083094937959653	70926555.42586295	0.0008880477610803921
12	12.0	nan	nan	1	1	6.000000000000838e-05	6.000000000000867e-05	5.999999999999513e-05	0.999598840678419	7.980638549911611e-24	2.715587628897287e-21	-1.1329065669526267e-23	1.0012000000000023	6.999774396991132e-21	4.740737526663912e-23	3.7692966152816363e-23	0.9996029900411724	0.0007354978670109631	-2974.106172182496	16387.580108856135	-2978.8701010969594	85073802.19839323	4435.52861761049	16387.64813415997	4428.453524348324	0.000766574126213527	1599.565890624997	0.0007349080932499474	-2976.481434179894	16374.50736882433	-2976.4814341788983	85141746.1646262	4431.990296995947	16374.507368824658	4431.990296996864	0.0007659626128478859	-0.00040123980750750906	0.0	0.0	0.0	0.001199280575484183	0.0	0.0	0.0	-0.00039708878814626513	85141751.38974571	0.0010656326104944518
14	14.0	nan	nan	1	1	6.000000000000838e-05	6.000000000000867e-05	5.999999999999513e-05	0.9995318151280329	-1.194448804526572e-22	-1.028006830391102e-21	-8.404155023538761e-23	1.0014000000000023	1.6892748644006936e-21	4.0578172129401323e-23	-6.702148195149652e-23	0.9995363754162576	0.006796716746133825	-3573.323025689463	18164.636693599747	-3580.0017805968364	99178048.31291564	6119.681560135353	18164.719568384604	6108.292715514786	0.009082055293369194	1599.565890624997	0.006790362824768001	-3576.655010291915	18147.738251652347	-3576.655010288026	99270527.98170128	6113.98846066274	18147.73825165766	6113.988460659863	0.009073606317112369	-0.0004682945047245294	0.0	0.0	0.0	0.0013990209137100696	0.0	0.0	0.0	-0.0004637320908496181	99270533.70830677	0.0012433589312414168
16	16.0	nan	nan	1	1	6.000000000000838e-05	6.000000000000867e-05	5.999999999999513e-05	0.9994640383369626	3.213431243646002e-23	8.52379842733843e-22	-3.31401640613245e-23	1.001599999999998	-1.4873898553785514e-21	-4.155755397466411e-24	1.2986073872592491e-22	0.9994669050215478	-2.5259856103489566	-4755.576244240406	12320.635016566837	-4765.739422255543	112524056.65111889	14621.01856774087	12320.670352032426	14589.880368353188	-3.0768420790127093	1599.565890624997	-2.5232956458035845	-4760.664303822583	12307.54986587532	-4760.664306219321	112644447.76152585	14605.490290913815	12307.54986302948	14605.490291693375	-3.0735743138201084	-0.0005361053418293424	0.0	0.0	0.0	0.0015987213636957432	0.0	0.0	0.0	-0.0005332371240999113	112644455.71946996	0.0014222626951430415
18	18.0	nan	nan	1	1	6.000000000000838e-05	6.000000000000867e-05	5.999999999999513e-05	0.9993940888080928	-2.5866268626778197e-22	-4.041935345179114e-23	-2.3928680759933985e-23	1.0018000000000258	1.0432269536620776e-21	2.980497183151069e-23	2.0805246766933753e-22	0.9993877230645335	23.12718530630776	-6359.251763218265	-22354.688605054183	-6374.560875015703	123328744.91914205	45146.24031089228	-22354.546225030976	45037.53075987347	59.59210112430546	1599.565890624997	23.09977462942087	-6367.005611795049	-22328.0512807818	-6367.005652617187	123479119.90803598	45092.445106490806	-22328.051291237185	45092.445112502835	59.52109256991379	-0.0006060948302762415	0.0	0.0	0.0	0.001798381941405108	0.0	0.0	0.0	-0.0006124644535348115	123479109.84673312	0.001605111935013355
20	20.0	nan	nan	1	1	6.000000000000838e-05	6.000000000000867e-05	5.999999999999513e-05	0.9993220268383174	1.0736142606448257e-22	-7.400420981042415e-22	2.583450489125616e-23	1.0020000000000393	3.610901454145082e-21	3.8434119981663877e-23	-3.8794108984246957e-22	0.9992942492883682	9.251440838185212	-5166.916851522549	-98253.74455107881	-5180.762333338343	130609397.8191566	106162.35927739974	-98251.01358536481	105875.68404883219	198.16669772306258	1599.565890624997	9.239495669051584	-5174.073865361264	-98124.15483598155	-5174.07309612705	130790312.91698375	106022.33866082507	-98124.15497000368	106022.33896078373	197.90532991446628	-0.0006782030894156861	0.0	0.0	0.0	0.0019980026627127246	0.0	0.0	0.0	-0.0007059998709017503	130790448.99378091	0.0017934745663456776
22	22.0	nan	nan	1	1	6.000000000000838e-05	6.000000000000867e-05	5.999999999999513e-05	0.9992495478075796	1.4547790869092609e-21	1.2492783059935269e-20	2.2658131339052535e-22	1.0021999999999942	-2.059666490367238e-20	-5.938495053640696e-23	-1.90370654895404e-22	0.9991889858337194	-76.19987096428162	707.970346729913	-197597.42220066683	710.0625724492562	135259832.03703934	190980.55270506177	-197585.44703000085	190406.77009852475	158.4077214445868	1599.565890624997	-76.09431281160458	709.077115227333	-197311.7351681985	709.0789370115011	135471283.43716702	190704.4323652627	-197311.7358737952	190704.43258652856	158.17869501622775	-0.0007507339226258316	0.0	0.0	0.0	0.002197583543481441	0.0	0.0	0.0	-0.0008113432161910081	135472076.15554017	0.0019860563722833373
24	24.0	nan	nan	1	1	6.000000000000838e-05	6.000000000000867e-05	5.999999999999513e-05	0.9991777332968241	-1.147729643529577e-21	3.7474431652424753e-20	1.1858461261560206e-22	1.0023999999999984	-2.0323285019946056e-20	2.8592655925752975e-22	2.2128735747018595e-21	0.99907622499114	-63.506222321178505	11114.42281113096	-298844.41151267086	11150.26773451844	138431223.76791772	287922.32575378864	-298814.0524484903	286967.6277234026	158.16025456671156	1599.565890624997	-63.412751422647574	11133.85452839505	-298374.2453545575	11133.85634196646	138673247.70802608	287469.3431028851	-298374.2464427925	287469.3428282376	157.91142408372056	-0.0008226049498734849	0.0	0.0	0.0	0.0023971245997199005	0.0	0.0	0.0	-0.0009242019519468566	138675058.66168645	0.002181140903602807
26	26.0	nan	nan	1	1	6.000000000000838e-05	6.000000000000867e-05	5.999999999999513e-05	0.9991067850773085	3.3457801416544865e-22	-2.915360349507214e-20	2.930733997499879e-22	1.0026000000000168	-5.607781627297095e-21	2.46698345887815e-22	3.180608716939898e-22	0.9989589596262549	-44.699351808231704	25683.184014702245	-392076.43389825174	25772.98229149347	140809085.17626444	386792.63138367084	-392018.4241900584	385387.95592050283	152.52535239663746	1599.565890624997	-44.62989640157942	25732.93415052029	-391409.291353455	25732.93533570366	141081842.28877524	386134.47955892514	-391409.29233543744	386134.4795267157	152.26582098146875	-0.0008936140768451786	0.0	0.0	0.0	0.0025966258472827457	0.0	0.0	0.0	-0.0010415826326496873	141085009.57902712	0.0023776846985126628
28	28.0	nan	nan	1	1	6.000000000000838e-05	6.000000000000867e-05	5.999999999999513e-05	0.9990365471880455	-4.427441215298228e-21	5.9004950380445e-20	8.402566836762659e-22	1.0028000000000117	2.401592515350118e-20	3.75764991225689e-22	5.963958981617529e-21	0.9988389228869978	-35.41996803580328	43477.2892761843	-475650.4427701618	43641.07251491302	142731847.08970687	480872.3313062397	-475556.35282694036	478972.8779152883	132.19181888267764	1599.565890624997	-35.362127199041815	43569.80589357096	-474779.76812020165	43569.806607815655	143035570.43368554	479992.09802757984	-474779.7689139637	479992.0985526004	131.9498427269046	-0.0009639172309361108	0.0	0.0	0.0	0.0027960873020129234	0.0	0.0	0.0	-0.0011617516852374843	143040321.98491183	0.0025751488417869637
30	30.0	nan	nan	1	1	6.000000000000838e-05	6.000000000000867e-05	5.999999999999513e-05	0.9989668017711104	-4.150461441546072e-23	5.251667800447706e-20	1.4568966692773966e-21	1.0030000000000043	1.415222648272485e-20	-7.051549285892051e-23	3.8827990302137124e-21	0.9987170979528325	-26.652912932671825	63000.20377535673	-550431.3137620577	63254.55957684343	144363592.25692818	566664.8478524322	-550293.7274031495	564245.1379616759	105.87890781751177	1599.565890624997	-26.607327948108185	63146.37340821897	-549352.5489660269	63146.3740989868	144698536.78114134	565554.2677060497	-549352.5495614432	565554.2687218596	105.67140065805337	-0.0010337323461106819	0.0	0.0	0.0	0.0029955089798030196	0.0	0.0	0.0	-0.001283725670492451	144704982.59602866	0.0027732504601790794
32	32.0	nan	nan	1	1	6.000000000000838e-05	6.000000000000867e-05	5.999999999999513e-05	0.9988973559706171	3.2898759671357024e-21	-1.1826951635922344e-19	1.3162892000331828e-21	1.0032000000000156	-9.429424878719047e-20	-1.1074955785349977e-22	1.3459353531870832e-21	0.9985940617156134	-11.722750472651969	82725.26795610866	-617279.5329139974	83081.59905221939	145786486.14272544	642725.0242720256	-617092.1092950618	639774.1164438628	82.59843643504303	1599.565890624997	-11.701809350961389	82933.18410786276	-615989.7566158778	82933.18491681207	146152896.13963997	641382.0808269366	-615989.7569942817	641382.0818886345	82.42585092087128	-0.0011032523885541594	0.0	0.0	0.0	0.0031948908965350035	0.0	0.0	0.0	-0.001406927542948969	146161047.4452492	0.0029718302347404436
34	34.0	nan	nan	1	1	6.000000000000838e-05	6.000000000000867e-05	5.999999999999513e-05	0.9988280500375469	-2.829090043829363e-21	2.4099357898805726e-20	4.731526043362522e-21	1.0034000000000016	8.348272024843658e-20	-1.0088162401798718e-21	2.320870275476783e-22	0.9984701787906409	7.184802569539868	101614.0847125928	-676603.2210975809	102079.2051298691	147044197.05242756	708627.8582078766	-676360.8001828459	705146.2876201434	65.53970466342399	1599.565890624997	7.171428018370401	101889.18329628385	-675101.7506473046	101889.18410435972	147442288.03030258	707055.3209272887	-675101.7506761265	707055.3216439992	65.39426354401529	-0.0011726372328271142	0.0	0.0	0.0	0.0033942330680173873	0.0	0.0	0.0	-0.0015309925806368837	147452079.71874642	0.0031707892669807446
36	36.0	nan	nan	1	1	6.000000000000838e-05	6.000000000000867e-05	5.999999999999513e-05	0.9987587538057663	7.438643342787266e-21	5.1059569576962855e-20	5.000882520589389e-21	1.0035999999999916	8.559733800125694e-20	-1.553881941738014e-21	4.0064658405128404e-22	0.9983457026903289	25.530445414844202	119190.49137386073	-728655.0658783928	119768.23973677872	148162903.88689306	764532.6976499221	-728353.7196253538	760530.0255677489	53.440527606058545	1599.565890624997	25.48101867969731	119536.36867484482	-726943.6331547826	119536.36939655218	148592855.84624544	762736.9971349593	-726943.632734656	762736.9975294269	53.31500886338467	-0.0012420171783444945	0.0	0.0	0.0	0.003593535510121368	0.0	0.0	0.0	-0.0016556671704453265	148604167.54306304	0.0033700578597262824
38	38.0	nan	nan	1	1	6.000000000000838e-05	6.000000000000867e-05	5.999999999999513e-05	0.9986893654063257	7.951945308823371e-21	1.6414227968367458e-20	3.8116482626443515e-21	1.0037999999999883	8.332263102140552e-21	-2.2501430243810487e-21	2.963768282442797e-21	0.9982208247904976	40.31993864740469	135285.72438783347	-773862.0755009608	135978.02825080056	149161581.2087935	811050.4547417676	-773499.0129862875	806542.5920706223	42.4725149266299	1599.565890624997	40.23889494073517	135704.70968732834	-771944.2687428296	135704.71028939623	149623540.5918599	809040.4866963867	-771944.2678844704	809040.4867378033	42.36725834572252	-0.0013114942263850492	0.0	0.0	0.0	0.00379279823868476	0.0	0.0	0.0	-0.001780759821529381	149636219.27900028	0.003569580156399741
40	40.0	nan	nan	1	1	6.000000000000838e-05	6.000000000000867e-05	5.999999999999513e-05	0.9986198105478469	5.55653613398821e-22	5.687127438631142e-20	2.346281263894412e-21	1.0039999999999878	-1.6796493937463325e-19	-3.088282125689179e-21	-7.352245982167327e-21	0.998095695840864	49.8648828046268	149852.32534231833	-812920.890329112	150659.6741325761	150056487.0556239	849133.9372913014	-812494.2364824682	844140.3662453468	31.176844910600572	1599.565890624997	49.76097797020712	150345.73981042497	-810801.2209753754	150345.74040579295	150550573.76116794	846919.843391752	-810801.2197869435	846919.8430994218	31.09555212616192	-0.0013811427909080696	0.0	0.0	0.0	0.003992021269525072	0.0	0.0	0.0	-0.0019061196515007168	150564454.35050744	0.003769307600689401
44	48.666666666666664	nan	nan	1	1	6.000000000000838e-05	6.000000000000867e-05	5.999999999999513e-05	0.9983154816134499	-8.893845946170154e-21	2.859265592575298e-20	-4.8280877993495115e-22	1.0048666666666557	1.6697729895813474e-19	2.430984558619842e-22	1.9168355596364816e-20	0.99755301850951	624.9503294253741	197667.92896091525	-929612.923281246	198965.07004852814	153039570.09104714	940967.3268496298	-928902.8988781068	934118.7152316683	-293.17427052324615	1599.565890624997	623.4492030647722	198487.16047886762	-926671.7133274172	198487.15732902693	153673840.10121784	937990.1926052078	-926671.6805519599	937990.1550603228	-292.246694043752	-0.0016859387829941984	0.0	0.0	0.0	0.0048548627261714074	0.0	0.0	0.0	-0.0024499802426233824	153691027.92423066	0.004636247873085064
48	57.33333333333333	nan	nan	1	1	6.000000000000838e-05	6.000000000000867e-05	5.999999999999513e-05	0.9980067025694239	1.7023668173916927e-20	1.7800947957964836e-19	2.1277467635028025e-21	1.005733333333332	4.808436634973212e-20	7.357328179850853e-21	8.617713205365251e-21	0.9970124188417324	286.1770375294745	228015.39600693152	-1000621.6229234657	229780.69857746304	155256946.93600962	973138.4729060619	-999624.7080425923	964700.1619979056	-380.49982416831386	1599.565890624997	285.39829307539736	229155.42671321036	-996904.5569519845	229155.41974231994	156033200.16263285	969523.5001528148	-996904.531035147	969523.4670303268	-379.08635986155787	-0.00199528669179854	0.0	0.0	0.0	0.0057169603292277745	0.0	0.0	0.0	-0.002992052887513158	156052340.87242547	0.005503921999035817
52	66.0	nan	nan	1	1	6.000000000000838e-05	6.000000000000867e-05	5.999999999999513e-05	0.997694352626041	-1.7609814973416903e-20	2.693395365679224e-20	3.1170812458958254e-21	1.006600000000002	2.1770610216919477e-19	-6.952446431063297e-21	-2.2575122110221614e-20	0.9964748925432894	175.65006499056608	245639.18545164855	-1046472.811183439	247831.80918491326	157111254.31156433	980243.8795186544	-1045193.7130354939	970383.8551572772	-306.22434256301653	1599.565890624997	175.11567729067824	247077.82752476126	-1042013.8926964937	247077.8198796632	158031412.30751494	976067.1560439586	-1042013.8755314414	976067.1301548381	-304.91955053438966	-0.002308309471558254	0.0	0.0	0.0	0.006578315360124051	0.0	0.0	0.0	-0.003531335288158885	158051404.39595816	0.006371340854473461
56	74.66666666666666	nan	nan	1	1	6.000000000000838e-05	6.000000000000867e-05	5.999999999999513e-05	0.9973793674901682	7.884182673043027e-21	7.476590418824258e-20	2.2598839032744734e-21	1.007466666666662	1.942856411776134e-19	-9.391901319155681e-21	-3.6168306847758627e-20	0.9959403255644595	136.40880297705385	256056.9518696296	-1077808.4306378409	258646.65387856518	158783643.51887292	977646.200880262	-1076253.325056509	966461.0118925018	-228.71318450659123	1599.565890624997	135.9497441954579	257776.2337750793	-1072631.4107800166	257776.22605277953	159849788.5432125	972950.2886457582	-1072631.392092461	972950.2671848767	-227.6146101548986	-0.0026240723782759265	0.0	0.0	0.0	0.00743892909699424	0.0	0.0	0.0	-0.004067937284367354	159870136.06948134	0.007238120051763619
60	83.33333333333333	nan	nan	1	1	6.000000000000838e-05	6.000000000000867e-05	5.999999999999513e-05	0.9970624845455255	-4.328168953880024e-20	-4.964951382966862e-19	2.266660166852508e-21	1.0083333333333422	-8.36529738708347e-20	-1.548376227580861e-20	-7.365798509323396e-21	0.9954083433014462	120.45828912353105	262156.2494948541	-1100503.048554764	265119.66912161827	160355162.62967005	971532.0876633158	-1098677.2827894865	959078.8002447388	-171.70921458734188	1599.565890624997	120.01382837188567	264141.45321240806	-1094623.4553547075	264141.4443081057	161569467.70763323	966341.5400644124	-1094623.4402977994	966341.5178161938	-170.79183382060924	-0.0029418384209266295	0.0	0.0	0.0	0.008298802814704093	0.0	0.0	0.0	-0.004602230734817822	161589933.04352668	0.008104122197582615
64	92.0	nan	nan	1	1	6.000000000000838e-05	6.000000000000867e-05	5.999999999999513e-05	0.9967442575362958	7.257378292074845e-21	-1.0777647220863718e-20	1.5104291515438684e-20	1.00919999999998	8.819984673169579e-20	4.773877690725237e-21	6.734928370208393e-20	0.9948785580118562	110.75355032113372	265643.5470791016	-1117657.5992789424	268963.13184753346	161863640.19690126	964606.1735138826	-1115565.5649269228	950917.5348394179	-132.56147144506156	1599.565890624997	110.30884674178478	267883.1872401385	-1111086.2963679947	267883.1766939633	163228312.19131887	958934.7412612684	-1111086.2864001128	958934.7184837335	-131.78207211583185	-0.003261053924832129	0.0	0.0	0.0	0.009157937784746143	0.0	0.0	0.0	-0.005134601521916713	163248776.0927958	0.00896930835328787
68	100.66666666666666	nan	nan	1	1	6.000000000000838e-05	6.000000000000867e-05	5.999999999999513e-05	0.9964250816459703	5.676814812498321e-21	7.420008617947671e-21	1.8204432102389424e-20	1.0100666666666818	1.259775161792376e-19	1.7414997395548415e-21	3.666636222074415e-20	0.9943506532811682	103.65186280181844	267529.027200775	-1131103.253465857	271191.6285332674	163327596.74633703	958015.375815953	-1128748.4359877405	943109.2265596185	-103.49526937592763	1599.565890624997	103.2018562822937	270014.25708627125	-1123847.9598600594	270014.24495730764	164844840.04814762	951870.3286603418	-1123847.953339696	951870.3066549541	-102.83141436195552	-0.0035813236447994855	0.0	0.0	0.0	0.010016335275503729	0.0	0.0	0.0	-0.005665364633662931	164865239.59448397	0.00983367532735596
72	109.33333333333333	nan	nan	1	1	6.000000000000838e-05	6.000000000000867e-05	5.999999999999513e-05	0.9961052366829656	6.62786340567545e-20	-4.0001639153852684e-19	-4.763713295358185e-21	1.010933333333352	-2.0558506069398573e-19	-1.6290137641594704e-20	2.461138931542095e-20	0.9938243879430608	98.12579144249646	268443.64133178437	-1142285.8902570081	272439.70032900013	164756600.84707895	952315.4906273677	-1139670.3180695628	936198.5670770302	-81.44269791494717	1599.565890624997	97.66771022578857	271167.8814086408	-1134349.9921513782	271167.8684530809	166428596.252623	945699.3897348571	-1134349.9883349112	945699.3682272225	-80.8768842621538	-0.003902367658845073	0.0	0.0	0.0	0.010873996551896697	0.0	0.0	0.0	-0.006194760023391046	166448907.30751428	0.010697231760994652
76	118.0	nan	nan	1	1	6.000000000000838e-05	6.000000000000867e-05	5.999999999999513e-05	0.9957849251763001	6.449308860394243e-21	8.847293015389056e-19	-1.0977546996415733e-21	1.0118000000000251	-3.4529806314589906e-19	3.333921680392926e-21	5.575509672006706e-20	0.9932995785548094	93.92355864901573	268894.5155725045	-1152248.1387585555	273219.09713726636	166155803.6727251	947826.6251849418	-1149372.2787876145	930495.9138897264	-64.12381409845554	1599.565890624997	93.45436971657583	271854.2618337375	-1143630.6674845768	271854.2491869583	167984695.6367559	940737.9882494606	-1143630.6654989356	940737.9666008577	-63.64424280874462	-0.004223983293642385	0.0	0.0	0.0	0.011730922875723937	0.0	0.0	0.0	-0.00672297004883596	168004920.49903303	0.011559989713058076
80	126.66666666666666	nan	nan	1	1	6.000000000000838e-05	6.000000000000867e-05	5.999999999999513e-05	0.9954642962428487	-2.8309535163133223e-20	-3.428247269399165e-19	-3.750661890442042e-21	1.012666666666663	-2.4923775066368336e-19	2.353396340651348e-20	6.7220534694101274e-21	0.9927760851705337	91.16692338449313	269275.4809477368	-1161585.0461466387	273928.7522715498	167528082.32055035	944719.5329986509	-1158448.2316959985	926163.5328185912	-49.99239597445651	1599.565890624997	90.68166323241782	272470.7048638281	-1152282.0844522724	272470.69376688154	169515971.20431924	937153.414911507	-1152282.0834460047	937153.3929419786	-49.59201431811309	-0.004546021271383716	0.0	0.0	0.0	0.012587115505467851	0.0	0.0	0.0	-0.007250133646840821	169536126.77056012	0.012421961318426464
84	135.33333333333331	nan	nan	1	1	6.000000000000838e-05	6.000000000000867e-05	5.999999999999513e-05	0.9951434610274688	-8.639736061993864e-22	-1.1333233071626758e-18	-4.394745743534212e-20	1.0135333333333234	-7.766004636242107e-19	-2.439454888092385e-21	1.7530193876375e-20	0.9922538007389818	89.73280911424715	269825.82553044223	-1170588.1368822267	274812.0947950748	168875127.03070277	943049.8235280506	-1167189.0260132947	923250.0979818362	-37.97470524550008	1599.565890624997	89.22580115024923	273259.36179673765	-1160594.1800843675	273259.35258138773	171024064.67221755	934998.4868558113	-1160594.1791838836	934998.4644995689	-37.650494234233726	-0.004868370279606256	0.0	0.0	0.0	0.0134425756964795	0.0	0.0	0.0	-0.007776356901523845	171044174.09379312	0.013283157500559303
88	144.0	nan	nan	1	1	6.000000000000838e-05	6.000000000000867e-05	5.999999999999513e-05	0.994822503139259	8.494046395066124e-21	6.066111155056397e-19	-1.1858461261560205e-20	1.0144000000000106	2.1748417953701415e-18	-2.3730475050276477e-20	1.244054230291336e-19	0.9917326431523555	89.2388732867763	270647.7437742612	-1179387.8143211908	275973.917437319	170198005.9842336	942784.1237339273	-1175724.7045341935	921717.0426711406	-27.592294943859976	1599.565890624997	88.70543488552437	274324.25096314517	-1168696.6391911965	274324.24303105765	172509993.4547689	934237.7659928827	-1168696.638360803	934237.7431441647	-27.342170214825686	-0.005190946541484437	0.0	0.0	0.0	0.01429730470083512	0.0	0.0	0.0	-0.008301720973660854	172530081.3580727	0.014143587596804586
92	152.66666666666666	nan	nan	1	1	6.000000000000838e-05	6.000000000000867e-05	5.999999999999513e-05	0.9945014857831639	9.057831524758587e-20	2.0674380176582964e-19	1.8834624615146623e-20	1.0152666666666703	1.486305653206066e-19	-2.6468085535802378e-20	-5.783540963852363e-20	0.9912125493868664	89.35029469150764	271754.4721510081	-1188035.2452075141	277428.69572439615	171497456.8663887	943817.5073038462	-1184106.2684275277	921456.1696883139	-18.581995718777062	1599.565890624997	88.78693616781237	275679.4995249758	-1176640.414147246	275679.49253493204	173974443.56485367	934765.0477149286	-1176640.4132607088	934765.024042432	-18.403769775706593	-0.005513686689061388	0.0	0.0	0.0	0.015151303767347793	0.0	0.0	0.0	-0.008826287945428285	173994533.1652638	0.01500325936434224
96	161.33333333333331	nan	nan	1	1	6.000000000000838e-05	6.000000000000867e-05	5.999999999999513e-05	0.9941804570169607	1.587339743154559e-21	-1.021074500992536e-18	-1.8888834723770898e-20	1.0161333333333324	-2.537100846251861e-19	3.20856080419929e-20	-1.5775141609664088e-20	0.9906934708938979	89.76559540417145	273113.85900028446	-1196548.035029917	279144.58312072774	172774038.09752432	945998.9979111174	-1192351.264294921	922314.9913006726	-10.859618675657956	1599.565890624997	89.17023615414287	277293.1977703858	-1184443.1425163264	277293.1910711528	175417921.6358079	936428.7877294659	-1184443.1414636013	936428.7635402008	-10.74975721338572	-0.005836542508368275	0.0	0.0	0.0	0.016004574141714554	0.0	0.0	0.0	-0.009350105421661946	175438033.39769396	0.015862179173743225
100	170.0	nan	nan	1	1	6.000000000000838e-05	6.000000000000867e-05	5.999999999999513e-05	0.9938594537477514	-1.4992483166401115e-20	1.25862319698411e-18	-3.884831909287123e-20	1.0169999999999737	-7.648368700527431e-20	6.011901046432122e-20	-2.02678043619009e-20	0.9901753699455508	90.21253870056454	274676.66618473874	-1204933.8499414874	281072.0992809173	174028210.50825003	949162.3248914699	-1200467.344505918	924126.973330561	-4.392670202618232	1599.565890624997	89.58469767401812	279115.96307121764	-1192112.6020610298	279115.95662173117	176840837.09135106	939062.6456046641	-1192112.6006890975	939062.6213140643	-4.345929451225536	-0.006159476942693059	0.0	0.0	0.0	0.01685711706639748	0.0	0.0	0.0	-0.009873210182036758	176860988.4058436	0.01672035226343894
104	208.75	nan	nan	1	1	6.000000000000838e-05	6.000000000000867e-05	5.999999999999513e-05	0.9924250212862521	4.1118367391512753e-20	-8.83204642233848e-19	5.535190903717402e-20	1.0208749999999889	-2.345671400172389e-19	-8.856576496490965e-20	2.9158262176282034e-20	0.9878707979719757	9294.782907314233	282623.5069302021	-1240859.187785465	290725.34146858414	179369744.01534745	970999.7437937092	-1235165.4052529708	939606.721214529	6396.787640407574	1599.565890624997	9216.510759927358	288277.28825206775	-1224763.4764854785	288277.1189545734	182957971.05080155	958404.4939037059	-1224763.9736529863	958403.2147829643	6313.812192330282	-0.007603814578006076	0.0	0.0	0.0	0.020660102696291587	0.0	0.0	0.0	-0.012203361069004399	182970715.97634128	0.020548112096379068
108	247.5	nan	nan	1	1	6.000000000000838e-05	6.000000000000867e-05	5.999999999999513e-05	0.9909930250003658	-6.911111223237287e-20	-8.295501872229716e-20	-5.825553798036176e-20	1.0247500000000207	6.17886818099489e-19	-1.0842021724855045e-21	1.29406305549723e-19	0.9855831645742253	7693.505141891326	290717.9327092263	-1274802.8241600825	300620.8020455905	184299082.3322254	1000499.5571319239	-1267843.952463478	962258.279601715	5130.1637251671145	1599.565890624997	7617.510209924681	297651.412310146	-1255320.127278669	297651.3288369722	188694524.73204732	985209.0124044028	-1255320.4390408173	985207.6659373273	5051.759894460741	-0.009047783021655167	0.0	0.0	0.0	0.02444868040233009	0.0	0.0	0.0	-0.014521767746674713	188709136.68788522	0.0243615060637264
112	286.25	nan	nan	1	1	6.000000000000838e-05	6.000000000000867e-05	5.999999999999513e-05	0.9895644599945607	-4.169096166385666e-20	1.0795943132524411e-19	-2.9547897332019013e-20	1.0286250000000172	-5.854691731421724e-20	-5.673087867530402e-20	-2.1399440379432643e-19	0.9833119945160828	6874.394541324514	298591.516713723	-1306285.3821330762	310377.8503807732	188858287.44068447	1033787.5494417683	-1298031.7613745867	988245.73015282	4575.6485674937485	1599.565890624997	6796.51127720486	306861.24219671503	-1283325.7317155309	306861.4330508131	194088865.3536526	1015617.3998972365	-1283325.746190396	1015615.9682227055	4495.225642319733	-0.010490372054665006	0.0	0.0	0.0	0.028222958943756683	0.0	0.0	0.0	-0.016828819043959553	194104646.48728698	0.028160494815270432
116	325.0	nan	nan	1	1	6.000000000000838e-05	6.000000000000867e-05	5.999999999999513e-05	0.9881397305541729	2.853484592710287e-20	-9.44245224544782e-19	3.146219179281373e-20	1.0324999999999998	-2.1111449177366182e-18	-1.2671612890924333e-19	-1.0119672027436577e-19	0.9810568139360579	6398.2577865541525	306537.15275895316	-1334819.5551466788	320298.9311795522	193080578.2300491	1069226.2667990082	-1325251.4401170309	1015951.7704347521	4270.410802641261	1599.565890624997	6316.514755997435	316206.35877249774	-1308320.4766154883	316206.8476480452	199170984.79681435	1047999.7941254001	-1308320.2578204256	1047998.2838173687	4185.633837257951	-0.011931163547811801	0.0	0.0	0.0	0.03198304585305139	0.0	0.0	0.0	-0.01912490678583389	199187648.87660316	0.0319451980464322
120	363.75	nan	nan	1	1	6.000000000000838e-05	6.000000000000867e-05	5.999999999999513e-05	0.986719092384854	1.433315272025837e-19	6.033341144393023e-18	1.412037804390809e-19	1.0363750000000085	1.9099305470504646e-18	4.1253892663073444e-20	1.8230859530343757e-19	0.9788172929869795	6098.871826367659	314427.2428660341	-1360310.6532286054	330251.3725403214	196996432.27980056	1105676.1772793394	-1349416.6873015088	1044268.098244042	4081.8742009216253	1599.565890624997	6012.165742683881	325555.4741875946	-1330232.7611048296	325556.27417469217	203968544.00889072	1081228.5198967373	-1330232.3791959353	1081226.9089789535	3991.6196906105088	-0.013369887569872384	0.0	0.0	0.0	0.03572904745425455	0.0	0.0	0.0	-0.02141028003088702	203985931.35729578	0.035715717289870615
124	402.5	nan	nan	1	1	6.000000000000838e-05	6.000000000000867e-05	5.999999999999513e-05	0.9853027140676619	1.7810731188505623e-19	-3.6418350973788094e-19	3.6056498498721055e-20	1.0402500000000137	1.6273061457378057e-18	1.9651164376299767e-20	-1.3759203195198855e-19	0.9765931793797261	5900.479898288035	321908.1473599442	-1383105.9249116608	339861.0768809428	200633161.22584644	1142205.3546224548	-1370879.5260609118	1072307.8658190814	3955.2702310935174	1599.565890624997	5808.124590598609	334540.42381050944	-1349422.782701248	334541.513918597	208506380.89593387	1114388.927333489	-1349422.288240099	1114387.2276253423	3858.9464953080287	-0.014806361097812637	0.0	0.0	0.0	0.03946106888092632	0.0	0.0	0.0	-0.02368511142593902	208524385.65646404	0.03947214559726809
128	441.25	nan	nan	1	1	6.000000000000838e-05	6.000000000000867e-05	5.999999999999513e-05	0.9838907135173622	-1.3455626586902913e-19	-4.97540376953598e-19	-8.877582913582872e-20	1.0441250000000084	-9.498424182602383e-19	-5.122855264994008e-20	4.515702048402126e-20	0.9743842613684743	5755.899197649949	328803.67236655165	-1403707.548947132	348934.59729574894	204015024.99748734	1177985.11257676	-1390144.2401415906	1099301.7432326858	3857.3948899175475	1599.565890624997	5657.576365256209	342972.6882825029	-1366398.1948312589	342974.06241697713	212806569.55499467	1146675.26905464	-1366397.6604269266	1146673.5495880987	3754.868610835669	-0.016240451596506302	0.0	0.0	0.0	0.04317921409394135	0.0	0.0	0.0	-0.02594953428290145	212825119.87357956	0.04321457266947668
132	480.0	nan	nan	1	1	6.000000000000838e-05	6.000000000000867e-05	5.999999999999513e-05	0.9824831798979229	-1.252931135578561e-19	3.567336855601899e-18	-9.723938234479368e-20	1.0479999999999838	2.405194099441843e-18	-9.340401715962621e-20	-3.90990408452585e-20	0.9721903470125949	5643.29511550452	335004.41694036603	-1422588.7701172582	357345.71526719164	207163561.96211022	1212287.3337434363	-1407684.5621155573	1124591.9456086925	3778.0053635188706	1599.565890624997	5538.857282468982	350730.9604628038	-1381633.8644043654	350732.48463098	216888707.68769717	1177386.7957289936	-1381633.1998784472	1177385.1127529521	3669.2403734557447	-0.01767205508203503	0.0	0.0	0.0	0.04688358589883436	0.0	0.0	0.0	-0.02820366343406931	216907742.82811597	0.04694308745542174
136	518.75	nan	nan	1	1	6.000000000000838e-05	6.000000000000867e-05	5.999999999999513e-05	0.9810801706491228	2.199575157429967e-20	-3.3952875233556056e-18	3.3650924928518845e-20	1.0518750000000006	-2.0448595074162854e-18	-1.4766833589252571e-19	3.200293762634088e-19	0.9700112682600351	5548.9371250442855	340319.1240527105	-1440118.1183398115	364878.08684463764	210097944.7225806	1244698.261495743	-1423869.3613033765	1147825.9658433502	3713.450332622839	1599.565890624997	5438.371749128443	357606.2310225125	-1395498.850462864	357607.70660310437	220770238.4253355	1206133.6990141084	-1395498.044844045	1206131.7995501182	3598.396273494655	-0.019101099362347367	0.0	0.0	0.0	0.05057428596293372	0.0	0.0	0.0	-0.030447590789260015	220789703.8190748	0.050657777071848764
140	557.5	nan	nan	1	1	6.000000000000838e-05	6.000000000000867e-05	5.999999999999513e-05	0.9796817087259232	-1.7446168208007372e-19	-4.1701126059223714e-20	2.59801945581839e-20	1.0557500000000197	3.0641179697699085e-18	-1.0180658399638886e-19	3.3042416459211355e-19	0.9678468848922241	5469.129336435633	344668.10965469666	-1456388.261653592	371431.5688217399	212835296.70252267	1275393.6306548668	-1438793.8760534108	1169200.6441540585	3662.2850367422225	1599.565890624997	5352.423233723808	363504.2108464236	-1408092.159387792	363505.5666823252	224466738.87417096	1233099.5921507934	-1408091.3609819224	1233097.4220392592	3540.837962965215	-0.020527547086608894	0.0	0.0	0.0	0.05425141483193459	0.0	0.0	0.0	-0.032681380981055004	224486584.92683423	0.054358725787967924
144	596.25	nan	nan	1	1	6.000000000000838e-05	6.000000000000867e-05	5.999999999999513e-05	0.978287806962459	-4.484531235943168e-20	-1.3052709954552988e-18	1.984089975648473e-20	1.0596249999999992	5.442694905877232e-19	-8.624828282122188e-20	3.054739620977909e-20	0.9656970612848499	5397.385382618571	348272.5284022111	-1471235.0758305497	377230.04118340247	215390936.59300232	1304707.892916098	-1452299.2618565722	1189052.8743034638	3617.5441992417573	1599.565890624997	5274.609620704402	368647.818573873	-1419264.1524726343	368649.08902972535	227992139.60365185	1258619.4907150213	-1419263.423990327	1258617.0671915184	3489.755570890486	-0.021951371091814914	0.0	0.0	0.0	0.05791507194643261	0.0	0.0	0.0	-0.034905095107142944	228012325.39127603	0.05804601833660484
148	635.0	nan	nan	1	1	6.000000000000838e-05	6.000000000000867e-05	5.999999999999513e-05	0.976898480289664	-3.2143883908763993e-19	1.9128849979704874e-18	2.618348246552493e-20	1.0635000000000205	7.744998219150201e-19	2.574980159653073e-20	-1.215661685899372e-19	0.9635616554217517	5334.328380722694	351344.83733870904	-1484504.7915415124	382492.68109843804	217778617.3007318	1332837.1825485288	-1464237.4132154088	1207586.2900757643	3576.7320558953434	1599.565890624997	5205.503513934033	373254.13987853756	-1428876.440133468	373255.4228771008	231358943.82349634	1282892.2207114394	-1428875.8501016493	1282889.4411697795	3442.7023721708774	-0.02337254197020313	0.0	0.0	0.0	0.06156535565817456	0.0	0.0	0.0	-0.03711880207827413	231379429.75453648	0.061719741319829116
152	673.75	nan	nan	1	1	6.000000000000838e-05	6.000000000000867e-05	5.999999999999513e-05	0.9755137422094347	3.0129978373372167e-19	-4.553649124439119e-21	5.730008481585891e-20	1.0673749999999864	-6.539988819595499e-18	8.684459401608891e-20	-2.191443641136326e-19	0.9614405231590315	5274.769257820796	353838.9713902737	-1496308.3101377676	387160.39947316545	220010729.55924904	1359762.5279940777	-1474721.3322254296	1224806.0432320954	3535.5135015021087	1599.565890624997	5140.010626215896	377267.8952182129	-1437045.9981135037	377269.3117128329	234578414.412955	1305908.2048797007	-1437045.4796875012	1305904.7627375668	3395.4870758834973	-0.024791031668699587	0.0	0.0	0.0	0.06520236324562065	0.0	0.0	0.0	-0.03932257425555447	234599166.14701125	0.0653799823557689
156	712.5	nan	nan	1	1	6.000000000000838e-05	6.000000000000867e-05	5.999999999999513e-05	0.9741335975671739	2.1933409949381756e-19	3.600066208683805e-18	6.243649260800899e-20	1.0712500000000185	-3.432394342708922e-18	8.38088279331295e-20	-1.6920330154351903e-19	0.9593335261926758	5219.912147736496	355696.41530775605	-1506849.3354944726	391159.2694396636	222098476.94775012	1385237.48607977	-1483955.047151361	1240514.0327876774	3496.5630891459236	1599.565890624997	5079.286810271474	380619.77126616315	-1443977.658197597	380621.3709634652	237660734.98737493	1327439.9331639945	-1443977.0411270515	1327435.8331769663	3350.672733016317	-0.026206820919032286	0.0	0.0	0.0	0.06882619092986973	0.0	0.0	0.0	-0.041516479168198	237681714.9176245	0.06902682863471889
160	751.25	nan	nan	1	1	6.000000000000838e-05	6.000000000000867e-05	5.999999999999513e-05	0.9727580433375355	-3.530433324155924e-19	4.889684035273845e-18	-9.324138683375338e-20	1.0751250000000103	-6.296205961112133e-18	-1.8084492237058213e-19	-2.8431846720716746e-19	0.9572405317943212	5170.416000764572	357019.6557432629	-1516225.4693781747	394592.15165964403	224052023.06837085	1408808.5795209978	-1492037.8163064583	1254332.370710615	3459.7005515142037	1599.565890624997	5023.951600594618	383412.4553238377	-1449772.9634875588	383414.3851518712	240615145.14117405	1347063.8968731302	-1449772.2764033077	1347059.3181910613	3308.0702195335966	-0.02761989849318025	0.0	0.0	0.0	0.07243693388951636	0.0	0.0	0.0	-0.043700579721629815	240636309.6971383	0.07266036682631997
164	790.0	nan	nan	1	1	6.000000000000838e-05	6.000000000000867e-05	5.999999999999513e-05	0.9713870750514786	-6.123031769111886e-20	3.1323007338920904e-18	-1.8209175486894047e-19	1.0790000000000106	-4.6723963673805935e-18	-2.351634512121059e-19	-1.0177947894207673e-19	0.9551614069676596	5107.607534938148	358005.64545391896	-1524384.1339524894	397668.7140747663	225880648.6358796	1430155.6691003242	-1498920.635082541	1266009.7561724654	3414.1966790008287	1599.565890624997	4955.863176718459	385852.0286859291	-1454389.245959171	385854.1838101473	243450089.7507945	1364487.453561939	-1454388.484122043	1364482.4850065135	3257.4275885785914	-0.029030254644415325	0.0	0.0	0.0	0.07603468627600786	0.0	0.0	0.0	-0.045874940250834655	243471403.9446712	0.07628068385713581
168	828.75	nan	nan	1	1	6.000000000000838e-05	6.000000000000867e-05	5.999999999999513e-05	0.9700206831775852	2.1919857422225685e-19	-7.825635755728811e-19	5.093039705250657e-20	1.0828750000000065	5.0182839654577814e-18	-2.303929616531697e-20	1.6078718217960032e-19	0.9530960229261284	5041.747859516112	358731.8220228199	-1531291.6590556726	400469.5985811275	227592885.6253531	1449275.4796065744	-1504573.1547832172	1275579.6219230578	3365.2525515878265	1599.565890624997	4885.017657291439	388018.33829112776	-1457802.1786970429	388020.4077609269	246173346.95669836	1379722.105327456	-1457801.2690440477	1379716.6988579142	3203.7479421757594	-0.03043788484854771	0.0	0.0	0.0	0.0796195412281735	0.0	0.0	0.0	-0.04803962182438119	246194767.70115378	0.07988786598237156
172	867.5	nan	nan	1	1	6.000000000000838e-05	6.000000000000867e-05	5.999999999999513e-05	0.9686588575339565	2.9262616635383763e-19	7.113314928405834e-19	2.1071469222255779e-19	1.0867500000000063	-1.3868219723642272e-17	1.199127602768968e-19	-4.916043700592399e-19	0.9510442505877655	4982.7881601798435	359322.96461960784	-1537130.483390728	403130.6453555413	229196528.28758436	1466290.7689096795	-1509177.4608292691	1283185.2184307224	3317.91555554114	1599.565890624997	4821.054605421344	390043.8150849379	-1460192.8998922664	390045.651530902	248792025.83712074	1392898.906810139	-1460191.90742928	1392893.0442482682	3151.844810179177	-0.031842785286213864	0.0	0.0	0.0	0.08319159088677022	0.0	0.0	0.0	-0.05019468693275666	248813508.29922324	0.08348199953163556
176	906.25	nan	nan	1	1	6.000000000000838e-05	6.000000000000867e-05	5.999999999999513e-05	0.9673015872254853	8.716985466783456e-20	4.916179225863959e-18	2.3944604979342364e-19	1.0906250000000115	-3.915921406583145e-18	-1.2782743613604098e-19	-3.068292148133977e-20	0.9490059608827274	4923.0735173284165	360124.5080999688	-1542173.4467551913	406039.2734874639	230698719.08217734	1481442.9157898284	-1513003.6346704883	1289070.0072532787	3270.93443300358	1599.565890624997	4756.548531763213	392303.1879812039	-1461826.6399958597	392304.828141806	251312645.83079958	1404260.1527676862	-1461825.6647424018	1404253.9788378784	3100.519660680826	-0.03324495291264422	0.0	0.0	0.0	0.08675092640866568	0.0	0.0	0.0	-0.05234019916672275	251334159.4759758	0.08706317080453294
180	945.0	nan	nan	1	1	6.000000000000838e-05	6.000000000000867e-05	5.999999999999513e-05	0.9659488574692066	-4.8729466642361e-19	2.7173020235825295e-18	3.2360724343261094e-19	1.0944999999999976	-1.794408805572134e-18	-4.1145472445824893e-19	5.831652435256407e-19	0.9469810281991415	4860.897877254026	361472.06918502686	-1546624.6914917552	409579.3603267176	232106009.70730415	1495140.661746046	-1516253.6795319184	1293616.5323266438	3219.5920347927567	1599.565890624997	4689.855401992715	395165.7840384899	-1462901.3485705652	395167.31765985955	253741190.88322496	1414204.3007611185	-1462900.6182210092	1414197.7619309397	3045.306049654829	-0.03464438874958795	0.0	0.0	0.0	0.09029763798077857	0.0	0.0	0.0	-0.05447621957736515	253762719.56315205	0.09063146545793621
184	983.75	nan	nan	1	1	6.000000000000838e-05	6.000000000000867e-05	5.999999999999513e-05	0.964600661026774	-3.01760569657028e-19	-4.2134332589767454e-18	-1.7732126531000425e-19	1.0983750000000143	-5.0793245477687156e-18	-1.0852863746579898e-19	7.017498561412427e-20	0.9449693192204736	4800.07733603126	363414.9410952813	-1550641.8769474565	413815.9046411099	233424393.86376283	1507897.1538926987	-1519083.0268639529	1297288.8111049929	3163.0364168995807	1599.565890624997	4624.660824685761	398691.99417504267	-1463569.3765891916	398693.20197410544	256083134.05651712	1423224.8788661694	-1463568.870244767	1423217.9380451334	2985.4238464936634	-0.03604108606160569	0.0	0.0	0.0	0.09383181483388342	0.0	0.0	0.0	-0.05660281844880143	256104670.7871638	0.09418697022019325
188	1022.5	nan	nan	1	1	6.000000000000838e-05	6.000000000000867e-05	5.999999999999513e-05	0.9632570070746099	-9.226560487851643e-20	-4.387757509961127e-18	-3.6629770397422766e-19	1.102250000000018	4.43929290029621e-18	4.2695881552479166e-19	1.6642503347652492e-19	0.9429706845309933	4737.490534568021	365664.18319983885	-1554329.6691354685	418428.4059550398	234659400.88164246	1520002.9894798214	-1521594.8192425503	1300350.2510842315	3099.3698678243204	1599.565890624997	4557.955243542898	402570.60005845287	-1463931.8261018556	402571.3472257036	258343529.8355507	1431601.5426168498	-1463931.3861017914	1431594.356013399	2919.114445581413	-0.037435021093182426	0.0	0.0	0.0	0.09735354525592582	0.0	0.0	0.0	-0.058720084285782424	258365074.39431646	0.09772977411877816
192	1061.25	nan	nan	1	1	6.000000000000838e-05	6.000000000000867e-05	5.999999999999513e-05	0.9619179129881259	3.1696650512613724e-19	2.8496966613701657e-18	2.360850230587186e-19	1.106124999999992	6.95298853214954e-19	-2.0990154059319365e-19	3.495196753550145e-19	0.9409849670787759	4662.652632582986	367923.9619475918	-1557677.614909453	423082.31864684593	235816163.28844228	1531495.6392099592	-1523779.321724654	1302842.9447616655	3027.205643231084	1599.565890624997	4479.671505342366	406478.30940485257	-1463980.7236236858	406478.87728375074	260527079.77057076	1439373.6371742403	-1463980.1301643217	1439366.4245282186	2845.1142044515836	-0.038826161491375036	0.0	0.0	0.0	0.1008629166053696	0.0	0.0	0.0	-0.06082811499856894	260548636.06059432	0.10125996708011513
196	1100.0	nan	nan	1	1	6.000000000000838e-05	6.000000000000867e-05	5.999999999999513e-05	0.9605833830795963	5.186281092084411e-19	-2.3037940912601364e-18	4.769676407306856e-19	1.1099999999999943	3.553689460755738e-18	-3.488962591058353e-19	-2.5478751053409353e-20	0.9390120233945907	4576.784217666519	369995.1179548332	-1560559.4478436671	427547.65931924415	236899462.53715372	1542424.5711028571	-1525514.0250045136	1304818.239828568	2950.4638553534487	1599.565890624997	4391.028998775831	410194.4414037659	-1463599.5554748029	410195.0367646373	262638175.4478789	1446591.4257472777	-1463598.8946075616	1446584.4630016496	2767.1471234925853	-0.040214488381570296	0.0	0.0	0.0	0.10436001532423786	0.0	0.0	0.0	-0.06292699538876792	262659742.26049778	0.1047776365554173
200	1138.75	nan	nan	1	1	6.000000000000838e-05	6.000000000000867e-05	5.999999999999513e-05	0.9592534058883188	1.7428549922704483e-19	-6.482600643353126e-18	2.3310346708438345e-20	1.113875000000024	5.039642748255746e-18	-5.2041704279304214e-21	1.824712256293104e-19	0.9370517261987183	4501.688146759159	371829.6236963905	-1562963.2999013439	431765.6144541587	237913710.19026455	1552955.6962027526	-1526788.302150511	1306424.2365736945	2882.363192703629	1599.565890624997	4312.959543165116	413663.3761709509	-1462779.8656585144	413664.2891647725	264680870.8146977	1453413.7332645464	-1462779.2871199949	1453407.2219428644	2697.608346957473	-0.04159999928716042	0.0	0.0	0.0	0.10784492695076853	0.0	0.0	0.0	-0.0650167942132739	264702432.09663293	0.1082828671239944
204	1177.5	nan	nan	1	1	6.000000000000838e-05	6.000000000000867e-05	5.999999999999513e-05	0.95792796302216	1.3070057189312756e-19	-2.0438295153524243e-18	-2.868256847310402e-19	1.117750000000012	-3.3262780550769034e-18	2.2768245622195592e-20	-4.379363625212074e-19	0.9351039551884776	4435.332691700463	373469.049600552	-1565031.707158393	435780.73188587994	238862927.98634627	1563254.3144384937	-1527742.15282631	1307804.8007737182	2823.4664521265345	1599.565890624997	4243.4748160989475	416928.77678950946	-1461657.4723412478	416930.29354015	266658852.96847054	1459997.4808289716	-1461657.0619701892	1459991.01250619	2636.969474023508	-0.042982699013773766	0.0	0.0	0.0	0.11131773613196351	0.0	0.0	0.0	-0.06709757385395064	266680398.0705397	0.11177574206328503
208	1216.25	nan	nan	1	1	6.000000000000838e-05	6.000000000000867e-05	5.999999999999513e-05	0.9566070208318233	3.2070700262121223e-19	-3.95548123335171e-18	1.230298415227926e-19	1.1216250000000085	5.797120596062744e-18	3.0552817220641516e-19	-4.51841255383334e-19	0.9331686055537857	4361.881533608713	375006.85815843486	-1566718.7853513088	439699.0423212581	239750863.4628645	1573334.9132874596	-1528331.2608009938	1308975.955193869	2764.4133406256756	1599.565890624997	4167.408430664667	420093.07914751	-1460191.4664218712	420095.20015753055	268575564.0709836	1466357.7380230357	-1460191.0969005616	1466351.1548770778	2576.450099013307	-0.04436260840282411	0.0	0.0	0.0	0.11477852663609174	0.0	0.0	0.0	-0.06916938111337465	268597093.97681534	0.11525634193126358
212	1255.0	nan	nan	1	1	6.000000000000838e-05	6.000000000000867e-05	5.999999999999513e-05	0.9552905255188319	2.0746208570510127e-19	5.854176735389793e-18	1.168227840853131e-19	1.1255000000000075	8.848770240849068e-18	2.359223927328458e-19	-2.0767892613959837e-19	0.9312455930747534	4274.667753937567	376449.25889057934	-1567890.130237645	443525.8641198731	240581048.9800529	1583376.7496102194	-1528425.4423229005	1310090.0864787637	2697.7777187589686	1599.565890624997	4078.4264548526507	423162.08221758023	-1458258.969749489	423164.49412276264	270434262.31868327	1472662.7223949183	-1458258.5400929942	1472656.5022886721	2509.141731872688	-0.04573976956250377	0.0	0.0	0.0	0.11822738136465694	0.0	0.0	0.0	-0.07123224156828593	270455785.07530415	0.1187247436852045
216	1293.75	nan	nan	1	1	6.000000000000838e-05	6.000000000000867e-05	5.999999999999513e-05	0.9539784252694896	7.757466544133784e-20	-2.830906082468276e-18	1.978940015329167e-19	1.1293750000000116	4.2063249584833875e-18	-5.421010862427522e-19	-4.628188023797497e-19	0.9293348324479254	4190.820236005617	377782.9009485723	-1568558.1379097467	447243.59837822895	241356761.49429286	1593707.4322660805	-1528038.0146734973	1311417.6246717507	2630.716141628983	1599.565890624997	3992.901962579286	426119.61787374684	-1455874.3592648508	426121.79505402606	272237972.44649166	1479216.9513703512	-1455873.944500391	1479211.4087082401	2441.7279057348983	-0.04711422281107333	0.0	0.0	0.0	0.12166438236436593	0.0	0.0	0.0	-0.07328618266360959	272259489.40729827	0.12218102403330022
220	1332.5	nan	nan	1	1	6.000000000000838e-05	6.000000000000867e-05	5.999999999999513e-05	0.9526706871958528	-3.306274524994546e-19	1.3242445334737952e-18	1.178256710948622e-19	1.1332500000000043	7.411497630893659e-18	2.056731521205002e-19	-3.01950305037213e-20	0.9274362204701551	4109.2867904155955	378983.561547205	-1568730.5619403776	450821.81480909296	242081002.94900358	1604800.9738298734	-1527177.4551073534	1313342.6791725627	2565.6736476013957	1599.565890624997	3909.8191673000347	428937.00714382523	-1453047.5523521248	428938.6120941231	273989458.71795404	1486458.0212879349	-1453047.2051193442	1486453.0689898117	2376.4729930232893	-0.04848598887978086	0.0	0.0	0.0	0.12508961083882558	0.0	0.0	0.0	-0.07533125185671385	274010977.47291976	0.12562526211413128
224	1371.25	nan	nan	1	1	6.000000000000838e-05	6.000000000000867e-05	5.999999999999513e-05	0.9513672927435968	-1.7862230791698685e-19	-9.484736130174754e-18	4.513804694600276e-19	1.1371250000000033	8.882163667761623e-18	6.921546669147461e-19	-5.37926907878683e-19	0.9255496410102508	4037.896570592217	379965.0794831016	-1568436.0131392104	454155.8170703315	242756553.28405857	1617344.4194632263	-1525872.5267471203	1316414.7611878929	2512.4675647688587	1599.565890624997	3836.6065686736756	431514.85547322466	-1449807.6309508597	431516.0531013393	275691279.7040535	1495016.8585586103	-1449807.4571083125	1495012.4526958705	2322.4375220942497	-0.04985507360348675	0.0	0.0	0.0	0.12850314716009234	0.0	0.0	0.0	-0.07736751144292052	275712809.58686376	0.1290575386092546
228	1410.0	nan	nan	1	1	6.000000000000838e-05	6.000000000000867e-05	5.999999999999513e-05	0.9500682277685036	6.753495332412207e-19	9.743724924127228e-19	3.9502906154509354e-19	1.141	4.975620609970477e-18	-4.040821496853475e-19	2.577148563998044e-19	0.9236749744944527	3982.681053997965	380783.9136952619	-1567799.7567703652	457309.8805764494	243385952.56857753	1631722.044094889	-1524245.7739419297	1320926.2359376848	2474.0443719815826	1599.565890624997	3778.9461773947473	433914.95785967767	-1446272.5840769464	433916.0986427576	277345763.710359	1505239.9689548414	-1446272.6647582804	1505235.9918264453	2282.270125081363	-0.051221478262702125	0.0	0.0	0.0	0.1319050708799386	0.0	0.0	0.0	-0.07939502842737173	277367317.45464295	0.13247793434468194
232	1448.75	nan	nan	1	1	6.000000000000838e-05	6.000000000000867e-05	5.999999999999513e-05	0.9487734894313757	-6.175615574477433e-19	3.6194463225169835e-18	2.379823768605682e-19	1.1448750000000003	-5.100141229480437e-18	2.3863289816405953e-19	1.8941011953321764e-19	0.9218120913757383	3917.1377230645044	381651.67675344826	-1566877.4361704625	460536.46318098455	243971595.05425757	1647724.9217697955	-1522351.5921871779	1326685.4548425707	2430.6009464202434	1599.565890624997	3711.661556716979	436377.38268941024	-1442495.321790522	436378.7047339204	278955111.6504447	1516924.9594018692	-1442495.587341133	1516921.2182193827	2237.6545946822735	-0.0525851922848387	0.0	0.0	0.0	0.1352954607410152	0.0	0.0	0.0	-0.08141388164600352	278976722.2511789	0.13588653125107153
236	1487.5	nan	nan	1	1	6.000000000000838e-05	6.000000000000867e-05	5.999999999999513e-05	0.9474830981254143	-1.1806961658367144e-18	-6.6870066341845334e-18	2.3641028371046423e-19	1.148749999999994	-5.803192128228663e-19	5.655198531684391e-19	-3.656471826707364e-19	0.9199608413451577	3833.0488524634193	382603.62592632766	-1565557.6918835735	463878.7964346064	244515812.5222082	1665002.544981084	-1520082.1749032796	1333391.576168065	2381.438365929406	1599.565890624997	3627.016140759092	438943.1422640728	-1438374.8487985178	438944.5443521828	280521489.6275386	1529740.9966444192	-1438375.245364025	1529737.4322959357	2187.9749735670775	-0.05394618057472566	0.0	0.0	0.0	0.13867439468775467	0.0	0.0	0.0	-0.08342417360017633	280543187.4284317	0.139283413803021
240	1526.25	nan	nan	1	1	6.000000000000838e-05	6.000000000000867e-05	5.999999999999513e-05	0.9461970915478731	-7.554178636792752e-19	3.740172234423245e-18	-2.193883096024418e-19	1.1526249999999865	2.1676996135588934e-18	-1.553661713171728e-19	-7.128087183005948e-19	0.9181210586708266	3735.2022309167833	383512.554495602	-1563702.8346015015	467183.1606820952	245020800.41969103	1683155.419072752	-1517304.3230123213	1340710.7255592283	2331.286120739281	1599.565890624997	3529.605248004293	441466.77896278433	-1433786.8061159984	441467.9671354844	282046942.85022336	1543314.9950925068	-1433787.2410215999	1543311.2647692412	2137.597507169038	-0.05530438961366356	0.0	0.0	0.0	0.14204194987715651	0.0	0.0	0.0	-0.08542602486557685	282068745.03512514	0.14266866833037864
244	1565.0	nan	nan	1	1	6.000000000000838e-05	6.000000000000867e-05	5.999999999999513e-05	0.9449155054356779	-3.0899761915836877e-21	-7.323460414487836e-18	-4.2798880758865285e-19	1.156500000000003	3.1391989702145296e-18	-1.966742740888705e-19	-8.759811452596632e-19	0.9162925806890438	3618.338259723082	384144.0433991784	-1561227.0810838426	470161.8336423529	245488624.13508335	1701682.0243743286	-1513935.7833646126	1348235.6478571824	2277.8652882425104	1599.565890624997	3414.5176125048292	443677.04297195445	-1428655.3218844805	443677.6626357306	283533400.324854	1557183.5191263775	-1428655.9258545851	1557179.4376336576	2084.440121500059	-0.056659767723284536	0.0	0.0	0.0	0.14539820268935977	0.0	0.0	0.0	-0.08741955407633378	283555317.5879456	0.14604238024869654
248	1603.75	nan	nan	1	1	6.000000000000838e-05	6.000000000000867e-05	5.999999999999513e-05	0.9436383654327908	3.1311758741381367e-19	-4.153795363226464e-18	-2.5532961162033628e-20	1.1603749999999944	-4.609377116104874e-18	-2.3863289816405953e-19	1.3108004265349748e-18	0.9144752558484079	3484.287039220163	384380.3876508971	-1558147.2860896036	472665.4003816078	245921243.0334272	1720059.5072743667	-1509993.6921588723	1355550.6119087907	2221.7579970407587	1599.565890624997	3283.5497688366927	445434.31631068373	-1422998.8675664219	445434.13005017355	284982700.1484697	1570867.371043591	-1422999.707837741	1570862.560731152	2029.0502329404528	-0.0580122736986489	0.0	0.0	0.0	0.14874322873795492	0.0	0.0	0.0	-0.08940486909146406	285004733.74864954	0.14940463278037933
252	1642.5	nan	nan	1	1	6.000000000000838e-05	6.000000000000867e-05	5.999999999999513e-05	0.9423656801187175	9.665662367708271e-19	3.0217798749343493e-18	1.039207782327356e-19	1.164250000000001	-5.783676489123923e-18	-3.9508327165371783e-19	5.697482416411325e-20	0.9126689501657617	3323.954358866337	384427.2049899661	-1554547.0104154502	474941.46156070806	246320469.0496541	1737848.8033140425	-1505559.718243717	1362314.4680264902	2152.234869892998	1599.565890624997	3128.207331794554	446973.0899175616	-1416896.5801352004	446972.2510672942	286396539.40188926	1583967.5543486187	-1416897.5986393597	1583961.5389058972	1961.6609895793024	-0.059361884279021476	0.0	0.0	0.0	0.1520771028803503	0.0	0.0	0.0	-0.09138205979720888	286418695.3483434	0.1527555060457758
256	1681.25	nan	nan	1	1	6.000000000000838e-05	6.000000000000867e-05	5.999999999999513e-05	0.9410974328603215	-1.4561377277566568e-18	9.900337927942759e-18	-4.0202216555762506e-19	1.1681249999999923	2.646916973797486e-18	1.9016906105395748e-19	-3.2661590446125823e-19	0.9108735553231648	3116.866258543919	384527.70617369644	-1550482.5680320763	477289.2568571028	246688006.0988115	1754918.5827260034	-1500689.1875665328	1368433.869991965	2058.04002545995	1599.565890624997	2929.3465642814904	448574.88533230725	-1410402.2119185277	448574.1538990469	287776517.1975517	1596368.190037256	-1410403.3830781335	1596361.085198914	1872.1037333620154	-0.06070860292865809	0.0	0.0	0.0	0.15539989922768382	0.0	0.0	0.0	-0.09335118902487932	287798816.22051835	0.1560950757555872
260	1720.0	nan	nan	1	1	6.000000000000838e-05	6.000000000000867e-05	5.999999999999513e-05	0.9398335863946471	-8.862268557896513e-19	-4.827030702231339e-18	4.7488055154865094e-20	1.1720000000000081	8.349549350528118e-18	2.7159264420761885e-19	3.518236049715462e-19	0.909088984452728	2869.715541502595	384793.63459921686	-1545832.176884716	479848.4133720257	247025469.06712908	1771375.794066967	-1495265.1887098649	1374001.8348337447	1944.473208185103	1599.565890624997	2693.4247258494456	450371.10856709525	-1403407.4258420002	450370.6247341544	289124154.72762614	1608170.6543075459	-1403408.865000021	1608162.5938844362	1765.3197937807608	-0.06205245514114114	0.0	0.0	0.0	0.158711691154828	0.0	0.0	0.0	-0.09531229690856487	289146612.4417388	0.15942341378007108
264	1750.0	nan	nan	1	1	6.000000000000838e-05	6.000000000000867e-05	5.999999999999513e-05	0.9388580751543673	-1.060458144908072e-18	-2.2033698650336666e-18	-2.1613570308498531e-19	1.174999999999998	4.0050428251614533e-19	-2.697495005143935e-19	8.619949372346003e-19	0.9077146501397769	1401.4942523315653	385229.9154995485	-1541647.7175762448	482122.72200079716	247266682.3985866	1783983.6563990074	-1490509.502946422	1378165.2891359117	1086.533008089676	1599.565890624997	1314.0264571365376	452033.5970201947	-1397485.5682925913	452033.257533368	290145815.18920004	1617160.253580541	-1397486.2317320914	1617156.373041888	984.9294238673995	-0.06309095586791634	0.0	0.0	0.0	0.16126814759612063	0.0	0.0	0.0	-0.09682521173207981	290169337.7098811	0.1619925851905374
268	1780.0	nan	nan	1	1	6.000000000000838e-05	6.000000000000867e-05	5.999999999999513e-05	0.9378852343920785	1.9521060115601507e-19	4.974319567363495e-18	-6.997440821221445e-19	1.1780000000000002	-5.12795101520469e-18	-6.836978899693591e-19	-3.6418350973788094e-19	0.9063468033640041	1231.3406920529485	385830.5656909842	-1536946.086244546	484609.3667085817	247492377.7247476	1796230.6885043113	-1485264.0625675074	1382006.969310623	1003.6328594434419	1599.565890624997	1153.29002035979	453891.99532510893	-1391116.9565270564	453891.55901773454	291150621.91109914	1625800.0140513927	-1391118.0163324766	1625796.286331555	908.4057673818505	-0.06412768885582742	0.0	0.0	0.0	0.16381808522939528	0.0	0.0	0.0	-0.09833326101272755	291174239.43750834	0.16455504005006258
272	1810.0	nan	nan	1	1	6.000000000000838e-05	6.000000000000867e-05	5.999999999999513e-05	0.9369149631684084	6.270483264569915e-19	-8.49044142284261e-18	-2.2502616089936643e-19	1.1809999999999996	-5.659535340374333e-20	9.84455572616838e-20	-3.242848697904144e-19	0.9049853245979447	1037.8082892817658	386573.41066438926	-1531647.8918360346	487283.01980468526	247702154.36120948	1808112.2349478132	-1479451.4405650895	1385530.556316382	904.5892589166292	1599.565890624997	971.0144680877414	455921.70425340877	-1384231.936441584	455921.2594180441	292138013.7591724	1634087.5168673983	-1384233.2620181104	1634084.0707209285	817.5255868066496	-0.06516275521816155	0.0	0.0	0.0	0.16636153721522567	0.0	0.0	0.0	-0.09983655132756308	292161734.6358625	0.16711086969584085
276	1840.0	nan	nan	1	1	6.000000000000838e-05	6.000000000000867e-05	5.999999999999513e-05	0.9359472395828421	-3.1431020980354774e-19	8.483394108721454e-18	5.794518510848778e-19	1.183999999999998	3.760013134179729e-18	4.98732999343332e-19	6.080747884384952e-19	0.9036301793187244	804.6070223729964	387547.5662584962	-1525767.7415891618	490258.4425422017	247896590.34104398	1819652.3129162833	-1473086.537402074	1388758.0769044207	770.0755557869102	1599.565890624997	752.0407766608915	458229.36739209417	-1376845.972351361	458229.0853075416	293108530.8244879	1642046.0924866234	-1376847.4707184688	1642042.9140719003	694.9127304835496	-0.0661961720603276	0.0	0.0	0.0	0.16889853646181258	0.0	0.0	0.0	-0.10133509596558324	293132380.84764147	0.1696601059918423
280	1870.0	nan	nan	1	1	6.000000000000838e-05	6.000000000000867e-05	5.999999999999513e-05	0.9349820411279464	1.8669961410200386e-19	-5.211434582486074e-18	-4.7379634937616545e-19	1.1869999999999854	5.841681305351898e-19	2.7907363919776882e-19	3.1815912751587126e-19	0.902281334475889	543.6540615186364	388860.844807926	-1519377.8623236415	493675.72208085936	248076287.42892668	1831066.136524068	-1466239.6989940868	1391856.6886438127	608.2302143527398	1599.565890624997	507.6097376800011	460944.85627574014	-1369026.3470180684	460944.96762231196	294062748.1042161	1649871.204652359	-1369027.8463170587	1649868.3008834345	548.0422014494106	-0.06722795722770354	0.0	0.0	0.0	0.17142911562751906	0.0	0.0	0.0	-0.1028289068011175	294086748.6334369	0.17220278027231495
284	1900.0	nan	nan	1	1	6.000000000000838e-05	6.000000000000867e-05	5.999999999999513e-05	0.9340193482137789	-6.419561063286672e-19	-6.283060009770747e-18	-7.033219492913467e-19	1.1899999999999802	-1.0909242259549146e-17	-6.589780804366896e-19	1.1584700213007615e-19	0.9009387556343901	375.4036061788962	390512.1058642934	-1512552.3845604325	497537.930156958	248241876.62745726	1842503.6808429183	-1458983.0827644109	1394941.4120826118	501.9244258524523	1599.565890624997	350.1516760196027	464069.85604727437	-1360841.6425539244	464070.50241482694	295001282.2174659	1657698.4447243449	-1360843.0055164201	1657695.7553385543	451.58082925735397	-0.06825812553554463	0.0	0.0	0.0	0.17395330712342136	0.0	0.0	0.0	-0.10431799745283266	295025364.3941705	0.17473892361906368
288	1930.0	nan	nan	1	1	6.000000000000838e-05	6.000000000000867e-05	5.999999999999513e-05	0.9330591452669653	7.088513803710228e-19	-2.5724322845477323e-18	1.5395670849294162e-19	1.1929999999999885	-4.522966202957779e-18	1.0039712117215772e-19	8.005748841632965e-19	0.8996024036370843	290.0200425019103	392389.7591207023	-1505362.353050446	501707.0787458024	248393877.00069922	1853984.8674637286	-1451385.8911520676	1398027.3199716893	451.7222223647629	1599.565890624997	270.2321154570852	467474.45422620146	-1352357.2485736057	467475.84773689404	295924624.3944744	1665545.7532730855	-1352358.534696789	1665543.1065825797	405.80915320412254	-0.06928668757492257	0.0	0.0	0.0	0.1764711431157698	0.0	0.0	0.0	-0.10580238700516516	295948724.6049154	0.1772685680339356
292	1960.0	nan	nan	1	1	6.000000000000838e-05	6.000000000000867e-05	5.999999999999513e-05	0.9321014127125705	-5.82433407059213e-19	-5.569004458971793e-19	-2.301219111100483e-19	1.195999999999988	-8.690314093340312e-18	-2.9446931004706303e-19	-7.395343018523625e-19	0.8982722346691528	-654.5108460205283	394273.3896200586	-1497887.8238488005	505904.92249255773	248532270.97655356	1865502.2702606735	-1443525.8522822638	1401107.206077602	-221.0141099206434	1599.565890624997	-609.2249655876179	470897.4345325194	-1343646.2506700095	470901.148346239	296832634.1125355	1673406.440150863	-1343647.6920566065	1673401.7720109473	-198.2556873831821	-0.07031365829277486	0.0	0.0	0.0	0.17898265552842993	0.0	0.0	0.0	-0.10728209997546505	296857431.44642854	0.17979174867297743
296	1990.0	nan	nan	1	1	6.000000000000838e-05	6.000000000000867e-05	5.999999999999513e-05	0.9311461548653234	-5.616167253474913e-19	1.214826850226558e-17	-5.482268285172953e-19	1.1989999999999907	-2.025311342246372e-17	-5.041540102057596e-19	-3.5746145626847083e-19	0.8969482079777423	-699.9005271742071	395946.7494420126	-1490195.4165599172	509849.2668224638	248658484.35380825	1877048.7903736334	-1435466.8560806538	1404179.218521138	-275.67046616384994	1599.565890624997	-650.8033368320675	474079.92039579444	-1334769.2285844502	474083.94657037366	297726890.38190156	1681274.1054633704	-1334770.561783809	1681269.4461466272	-246.91825741516283	-0.07133902706025853	0.0	0.0	0.0	0.1814878760453702	0.0	0.0	0.0	-0.10875715774555775	297751687.9046531	0.18230849256640788
300	2020.0	nan	nan	1	1	6.000000000000838e-05	6.000000000000867e-05	5.999999999999513e-05	0.9301933567645481	5.198749417067994e-19	1.1018746678970182e-18	8.135853102331225e-19	1.2020000000000113	6.835027335783117e-18	5.52292586664116e-19	-2.7050844203513337e-19	0.8956302751161167	-922.469645571548	397304.8522710617	-1482321.3176126233	513403.9706779951	248772404.4265791	1888626.773677883	-1427244.3831200881	1407243.3443460914	-461.5590747500606	1599.565890624997	-856.8777205480176	476894.0125815945	-1325759.2109116316	476898.53669091815	298607151.3811302	1689150.8685919798	-1325760.6031200788	1689146.0583171714	-412.80941416620544	-0.07236280394571398	0.0	0.0	0.0	0.18398683611302505	0.0	0.0	0.0	-0.11022759054559651	298632089.484571	0.18481883554597223
