6	header
postResults v2.0.3	--cr f,p,texture --time RVE_1_40_D_tensionX.spectralOut
addCauchy v2.0.3	RVE_1_40_D_tensionX.txt
addStrainTensors v2.0.3	--left --logarithmic RVE_1_40_D_tensionX.txt
addMises v2.0.3	-s Cauchy RVE_1_40_D_tensionX.txt
addMises v2.0.3	-e ln(V) RVE_1_40_D_tensionX.txt
inc	time	elem	node	ip	grain	1_pos	2_pos	3_pos	1_f	2_f	3_f	4_f	5_f	6_f	7_f	8_f	9_f	1_p	2_p	3_p	4_p	5_p	6_p	7_p	8_p	9_p	texture	1_Cauchy	2_Cauchy	3_Cauchy	4_Cauchy	5_Cauchy	6_Cauchy	7_Cauchy	8_Cauchy	9_Cauchy	1_ln(V)	2_ln(V)	3_ln(V)	4_ln(V)	5_ln(V)	6_ln(V)	7_ln(V)	8_ln(V)	9_ln(V)	Mises(Cauchy)	Mises(ln(V))
0	0.0	nan	nan	1	1	6.000000000000838e-05	6.000000000000867e-05	5.999999999999513e-05	1.0	0.0	0.0	0.0	1.0	0.0	0.0	0.0	1.0	2.7716487604837305e-06	-1.193192284640359e-09	-2.8066754232013673e-08	-1.19319228464005e-09	2.7018729684353462e-06	-1.6832583398956398e-08	-2.8066754232013544e-08	-1.6832583398956544e-08	2.6991213888906947e-06	1599.565890624997	2.7716487604837305e-06	-1.193192284640359e-09	-2.8066754232013673e-08	-1.19319228464005e-09	2.7018729684353462e-06	-1.6832583398956398e-08	-2.8066754232013544e-08	-1.6832583398956544e-08	2.6991213888906947e-06	0.0	0.0	0.0	0.0	0.0	0.0	0.0	0.0	0.0	9.102600058541354e-08	0.0
2	2.0	nan	nan	1	1	6.000000000000838e-05	6.000000000000867e-05	5.999999999999513e-05	0.9999331859138992	2.2689564202329548e-24	-7.042946607521499e-23	1.7503141761622066e-24	1.000200000000001	-2.309422095799049e-22	-2.2267702089927506e-24	-1.8740603958001394e-23	0.999933880058929	-3.008287024385936e-06	-494.1626033381107	2741.2009144854483	-494.29446169149156	14158906.776140738	727.480345978406	2741.202817403538	727.2867876632473	3.2071016812551532e-06	1599.565890624997	-3.0078843684258586e-06	-494.22830091311954	2740.8359103751636	-494.22830091310965	14160789.164313547	727.3834784649632	2740.8359103751213	727.3834784649443	3.206674640212803e-06	-6.681631826124158e-05	0.0	0.0	0.0	0.0001999800026669107	0.0	0.0	0.0	-6.612212709108245e-05	14160790.041968938	0.00017763326904603717
4	4.0	nan	nan	1	1	6.000000000000838e-05	6.000000000000867e-05	5.999999999999513e-05	0.9998663539893821	4.815349217916195e-23	-3.3756248181553998e-22	6.207163316597919e-24	1.0003999999999935	5.360792113833662e-22	-2.269783600845508e-24	-4.108109794183357e-23	0.9998677425139989	4.946698184539855e-06	-988.3614006170313	5482.594259827719	-988.8889062345352	28326310.375513937	1455.4063112504202	5482.601873562295	1454.631970082524	3.913075033779023e-06	1599.565890624997	4.945374359199503e-06	-988.6242617904726	5481.134630765221	-988.6242617904734	28333843.942870896	1455.0188389610319	5481.134630765158	1455.0188389609953	3.91203325724537e-06	-0.00013365494204179026	0.0	0.0	0.0	0.0003999200213202327	0.0	0.0	0.0	-0.00013226623279407072	28333845.697162163	0.0003552546439162799
6	6.0	nan	nan	1	1	6.000000000000838e-05	6.000000000000867e-05	5.999999999999513e-05	0.9997995042228782	8.462057666417473e-23	1.3125569611093436e-21	9.423241538204091e-24	1.000599999999987	8.686058176296832e-22	-8.351215464335367e-24	9.153249786266784e-23	0.9998015873617153	8.430182965639688e-06	-1482.596338711386	8224.179771046149	-1483.783388818221	42502212.496084474	2183.777960930293	8224.196906589848	2182.035450513303	7.423586172080831e-06	1599.565890624997	8.426799872512121e-06	-1483.1879358580838	8220.89647714081	-1483.1879358580898	42519172.060184635	2182.906143306002	8220.89647714062	2182.906143305948	7.420622494740109e-06	-0.0002005158790870514	0.0	0.0	0.0	0.0005998200719549005	0.0	0.0	0.0	-0.0001984323246760398	42519174.69009841	0.0005328641403785666
8	8.0	nan	nan	1	1	6.000000000000838e-05	6.000000000000867e-05	5.999999999999513e-05	0.9997326366108241	-2.9854602668263874e-23	-3.18828495302439e-22	-2.541098841762901e-24	1.0008000000000166	8.879684614083246e-22	-1.5948042210022375e-23	7.136252580617481e-23	0.9997354145986064	-6.8489733994283595e-06	-1976.867365475702	10965.95718308306	-1978.9779656240344	56686614.836145096	2912.5953601389115	10965.987654525086	2909.4971322206493	-7.776990712955012e-06	1599.565890624997	-6.845309769584293e-06	-1977.9193773774357	10960.12176523986	-1977.9193773773613	56716781.247163914	2911.045453400192	10960.121765239865	2911.0454534002142	-7.772852269806326e-06	-0.0002673991371387541	0.0	0.0	0.0	0.0007996801705806623	0.0	0.0	0.0	-0.00026462041028652597	56716784.751705855	0.0007104617742035578
10	10.0	nan	nan	1	1	6.000000000000838e-05	6.000000000000867e-05	5.999999999999513e-05	0.9996657503601727	-6.832511859688008e-24	-7.052872774872135e-22	-1.3234889800848443e-25	1.0010000000000032	2.0350231255580583e-21	-8.046812998915853e-24	-4.9339669177563e-23	0.9996692213788294	0.00019368555547862344	-2472.342909031476	13701.58483569226	-2475.642734632703	70878744.65604132	3648.8729713062885	13701.632410050515	3644.021980155934	0.00018724040824963595	1599.565890624997	0.00019355608763098374	-2473.987907376627	13692.473643137026	-2473.9879073764223	70925904.54524586	3646.446567014388	13692.473643136978	3646.446567014477	0.00018711589831635854	-0.0003343055136890656	0.0	0.0	0.0	0.0009995003330867504	0.0	0.0	0.0	-0.0003308333404859106	70925908.92077024	0.0008880487694217194
12	12.0	nan	nan	1	1	6.000000000000838e-05	6.000000000000867e-05	5.999999999999513e-05	0.9995988182085591	-1.707300784309449e-24	-4.0826988057657275e-22	2.795208725939191e-23	1.001199999999973	-5.286703200728512e-21	-6.2733377656021616e-24	1.1117307432712692e-23	0.999602903527706	0.002705406758690515	-3000.2977574565452	16179.783352538427	-3005.103707650957	85050514.02238461	4646.349803999642	16179.84947864682	4638.938029250697	0.0030265626912005248	1599.565890624997	0.002703237607814381	-3002.694264667831	16166.876740051266	-3002.6942646644757	85118448.6697614	4642.643410960046	16166.876740052345	4642.643410962287	0.0030241484022714153	-0.0004012622863852346	0.0	0.0	0.0	0.0011992805754553518	0.0	0.0	0.0	-0.000397175335976306	85118453.81157921	0.0010656688700735831
14	14.0	nan	nan	1	1	6.000000000000838e-05	6.000000000000867e-05	5.999999999999513e-05	0.9995314611775792	-1.0172336300932113e-22	-1.0419564042411961e-21	1.0508502501873664e-22	1.0014000000000007	-4.112344958919628e-22	-4.3039861632359133e-23	1.435191450004005e-22	0.9995349749316123	-1.1545066716655474	-3943.0807756108175	14578.470146516836	-3950.452029975979	98802387.25866449	9480.263254345566	14578.521394456991	9462.607044128548	-1.395071658885343	1599.565890624997	-1.1534289953922168	-3946.7644724777365	14564.91304937461	-3946.764473614356	98894690.22304708	9471.447181837179	14564.913048145414	9471.447181550267	-1.3937743264622702	-0.0004686486210328219	0.0	0.0	0.0	0.0013990209137082958	0.0	0.0	0.0	-0.00046513322607663095	98894696.31119351	0.0012439428805999702
16	16.0	nan	nan	1	1	6.000000000000838e-05	6.000000000000867e-05	5.999999999999513e-05	0.999462122916179	2.1048768739269363e-22	3.3303747299262987e-21	9.836170099990563e-23	1.0016000000000056	-3.490834533871785e-21	-6.580387208981846e-23	7.591532789766666e-23	0.9994581567025461	39.850236737152215	-5736.835950937182	-13076.115650598786	-5749.107280854399	110236709.15346192	34475.932752565684	-13076.063773530883	34402.20866030937	83.88395245443334	1599.565890624997	39.80814799018531	-5743.035149258803	-13062.25317358475	-5743.035228554547	110355830.4301046	34439.383532744585	-13062.25318708149	34439.383527433165	83.7950239535071	-0.000538021791591998	0.0	0.0	0.0	0.0015987213637028374	0.0	0.0	0.0	-0.0005419901475822802	110355787.51755948	0.0014258200629888756
18	18.0	nan	nan	1	1	6.000000000000838e-05	6.000000000000867e-05	5.999999999999513e-05	0.9993904254645042	-4.8238526346132405e-22	1.5246593050577405e-23	-8.216219588366714e-23	1.0017999999999854	6.889977751203292e-21	-8.684734687316749e-23	6.687325118572701e-22	0.9993651497222715	5.262313639357319	-4561.830865759748	-88840.5171898335	-4572.8283029338145	117694988.787201	93830.59392973671	-88838.2705280938	93602.54144005291	353.03661809042086	1599.565890624997	5.256195391171954	-4567.513024727141	-88734.98217052066	-4567.511687394755	117841588.18021534	93719.13112137248	-88734.98238818052	93719.1315846386	352.61724045185196	-0.0006097604015896418	0.0	0.0	0.0	0.0017983819413647686	0.0	0.0	0.0	-0.0006350518804956014	117841621.53792875	0.0016139247792060732
20	20.0	nan	nan	1	1	6.000000000000838e-05	6.000000000000867e-05	5.999999999999513e-05	0.9993184034318747	3.8539999100070664e-23	8.948320752590446e-21	-6.140988867593677e-23	1.0019999999999973	1.3757297371067532e-20	-2.894470399445554e-23	1.6110566656776792e-21	0.999258879530922	-182.92434460930124	1866.1487948476479	-191080.77546541535	1871.1594613266318	122231994.69530153	180130.51474621825	-191069.39519817109	179637.74098078453	211.09425117958236	1599.565890624997	-182.69462488307917	1868.8066338662463	-190829.4454070786	1868.8096251684544	122406082.08089441	179893.58765258925	-190829.4467689552	179893.587780627	210.81659723802653	-0.0006818289606707568	0.0	0.0	0.0	0.001998002662670842	0.0	0.0	0.0	-0.0007413952346170683	122406910.88099992	0.0018067371763681832
22	22.0	nan	nan	1	1	6.000000000000838e-05	6.000000000000867e-05	5.999999999999513e-05	0.9992472567706504	6.268043809681822e-23	-5.639757121055945e-21	-4.0064658405128404e-22	1.0022000000000135	1.58064818287125e-20	-8.164603518143404e-23	1.0189806355469234e-21	0.99914483904395	-113.98822475283913	12911.946441610564	-292504.1139124868	12950.103237735753	125278926.17859975	278715.6456494598	-292474.13549699995	277865.9930211079	241.51678800448695	1599.565890624997	-113.83534869593002	12932.732711651299	-292081.8801317249	12932.735121653204	125480606.19653799	278313.31571554544	-292081.8818876501	278313.315010259	241.16815514202017	-0.0007530266827882918	0.0	0.0	0.0	0.0021975835435007166	0.0	0.0	0.0	-0.0008555268147741829	125482490.27612762	0.002002114984174035
24	24.0	nan	nan	1	1	6.000000000000838e-05	6.000000000000867e-05	5.999999999999513e-05	0.9991770656052807	-3.3457801416544865e-22	4.7980075418101435e-20	-2.4055735702022127e-22	1.0023999999999973	5.1199330013259813e-20	-1.946587591908789e-22	-3.0044258639110034e-21	0.999026425240152	-72.59524842317506	28273.182916430535	-383276.9920020079	28364.381688926118	127581027.08634298	377383.09100964514	-383219.20895331824	376113.00907257095	236.5011157371219	1599.565890624997	-72.49201336894319	28324.04462901185	-382674.24540946336	28324.0457365668	127810537.4866992	376789.61324568687	-382674.24689755973	376789.6131826241	236.1291908769863	-0.0008232731911124827	0.0	0.0	0.0	0.002397124599719236	0.0	0.0	0.0	-0.0009740489915791271	127813849.85552213	0.002198914209627999
26	26.0	nan	nan	1	1	6.000000000000838e-05	6.000000000000867e-05	5.999999999999513e-05	0.9991075730326635	6.378158092824882e-22	3.2776045773123556e-20	2.9646153153900515e-23	1.002599999999988	-2.0034023268458712e-20	-1.0174983278892282e-22	-9.910285482875313e-22	0.9989054201893398	-51.54384640348924	46825.68499765763	-463301.8402113106	46989.367079846576	129464917.8941257	468930.83490366	-463208.10000497045	467202.8262035858	205.82307169959392	1599.565890624997	-51.466514142963106	46918.867273068805	-462513.1384228062	46918.867995464476	129722550.76454498	468132.5505972461	-462513.139656319	468132.5514692463	205.4726888375468	-0.0008928254173585065	0.0	0.0	0.0	0.0025966258472543977	0.0	0.0	0.0	-0.0010951793006405994	129727506.73025887	0.002396601411824296
28	28.0	nan	nan	1	1	6.000000000000838e-05	6.000000000000867e-05	5.999999999999513e-05	0.999038519200983	4.9034737316551444e-21	8.017722711133589e-20	1.466214031697194e-21	1.002799999999985	-1.3115458155285586e-20	-3.9725845226226684e-22	-3.572784971518639e-21	0.9987827690781476	-31.818711370667952	66660.95883447696	-534143.6850502329	66911.94505595275	131077183.29278517	550246.3619212704	-534006.9472358483	548042.0686925756	165.48892419932326	1599.565890624997	-31.768537387043224	66806.43260570627	-533164.8865269143	66806.4335914428	131363232.16620545	549238.0558388737	-533164.887495779	549238.0572879841	165.18567187384338	-0.0009619433181730977	0.0	0.0	0.0	0.002796087301986131	0.0	0.0	0.0	-0.0012179723491310963	131369906.79031858	0.002594910398344978
30	30.0	nan	nan	1	1	6.000000000000838e-05	6.000000000000867e-05	5.999999999999513e-05	0.9989696970892334	3.711698374868344e-21	-1.2547607267446303e-19	2.3191762095822743e-21	1.0030000000000234	2.103436917916604e-20	-2.152310718973177e-21	-4.5079093452873865e-21	0.9986590076738394	-0.8122950310568559	86126.34917452194	-596645.7532447367	86473.82353021622	132487920.11392877	620331.6963518749	-596460.1911569786	617646.8966631241	132.36738115282347	1599.565890624997	-0.8109529163902611	86330.94605843174	-595474.6890409229	86330.9471338422	132802650.92361481	619114.1426524844	-595474.6896582124	619114.1436975684	132.1075775742718	-0.0010308340376562499	0.0	0.0	0.0	0.002995508979821394	0.0	0.0	0.0	-0.00134189226099755	132811003.65631631	0.002793693088868287
32	32.0	nan	nan	1	1	6.000000000000838e-05	6.000000000000867e-05	5.999999999999513e-05	0.9989009414292765	1.2824078821430107e-21	-1.60685855863285e-20	1.607668533888662e-21	1.0032000000000154	9.93455297681415e-20	-9.978048118655657e-22	-4.137755947337257e-21	0.998534476870757	33.20983755590186	104391.00222071554	-651065.2265464154	104840.27998174136	133734414.7516406	679186.4854357648	-650826.3717043061	676027.8334024611	110.08529601930647	1599.565890624997	33.1524908017723	104659.24082026057	-649702.5245913955	104659.24176531323	134078052.91355908	677764.9247168245	-649702.5245955589	677764.925253557	109.85488370117332	-0.0010996629784880013	0.0	0.0	0.0	0.003194890896534339	0.0	0.0	0.0	-0.0014665980586153014	134087965.14084595	0.0029928549587115534
34	34.0	nan	nan	1	1	6.000000000000838e-05	6.000000000000867e-05	5.999999999999513e-05	0.9988321229351028	1.0272815584300155e-20	1.9422306661863497e-20	-7.284483346386983e-22	1.0034000000000032	-8.577563843665398e-20	-1.1866931591032748e-21	-5.420163829480268e-21	0.9984094213634327	62.6282453724496	121144.6251667915	-697763.7514620809	121698.64667174651	134841108.17117226	727498.567254233	-697468.4600999147	723880.230894304	90.86721581576852	1599.565890624997	62.51546663318167	121479.49531290031	-696212.4841165916	121479.49603355397	135213838.38130406	725881.1935100296	-696212.4834532528	725881.1936142852	90.66519995527825	-0.001168559564752239	0.0	0.0	0.0	0.0033942330680191576	0.0	0.0	0.0	-0.0015918449497252097	135225147.4225812	0.0031923248625357744
36	36.0	nan	nan	1	1	6.000000000000838e-05	6.000000000000867e-05	5.999999999999513e-05	0.9987631474823692	2.4818065354551e-21	-5.611169759086113e-21	-2.947674656444965e-22	1.0035999999999865	5.2045515927566855e-20	3.5490680489955183e-22	-4.7721836248307284e-21	0.9982840303510874	82.24840646422466	136250.04301755305	-737515.9483498131	136909.88119966545	135828182.9593794	766433.1587116941	-737162.1529492326	762373.4380981172	69.4576725012853	1599.565890624997	82.09424555040057	136653.2657767894	-735780.4667790995	136653.26647234586	136230157.25239217	764629.6307675132	-735780.4654975175	764629.6305694754	69.29422856378082	-0.0012376180510057155	0.0	0.0	0.0	0.0035935355101171644	0.0	0.0	0.0	-0.0017174436112546159	136242685.07992086	0.003392042207778062
38	38.0	nan	nan	1	1	6.000000000000838e-05	6.000000000000867e-05	5.999999999999513e-05	0.9986939550971803	6.898236322439022e-21	4.4906298731633985e-20	3.3271454168148917e-21	1.003800000000015	1.4407606916322022e-19	1.8736368793265125e-21	1.7398056736603327e-21	0.9981584503345876	91.03461443788407	149758.172578602	-771436.3780849495	150523.84559167494	136714088.005071	797407.2298614436	-771022.7283483956	792925.6468272315	47.45260317506036	1599.565890624997	90.85731071666049	150230.67651318287	-769521.0462595838	150230.67756848864	137145436.3808074	795427.4172825739	-769521.0446237132	795427.4167240249	47.33478726225202	-0.00130689852278876	0.0	0.0	0.0	0.0037927982387115254	0.0	0.0	0.0	-0.0018432474026288156	137159010.19505414	0.003591953589511907
40	40.0	nan	nan	1	1	6.000000000000838e-05	6.000000000000867e-05	5.999999999999513e-05	0.9986245137559175	3.977666720306194e-21	1.2624729617293808e-19	6.79151017108498e-21	1.0039999999999822	1.462317680139824e-20	-6.844026213814747e-22	-2.761327408049019e-22	0.9980327917267307	91.16980969972414	161914.57608818245	-800686.5372144235	162786.14567895958	137515609.19430462	821847.8437304676	-800212.0988168397	816963.2438045016	27.23127768391685	1599.565890624997	90.9855709341504	162457.18122950784	-798595.0074577471	162457.18241106241	137976448.9677459	819701.0370330517	-798595.0055074571	819701.035960538	27.160144943523367	-0.0013764330936382428	0.0	0.0	0.0	0.003992021269519542	0.0	0.0	0.0	-0.001969145768853555	137990913.96449915	0.0037920127468156197
44	48.666666666666664	nan	nan	1	1	6.000000000000838e-05	6.000000000000867e-05	5.999999999999513e-05	0.9983204468373241	2.510605655661746e-21	-1.0315887209668036e-19	-5.30242624981192e-22	1.0048666666666846	1.0048351853277765e-19	-1.1653479288324663e-20	8.412731232129711e-21	0.9974890279214242	515.68259636599	201615.96135287412	-889543.9486138037	202937.99314247287	140307285.93831134	876707.8616494734	-888803.0815121351	870271.1110986372	-520.889540262078	1599.565890624997	514.4769327808361	202463.53605944713	-886725.1029998517	202463.52502952833	140897124.6887319	873929.6918756485	-886725.063915064	873929.6497216651	-519.2389110849481	-0.0016809651933642263	0.0	0.0	0.0	0.004854862726200133	0.0	0.0	0.0	-0.0025141298561336604	140914064.22027418	0.004659834561391761
48	57.33333333333333	nan	nan	1	1	6.000000000000838e-05	6.000000000000867e-05	5.999999999999513e-05	0.9980123848614325	5.307508447495446e-21	9.521920876559217e-21	-5.470138773368272e-21	1.005733333333355	4.1579153314819096e-20	5.011046915956441e-21	-1.1519648082658485e-22	0.9969478162383618	295.20917963378866	224803.45467195485	-944573.9077917087	226542.59215294462	142536419.79570693	893448.8355931669	-943566.3169098077	885644.1416969922	-451.9228259506117	1599.565890624997	294.42493454359203	225940.78008212292	-941059.6873946113	225940.7649474466	143257539.90635917	890124.8224101806	-941059.6629763852	890124.7916415775	-450.24147904935916	-0.00198959306687843	0.0	0.0	0.0	0.005716960329250294	0.0	0.0	0.0	-0.0030568511741155082	143275720.05224743	0.005527904433396488
52	66.0	nan	nan	1	1	6.000000000000838e-05	6.000000000000867e-05	5.999999999999513e-05	0.9977014456039089	-1.0897925899373828e-20	-1.6509349768344116e-19	-4.524850004232472e-21	1.0065999999999895	-2.8090323036383813e-19	-1.6042804020996448e-21	1.2051584773534185e-20	0.9964093900271531	205.14476271262302	238635.9772312564	-981324.2275937183	240764.36752462963	144492893.21713826	895973.9746531853	-980053.3536620389	886903.2947401868	-339.416210235658	1599.565890624997	204.53408692529266	240047.6762888595	-977135.9540407406	240047.6591487731	145347669.95093855	892149.9743924377	-977135.9267413629	892149.9493305652	-337.96758816273956	-0.002301200127262489	0.0	0.0	0.0	0.006578315360112139	0.0	0.0	0.0	-0.003597071685131337	145366397.77434927	0.006395546712892028
56	74.66666666666666	nan	nan	1	1	6.000000000000838e-05	6.000000000000867e-05	5.999999999999513e-05	0.9973885181310387	3.198396408832238e-20	8.009035329468312e-20	-5.534513277359598e-21	1.0074666666666596	2.227493363371469e-19	-5.509102288941969e-21	4.312414141061094e-20	0.9958734282348297	172.0028476923597	247674.59806806565	-1007912.5822627658	250177.21827749256	146302067.20863736	893420.5757761342	-1006381.4829198689	883139.6765107899	-252.57031698542357	1599.565890624997	171.4355190152891	249352.05847755278	-1003062.0892284935	249352.0417633664	147292947.69247755	889121.0657236364	-1003062.0665090756	889121.0401829213	-251.3548439525823	-0.0026148977360165382	0.0	0.0	0.0	0.007438929096992036	0.0	0.0	0.0	-0.004135109558408925	147311916.5251027	0.007262519439940025
60	83.33333333333333	nan	nan	1	1	6.000000000000838e-05	6.000000000000867e-05	5.999999999999513e-05	0.9970742581149106	1.3296723205998007e-20	1.6627087348012465e-19	2.224816739258145e-20	1.0083333333333333	-2.1192425527123693e-19	-3.2695471764015992e-21	1.981718283396161e-20	0.9953395282646142	151.02469065771828	254075.0631788333	-1028192.9798010704	256944.09099676975	148020636.65037662	889342.8122140154	-1026404.0913828153	877882.3422846043	-198.31828119433766	1599.565890624997	150.47785048739627	256013.74732198258	-1022687.6372136455	256013.73086908497	149150087.36286533	884580.9270863332	-1022687.6196873167	884580.9004006363	-197.25640847124694	-0.00293003023432302	0.0	0.0	0.0	0.008298802814695064	0.0	0.0	0.0	-0.00467136559397553	149169156.61994758	0.008128744730574245
64	92.0	nan	nan	1	1	6.000000000000838e-05	6.000000000000867e-05	5.999999999999513e-05	0.9967591191162795	8.749850345136923e-21	1.660235398595264e-19	4.270740120056182e-21	1.0091999999999752	-4.454715676199816e-20	5.292261854444869e-21	-1.0879291174534233e-20	0.9948073562171146	132.14532375818416	258802.00869018878	-1044236.0256119976	262032.18417893123	149675971.71139884	885174.9805934629	-1042191.2839933685	872551.0852465706	-162.6165409561065	1599.565890624997	131.6241469059957	260998.75585545396	-1038080.9292314764	260998.7377803867	150946442.0150468	879957.4462568309	-1038080.9155193112	879957.419272977	-161.65802156192532	-0.003246143912481029	0.0	0.0	0.0	0.009157937784740422	0.0	0.0	0.0	-0.005206172410832671	150965536.01026064	0.00899420327119716
68	100.66666666666666	nan	nan	1	1	6.000000000000838e-05	6.000000000000867e-05	5.999999999999513e-05	0.9964434122983912	-8.749850345136923e-21	-4.209855391807543e-19	-1.4602848010664138e-21	1.0100666666666538	1.4026865606531213e-19	-8.605854744103692e-21	-3.818424526222386e-20	0.9942766610097622	115.19376621586085	262452.68182909087	-1057765.72648508	266040.88409005775	151282263.63058555	881734.9349629688	-1055465.621024442	867951.0651296126	-137.79595138330478	1599.565890624997	114.70218559881499	264905.5940209293	-1050961.511612251	264905.5748953269	152696164.62897593	876063.060928721	-1050961.5019362431	876063.0331031842	-136.90956110014307	-0.0035629273958978965	0.0	0.0	0.0	0.010016335275475591	0.0	0.0	0.0	-0.005739780056712231	152715253.42279083	0.009858895955388108
72	109.33333333333333	nan	nan	1	1	6.000000000000838e-05	6.000000000000867e-05	5.999999999999513e-05	0.9961273543812057	1.990527426047606e-21	-6.631590350643368e-19	-2.6271573892039378e-20	1.010933333333339	-1.376604722141267e-18	-3.8706017557732507e-20	-5.749320832783289e-20	0.9937472574859106	102.08875886658326	265595.1743484755	-1069987.8999676725	269542.83952659124	152847337.67623788	879498.594902533	-1067431.3179682782	864546.9079085897	-118.08286038852006	1599.565890624997	101.62006401268158	268305.3734707093	-1062530.6911034333	268305.3541932897	154407029.87103054	873368.9884666178	-1062530.6847234387	873368.9592756432	-117.25988981732891	-0.003880163727095101	0.0	0.0	0.0	0.010873996551883957	0.0	0.0	0.0	-0.0062723727800094164	154426113.35624224	0.010722830171143585
76	118.0	nan	nan	1	1	6.000000000000838e-05	6.000000000000867e-05	5.999999999999513e-05	0.9958110961598282	5.781508084778952e-20	1.101278356702151e-19	1.7430243988598992e-20	1.0118000000000233	4.902762223979451e-19	8.009543549236664e-21	5.400004445335616e-20	0.9932190120412031	94.70775202370129	268665.6726520038	-1081482.9945279795	272979.3935184356	154375780.25843677	878621.1506931145	-1078667.9038188756	862485.8681128158	-99.48797816452117	1599.565890624997	94.24228969573885	271637.7940147147	-1073366.5539763991	271637.775527534	156083566.5560393	872027.1715246539	-1073366.5503089312	872027.1416530892	-98.74132910535428	-0.00419770187587571	0.0	0.0	0.0	0.011730922875722182	0.0	0.0	0.0	-0.006804083323115793	156102656.77981657	0.011586014227091946
80	126.66666666666666	nan	nan	1	1	6.000000000000838e-05	6.000000000000867e-05	5.999999999999513e-05	0.995494743198097	1.2647895968401213e-20	-3.155604304336951e-19	2.5715920278640558e-20	1.0126666666666664	-2.0408073017966211e-19	2.6637492125253237e-20	2.7681036716270533e-21	0.9926918288936154	92.17260652065382	271891.07647702267	-1092491.4269907773	276581.0805163308	155870496.4052696	879066.8212675181	-1089415.4067766955	861727.2091769935	-81.16100533428393	1599.565890624997	91.68977500617672	275132.2729672662	-1083708.6798353863	275132.25459046755	157728618.82851127	871999.8352636535	-1083708.677732083	871999.8052552538	-80.50853651748804	-0.00451543605627124	0.0	0.0	0.0	0.01258711550547114	0.0	0.0	0.0	-0.007335006614438886	157747732.00214162	0.012448455484875318
84	135.33333333333331	nan	nan	1	1	6.000000000000838e-05	6.000000000000867e-05	5.999999999999513e-05	0.9951783703484123	2.180262806232569e-21	-1.493996712367135e-19	-6.273126007365348e-21	1.0135333333333347	8.691981054180508e-19	3.042542346537447e-21	-3.444374776714887e-20	0.9921656390340141	92.6608693549039	275335.9288344545	-1103143.0484438592	280414.17654881533	157333483.64100975	880713.2759012464	-1099803.4710909482	862145.7157829126	-63.999194507493115	1599.565890624997	92.14550440035116	278854.5761734586	-1093686.5413975478	278854.5576896445	159344122.2303619	873163.5104278667	-1093686.5398572793	873163.481395686	-63.45057224615352	-0.004833291208074424	0.0	0.0	0.0	0.013442575696490235	0.0	0.0	0.0	-0.0078652108033343	159363275.8537607	0.013310159971219874
88	144.0	nan	nan	1	1	6.000000000000838e-05	6.000000000000867e-05	5.999999999999513e-05	0.9948620311605247	3.655963606939011e-20	3.009948518727101e-19	-9.752737354686014e-21	1.0143999999999962	9.01534435212431e-19	-8.700722434196173e-21	-4.2839538340333494e-20	0.9916403925285086	94.38888547968725	278969.78223188984	-1113536.2110115262	284448.41557863227	158766213.804211	883404.5160083759	-1109930.270946389	863583.9638906512	-49.05496812130959	1599.565890624997	93.83339047741724	282774.405795527	-1103398.1399010506	282774.3871964297	160931486.5922395	875361.6542549422	-1103398.138320337	875361.6262306763	-48.608352420609435	-0.005151213588255414	0.0	0.0	0.0	0.014297304700820673	0.0	0.0	0.0	-0.008394744950748968	160950698.10073218	0.014171132446940687
92	152.66666666666666	nan	nan	1	1	6.000000000000838e-05	6.000000000000867e-05	5.999999999999513e-05	0.994545764142823	1.0842021724855045e-20	-3.2528775679996345e-19	7.750351467376848e-21	1.0152666666666557	-8.762386432756286e-19	1.4325021203964727e-20	-3.56126532343598e-20	0.9911160531849079	97.14888992910436	282715.9074340536	-1123743.8802392196	288606.1446941788	160169840.66710675	886982.9000563659	-1119868.6245203968	865883.804341263	-35.68792383293155	1599.565890624997	96.54575972481601	286814.40716439724	-1112916.1379407358	286814.38893520506	162491804.2762342	878436.4488285936	-1112916.135482422	878436.4214571902	-35.3440557601207	-0.005469164509240766	0.0	0.0	0.0	0.015151303767333358	0.0	0.0	0.0	-0.008923644359404345	162511088.84742385	0.015031376593168905
96	161.33333333333331	nan	nan	1	1	6.000000000000838e-05	6.000000000000867e-05	5.999999999999513e-05	0.9942295972488823	6.021049002262469e-20	-8.370718397945898e-20	4.1345372221376906e-20	1.0161333333333318	3.924202000675503e-19	1.736078728692414e-20	-7.12422471276647e-20	0.9905925945736146	99.90717952685547	286486.81147005106	-1133806.3986422303	292798.3456906299	161545323.69558522	891308.7120221377	-1129658.8051658813	868905.4416380543	-24.335394755406828	1599.565890624997	99.2546639715676	290886.03327648237	-1122280.7606855803	290886.0159058184	164025974.40017417	882248.1691158026	-1122280.75740165	882248.1422914161	-24.08801482368412	-0.005787115850294225	0.0	0.0	0.0	0.016004574141714335	0.0	0.0	0.0	-0.009451934553888996	164045345.62256116	0.015890895253483656
100	170.0	nan	nan	1	1	6.000000000000838e-05	6.000000000000867e-05	5.999999999999513e-05	0.9939135512322786	-6.820309291291626e-21	5.673087867530402e-19	2.8080836267374566e-20	1.0169999999999983	-1.2776373925840744e-18	-2.6237692574149207e-20	6.335467632283265e-20	0.9900699970131138	102.11563727446378	290210.58318534767	-1143731.0451865504	296951.52695308323	162893505.09774113	896268.92466885	-1139308.1291272554	872535.835772484	-15.04447193493176	1599.565890624997	101.41574823496849	294916.27112993173	-1131499.4438643719	294916.2547408847	165534780.25309938	886683.800429944	-1131499.4399444214	886683.7738612541	-14.883579228918983	-0.006105046698993148	0.0	0.0	0.0	0.016857117066421276	0.0	0.0	0.0	-0.00997963429926468	165554249.63906246	0.016749690661989593
104	208.75	nan	nan	1	1	6.000000000000838e-05	6.000000000000867e-05	5.999999999999513e-05	0.9925022745671045	-1.8583564049580447e-19	7.296748383463225e-19	-4.0674522127151505e-20	1.0208750000000129	-9.65346509326781e-19	-2.664426838883127e-20	1.8826493098852982e-19	0.9877441101562456	9824.324056526422	304828.4818753523	-1185526.4026866492	313542.0284146346	168600853.8622233	923755.6995282728	-1179843.0589982613	893775.6075430459	6428.916412078565	1599.565890624997	9742.842052915725	310942.1404138152	-1170057.3557283704	310941.54083458416	171982322.8229499	911702.3026055241	-1170057.5535690617	911701.2253885586	6345.030292255404	-0.007525974668148631	0.0	0.0	0.0	0.020660102696315078	0.0	0.0	0.0	-0.01233161259756144	171994312.0147629	0.020580478296657465
108	247.5	nan	nan	1	1	6.000000000000838e-05	6.000000000000867e-05	5.999999999999513e-05	0.991094265168321	-1.0816271923258513e-19	-1.0192178047721545e-18	5.88145797255496e-20	1.024750000000016	-3.7311462513373027e-19	4.721700461174372e-20	3.0960748288039186e-20	0.985434048361617	8175.298063444082	316471.4424985071	-1223572.6508655332	327217.8690459475	173829855.79891956	957093.3848707991	-1216584.6181745837	920372.0188546188	5208.535959096167	1599.565890624997	8095.7689448139035	324035.05778961175	-1204749.8224824388	324034.7008576666	177984360.68881157	942369.9399513052	-1204749.709933734	942368.7583403514	5128.410452518448	-0.008945627916231295	0.0	0.0	0.0	0.024448680402325538	0.0	0.0	0.0	-0.014673076636231274	177998349.55636573	0.0243971554384656
112	286.25	nan	nan	1	1	6.000000000000838e-05	6.000000000000867e-05	5.999999999999513e-05	0.9896900944298179	-1.90074193363865e-20	2.731376323034107e-19	-6.128452779974314e-20	1.028625000000004	-1.5318014868689889e-18	2.0158028891936742e-19	2.9369003973558906e-19	0.9831398477676263	7341.157891443422	324911.98743356304	-1258213.613153617	337694.2182355135	178638186.3831912	993016.38816185	-1249885.8250654303	949104.6196464216	4699.811123481199	1599.565890624997	7259.25731052739	333926.7512218071	-1235941.9717204361	333926.7808564986	183594547.2319397	975439.0032860176	-1235941.652134497	975437.7630432722	4616.619758317462	-0.01036342078895221	0.0	0.0	0.0	0.028222958943743732	0.0	0.0	0.0	-0.017003902659224985	183609773.93751392	0.028199581205713423
116	325.0	nan	nan	1	1	6.000000000000838e-05	6.000000000000867e-05	5.999999999999513e-05	0.9882898648145972	1.8889512350128702e-19	-5.652488026253177e-19	-1.2067508992942565e-19	1.0325000000000055	6.199196971728993e-19	-2.030168567979107e-20	1.5281829621183185e-19	0.9808613829395438	6828.991034036194	330855.62316945376	-1289889.9419640866	345656.6328073596	183069294.21940073	1029895.1507719025	-1280194.0973622946	978385.5149259332	4399.5213439417075	1599.565890624997	6743.088284270389	341308.0583756249	-1264090.752988206	341308.5739089147	188852843.90713784	1009296.1378207285	-1264090.372427049	1009294.8012891334	4311.526175622973	-0.011779238823485786	0.0	0.0	0.0	0.031983045853056336	0.0	0.0	0.0	-0.0193241311953655	188869024.12096855	0.0319878080166389
120	363.75	nan	nan	1	1	6.000000000000838e-05	6.000000000000867e-05	5.999999999999513e-05	0.9868936295061325	1.1689054672109345e-19	2.2073136504360825e-18	-7.042231923472253e-20	1.0363750000000072	3.0308329630746033e-18	-3.924811864397526e-20	9.473216482092094e-21	0.97859855905298	6499.8122861369775	334904.7646083522	-1318936.9190849771	351697.3057200951	187160896.54444325	1066945.2461101848	-1307850.636529484	1007463.138592788	4202.2270805519565	1599.565890624997	6408.838303214647	346773.90470382926	-1289545.7405048201	346774.8089962052	193793943.11838168	1043169.4477305099	-1289545.4338198067	1043167.9788836407	4108.584689644771	-0.01319301688009872	0.0	0.0	0.0	0.035729047454252406	0.0	0.0	0.0	-0.021633772585811315	193810908.75345698	0.035761891133709006
124	402.5	nan	nan	1	1	6.000000000000838e-05	6.000000000000867e-05	5.999999999999513e-05	0.9855014426548931	2.5017965130103016e-20	-2.3828866397429537e-18	9.595189226496714e-21	1.0402499999999975	-5.776222599188086e-19	-1.389405084040174e-19	7.401035079929175e-20	0.9763512617525352	6285.30713175079	337462.7534743365	-1345853.5239069609	356211.4808154481	190945686.96572688	1103828.8374740768	-1333357.2385035993	1036023.2722287809	4068.6122975421126	1599.565890624997	6188.461423317127	350721.5804589726	-1312812.814154402	350722.8781921156	198447895.13796476	1076729.8348057843	-1312812.5103540823	1076728.3668714184	3968.7278482830757	-0.01460468850926352	0.0	0.0	0.0	0.039461068880911374	0.0	0.0	0.0	-0.023932857980661918	198465535.8683705	0.03952189500289929
128	441.25	nan	nan	1	1	6.000000000000838e-05	6.000000000000867e-05	5.999999999999513e-05	0.9841133651380538	-1.3731420514528913e-19	2.769729974885782e-19	3.647662684055919e-20	1.0441250000000164	3.8482265334385814e-18	-2.0979312037594511e-19	4.9873299934333206e-20	0.9741193543828779	6135.231391297158	339272.15924741194	-1371104.7005873632	359963.0514004493	194452153.028577	1140173.5800345286	-1357180.1876550743	1063726.6196088574	3969.397226159623	1599.565890624997	6032.068714871075	353908.4406429833	-1334359.940690374	353910.3454096621	202840865.01724774	1109617.6316658068	-1334359.4769725797	1109616.038201562	3863.0198299268422	-0.01601418009223823	0.0	0.0	0.0	0.04317921409394943	0.0	0.0	0.0	-0.02622144241290121	202859114.83654466	0.04326789223468673
132	480.0	nan	nan	1	1	6.000000000000838e-05	6.000000000000867e-05	5.999999999999513e-05	0.9827294576646062	1.9109063290057014e-21	-9.823955884891156e-19	6.036295595313046e-20	1.0479999999999847	-4.365065709062421e-18	-3.0032400177848475e-20	7.808288520969042e-20	0.9719026879213521	6022.28345965841	341439.26618977694	-1395003.8339496972	364119.2636250962	197705284.29932132	1175862.7678395137	-1379634.3349419592	1090479.5014901427	3891.9293242533217	1599.565890624997	5912.581325575322	357484.0806878486	-1354503.5392968415	357486.45390300086	206995793.405875	1141724.6619721001	-1354502.8658221012	1141722.9964478496	3778.937316228466	-0.01742141780923793	0.0	0.0	0.0	0.04688358589883605	0.0	0.0	0.0	-0.02849959484082074	207014614.06109864	0.04699996086680702
136	518.75	nan	nan	1	1	6.000000000000838e-05	6.000000000000867e-05	5.999999999999513e-05	0.9813497735062067	1.383713022634625e-20	-3.4296838372777083e-18	-6.193504910323444e-20	1.0518750000000012	-1.9467121057520353e-18	1.7564075194265173e-19	-1.5476986012230576e-19	0.9697011100799385	5926.276082130788	344756.0049233081	-1417650.59321069	369534.7078539449	200727057.90398484	1210991.641250934	-1400822.0630237006	1116385.640422334	3819.8582305607583	1599.565890624997	5810.049782748408	362284.8057361563	-1373350.038614155	362287.3823847993	210932839.86427498	1173149.0292729829	-1373349.0998640254	1173147.2377312488	3700.490426600879	-0.01882633504825505	0.0	0.0	0.0	0.05057428596293499	0.0	0.0	0.0	-0.030767388905932287	210952216.68494597	0.05071818221953608
140	557.5	nan	nan	1	1	6.000000000000838e-05	6.000000000000867e-05	5.999999999999513e-05	0.9799743487705957	-1.7889335846010824e-20	-2.95451868265878e-19	-3.221774518176457e-20	1.0557500000000042	2.6560242720463643e-19	1.4674676404591302e-19	5.907546587330392e-20	0.9675144770756735	5846.334525382695	349271.2135568328	-1439282.855467025	376280.9691043027	203536931.86133796	1245826.894409182	-1420981.9579302932	1141703.8373260202	3759.482521392208	1599.565890624997	5723.544973155545	368375.39369849005	-1391138.4490998765	368378.0050321449	214669845.370474	1204153.6430119812	-1391137.319793426	1204151.9147228952	3633.72679967803	-0.0202288823839654	0.0	0.0	0.0	0.054251414831919656	0.0	0.0	0.0	-0.033024890804441466	214689768.41532737	0.054422638325516685
144	596.25	nan	nan	1	1	6.000000000000838e-05	6.000000000000867e-05	5.999999999999513e-05	0.9786031877637891	-9.183192400952222e-20	-1.9443742948176136e-18	-1.1999746357162223e-19	1.0596250000000214	-5.173948292372388e-19	2.0328790734103208e-20	-5.319366908757006e-20	0.9653426694441563	5787.530963916363	354525.36724231346	-1460054.4305963083	383880.22449493443	206152193.70151764	1279842.9109724006	-1440268.855383484	1165964.6651052937	3713.5977906859184	1599.565890624997	5657.956815563743	375283.2546909582	-1408024.540572594	375285.7213348709	218222653.05237836	1234234.963412303	-1408023.3932859753	1234233.3012133837	3581.2615704788514	-0.021629042658692595	0.0	0.0	0.0	0.05791507194645294	0.0	0.0	0.0	-0.035272142805885864	218243098.93909803	0.05811340893888505
148	635.0	nan	nan	1	1	6.000000000000838e-05	6.000000000000867e-05	5.999999999999513e-05	0.9772362973975294	4.90059381963448e-20	-1.9089886464131177e-18	-1.4645538471205754e-19	1.063500000000009	4.631115369663208e-18	-2.1738253558334363e-19	2.496375502147874e-19	0.9631855590419046	5757.437013162394	360221.6631977684	-1479914.7102548925	392021.8565813704	208588165.5138865	1312391.0702938056	-1458635.4858676877	1188598.34809238	3679.696299349426	1599.565890624997	5620.587828535236	382701.5973429693	-1423965.9458209402	382703.84384296986	221605284.42504448	1262775.603721111	-1423965.0107147875	1262773.8220297755	3540.5839167139925	-0.02302679600110426	0.0	0.0	0.0	0.06156535565816287	0.0	0.0	0.0	-0.037509197229024696	221626212.71491003	0.06179057658731368
152	673.75	nan	nan	1	1	6.000000000000838e-05	6.000000000000867e-05	5.999999999999513e-05	0.9758737096955584	-1.3395317841058408e-19	2.3276465390548174e-19	2.218887508627365e-19	1.0673749999999875	3.4257400518752924e-18	-3.5236570605778895e-20	1.271227047239254e-19	0.9610429882422092	5706.388726211488	366387.21967181	-1498295.7704234344	400743.09249534196	210858610.92761573	1343228.9623142355	-1475524.9643031422	1209414.4340751772	3633.4744363214513	1599.565890624997	5562.903316966259	390664.4417675726	-1438423.9609376802	390666.52929789084	224830335.52237397	1289553.6132176437	-1438423.337773197	1289551.571086027	3488.281014890838	-0.02442209674513494	0.0	0.0	0.0	0.06520236324562148	0.0	0.0	0.0	-0.039736138190049335	224851726.0285446	0.06545422960202468
156	712.5	nan	nan	1	1	6.000000000000838e-05	6.000000000000867e-05	5.999999999999513e-05	0.9745154589331229	-3.530433324155924e-19	-1.7080046686886174e-18	1.0498803974627601e-19	1.07125000000001	5.721822755183626e-18	2.684484579074109e-19	-3.9809193268236507e-19	0.9589147950465704	5645.535679085732	372893.9445977117	-1514373.9456738243	409910.7507783893	212976120.0152938	1372253.5732159377	-1490130.4513568454	1228351.8653024726	3579.506894063114	1599.565890624997	5495.842802578167	399040.1350151519	-1450619.6676705899	399041.8584564951	227909358.45737934	1314482.4817047105	-1450619.2470504984	1314480.16594963	3428.811698671957	-0.025814896709218174	0.0	0.0	0.0	0.06882619092986185	0.0	0.0	0.0	-0.04195305575541029	227931164.73690635	0.06910445739452797
160	751.25	nan	nan	1	1	6.000000000000838e-05	6.000000000000867e-05	5.999999999999513e-05	0.9731615726966507	-2.1537676156424545e-19	5.390626096543616e-18	-2.4604274238664014e-19	1.0751250000000234	-2.474664353643852e-18	9.237402509576498e-20	-1.2866769281971724e-19	0.9568008213479571	5593.616850507141	379312.3328819763	-1527919.1292555102	419056.1096456688	214952085.00194556	1399470.6304362172	-1502231.3970017128	1245447.6776032606	3529.011609065737	1599.565890624997	5437.662075509371	407371.3408023866	-1460348.32194757	407372.4704122625	230852813.06357425	1337580.3389334176	-1460347.9134211855	1337577.6275703763	3372.9443415920614	-0.027205154367498433	0.0	0.0	0.0	0.07243693388952813	0.0	0.0	0.0	-0.04416003735390906	230874967.08561885	0.07274134925649138
164	790.0	nan	nan	1	1	6.000000000000838e-05	6.000000000000867e-05	5.999999999999513e-05	0.9718120752386927	-3.673276960380889e-19	-1.9975611876416056e-18	1.995507979777461e-19	1.0790000000000204	3.588004459514904e-18	-2.40692882291782e-20	4.0417701737544e-19	0.9547009094547475	5522.0259920016715	384972.13981715613	-1538978.6121092583	427433.9895746386	216796784.03550437	1424972.4421922797	-1511880.6360956447	1260814.921958119	3466.792169951928	1599.565890624997	5360.553880092646	414934.621959985	-1467671.4579595763	414935.19491154066	233670134.33397457	1358947.6587450362	-1467671.0362824001	1358944.4764825702	3306.16155317626	-0.02859283144574084	0.0	0.0	0.0	0.0760346862760165	0.0	0.0	0.0	-0.046357171370718604	233692587.4774149	0.07636499497050767
168	828.75	nan	nan	1	1	6.000000000000838e-05	6.000000000000867e-05	5.999999999999513e-05	0.9704669837252061	2.2041830166630304e-19	-3.823039161719028e-18	2.8482329884373102e-19	1.0828749999999918	3.7200331790693265e-18	-1.2175590397012215e-19	1.6937948439654792e-19	0.9526149075596924	5440.637925890626	389663.7379996931	-1547681.8838026186	434798.62281305075	218519644.14985856	1448623.3854619686	-1519211.1119139623	1274363.5326472474	3408.346345357899	1599.565890624997	5274.169994422159	421494.44370537787	-1472728.2134675314	421495.0307837795	236369995.12054756	1378467.0821479845	-1472727.6048860915	1378463.2643235456	3243.2813723609443	-0.029977896812444747	0.0	0.0	0.0	0.07961954122815976	0.0	0.0	0.0	-0.04854454139949726	236392685.16433677	0.07997548345458398
172	867.5	nan	nan	1	1	6.000000000000838e-05	6.000000000000867e-05	5.999999999999513e-05	0.9691263081118311	1.1644331332494318e-19	7.628399051762962e-18	2.0755017713161573e-19	1.0867500000000017	4.199955270720035e-18	1.7011132086297564e-19	3.1550283219328177e-20	0.9505426693744237	5385.434013972817	393456.19263448357	-1554027.4900485955	441211.24401763943	220129176.70824993	1470723.367696886	-1524227.1480073414	1286386.7014329515	3364.700285445409	1599.565890624997	5213.380740579493	427114.56843387417	-1475532.1102139817	427115.47409562144	238960219.89109236	1396435.7568802978	-1475531.3011119568	1396431.193883962	3194.7461317210036	-0.03136032665743598	0.0	0.0	0.0	0.08319159088676573	0.0	0.0	0.0	-0.05072222655738186	238983067.27842492	0.08357290294939915
176	906.25	nan	nan	1	1	6.000000000000838e-05	6.000000000000867e-05	5.999999999999513e-05	0.9677900513866446	-3.040644992735597e-19	3.0954310837640054e-18	7.595175031439861e-20	1.0906250000000044	-2.5359082238621265e-18	2.3115190317390956e-19	-2.4036762164003634e-19	0.9484840540172434	5339.373588518546	396134.392541861	-1557824.8729606639	446413.94528866146	221633111.40643916	1491922.9700580228	-1526747.445266038	1297476.190383861	3319.573896599684	1599.565890624997	5161.60571261075	431550.23992068734	-1475917.328315232	431551.1420938766	241447913.13899863	1413480.425328761	-1475916.2670588775	1413475.2543415306	3145.0368534063723	-0.03274010429277801	0.0	0.0	0.0	0.08675092640865877	0.0	0.0	0.0	-0.05289030153832649	241470860.80095375	0.08715734100485947
180	945.0	nan	nan	1	1	6.000000000000838e-05	6.000000000000867e-05	5.999999999999513e-05	0.966458213156497	2.705897571980698e-19	2.1106671911543666e-18	1.0136612686381663e-19	1.0944999999999867	1.3280107807704666e-17	1.218643241873707e-19	2.0835655249740182e-19	0.9464389238664886	5306.8111789787645	397732.34916028223	-1559190.511191936	450426.72840593086	223038591.19829682	1512302.0159609804	-1526891.7686959382	1307716.4921590588	3276.887380463782	1599.565890624997	5123.010858092186	434825.7363900065	-1474009.6816272177	434826.2906996035	243839657.1612682	1429682.7726117664	-1474008.1842644701	1429676.9872828904	3097.866290061763	-0.03411721649191054	0.0	0.0	0.0	0.09029763798076884	0.0	0.0	0.0	-0.05504883881788193	243862648.08350176	0.09072888446653189
184	983.75	nan	nan	1	1	6.000000000000838e-05	6.000000000000867e-05	5.999999999999513e-05	0.9651307946650918	2.2047251177492734e-19	2.1773456247622253e-18	1.3475447157868664e-19	1.0983750000000156	3.202340194234654e-18	-5.117434254131581e-19	2.595308950387176e-19	0.9444071389635945	5269.456184179977	398530.77954152046	-1558827.4833966028	453551.3851458001	224352141.35834673	1531625.24402873	-1525353.800672416	1316919.858053339	3225.570792804075	1599.565890624997	5079.908583620336	437236.5253443375	-1470487.1771784723	437236.6889456522	246141467.05038944	1444826.515811483	-1470485.301378314	1444820.5570335642	3042.7744830137945	-0.03549164831461702	0.0	0.0	0.0	0.09383181483388423	0.0	0.0	0.0	-0.05719791454099119	246164468.50478703	0.09428762057220932
188	1022.5	nan	nan	1	1	6.000000000000838e-05	6.000000000000867e-05	5.999999999999513e-05	0.9638078091664287	2.1391308863139003e-19	3.640174912802191e-18	-3.8591795164795264e-19	1.102249999999991	-7.952704250344112e-18	1.0408340855860842e-19	2.3757580104588617e-19	0.9423885476763878	5230.9529627897855	398860.76462398	-1557525.6803804492	456153.44483228074	225579775.97944617	1549589.5273679416	-1522909.8479540476	1324843.9943472887	3172.136382932601	1599.565890624997	5035.82590523313	439137.8557253188	-1466103.6254703517	439137.8302554327	248358895.896917	1458633.300678607	-1466101.667939973	1458627.1763198061	2985.9415546637374	-0.0368633723326674	0.0	0.0	0.0	0.09735354525590185	0.0	0.0	0.0	-0.05933761845450836	248381880.61255664	0.09783363826260764
192	1061.25	nan	nan	1	1	6.000000000000838e-05	6.000000000000867e-05	5.999999999999513e-05	0.9624892694823568	1.9905951886833862e-19	-2.834994710504673e-18	-4.83810819911553e-19	1.1061249999999845	-9.921588290523475e-18	3.2493539109390567e-19	-6.015695754035821e-19	0.9403829983995631	5178.339038617611	398694.05349607347	-1555993.8647775056	458193.03882032615	226726932.04864717	1566096.2444572835	-1520254.1372703565	1331426.5894456564	3117.3514792832257	1599.565890624997	4978.305046160668	440493.08298616775	-1461530.1395113145	440493.50578710897	250496952.28295532	1471019.208020523	-1461528.2596560235	1471013.1691503942	2928.0983977877695	-0.03823236147210292	0.0	0.0	0.0	0.10086291660536258	0.0	0.0	0.0	-0.06146804159538698	250519908.51741788	0.10136702642116642
196	1100.0	nan	nan	1	1	6.000000000000838e-05	6.000000000000867e-05	5.999999999999513e-05	0.9611751578165177	-8.337514706413529e-20	-1.3483534204932574e-18	-1.0990591303803448e-19	1.109999999999976	7.056177473915848e-18	-3.9855271860567145e-19	4.993835206468233e-19	0.9383903696054609	5130.913013810407	397969.73476838815	-1554636.4487395189	459591.2123697224	227798546.74728265	1581118.4183890822	-1517781.4260328524	1336666.784075955	3068.257880299503	1599.565890624997	4925.9288099147125	441228.9156091735	-1457146.8746908675	441230.1646319236	252560174.75083894	1481968.1886011432	-1457144.807079149	1481962.0291273526	2875.8507396690748	-0.03959862042206052	0.0	0.0	0.0	0.10436001532422125	0.0	0.0	0.0	-0.0635892442643076	252583083.36865056	0.10488786884054999
200	1138.75	nan	nan	1	1	6.000000000000838e-05	6.000000000000867e-05	5.999999999999513e-05	0.9598654424531755	-5.421010862427522e-23	7.870570853580651e-18	3.8721264150783085e-19	1.1138749999999966	-2.3434758907731058e-18	-4.0614213381306996e-19	7.252228331755539e-19	0.9364105533858306	5070.067207715119	396948.47958777985	-1553371.8741573903	460640.12399008346	228799148.25854132	1594263.073625836	-1515411.7636875387	1340256.7028620776	3007.284898596332	1599.565890624997	4860.835903776066	441628.9013166513	-1452876.2500162763	441630.44821252674	254552723.24644494	1491121.9872610099	-1452873.819646399	1491115.6626218215	2812.728155370555	-0.04096216845543767	0.0	0.0	0.0	0.107844926950744	0.0	0.0	0.0	-0.06570127326033862	254575575.33545825	0.10839624691891371
204	1177.5	nan	nan	1	1	6.000000000000838e-05	6.000000000000867e-05	5.999999999999513e-05	0.9585601152533636	-3.619066851756614e-19	2.08126667755517e-18	-1.0651608718312277e-19	1.1177500000000042	-2.4543626679640606e-18	5.0957502106818706e-20	1.6515109592385446e-19	0.9344434201844132	4991.653640483811	395910.6647938692	-1552073.9877822408	461661.61167193216	229733076.14042923	1605768.2352089009	-1513022.3138051142	1342422.8252928492	2934.481403836744	1599.565890624997	4779.1070005450465	442002.6120734055	-1448599.6880648464	442003.872690653	256478616.92888826	1498714.225571063	-1448597.2089974664	1498707.7844829718	2738.844204395241	-0.04232300041058851	0.0	0.0	0.0	0.11131773613195615	0.0	0.0	0.0	-0.06780419946852531	256501408.5386355	0.11189224503366207
208	1216.25	nan	nan	1	1	6.000000000000838e-05	6.000000000000867e-05	5.999999999999513e-05	0.9572591985636317	2.782604875684047e-19	-5.194253366183968e-18	-3.881918115948568e-19	1.1216250000000234	-1.2668224759135316e-17	1.3660947373317356e-19	-4.776181620341768e-19	0.9324888114930254	4894.533435667306	394925.6265376865	-1550587.5582287968	462737.3963422789	230604395.8429523	1616728.8545753225	-1510461.4957840736	1344099.0011660366	2852.9390441266487	1599.565890624997	4679.721297164237	442427.524754687	-1444172.483288839	442428.6966510532	258341634.96759415	1505774.5770795404	-1444170.0977783927	1505768.0589749967	2657.145055861542	-0.04368107930696263	0.0	0.0	0.0	0.1147785266361056	0.0	0.0	0.0	-0.06989812593504816	258364376.642836	0.1153759519083575
212	1255.0	nan	nan	1	1	6.000000000000838e-05	6.000000000000867e-05	5.999999999999513e-05	0.9559627233198245	4.2278463716072247e-19	-2.4710763220792824e-18	1.6506978076091805e-19	1.125500000000019	1.3355202360676444e-17	-1.9168694409543719e-19	-7.336254000123165e-19	0.9305465615693544	4809.477707825302	393974.7915663025	-1548847.1915759917	463846.3673950291	231416899.90266624	1628081.4240433744	-1507665.5723091075	1346067.6003428302	2790.3212776141186	1599.565890624997	4592.131415916855	442883.36472753657	-1439534.6253476474	442884.57193759695	260145312.53698266	1513176.7649789832	-1439532.2860176973	1513170.2858969003	2593.3895330775963	-0.0450363590342368	0.0	0.0	0.0	0.11822738136466719	0.0	0.0	0.0	-0.07198316485099834	260168000.84170246	0.1188474570049344
216	1293.75	nan	nan	1	1	6.000000000000838e-05	6.000000000000867e-05	5.999999999999513e-05	0.9546706971908908	1.4403625861469927e-19	5.991707780969579e-19	-4.6810428797061656e-20	1.1293749999999614	2.3493034774502155e-18	-1.4137996329210978e-19	-6.073158469177553e-19	0.9286165275422145	4744.868761187092	393350.3878181183	-1546849.3136209208	465334.4925215194	232173991.32322258	1639956.6386142885	-1504631.171071667	1348431.3265109465	2747.7078245075045	1599.565890624997	4524.281573176118	443700.1558265409	-1434683.9723030957	443701.2646376456	261892804.27662197	1521039.8866741678	-1434681.426257794	1521033.6845299983	2548.4656725644018	-0.04638881766079022	0.0	0.0	0.0	0.1216643823643219	0.0	0.0	0.0	-0.0740594052107299	261915434.5560983	0.12230684588522354
220	1332.5	nan	nan	1	1	6.000000000000838e-05	6.000000000000867e-05	5.999999999999513e-05	0.9533830901923387	2.748452507250754e-20	-7.907086443936784e-19	1.423286401930346e-19	1.1332500000000092	-5.003864076563724e-19	-1.7477339020466333e-19	5.493110306897808e-19	0.9266986035369092	4681.04826247363	393213.30581170286	-1544340.4222244038	467398.243263048	232878770.76710752	1652076.1614778668	-1501112.2386543392	1350956.299595488	2709.7157514096602	1599.565890624997	4457.372019314563	445063.77989652735	-1429387.1269700238	445064.3818606063	263586975.42371175	1529103.5344326282	-1429384.042900837	1529098.0958333036	2508.017505126254	-0.047738472688883926	0.0	0.0	0.0	0.1250896108388299	0.0	0.0	0.0	-0.0761268973109791	263609551.73420823	0.12575419786268144
224	1371.25	nan	nan	1	1	6.000000000000838e-05	6.000000000000867e-05	5.999999999999513e-05	0.9520998688040957	5.423179266772493e-19	7.732394368895057e-19	6.725035025384463e-19	1.1371250000000155	2.2263007409817347e-18	2.0383000842727483e-20	6.904741535473935e-19	0.9247926878789656	4617.772989197664	393307.6084457465	-1541043.657449103	469740.8673632048	233534119.31910434	1664262.2605576662	-1496841.269716112	1353495.0531163202	2670.592618761208	1599.565890624997	4391.1673045339485	446689.2030902006	-1423391.0453857754	446689.50665050314	265230489.85820022	1537202.3935859904	-1423387.5201380372	1537197.892133979	2466.7033935367926	-0.04908534548685029	0.0	0.0	0.0	0.1285031471601023	0.0	0.0	0.0	-0.07818568780055268	265253010.36308566	0.12918959120505738
228	1410.0	nan	nan	1	1	6.000000000000838e-05	6.000000000000867e-05	5.999999999999513e-05	0.9508210168817888	3.095397202446115e-19	3.960970006849917e-18	-1.2644507836612196e-19	1.1409999999999807	-2.4253602598500735e-19	3.146354704552934e-19	-6.053100728986571e-19	0.92289866293588	4539.1343006994975	393402.72622265015	-1536983.3722260466	472089.70438555966	234142758.68193915	1676132.910689513	-1491844.113009898	1355737.8873100183	2630.515201920005	1599.565890624997	4310.556791786624	448316.3477665496	-1416722.3715775392	448316.64955542743	266825874.43194973	1544984.1782426075	-1416719.2128751788	1544980.2903083477	2424.6909905976413	-0.05042943932118316	0.0	0.0	0.0	0.13190507087992226	0.0	0.0	0.0	-0.08023584147546452	266848337.65413418	0.13261310636973309
232	1448.75	nan	nan	1	1	6.000000000000838e-05	6.000000000000867e-05	5.999999999999513e-05	0.9495465219874749	1.3617579286417936e-19	2.438424896028524e-18	-2.95648379909641e-19	1.1448750000000134	-2.5034932894102412e-17	-2.5045070184415153e-19	-3.2498960120252996e-19	0.9210164088985392	4442.559817263492	393659.87981200265	-1532402.4598928625	474638.7822192283	234707292.2734608	1687274.6756833857	-1486357.4695230387	1357356.9576935691	2584.940887364796	1599.565890624997	4213.158953106414	450129.5667339143	-1409608.536262846	450129.8163792093	268375562.75939772	1552070.5872722957	-1409606.294079117	1552066.9760953407	2377.805332431419	-0.05177075362941787	0.0	0.0	0.0	0.13529546074102627	0.0	0.0	0.0	-0.08227742649190403	268397968.37528852	0.13602482363884183
236	1487.5	nan	nan	1	1	6.000000000000838e-05	6.000000000000867e-05	5.999999999999513e-05	0.9482763712194485	-3.6971294081755703e-19	-5.3142169484377e-19	2.9620403352303983e-19	1.1487499999999988	1.3406159862783262e-19	-8.890457814381136e-20	-2.1488887058662698e-19	0.919145807564848	4334.877288468632	394365.63688945625	-1527654.4848315304	477738.0416759001	235230148.15632463	1697540.2615238696	-1480724.105754588	1358244.630384519	2542.2097522178487	1599.565890624997	4105.507718723332	452459.51523105346	-1402376.694775901	452459.6861935758	269881827.5395868	1558330.7121095476	-1402375.1633400249	1558327.2210941245	2333.7317077529424	-0.05310928839176503	0.0	0.0	0.0	0.13867439468775875	0.0	0.0	0.0	-0.08431051027254978	269904172.4694854	0.1394248225807721
240	1526.25	nan	nan	1	1	6.000000000000838e-05	6.000000000000867e-05	5.999999999999513e-05	0.9470105560175563	-2.0860049798621105e-19	-4.897015952465278e-18	-1.98544522836408e-20	1.1526249999999691	-2.8734610177383324e-18	2.480654570646834e-19	1.0373646386341306e-18	0.9172867372987209	4199.643024975177	395465.6078999466	-1522995.8304618278	481328.79993883346	235713599.51747945	1707310.337236025	-1475192.2344443814	1358716.4023140178	2495.3777151037075	1599.565890624997	3972.0913433330884	455248.77552873356	-1395262.2987535466	455248.6837962237	271346800.86505014	1564118.3634069937	-1395261.0422699791	1564115.7311478723	2286.0905968325555	-0.054445039060341927	0.0	0.0	0.0	0.1420419498771413	0.0	0.0	0.0	-0.08633516498299815	271369102.18370396	0.14281318297764067
244	1565.0	nan	nan	1	1	6.000000000000838e-05	6.000000000000867e-05	5.999999999999513e-05	0.9457490682888641	8.684459401608891e-20	-6.326346781507231e-18	-4.5089257848240915e-20	1.1564999999999959	-3.5197539327569414e-18	6.513886652292911e-19	9.97465998686664e-19	0.9154390772567765	4034.123339178116	396628.4432757467	-1518653.3817080024	485012.29923959967	236159800.15991524	1716764.1600531156	-1469981.038460665	1358920.2428173164	2444.582883429929	1599.565890624997	3810.4308785763064	458119.1920380651	-1388471.9238029555	458118.32860032923	272772512.0962017	1569600.3214005514	-1388470.4727479478	1569598.5858755687	2235.029230458299	-0.055778000625323954	0.0	0.0	0.0	0.14539820268935325	0.0	0.0	0.0	-0.08835146295101441	272794791.80047715	0.14618998401241462
248	1603.75	nan	nan	1	1	6.000000000000838e-05	6.000000000000867e-05	5.999999999999513e-05	0.9444918788571306	3.65376132127615e-19	-1.0444119527552863e-18	1.0083080204115192e-19	1.160375000000001	-4.083810112992525e-18	-2.5804011705155004e-20	1.2392430831509316e-19	0.9136027283021981	3826.539133253958	397407.2083756056	-1514713.4779333917	488241.84327846044	236570790.41891673	1725778.345890824	-1465174.2859136055	1358762.6451710907	2378.9159668722928	1599.565890624997	3609.5279396255346	460553.53959546844	-1382082.278360306	460552.6072613963	274160892.39466804	1574665.9041338223	-1382081.1279483282	1574664.3053142475	2170.613549968788	-0.05710819042890931	0.0	0.0	0.0	0.14874322873796067	0.0	0.0	0.0	-0.09035945376458092	274183179.14721936	0.14955530085805407
252	1642.5	nan	nan	1	1	6.000000000000838e-05	6.000000000000867e-05	5.999999999999513e-05	0.9432389333421574	4.454444625656695e-19	4.2820564802314995e-18	2.7286658176028933e-19	1.1642499999999831	-1.3356394983066178e-17	-1.216474837528736e-19	-4.369876856202826e-19	0.9117776170455639	3552.9643598110247	397603.5558058664	-1511049.6723669632	490765.61161859124	236948493.7043162	1734621.2304658268	-1460648.7639758827	1358460.4313443643	2288.8669791270204	1599.565890624997	3346.99973380229	462316.73519537237	-1375975.7370376051	462316.02827958367	275513768.4742618	1579562.0552516505	-1375975.2502741	1579560.8020615128	2084.2633344090955	-0.0584356526823902	0.0	0.0	0.0	0.15207710288033485	0.0	0.0	0.0	-0.09235915960065767	275536107.28471285	0.15290920399005273
256	1681.25	nan	nan	1	1	6.000000000000838e-05	6.000000000000867e-05	5.999999999999513e-05	0.9419901667391275	3.1138286393783686e-19	2.2719727574976866e-18	5.599633170344509e-19	1.1681249999999856	9.994988777600744e-18	3.7665183472146426e-19	-6.520933966414066e-19	0.9099636814585461	3211.618792812459	397410.3655044119	-1507581.4544984146	492812.4255175862	237294662.49457568	1743672.4321180927	-1456325.4136902357	1358311.314044733	2166.2888577997305	1599.565890624997	3021.4166124611165	463627.0451420857	-1370077.3867624507	463626.5214970183	276832797.40504724	1584634.887911189	-1370077.2357916443	1584633.7075640066	1968.7051524883213	-0.059760443166067115	0.0	0.0	0.0	0.15539989922767794	0.0	0.0	0.0	-0.09435059075279985	276855243.18543214	0.1562517615861973
260	1720.0	nan	nan	1	1	6.000000000000838e-05	6.000000000000867e-05	5.999999999999513e-05	0.9407455209830267	-1.527098759945833e-19	-7.234149260529343e-18	1.0107474752996115e-19	1.1720000000000033	-8.647054426658141e-19	-1.2923689896027212e-19	5.306085432144059e-19	0.9081608530292814	2736.9454346758853	396803.80822626717	-1504205.6558818629	494345.8190815757	237610862.43887264	1753012.0058167297	-1452104.0457774594	1358374.9027484457	1958.0656778737846	1599.565890624997	2571.4361798887576	464452.0615426754	-1364292.3576959865	464451.6139992524	278119444.966965	1589956.0496486456	-1364292.0435924476	1589954.5590288092	1775.9367076863464	-0.061082610632838014	0.0	0.0	0.0	0.15871169115482348	0.0	0.0	0.0	-0.09633376515690864	278142106.6375281	0.15958304266561182
264	1750.0	nan	nan	1	1	6.000000000000838e-05	6.000000000000867e-05	5.999999999999513e-05	0.9397846918194289	4.523291463609524e-19	-2.9047944605231637e-18	-1.399840529950347e-19	1.1750000000000134	1.4626754668567442e-17	-7.22295487309843e-19	1.2350146946782381e-18	0.9067725745046032	1118.497194471171	395991.3766971582	-1501328.87094904	495102.41230594896	237835819.142529	1760659.617039877	-1448591.062884698	1358738.01360221	979.4432032949536	1599.565890624997	1049.7808741656781	464685.3552967129	-1359595.1389741546	464685.155904939	279094012.2038369	1594443.6312626982	-1359594.9992728175	1594442.944369359	886.9783588850322	-0.062104481210259445	0.0	0.0	0.0	0.16126814759613403	0.0	0.0	0.0	-0.09786360506660233	279117801.5689765	0.16215446098424777
268	1780.0	nan	nan	1	1	6.000000000000838e-05	6.000000000000867e-05	5.999999999999513e-05	0.93882637070703	4.547143911404206e-19	7.66395410675691e-18	-8.36326450801006e-20	1.1780000000000057	6.105901374786615e-18	-5.529431079676073e-20	-5.095750210681871e-19	0.9053909428575883	778.0848132316157	394866.94813493604	-1498137.1037487893	495462.37613544555	238045299.5825684	1768675.3252841407	-1444782.234240642	1359373.2307630263	790.9038132504471	1599.565890624997	729.533942223033	464546.67662283976	-1354630.9367183018	464546.5562861361	280051681.532437	1599254.371742703	-1354630.8333943018	1599253.4184583605	715.1433408308276	-0.06312472559680785	0.0	0.0	0.0	0.1638180852293996	0.0	0.0	0.0	-0.09938844750105852	280075641.6927557	0.1647191385925606
272	1810.0	nan	nan	1	1	6.000000000000838e-05	6.000000000000867e-05	5.999999999999513e-05	0.9378704716756524	6.65158032819857e-20	-3.1681471682198925e-18	4.464473495752186e-19	1.1810000000000032	-1.1540356344152958e-17	4.96564594998361e-19	-6.149594722337781e-19	0.9040158296937514	495.3903775868472	393411.24077795126	-1494529.8016838876	495397.3819546843	238239053.99205476	1777256.2278791182	-1440581.0645629135	1360428.5701643059	619.0017136706317	1599.565890624997	464.00390314846925	464010.562688558	-1349310.249575862	464010.46374019695	280992066.4154002	1604564.8883668433	-1349310.0936175901	1604563.2684293867	558.8549360606628	-0.06414342940922532	0.0	0.0	0.0	0.16636153721522756	0.0	0.0	0.0	-0.10090840802009542	281016166.2292364	0.16727716648118968
276	1840.0	nan	nan	1	1	6.000000000000838e-05	6.000000000000867e-05	5.999999999999513e-05	0.9369169920390641	-6.812584350812667e-19	-1.6094981250547314e-18	-3.979021973021801e-19	1.1839999999999944	1.0620139750255886e-17	-6.895525817007808e-20	2.7636313376655507e-19	0.9026471817342534	220.668641901945	391644.96696085116	-1490545.0359283017	494929.3488601001	238417692.1706762	1786448.5922827527	-1436024.6842629667	1361934.7015707525	440.49476184729275	1599.565890624997	206.47662333452703	463098.5314855587	-1343668.9600484546	463098.6073100393	281915746.24640286	1610414.6230493742	-1343668.6122507523	1610412.5253310965	397.08906761715235	-0.06516058974046215	0.0	0.0	0.0	0.1688985364618092	0.0	0.0	0.0	-0.10242351981754637	281939989.78688306	0.16982857941672194
280	1870.0	nan	nan	1	1	6.000000000000838e-05	6.000000000000867e-05	5.999999999999513e-05	0.9359659369103175	-4.360661137736699e-19	7.810646660694198e-18	-7.534527472416452e-19	1.187000000000006	7.012402811201745e-18	5.160802341031001e-20	1.8865117801247776e-20	0.9012849383781572	-118.55616645342019	389800.9034465933	-1486236.7549687624	494349.31732263666	238581775.07169446	1796310.8983641781	-1431165.4887591812	1363930.373219558	206.44552431685187	1599.565890624997	-110.81825706808299	462083.7375205156	-1337757.0082115615	462084.18648564554	282823249.90689045	1616853.7651755167	-1337756.354517242	1616851.1642800637	185.82096428814498	-0.06617619535658856	0.0	0.0	0.0	0.1714291156275359	0.0	0.0	0.0	-0.10393382455667724	282847700.1050405	0.1723734132616154
284	1900.0	nan	nan	1	1	6.000000000000838e-05	6.000000000000867e-05	5.999999999999513e-05	0.9350173198186106	8.592844318033866e-19	9.140908516225287e-19	8.466263714396183e-20	1.1899999999999817	1.4534814324340673e-18	7.099355825435083e-19	1.1075125191939429e-19	0.8999290323724612	-481.21755094777944	388071.4317175535	-1481617.4642047875	493900.8195554632	238731878.5664875	1806775.917464942	-1426015.8456511705	1366358.7362606989	-54.75675526766002	1599.565890624997	-449.35154000833893	461194.11251041316	-1331586.7698050984	461194.92824298836	283715130.4235898	1623819.215029344	-1331585.7143148587	1623816.0123037447	-49.21200825005595	-0.06719022599484308	0.0	0.0	0.0	0.17395330712342286	0.0	0.0	0.0	-0.10543937168636845	283739818.3183377	0.17491170450855925
288	1930.0	nan	nan	1	1	6.000000000000838e-05	6.000000000000867e-05	5.999999999999513e-05	0.9340711571467515	5.154297127996088e-19	-3.3507810241750757e-18	7.975120130260249e-19	1.192999999999996	-9.475168046002569e-18	-1.9147010366094008e-19	3.8879489905330187e-19	0.8985793943278007	-794.7900112748914	386432.6911797931	-1476641.2531668446	493554.655719327	238868541.49582168	1817599.488997393	-1420532.1043689623	1369030.7638178037	-291.31072827828154	1599.565890624997	-741.4049841828438	460402.25511760166	-1325118.1169770164	460403.2216383735	284591903.56170213	1631089.4789869958	-1325116.782332883	1631085.7372411888	-261.4183525507277	-0.06820265827329235	0.0	0.0	0.0	0.17647114311577577	0.0	0.0	0.0	-0.10694021347055566	284616798.5728643	0.1774434897906892
292	1960.0	nan	nan	1	1	6.000000000000838e-05	6.000000000000867e-05	5.999999999999513e-05	0.9331274626307251	4.566659550508944e-19	-1.7923488214444118e-18	-3.6129682145363827e-19	1.1960000000000008	3.420549433974518e-18	-5.568462357885551e-19	-2.6725583551767683e-19	0.8972359568384366	-1081.2242874495707	384827.00513169315	-1471312.954484293	493238.1297569073	238992215.04442137	1828585.177104899	-1414719.4078410764	1371796.0488349001	-521.4588181393589	1599.565890624997	-1007.5762994876142	459640.08897677227	-1318356.6310744574	459641.0340716077	285453987.17582566	1638487.1664272705	-1318355.277727063	1638482.8755161844	-467.24844543167643	-0.06921347157015521	0.0	0.0	0.0	0.17898265552844034	0.0	0.0	0.0	-0.10843640041328051	285479073.9879891	0.17996880555140976
296	1990.0	nan	nan	1	1	6.000000000000838e-05	6.000000000000867e-05	5.999999999999513e-05	0.9321862477500036	3.5962986061344184e-19	-6.261050705669291e-18	-4.028759747684574e-19	1.1990000000000036	5.5630413470231235e-18	-1.1644331332494318e-19	-1.339369153779968e-18	0.895898655544232	-1332.4556020452562	383249.26782198565	-1465769.0920338898	492945.28538703086	239103372.5315512	1839679.7496684098	-1408709.1493656877	1374613.7313320858	-735.6171383831514	1599.565890624997	-1240.4369061435498	458901.79594531807	-1311425.6839430307	458902.7384964788	286301830.907286	1645964.0792379705	-1311424.4228573916	1645959.3350936119	-658.1576962342149	-0.07022264761959306	0.0	0.0	0.0	0.18148787604538003	0.0	0.0	0.0	-0.10992798005588643	286327087.0941823	0.18248768745973315
300	2020.0	nan	nan	1	1	6.000000000000838e-05	6.000000000000867e-05	5.999999999999513e-05	0.931247519561984	-4.3265087693034054e-19	2.038500661674658e-17	5.1290894274858e-19	1.2019999999999949	-4.3586011536089764e-18	7.376911581591372e-19	1.4582519219930034e-18	0.8945674307384578	-1554.562499968431	381785.54432756384	-1460093.7901798652	492787.6578161011	239202474.22019413	1850825.9952475326	-1402582.2680589745	1377440.3848615284	-934.3022337724367	1599.565890624997	-1445.7414650783346	458290.9372829233	-1304401.1026223793	458291.99559234444	287135874.41831416	1653468.7601579644	-1304400.011680207	1653463.4545720925	-834.6757394024585	-0.07123017284951609	0.0	0.0	0.0	0.18398683611301248	0.0	0.0	0.0	-0.1114149951535462	287161281.3303489	0.18500017028401908
