6	header
postResults v2.0.3	--cr f,p,texture --time RVE_1_40_D_tensionX.spectralOut
addCauchy v2.0.3	RVE_1_40_D_tensionX.txt
addStrainTensors v2.0.3	--left --logarithmic RVE_1_40_D_tensionX.txt
addMises v2.0.3	-s Cauchy RVE_1_40_D_tensionX.txt
addMises v2.0.3	-e ln(V) RVE_1_40_D_tensionX.txt
inc	time	elem	node	ip	grain	1_pos	2_pos	3_pos	1_f	2_f	3_f	4_f	5_f	6_f	7_f	8_f	9_f	1_p	2_p	3_p	4_p	5_p	6_p	7_p	8_p	9_p	texture	1_Cauchy	2_Cauchy	3_Cauchy	4_Cauchy	5_Cauchy	6_Cauchy	7_Cauchy	8_Cauchy	9_Cauchy	1_ln(V)	2_ln(V)	3_ln(V)	4_ln(V)	5_ln(V)	6_ln(V)	7_ln(V)	8_ln(V)	9_ln(V)	Mises(Cauchy)	Mises(ln(V))
0	0.0	nan	nan	1	1	6.000000000000838e-05	6.000000000000867e-05	5.999999999999513e-05	1.0	0.0	0.0	0.0	1.0	0.0	0.0	0.0	1.0	2.7716487604837305e-06	-1.193192284640359e-09	-2.8066754232013673e-08	-1.19319228464005e-09	2.7018729684353462e-06	-1.6832583398956398e-08	-2.8066754232013544e-08	-1.6832583398956544e-08	2.6991213888906947e-06	1599.565890624997	2.7716487604837305e-06	-1.193192284640359e-09	-2.8066754232013673e-08	-1.19319228464005e-09	2.7018729684353462e-06	-1.6832583398956398e-08	-2.8066754232013544e-08	-1.6832583398956544e-08	2.6991213888906947e-06	0.0	0.0	0.0	0.0	0.0	0.0	0.0	0.0	0.0	9.102600058541354e-08	0.0
2	2.0	nan	nan	1	1	6.000000000000838e-05	6.000000000000867e-05	5.999999999999513e-05	0.9999331859138993	-7.102172739380296e-24	-1.955918189218387e-22	2.6469779601696886e-26	1.000200000000001	1.0521737391674512e-24	-1.1911400820763598e-25	1.531276749958165e-23	0.9999338800589289	-1.2748674004569693e-05	-494.16260335181823	2741.200914488692	-494.29446170518656	14158906.776127193	727.4803459893062	2741.202817406809	727.2867876741275	-6.526679042508476e-06	1599.565890624997	-1.2746967608361389e-05	-494.22830092682887	2740.835910378407	-494.22830092680283	14160789.1643	727.3834784758618	2740.8359103783923	727.3834784758259	-6.525809983745046e-06	-6.681631826113055e-05	0.0	0.0	0.0	0.00019998000266735472	0.0	0.0	0.0	-6.61221270905273e-05	14160790.041965127	0.00017763326904611168
4	4.0	nan	nan	1	1	6.000000000000838e-05	6.000000000000867e-05	5.999999999999513e-05	0.9998663539893822	-8.003799607063096e-24	2.8957938884256395e-23	-9.403389203502819e-24	1.0003999999999935	-1.2260073992566951e-21	-3.0506420990955662e-24	2.874618064744282e-23	0.9998677425139987	3.3005504442371604e-06	-988.3614006173974	5482.594259819337	-988.888906234887	28326310.375506416	1455.4063112480992	5482.601873553848	1454.6319700802428	2.2640759734713358e-06	1599.565890624997	3.299667157619482e-06	-988.6242617908388	5481.13463075684	-988.6242617908254	28333843.942863375	1455.0188389587113	5481.134630756715	1455.0188389587136	2.26347320935387e-06	-0.00013365494204167923	0.0	0.0	0.0	0.00039992002132067657	0.0	0.0	0.0	-0.00013226623279384865	28333845.697156284	0.0003552546439164649
6	6.0	nan	nan	1	1	6.000000000000838e-05	6.000000000000867e-05	5.999999999999513e-05	0.9997995042228782	2.4322418731509226e-23	1.505071668152485e-22	-1.2890782666026383e-23	1.000599999999987	2.691976585492573e-23	-1.0984958534704208e-24	1.3287829360051837e-23	0.9998015873617153	-8.057200426264899e-06	-1482.5963387094669	8224.179771035722	-1483.7833888163443	42502212.49605078	2183.7779609259983	8224.196906579762	2182.0354505090527	-9.004784034914337e-06	1599.565890624997	-8.05396701370473e-06	-1483.1879358561641	8220.896477130387	-1483.187935856214	42519172.06015092	2182.906143301709	8220.896477130538	2182.906143301696	-9.001189104676433e-06	-0.0002005158790870514	0.0	0.0	0.0	0.0005998200719546787	0.0	0.0	0.0	-0.00019843232467626188	42519174.69008116	0.0005328641403784924
8	8.0	nan	nan	1	1	6.000000000000838e-05	6.000000000000867e-05	5.999999999999513e-05	0.9997326366108236	-8.432279164365564e-23	-7.353040075555378e-22	-1.0402623383466876e-23	1.0008000000000166	-5.296073502707513e-22	9.132073962585425e-24	5.810116622572466e-23	0.9997354145986064	-1.002310229341674e-05	-1976.8673654824947	10965.95718308606	-1978.9779656307437	56686614.83621681	2912.5953601362494	10965.98765452789	2909.4971322180236	-1.0963766846543876e-05	1599.565890624997	-1.0017740769209957e-05	-1977.9193773842335	10960.121765242868	-1977.919377384067	56716781.2472357	2911.045453397533	10960.121765242668	2911.0454533975885	-1.0957932594264782e-05	-0.0002673991371393094	0.0	0.0	0.0	0.000799680170581106	0.0	0.0	0.0	-0.00026462041028630387	56716784.751780815	0.0007104617742039657
10	10.0	nan	nan	1	1	6.000000000000838e-05	6.000000000000867e-05	5.999999999999513e-05	0.9996657486137109	-9.99399616086568e-23	-5.100991227043007e-22	-1.8793543517204787e-24	1.0009999999999932	1.500704154518205e-21	7.72917564369549e-24	-3.067847455836669e-23	0.9996692150059096	0.0004047494145706878	-2474.36767396012	13686.839682144622	-2477.6702063348826	70877013.31317334	3663.9345649053175	13686.88714196274	3659.063526805349	0.00040778265217886656	1599.565890624997	0.00040447886504016466	-2476.0140396134525	13677.738318623386	-2476.0140396130373	70924172.6264628	3661.498151447744	13677.738318623695	3661.498151447956	0.00040751148818182086	-0.0003343072607347695	0.0	0.0	0.0	0.0009995003330765465	0.0	0.0	0.0	-0.0003308397155145126	70924176.99588713	0.0008880514707385238
12	12.0	nan	nan	1	1	6.000000000000838e-05	6.000000000000867e-05	5.999999999999513e-05	0.9995987773673682	-6.651193869416385e-23	-1.5148125470459094e-21	-1.6014216659026615e-23	1.001199999999962	-1.7882453703314384e-21	1.257314531080602e-23	-7.040961374051372e-23	0.9996027529366662	0.005670965524540407	-3040.225938588402	15804.253825550888	-3045.095971132436	85009607.98976646	5015.314089967119	15804.316681679555	5007.312995579276	0.0070847456123883604	1599.565890624997	0.005666419490816166	-3042.654921386338	15791.647418160026	-3042.6549213820294	85077526.25624974	5011.313578882626	15791.647418163102	5011.313578883222	0.007079094400351637	-0.0004013031439682609	0.0	0.0	0.0	0.0011992805754435976	0.0	0.0	0.0	-0.0003973259868507735	85077531.25261647	0.001065732567599133
14	14.0	nan	nan	1	1	6.000000000000838e-05	6.000000000000867e-05	5.999999999999513e-05	0.9995310529696397	1.6893013341802952e-22	2.4996736366862455e-21	-3.2240191554866806e-23	1.0013999999999759	1.1476237644111702e-21	2.4087499437544167e-23	1.0799670077492329e-23	0.9995333827137376	-3.81071919996766	-4232.49557549542	10206.508776893483	-4240.409599775494	98374096.58368108	13257.520393013114	10206.532562354301	13232.808275723251	-4.757233792215466	1599.565890624997	-3.8071681421222556	-4236.45812753176	10197.021504348759	-4236.458130515534	98466196.49726343	13245.19710872608	10197.02150010384	13245.197111209118	-4.752811793025312	-0.0004690570204065902	0.0	0.0	0.0	0.0013990209136823528	0.0	0.0	0.0	-0.0004667261859864155	98466205.3071641	0.0012446090720955563
16	16.0	nan	nan	1	1	6.000000000000838e-05	6.000000000000867e-05	5.999999999999513e-05	0.9994608651006758	1.180552170235681e-22	3.855032231411533e-21	-6.6280328122649e-23	1.0016000000000158	3.441071348220595e-21	2.6284491144485007e-23	-8.315745959669094e-22	0.9994522603630644	90.13252399986223	-5645.387296620165	-30530.28960978173	-5657.4700909637995	108702647.18744878	47677.18880593934	-30530.026774442416	47574.954176381405	209.18015383734004	1599.565890624997	90.03785963667725	-5651.528129707655	-30497.96169460251	-5651.528164790735	108820889.70607032	47626.70438095019	-30497.961706092312	47626.70436417048	208.95865714153854	-0.000539280284801329	0.0	0.0	0.0	0.0015987213637123701	0.0	0.0	0.0	-0.0005478897010908233	108820784.73569249	0.0014282128875417572
18	18.0	nan	nan	1	1	6.000000000000838e-05	6.000000000000867e-05	5.999999999999513e-05	0.9993887459675055	-3.333074647445672e-22	1.6403428298289965e-20	-6.479802046495397e-23	1.0018000000000136	9.156426159818986e-22	-2.7422691667357974e-23	-5.442186686108879e-22	0.9993547839059717	-87.84703049285936	-2904.3176787862394	-116460.96973664466	-2911.3229088286275	115110621.22487698	116320.0888468053	-116457.01257236478	116036.17275218124	292.3937768502901	1599.565890624997	-87.74580495648787	-2907.9703097320917	-116322.81943913236	-2907.968211221396	115255390.7245613	116182.10566740038	-116322.81994802995	116182.10627678451	292.04692856838113	-0.000611440924403469	0.0	0.0	0.0	0.001798381941392696	0.0	0.0	0.0	-0.0006454243355112187	115255640.45890911	0.0016179953464965035
20	20.0	nan	nan	1	1	6.000000000000838e-05	6.000000000000867e-05	5.999999999999513e-05	0.9993167725437633	5.124549330888517e-23	-1.3227372383441561e-20	-2.4818065354551e-22	1.0019999999999958	5.8290689847672816e-21	-1.1785669367655537e-22	-3.6337713437209484e-22	0.9992456941519136	-168.59851781065734	4983.648901684849	-218701.0320737416	4997.033258255568	119051511.33996037	207404.76294153027	-218685.47814611692	206834.6467966964	206.15872856690905	1599.565890624997	-168.3890106384901	4990.820800720078	-218413.72932430072	4990.823747515157	119222836.69537073	207132.29985310667	-218413.73094029698	207132.29962759942	205.88790236651627	-0.0006834609624798435	0.0	0.0	0.0	0.0019980026626688473	0.0	0.0	0.0	-0.0007545904798844056	119223958.24178313	0.0018118177238264804
22	22.0	nan	nan	1	1	6.000000000000838e-05	6.000000000000867e-05	5.999999999999513e-05	0.9992457322782401	1.8151916059659655e-21	1.3171468208922777e-20	-1.6517142471458857e-22	1.0021999999999982	-5.318519875809752e-21	-8.516386889049956e-22	1.2976544751935881e-21	0.9991300567490632	-97.24283275368548	17564.46469754174	-315123.05609926465	17616.395899629046	121777320.06080987	305872.6504246736	-315086.57819209964	304935.699576157	239.90436443330057	1599.565890624997	-97.11385168361399	17593.02794254984	-314668.6516303483	17593.02984241337	121975353.73215844	305431.5849533217	-314668.6532626262	305431.5844920195	239.55842460693415	-0.0007545523247781949	0.0	0.0	0.0	0.0021975835434856505	0.0	0.0	0.0	-0.0008703218711682947	121977651.17607987	0.0020077932831745787
24	24.0	nan	nan	1	1	6.000000000000838e-05	6.000000000000867e-05	5.999999999999513e-05	0.9991755315732679	-1.2112571145736494e-22	2.8678312132544065e-20	2.286988957586611e-23	1.0024000000000006	-1.211638279399914e-20	-1.8670723739852916e-21	4.7615957129900495e-21	0.9990107365608889	-61.45328031798576	34228.958272357304	-400335.3250577165	34339.420419743314	123881662.06905183	400915.08394041256	-400269.29872457613	399559.53083466535	228.53160618692274	1599.565890624997	-61.36685355321452	34291.125210460596	-399706.36596676835	34291.126089552294	124106657.0442626	400285.21400149015	-399706.3673343067	400285.2144042421	228.17256459782607	-0.0008248084877513524	0.0	0.0	0.0	0.0023971245997221158	0.0	0.0	0.0	-0.0009897530831378936	124110455.35736912	0.0022049943299679545
26	26.0	nan	nan	1	1	6.000000000000838e-05	6.000000000000867e-05	5.999999999999513e-05	0.999105888881937	-2.2158381900172498e-21	1.3741203745069702e-20	-4.3198680309969315e-23	1.0026000000000115	3.271664758769735e-20	-1.429368098491632e-22	-8.216219588366713e-22	0.9988892175097797	-38.904439987336985	53328.633341211884	-475275.57881079847	53515.13714854092	125621793.66059916	486996.2659196833	-475172.5091238912	485193.8164221787	195.43770805288915	1599.565890624997	-38.8467009906358	53435.713190670074	-474467.2933191307	53435.71407168159	125874032.69076103	486168.04744225985	-474467.29439915204	486168.0487916473	195.1053335927092	-0.0008945110738297935	0.0	0.0	0.0	0.0025966258472778733	0.0	0.0	0.0	-0.0011113998663129	125879487.76054038	0.0024029857558590293
28	28.0	nan	nan	1	1	6.000000000000838e-05	6.000000000000867e-05	5.999999999999513e-05	0.9990365539065332	-1.0537089863843496e-21	-1.7324682507547426e-20	7.250602028496811e-22	1.0027999999999873	-4.002230675776569e-21	1.733664684792739e-21	-4.105568695341594e-21	0.9987662934356579	-8.904428800648558	72857.14544217092	-541198.1423685683	73131.60491505821	127113801.23480673	562044.510732297	-541051.7376147676	559783.719733242	156.02789336078305	1599.565890624997	-8.890534326363353	73017.48922338354	-540207.4795019577	73017.49032930809	127393552.89692031	561015.688601223	-540207.4802655819	561015.6900189093	155.74228439798887	-0.000963910505969179	0.0	0.0	0.0	0.0027960873019883454	0.0	0.0	0.0	-0.001234468206779041	127400684.04289013	0.002601544955281083
30	30.0	nan	nan	1	1	6.000000000000838e-05	6.000000000000867e-05	5.999999999999513e-05	0.9989673265022926	5.653097889975201e-21	-6.895271707123631e-21	1.4941661189565858e-21	1.0030000000000276	8.318160003568769e-20	3.0103550945417833e-21	2.605473345754228e-21	0.9986424316905204	30.540352997202646	91468.26515650781	-598606.9527076992	91837.50917312135	128414544.24860908	625559.387855124	-598412.267493084	622841.6242056855	124.83555647726047	1599.565890624997	30.49039877838895	91687.29141494655	-597433.4568956683	91687.29247363005	128722040.59291781	624333.0550861775	-597433.4570204647	624333.0559095257	124.59083161722339	-0.0010332070723544089	0.0	0.0	0.0	0.002995508979825822	0.0	0.0	0.0	-0.0013584906401826627	128730762.2412862	0.0028005426109011153
32	32.0	nan	nan	1	1	6.000000000000838e-05	6.000000000000867e-05	5.999999999999513e-05	0.9988980488090444	3.6676526616111205e-21	-1.4048454358774357e-19	3.2288895949333928e-21	1.0032000000000114	-3.7263520448558437e-20	2.5021353261892034e-21	-1.0426975580700438e-21	0.9985179451372207	66.76385844590122	108601.79838182873	-647834.8973624798	109069.51431394463	129556896.14408934	677890.1253619493	-647588.3805877314	674726.330979953	100.50682802553638	1599.565890624997	66.64967405357815	108882.97482546509	-646480.8286788139	108882.97572101699	129892326.568347	676473.2369024728	-646480.8279771695	676473.2371362005	100.29675421062143	-0.0011025587855699511	0.0	0.0	0.0	0.0031948908965310193	0.0	0.0	0.0	-0.0014831541923991292	129902490.51999833	0.002999890090133032
34	34.0	nan	nan	1	1	6.000000000000838e-05	6.000000000000867e-05	5.999999999999513e-05	0.9988286039630022	-2.6241080705938223e-21	1.7281166189882236e-20	1.9752808329970283e-21	1.0034000000000256	1.6457850165151056e-21	1.9015889665859044e-21	-1.4773948666009507e-20	0.9983930653646171	91.706031730877	124053.59079318332	-689570.7267123676	124621.35469894554	130565197.72211994	720014.1573943589	-689270.038348443	716421.3089021989	75.21728878353827	1599.565890624997	91.54239039023992	124398.97812645456	-688040.098112303	124398.9788620454	130928714.53103246	718415.9540207708	-688040.0966422386	718415.9536665971	75.05033022661067	-0.0011720826575910015	0.0	0.0	0.0	0.003394233068041508	0.0	0.0	0.0	-0.001608227139676025	130940144.58628617	0.0031995162636182404
36	36.0	nan	nan	1	1	6.000000000000838e-05	6.000000000000867e-05	5.999999999999513e-05	0.9987589153641195	5.9258424989910855e-21	7.47239760573535e-20	1.24683249835833e-21	1.0035999999999996	2.404218317486606e-20	2.928192898658116e-21	-4.9373550495453165e-21	0.9982679691663372	102.560265305125	137798.00061509808	-724898.8145095279	138465.92227498806	131460782.75624487	753326.148487632	-724542.4840150125	749323.7978030674	49.23592698056635	1599.565890624997	102.36968020572606	138208.61368968146	-723196.0873190698	138208.6146180546	131852512.06983235	751556.6478474898	-723196.0853788166	751556.6469525542	49.12027587183341	-0.0012418554192214144	0.0	0.0	0.0	0.003593535510129776	0.0	0.0	0.0	-0.0017335325333113075	131865028.79681805	0.003399359605168229
38	38.0	nan	nan	1	1	6.000000000000838e-05	6.000000000000867e-05	5.999999999999513e-05	0.9986889413935062	2.439454888092385e-21	-8.894121231878011e-20	2.024408743937778e-21	1.0037999999999752	-1.0654658036922393e-19	3.554150246679044e-21	-1.2942663434045709e-20	0.9981427884215474	101.87291188449424	150024.86693205978	-755058.2432612361	150792.66052147973	132262949.79580739	779358.9607731435	-754645.3224316445	774966.651620704	25.665325325024604	1599.565890624997	101.67609431498805	150501.3293489538	-753187.3564691838	150501.33042799155	132683002.32452439	777427.86155134	-753187.3543079034	777427.8601616232	25.601731663750304	-0.0013119187957498799	0.0	0.0	0.0	0.00379279823867193	0.0	0.0	0.0	-0.0018589383341745765	132696440.14071518	0.0035993670019350576
40	40.0	nan	nan	1	1	6.000000000000838e-05	6.000000000000867e-05	5.999999999999513e-05	0.9986186654197107	-2.4750302718770657e-21	1.276952989962693e-19	1.794015782284608e-21	1.0039999999999998	2.114651634138251e-19	1.8507669897506463e-21	-9.630764610281394e-21	0.9980176188127823	95.13842695239032	160989.96401410367	-781126.0890086789	161857.50411870185	132988662.087326	799528.3885096338	-780655.9440034613	794764.3589651599	6.844566521456	1599.565890624997	94.94761175412361	161532.87235322632	-779090.2171352644	161532.87323369886	133437141.30836397	797444.5541824141	-779090.2147444778	797444.5521111244	6.8267273266539945	-0.0013822895023799177	0.0	0.0	0.0	0.003992021269537457	0.0	0.0	0.0	-0.001984348705480463	133451354.72083665	0.00379949381527712
44	48.666666666666664	nan	nan	1	1	6.000000000000838e-05	6.000000000000867e-05	5.999999999999513e-05	0.9983105841290173	-9.203860004865227e-21	-1.4157816900176727e-19	-1.1163894244811679e-21	1.0048666666666235	-4.501217785004077e-20	-3.152656629680506e-21	-8.736297817980854e-21	0.9974767410799595	271.8668908772914	195266.11200772796	-860220.6523485967	196548.44748307997	135532708.3466228	842109.4911710699	-859502.1195913028	835916.4660536298	-595.4521299953591	1599.565890624997	271.2346083180559	196091.34516947344	-857503.1998648692	196091.3335072392	136105496.34490272	839449.2521706396	-857503.1700388584	839449.214164112	-593.5710860269553	-0.0016908445432831105	0.0	0.0	0.0	0.004854862726138482	0.0	0.0	0.0	-0.002526447703042558	136121950.1890397	0.0046673394741066935
48	57.33333333333333	nan	nan	1	1	6.000000000000838e-05	6.000000000000867e-05	5.999999999999513e-05	0.9979982237427282	-2.9408983928669308e-21	-1.6216530478478305e-19	-2.39710324072967e-21	1.0057333333333531	3.952967239564259e-19	4.302927372051846e-21	-2.7132159366449745e-20	0.9969390697916025	192.72895236994177	214146.7163127998	-909128.7634403068	215806.47412648395	137594759.66751203	852558.0455803944	-908163.9051173278	845103.1387982491	-424.38744260328946	1599.565890624997	192.21863998473137	215235.069481417	-905759.2663046276	215235.05652056052	138294054.5026031	849398.216073172	-905759.24674668	849398.1879811464	-422.8145385991761	-0.00200378248916259	0.0	0.0	0.0	0.00571696032924919	0.0	0.0	0.0	-0.003065624436851919	138311395.0870062	0.00553516381698121
52	66.0	nan	nan	1	1	6.000000000000838e-05	6.000000000000867e-05	5.999999999999513e-05	0.9976828277503228	2.1004723026012138e-20	-4.152494320619482e-20	1.735062289155709e-20	1.0065999999999957	4.771167185294023e-20	4.760325163569168e-21	8.721051224930276e-21	0.9964045432647042	155.12036177474147	224738.9309146796	-941595.9191547271	226747.60784976956	139428888.69417745	851471.7847097184	-940389.4718068638	842847.5393305281	-289.8882924288067	1599.565890624997	154.6593511316138	226073.73756167752	-937594.7015001874	226073.72429685286	140257007.82180282	847853.5405478476	-937594.6771697951	847853.5189056973	-288.6564411326034	-0.00231986104770303	0.0	0.0	0.0	0.006578315360118536	0.0	0.0	0.0	-0.0036019359249564427	140274709.70752892	0.006402408845337778
56	74.66666666666666	nan	nan	1	1	6.000000000000838e-05	6.000000000000867e-05	5.999999999999513e-05	0.9973653460479511	1.8770250111155296e-20	-2.959363711117075e-20	3.201784540621255e-21	1.0074666666666603	-1.210952182712638e-19	2.6766241133235892e-21	8.59569034873664e-21	0.9958726968354635	150.33069430095344	230698.91335585018	-964711.9351753806	233035.4176792025	141142306.97269633	846566.0925028627	-963268.1372463126	836823.7495183684	-198.6115452202301	1599.565890624997	149.8349584029453	232266.96695135403	-960091.6471316664	232266.9517142969	142101647.0003837	842511.6395073228	-960091.6296324751	842511.6154478071	-197.66033635231264	-0.0026381307609071878	0.0	0.0	0.0	0.007438929096991816	0.0	0.0	0.0	-0.004135843988723532	142119462.16331014	0.00726889342454477
60	83.33333333333333	nan	nan	1	1	6.000000000000838e-05	6.000000000000867e-05	5.999999999999513e-05	0.9970464583359585	1.1503554456660652e-20	1.8216290563650983e-20	-1.5409223376450232e-20	1.0083333333333404	5.09161668989927e-19	-1.3891340334970526e-22	-4.642418177311369e-20	0.9953430602451273	147.8597392825216	234035.30344545012	-982009.4641267982	236684.63859112104	142782112.34317264	840962.0341810337	-980331.7458711556	830127.9667828048	-139.53098307411688	1599.565890624997	147.32383619575643	235826.815370088	-976778.6398408444	235826.7983904934	143875092.13349476	836482.5207011196	-976778.6298490696	836482.4959054311	-138.787749855325	-0.002957911975608315	0.0	0.0	0.0	0.008298802814701451	0.0	0.0	0.0	-0.004667817081989735	143892908.61493453	0.008134571420636678
64	92.0	nan	nan	1	1	6.000000000000838e-05	6.000000000000867e-05	5.999999999999513e-05	0.9967266211476452	-1.536602469614026e-20	3.532093508732542e-19	-1.1429862590249529e-20	1.009200000000004	-2.1537676156424545e-19	5.251604272976662e-21	-3.3034284942917712e-21	0.9948152728193302	144.53346104969523	235857.06371821367	-995667.3361550936	238808.6424944206	144370426.35735708	835866.8021188576	-993758.0140513409	823952.6722085596	-98.39087017320044	1599.565890624997	143.96228014656418	237864.91343505413	-989830.7928842917	237864.89607677632	145599450.89922145	830967.0001648909	-989830.7878171054	830966.9761836163	-97.81410868835016	-0.0032787480771166136	0.0	0.0	0.0	0.009157937784769905	0.0	0.0	0.0	-0.005198214517611723	145617217.16739535	0.008999439680985235
68	100.66666666666666	nan	nan	1	1	6.000000000000838e-05	6.000000000000867e-05	5.999999999999513e-05	0.9964061430738775	-1.8431436932253577e-20	-6.45273087350115e-19	8.226383983733765e-21	1.010066666666652	-2.990229591715021e-19	1.0513372941320376e-20	1.1180834903756765e-21	0.9942890723684366	140.5854854650373	236881.99225068116	-1007349.2653551626	240129.5794617423	145918422.18608066	831848.9435044698	-1005208.9422374873	818855.1483104373	-69.06850856736291	1599.565890624997	139.98380023144045	239101.87630875633	-1000906.7970557893	239101.86012333282	147285862.47190693	826528.8816026972	-1000906.7955740264	826528.8573684203	-68.62678324702594	-0.0036003303442715077	0.0	0.0	0.0	0.010016335275474053	0.0	0.0	0.0	-0.005727297332639885	147303568.1051846	0.009863507814935685
72	109.33333333333333	nan	nan	1	1	6.000000000000838e-05	6.000000000000867e-05	5.999999999999513e-05	0.9960852388421958	5.486571212545005e-20	-3.4606378093021696e-20	2.1917824543152277e-20	1.0109333333333608	8.2845243252333e-19	1.0652286344670081e-20	-4.2449903184596516e-20	0.9937642673884297	137.06936930552723	237667.25729443945	-1018051.0155082197	241210.01849228563	147432085.0383766	829222.8904650694	-1015678.8620317219	815139.8572535734	-47.336104216407634	1599.565890624997	136.43774123652753	240098.5146294247	-1010998.5215559527	240098.50087915594	148940266.44393578	823478.4932482297	-1010998.5218390201	823478.4680472822	-47.00818588655518	-0.003922443892534706	0.0	0.0	0.0	0.010873996551905263	0.0	0.0	0.0	-0.006255255996225673	148957924.57970536	0.010726788428919814
76	118.0	nan	nan	1	1	6.000000000000838e-05	6.000000000000867e-05	5.999999999999513e-05	0.9957640608673252	2.1773828942119044e-20	-2.1194119593018202e-19	-9.059864403831996e-21	1.011800000000006	4.0409570221250357e-19	-2.2659825404947042e-20	-4.77252243800963e-20	0.9932407173561554	134.6735729588731	238562.63340722758	-1028244.5855536553	242404.47256033198	148914831.79206297	828126.1828186392	-1025638.934692847	812935.9736638998	-30.302950600899116	1599.565890624997	134.00876114718253	241207.8610924426	-1020575.8998764857	241207.8505874821	150566027.66532066	821949.9874986794	-1020575.9006963997	821949.9617857204	-30.07695008845883	-0.004244936139012438	0.0	0.0	0.0	0.011730922875705064	0.0	0.0	0.0	-0.006782230058605371	150583661.50686267	0.011589293557817355
80	126.66666666666666	nan	nan	1	1	6.000000000000838e-05	6.000000000000867e-05	5.999999999999513e-05	0.9954427189810384	-2.2429432443293874e-21	6.429318882839041e-19	-2.214144124122741e-20	1.012666666666675	-1.1494711432691318e-18	-4.1335207826009854e-20	1.3203549581800033e-20	0.9927183186810563	133.48920396771254	239717.02446852135	-1038132.6213945446	243864.79209460568	150368779.0325149	828553.722023205	-1035291.3848368276	812232.1572313021	-16.001497240208497	1599.565890624997	132.78639866089975	242580.8804095921	-1029840.6941800725	242580.8720101756	152165207.64303425	821935.7745522284	-1029840.6947605261	821935.747930264	-15.873687702482764	-0.004567697082103293	0.0	0.0	0.0	0.012587115505479692	0.0	0.0	0.0	-0.007308322165913386	152182842.70646304	0.012451033521594294
84	135.33333333333331	nan	nan	1	1	6.000000000000838e-05	6.000000000000867e-05	5.999999999999513e-05	0.9951212929993452	-7.286600928755119e-20	1.020884765612351e-18	4.52434178446412e-20	1.0135333333333296	3.6902853819617556e-19	3.662570463927595e-20	2.6264797628461344e-20	0.9921969948793713	132.9276752641546	241150.96770575707	-1047794.7201134457	245612.8096842963	151795361.13840786	830385.1531957965	-1044715.6344663803	812904.3206353888	-4.111866815848451	1599.565890624997	132.18417529258346	244239.03905548854	-1038872.260606134	244239.03167565647	153739184.58731732	823314.0372962432	-1038872.2610456011	823314.0094975544	-4.076852356947689	-0.004890646741147033	0.0	0.0	0.0	0.013442575696485635	0.0	0.0	0.0	-0.007833607864613411	153756845.19806388	0.013312016727149061
88	144.0	nan	nan	1	1	6.000000000000838e-05	6.000000000000867e-05	5.999999999999513e-05	0.994799841403147	3.2475243197729876e-21	1.204846769228829e-18	1.7840207935070075e-20	1.0143999999999955	1.0273560973293738e-18	2.841287318269825e-20	1.9959484369100333e-20	0.9916766892638244	132.6169389938662	242823.45476272405	-1057263.6813487352	247607.70510316148	153195638.99502867	833429.9317694149	-1053944.4257201585	814760.4563930987	5.675629997165	1599.565890624997	131.83163985346397	246141.48799948546	-1047703.4303773413	246141.4812598924	155288963.22686246	825893.6856509227	-1047703.4307324315	825893.6571662811	5.6243084128233685	-0.005213726478767637	0.0	0.0	0.0	0.01429730470081914	0.0	0.0	0.0	-0.008358142900927637	155306670.36574697	0.014172249867354244
92	152.66666666666666	nan	nan	1	1	6.000000000000838e-05	6.000000000000867e-05	5.999999999999513e-05	0.9944784077016761	3.9644530063290275e-20	4.5380637182096395e-20	-2.199913970608869e-20	1.0152666666666532	7.402864671095244e-19	3.008661028647275e-21	-1.899725494101945e-20	0.9911573592811546	132.100379142785	244675.00537846872	-1066561.9429175348	249789.60736638197	154570462.42719775	837480.3419414118	-1063000.1725794785	817592.8581714366	13.37344280005095	1599.565890624997	131.27478828425436	248228.49748808643	-1056356.7151411665	248228.49135947993	156815337.90095282	829467.0449130518	-1056356.7153025735	829467.0165714661	13.245481146407617	-0.005536892636556842	0.0	0.0	0.0	0.015151303767330294	0.0	0.0	0.0	-0.008881968881145483	156833109.0853005	0.015031738272541822
96	161.33333333333331	nan	nan	1	1	6.000000000000838e-05	6.000000000000867e-05	5.999999999999513e-05	0.9941570251809834	1.6717042247010872e-20	-2.3026421264518704e-18	-4.391018798566293e-21	1.016133333333334	1.9085210842262336e-18	-9.97465998686664e-21	-8.226045170554863e-20	0.9906389721605177	131.1691523762037	246646.9091525404	-1075709.8111632206	252099.14915395397	155920562.40458927	842344.3418366278	-1071903.1647538308	821210.2463212899	19.234996449936297	1599.565890624997	130.3063573794588	250440.91531589942	-1064852.4774918566	250440.9095401882	158318985.22200862	833842.4080524447	-1064852.4773719779	833842.3800328444	19.040854152025403	-0.005860111782888502	0.0	0.0	0.0	0.01600457414171652	0.0	0.0	0.0	-0.009405117626791484	158336834.66270477	0.015890486271739317
100	170.0	nan	nan	1	1	6.000000000000838e-05	6.000000000000867e-05	5.999999999999513e-05	0.9938357202866278	2.087089182034596e-21	6.128656067881655e-19	2.7657319793747416e-20	1.01700000000002	-1.7927282922047815e-19	-4.1470733097570544e-21	-5.271255437352962e-20	0.9901215017479169	129.96637598298426	248688.43355429565	-1084724.5035355934	254484.84708076532	157246603.11918354	847859.2580144455	-1080670.6099248168	825450.9874021228	23.684177463322996	1599.565890624997	129.06888679520156	252727.49509973993	-1073207.9864072085	252727.48947975587	159800516.4585901	838857.5385589002	-1073207.9859913131	838857.5109513452	23.432722615074372	-0.006183357325796839	0.0	0.0	0.0	0.016857117066442672	0.0	0.0	0.0	-0.009927614345794035	159818455.3678075	0.01674849749597393
104	208.75	nan	nan	1	1	6.000000000000838e-05	6.000000000000867e-05	5.999999999999513e-05	0.9924004949332376	6.155557834286451e-20	-1.1575416731905708e-18	8.427639012001386e-20	1.0208750000000033	7.631970142668587e-19	-3.537209587733958e-21	1.2233188637425508e-19	0.987819121996736	9208.787904883568	257547.24295697108	-1123508.7684910893	264936.70765000046	162897317.90390903	877032.1606594321	-1118322.5500115182	848632.710513209	6493.658141536724	1599.565890624997	9131.717612976583	262719.61804305203	-1108962.6657107042	262719.39635926776	166168818.77125224	865677.1981451751	-1108963.072275057	865675.9785315166	6409.584548702787	-0.0076285284410790325	0.0	0.0	0.0	0.020660102696306377	0.0	0.0	0.0	-0.012255672896613537	166179537.14693943	0.020575634999370263
108	247.5	nan	nan	1	1	6.000000000000838e-05	6.000000000000867e-05	5.999999999999513e-05	0.9909682591247984	-2.907017074976759e-20	-9.855533273164796e-19	-3.020858303087737e-20	1.0247500000000123	1.3158961767456568e-18	-2.325613659981407e-20	7.848268476079446e-20	0.9855330666036924	7762.412353587715	266194.0585573996	-1160173.6958899333	275268.56456569897	168123713.85802433	911301.8037087345	-1153810.5339535815	876425.2529420971	5340.388304814234	1599.565890624997	7686.127461653042	272563.321714737	-1142471.417131247	272563.37038837577	172146433.90802774	897396.8870400531	-1142471.4929587988	897395.604812368	5258.903055849913	-0.00907277430253143	0.0	0.0	0.0	0.02444868040232229	0.0	0.0	0.0	-0.014572599828264879	172158998.80110475	0.024388505111935563
112	286.25	nan	nan	1	1	6.000000000000838e-05	6.000000000000867e-05	5.999999999999513e-05	0.9895398329843021	-5.845543775591378e-20	-1.6822209857741966e-18	-1.173547207761888e-19	1.028624999999997	8.114982210510879e-19	-1.3796472644878044e-20	3.050673862831088e-20	0.9832630819514955	7043.87776435443	274788.0388463076	-1194013.8249190468	285642.0391682308	172978398.86148682	948058.1344559386	-1186439.8773247565	906247.8157985408	4848.765608196207	1599.565890624997	6964.420773603305	282419.5848520139	-1173056.6854549372	282419.9138526585	177782438.42029455	931417.969887305	-1173056.4902880846	931416.5674220629	4763.660850647328	-0.010515259080929517	0.0	0.0	0.0	0.028222958943736824	0.0	0.0	0.0	-0.016878562951713354	177796176.79843602	0.028187027942987015
116	325.0	nan	nan	1	1	6.000000000000838e-05	6.000000000000867e-05	5.999999999999513e-05	0.988115525849154	7.022241945917051e-20	-3.996193024928541e-18	7.577217932958069e-20	1.0325000000000235	-5.954167280747269e-19	8.386303804175376e-20	8.165397611531456e-21	0.9810088223388621	6623.320517362551	283398.182380522	-1224716.1236311332	296128.6111767972	177501167.98256573	986030.2762864579	-1215907.4198870389	936855.037398384	4576.367649632046	1599.565890624997	6539.022002045419	292358.9706974194	-1200432.2431363799	292359.6251825832	183113590.6838453	966479.0995431029	-1200431.9208543596	966477.5268696605	4485.626650179677	-0.011955659072812172	0.0	0.0	0.0	0.03198304585307332	0.0	0.0	0.0	-0.01917382624736362	183128234.13688987	0.03197129716558022
120	363.75	nan	nan	1	1	6.000000000000838e-05	6.000000000000867e-05	5.999999999999513e-05	0.9866955347076493	1.1157117981233644e-19	-1.4438591381532583e-18	1.2404628105949778e-19	1.0363750000000183	3.8784622215237705e-19	-7.147602822110688e-20	2.9680034471790683e-20	0.9787700373706492	6358.469869271834	291591.1406044077	-1252458.7728624048	306273.56383451493	181726530.03309548	1024326.7248735904	-1242398.1584127182	967389.770036595	4404.212865433467	1599.565890624997	6268.375773747078	301932.9400025406	-1224794.8403592682	301933.928626025	188171785.24566978	1001701.7044002217	-1224794.4360290123	1001699.9720570919	4306.933936914052	-0.013393762610507481	0.0	0.0	0.0	0.03572904745426312	0.0	0.0	0.0	-0.021458559477333307	188187180.45951182	0.03574139773342661
124	402.5	nan	nan	1	1	6.000000000000838e-05	6.000000000000867e-05	5.999999999999513e-05	0.9852799920335426	1.4474776629039288e-19	-1.7800566793138572e-18	3.204495046052469e-20	1.040249999999985	1.828263018407994e-18	-1.501077907806181e-19	-5.2644791737749276e-20	0.9765465235223105	6178.281219512852	299053.90833373985	-1277728.4047326096	315739.81137899734	185684201.57743472	1062170.174757234	-1266402.2485158953	997122.6310014891	4281.481129385621	1599.565890624997	6081.868274401556	310811.35779438354	-1246640.297706801	310812.6473308812	192984466.02758285	1036326.7639430359	-1246639.8637786375	1036324.9908883248	4177.309426630703	-0.014829422331477183	0.0	0.0	0.0	0.03946106888089921	0.0	0.0	0.0	-0.023732886664295127	193000513.87445092	0.03949741237840743
128	441.25	nan	nan	1	1	6.000000000000838e-05	6.000000000000867e-05	5.999999999999513e-05	0.9838689953973728	-8.208765698430876e-20	1.5102800737451515e-18	-9.541656744230242e-20	1.0441250000000255	5.8012947744268125e-19	-3.7079714299004254e-20	2.0111272673248303e-19	0.9743380970835228	6045.392258570987	305743.351424972	-1300989.4492455504	324469.8178234683	189399819.70639881	1098881.044299279	-1288386.0330542787	1025432.7271753529	4185.726874883145	1599.565890624997	5942.405816167757	318940.7880181968	-1266438.209946414	318942.3035157761	197575278.3049051	1069697.3318987773	-1266437.698138848	1069695.6141177542	4074.563751324548	-0.016262525551869755	0.0	0.0	0.0	0.04317921409395794	0.0	0.0	0.0	-0.025996913310252074	197591905.29333034	0.04323942470528077
132	480.0	nan	nan	1	1	6.000000000000838e-05	6.000000000000867e-05	5.999999999999513e-05	0.9824626070327114	1.4934884925987825e-20	3.726728127484424e-18	-7.753400785986964e-20	1.047999999999998	-2.5173819192397806e-18	4.580754178751256e-20	2.5215154400223815e-19	0.9721445971702122	5944.829448156132	311529.0625737073	-1322575.601035363	332311.8754304044	192895604.520212	1133973.9756482227	-1308684.979369562	1051894.0015837254	4113.636557938213	1599.565890624997	5835.085850260495	326175.7513591176	-1284526.8718370025	326177.283824166	201964684.18854207	1101351.0626868382	-1284526.2041850977	1101349.3042420174	3995.292742060362	-0.01769299496276772	0.0	0.0	0.0	0.046883585898848765	0.0	0.0	0.0	-0.02825072306494963	201981821.9842808	0.04696751785820591
136	518.75	nan	nan	1	1	6.000000000000838e-05	6.000000000000867e-05	5.999999999999513e-05	0.9810608444478045	1.807771597348018e-19	-6.160707794605757e-19	-4.3320653054373935e-20	1.051874999999981	3.4520184020309097e-18	1.9992688060632703e-19	-3.56905802655072e-19	0.9699658971649024	5863.925190195927	316236.7899456883	-1342726.4260274696	339064.59557983733	196190928.01804677	1167316.297671476	-1327540.5928379798	1076415.8935208246	4060.373274886648	1599.565890624997	5747.352343331532	332322.68257796305	-1301150.2821501335	332324.10624962713	206170494.92443565	1131171.5481516987	-1301149.535446267	1131169.5181507226	3934.647989228998	-0.019120798457540025	0.0	0.0	0.0	0.05057428596291515	0.0	0.0	0.0	-0.030494365664706584	206188083.53195912	0.05068177209063323
140	557.5	nan	nan	1	1	6.000000000000838e-05	6.000000000000867e-05	5.999999999999513e-05	0.9796637101396217	-2.157562323246154e-20	-1.7219976529772586e-18	-5.134374913076667e-20	1.0557499999999898	2.8150225206413636e-18	-2.8449465006019638e-19	-1.783512573738655e-20	0.9678018771696971	5793.509479314826	320106.6154667508	-1361451.7403226264	344969.29424968216	199302767.92111462	1199186.4480121892	-1344966.4983833823	1099287.3124060456	4014.2703565208717	1599.565890624997	5670.1450862671545	337622.3346807854	-1316328.0643245126	337623.6727818755	210208294.86999065	1159440.8594328924	-1316327.3848486713	1159438.5463053496	3881.2222068350407	-0.020545919126708286	0.0	0.0	0.0	0.054251414831906195	0.0	0.0	0.0	-0.03272788499915735	210226288.8078253	0.05438226847243515
144	596.25	nan	nan	1	1	6.000000000000838e-05	6.000000000000867e-05	5.999999999999513e-05	0.9782712201329539	1.6753634070332257e-19	3.1941951254138566e-19	1.2922334643311606e-19	1.0596249999999896	1.5762131183594264e-18	-1.4040418133687283e-20	-2.3021677880014078e-19	0.9656523975031246	5729.586281690218	323529.21496667987	-1378641.8023007084	350435.4826351514	202246082.73811463	1229847.9181338386	-1360857.9576716723	1120776.5321181498	3973.597200432473	1599.565890624997	5599.512836668939	342478.57176439353	-1329964.2571399368	342479.8732345715	214091792.50852638	1186424.0371257805	-1329963.6707133548	1186421.2820051059	3833.2961034746013	-0.021968326194396346	0.0	0.0	0.0	0.05791507194642318	0.0	0.0	0.0	-0.03495134647975754	214110152.12220693	0.05806909253555202
148	635.0	nan	nan	1	1	6.000000000000838e-05	6.000000000000867e-05	5.999999999999513e-05	0.9768833870177172	2.0431789940489332e-19	1.6902034242691212e-19	5.751692525035601e-20	1.0635000000000236	-2.1873778829895053e-19	-1.0180658399638886e-19	1.202109158743303e-20	0.9635173166255446	5666.8766708653075	326754.92233998474	-1394327.3056491301	355728.4898982748	205034090.98998046	1259504.1542725458	-1375249.0885637058	1141091.3707424873	3931.8742680787045	1599.565890624997	5530.275189248499	347152.17479172157	-1342098.8806901088	347153.5655447519	217833078.33249876	1212325.9071418445	-1342098.3648050956	1212322.520354108	3784.5949317803647	-0.023387992284488134	0.0	0.0	0.0	0.06156535565817727	0.0	0.0	0.0	-0.03716481866281292	217851773.86112815	0.061742331225431796
152	673.75	nan	nan	1	1	6.000000000000838e-05	6.000000000000867e-05	5.999999999999513e-05	0.9755002101367759	-2.564138137928218e-20	4.0375756665995966e-18	1.2118669782956726e-19	1.0673749999999804	-4.998443065701297e-19	-2.5457067009959643e-19	9.587057710203073e-20	0.9613965020741061	5606.1148986908365	329883.65207165596	-1408739.6512769337	360954.49711098796	207678548.65730143	1288098.3772561338	-1388371.5833908871	1160200.6571388117	3890.816567298751	1599.565890624997	5463.141260981925	351747.39432278305	-1352964.3237313253	351749.01730332326	221442887.17609864	1237099.522473204	-1352963.7226252395	1237095.428880217	3736.7699567243562	-0.024804903504564928	0.0	0.0	0.0	0.06520236324561504	0.0	0.0	0.0	-0.03936836189575009	221461890.61600935	0.06540207088930028
156	712.5	nan	nan	1	1	6.000000000000838e-05	6.000000000000867e-05	5.999999999999513e-05	0.9741216803236098	-1.9903241381402648e-19	6.318052634887716e-19	7.203168183450571e-20	1.0712500000000114	3.7887715968049075e-18	-1.627387460900742e-19	-6.768945213370125e-19	0.9592898265833754	5551.257409591199	332988.4203305504	-1422003.1574249386	366192.18350716506	210189947.7819618	1315283.4660690988	-1400351.1716737684	1177814.3252117024	3853.359483211606	1599.565890624997	5401.9516433499175	356341.23695557145	-1362688.266883659	356343.13481134333	224930782.61970875	1260420.0894209624	-1362687.541748702	1260415.6418811767	3692.627353490604	-0.02621905467884752	0.0	0.0	0.0	0.0688261909298631	0.0	0.0	0.0	-0.041562032256295775	224950058.89271218	0.06904839766740013
160	751.25	nan	nan	1	1	6.000000000000838e-05	6.000000000000867e-05	5.999999999999513e-05	0.9727477804018484	-6.516055056637881e-20	4.015945833258511e-18	-9.012430558785756e-20	1.0751250000000088	-3.326576210674337e-18	-8.131516293641283e-21	-2.345671400172389e-19	0.9571971683329424	5503.073230314126	335972.21370314073	-1434179.484057523	371333.9862320748	212577705.85453752	1340522.7109847192	-1411251.4810893938	1193479.6975582282	3819.4307756935395	1599.565890624997	5347.427759522029	360829.2264070637	-1371337.3239323953	360831.40872868657	228305336.05572414	1281784.3565517443	-1371336.5295728107	1281779.678312862	3652.072866128472	-0.0276304488966403	0.0	0.0	0.0	0.07243693388951492	0.0	0.0	0.0	-0.043745881233800535	228324841.0615472	0.07268139726392318
164	790.0	nan	nan	1	1	6.000000000000838e-05	6.000000000000867e-05	5.999999999999513e-05	0.9713784826312396	-1.9434323941802667e-19	1.5980936734528994e-18	1.0842021724855045e-21	1.0790000000000057	-1.222763210129152e-18	-2.392834194675508e-19	1.614783610645598e-19	0.9551184139124408	5437.720311775404	338621.46422693453	-1445219.2062450976	376140.4945296614	214850327.43619502	1363485.9281760664	-1421026.5188207373	1206937.4458026143	3768.072222290199	1599.565890624997	5276.405972866464	364979.7642204034	-1378871.5176544776	364981.9847621514	231574280.23460057	1300890.4828834746	-1378870.6262200763	1300885.4751823947	3595.0860888986977	-0.029039100199871118	0.0	0.0	0.0	0.07603468627600271	0.0	0.0	0.0	-0.045919952562388795	231593983.7228026	0.07630115437464473
168	828.75	nan	nan	1	1	6.000000000000838e-05	6.000000000000867e-05	5.999999999999513e-05	0.9700137655701221	-1.8005887579553014e-19	-7.937715155309499e-19	2.871238403284737e-19	1.0828750000000096	-7.784842648989043e-19	-3.1051550219984846e-19	2.5646802390144607e-19	0.9530534430456253	5374.635698929774	340858.5242688917	-1455062.693266436	380519.5373975184	217015568.99937293	1384189.9544176934	-1429620.4129765723	1218239.7762174264	3714.434934042551	1599.565890624997	5207.789844736064	368704.98321419436	-1385241.4587595079	368706.99589500745	234744669.79154006	1317769.5507768209	-1385240.430343826	1317763.9526678647	3536.197643106097	-0.03044501627600001	0.0	0.0	0.0	0.07961954122817658	0.0	0.0	0.0	-0.04808429815356761	234764523.4052051	0.07990775470167641
172	867.5	nan	nan	1	1	6.000000000000838e-05	6.000000000000867e-05	5.999999999999513e-05	0.9686536174701912	1.7618285302889448e-20	-1.1665930672649302e-18	-4.5807541787512565e-21	1.0867500000000156	1.2652639352905837e-18	-3.2851325826310783e-20	1.078781161623077e-20	0.9510021248557471	5313.715153155594	342862.3734712607	-1463800.726096199	384665.3468674039	219080451.52694234	1402847.430976151	-1437125.2960022553	1227609.4345774152	3661.912724891308	1599.565890624997	5141.467959986069	372194.4006365997	-1390541.0197281837	372196.19404348085	237822880.71368322	1332638.2904556927	-1390540.0366621288	1332631.9627682185	3478.6427987407146	-0.0318481949078758	0.0	0.0	0.0	0.0831915908867788	0.0	0.0	0.0	-0.050238982100917866	237842840.3338519	0.08350128565488586
176	906.25	nan	nan	1	1	6.000000000000838e-05	6.000000000000867e-05	5.999999999999513e-05	0.9672980268971227	4.298861613905025e-20	-4.42346100747908e-18	-2.0469737016526323e-19	1.0906250000000026	-2.5490135176220452e-18	1.6805133673525319e-21	-3.297058806528419e-19	0.9489643275896922	5250.594256594711	344967.02625891083	-1471660.7181675315	388950.8158146793	221051362.25486317	1419841.5803905432	-1443766.8840715932	1235412.9268386154	3608.2505695891614	1599.565890624997	5073.213311396846	375809.18976605224	-1394992.739438109	375810.88155713567	240814706.9782046	1345873.1835034697	-1394992.0745878194	1345866.4038030924	3420.274309501069	-0.03324863360020002	0.0	0.0	0.0	0.08675092640865734	0.0	0.0	0.0	-0.052384070552165124	240834743.27399248	0.08708183472898742
180	945.0	nan	nan	1	1	6.000000000000838e-05	6.000000000000867e-05	5.999999999999513e-05	0.9659469765586309	2.244298497044994e-20	-3.5864628595509014e-18	8.673617379884036e-20	1.0945000000000054	-6.850694057175533e-18	4.2392304944183225e-20	-4.44170525012999e-19	0.9469399248002476	5186.8891269416545	347398.003207834	-1478915.6458618385	393633.031580974	222934093.70313492	1435614.9070458477	-1449814.51129533	1242059.4807160657	3548.7433790838327	1599.565890624997	5004.59308202529	379797.0636825831	-1398860.31658431	379798.5841791721	243725391.0539436	1357903.4943490745	-1398859.9902320784	1357896.5317565706	3356.64599981211	-0.03464633596697151	0.0	0.0	0.0	0.09029763798078547	0.0	0.0	0.0	-0.05451962518923716	243745488.7035473	0.09064948852270387
184	983.75	nan	nan	1	1	6.000000000000838e-05	6.000000000000867e-05	5.999999999999513e-05	0.9646004535489396	1.0042422622646985e-19	4.6186877022610925e-18	3.8719570084888577e-19	1.0983750000000245	-4.4173107012490664e-18	-1.262011328773127e-19	-2.1003706586475434e-19	0.9449287855160151	5124.303813636025	350036.22315964644	-1485747.0786861419	398581.9121917226	224733918.25715345	1450405.7694820634	-1455447.2058256874	1247773.1454589465	3485.0433106894184	1599.565890624997	4937.250381441915	384031.145969465	-1402318.8885616462	384032.4011952136	246559694.2723849	1368962.0769250365	-1402318.7409398719	1368954.7516971536	3289.349938589093	-0.03604130115357593	0.0	0.0	0.0	0.09383181483389293	0.0	0.0	0.0	-0.05664571357035648	246579842.21625325	0.09420433420317655
188	1022.5	nan	nan	1	1	6.000000000000838e-05	6.000000000000867e-05	5.999999999999513e-05	0.9632584582915007	-3.205443722953394e-19	5.801260893108923e-18	-3.0222135558033437e-19	1.102250000000001	9.31768768044905e-18	-3.3837949803272593e-19	4.767508002961884e-19	0.9429307657460163	5063.661174225634	352623.416733171	-1492215.4393256528	403505.41554737184	226455652.20544335	1464345.168141815	-1460725.0453845153	1252681.7390788698	3418.6130152800665	1599.565890624997	4871.97133521398	388229.481548748	-1405427.9637719458	388230.32397127897	249321957.29936218	1379178.6317737633	-1405427.8722214918	1379170.9768276007	3219.785965463935	-0.03743351452142958	0.0	0.0	0.0	0.09735354525591153	0.0	0.0	0.0	-0.05876241818926042	249342144.80694175	0.09774646075719047
192	1061.25	nan	nan	1	1	6.000000000000838e-05	6.000000000000867e-05	5.999999999999513e-05	0.9619209909218669	5.518589057951217e-19	-2.0160739397367954e-19	-1.181238266922957e-19	1.1061250000000056	-1.4651908158969106e-18	-2.0990154059319365e-19	-1.0985678512709374e-19	0.9409457220748301	4984.083729735524	354913.66400065314	-1498228.2755981202	408120.1782257632	228103724.45423496	1477861.4186635816	-1465558.1152490259	1257163.584645926	3336.114568732147	1599.565890624997	4788.688079866767	392119.7758584011	-1408102.855012352	392120.2649471781	252016167.24820295	1388961.1595416116	-1408102.4833058785	1388953.8584454088	3135.4317131711277	-0.03882296170813462	0.0	0.0	0.0	0.10086291660538245	0.0	0.0	0.0	-0.06086982217107796	252036403.5382989	0.10127595683590451
196	1100.0	nan	nan	1	1	6.000000000000838e-05	6.000000000000867e-05	5.999999999999513e-05	0.9605880426462975	1.1289255121005315e-19	-4.048302491843625e-18	1.3465790982269965e-19	1.109999999999981	5.025656540230683e-18	1.5243882545146191e-19	6.1799523831673755e-21	0.9389735210698347	4896.845262101847	356777.9788344401	-1503675.4287643733	412272.8601535669	229682266.4158373	1491205.0232184788	-1469840.061047124	1261437.0400902615	3251.4279785866156	1599.565890624997	4698.2925601283705	395555.5835011267	-1410242.9848121712	395556.40579317504	254646049.6490926	1398547.44094516	-1410242.3609016	1398540.5323302753	3049.3971037298315	-0.0402096376257879	0.0	0.0	0.0	0.10436001532422565	0.0	0.0	0.0	-0.06296799924513423	254666333.1165676	0.10479290904489058
200	1138.75	nan	nan	1	1	6.000000000000838e-05	6.000000000000867e-05	5.999999999999513e-05	0.9592595929535193	-4.2262200683484964e-19	-2.0644564616839613e-18	-1.9044011159707885e-19	1.1138750000000166	-3.059510110536845e-18	1.713039432527097e-19	-1.0167105872482818e-19	0.9370140414836821	4822.936035326137	358335.6975205806	-1508572.8229098716	416094.7588814872	231195049.43761376	1504498.350465542	-1473587.8305117441	1265608.0982841619	3178.8273429332376	1599.565890624997	4620.925283731248	398664.7389085607	-1411866.624416885	398666.4508216933	257214993.2556034	1408053.3436995782	-1411865.9700096834	1408046.4925882441	2975.0504331731436	-0.04159354943229443	0.0	0.0	0.0	0.10784492695076195	0.0	0.0	0.0	-0.06505701128109666	257235308.01369953	0.10829740174368906
204	1177.5	nan	nan	1	1	6.000000000000838e-05	6.000000000000867e-05	5.999999999999513e-05	0.957935621652858	6.183204989684832e-19	-4.57756933486958e-18	-1.7336392738043216e-19	1.1177500000000073	-3.2071784464293706e-18	-1.2902005852577502e-19	-3.703363570667362e-19	0.9350671620669578	4756.411469546191	359708.79365446634	-1512976.10781054	419722.5090461432	232645497.64237598	1517907.2787184052	-1476856.9397355495	1269817.3117916693	3113.917783831378	1599.565890624997	4550.8438441692715	401579.8620522888	-1413028.9775751943	401582.4973893946	259726057.57327002	1417634.3955657484	-1413028.5733154684	1417627.4528076863	2908.2125220786743	-0.04297470404924784	0.0	0.0	0.0	0.11131773613195933	0.0	0.0	0.0	-0.06713692118552389	259746396.45775157	0.11178951903993734
208	1216.25	nan	nan	1	1	6.000000000000838e-05	6.000000000000867e-05	5.999999999999513e-05	0.9566160973668741	-5.518589057951218e-20	1.394744779739665e-18	2.544622498823479e-19	1.1216250000000312	-1.1039888621333648e-18	-7.480994990149981e-19	-9.502489940749204e-19	0.9331327731649697	4672.896412672337	360942.7194971414	-1516822.9791013622	423205.85347863735	234036803.317187	1531474.8150907534	-1479587.3590187524	1274100.1028467794	3040.423330339103	1599.565890624997	4464.72824952989	404349.7311518827	-1413674.857272022	404352.8814951653	262182095.35516086	1427330.3282376232	-1413674.709660541	1427323.5231463406	2833.6662067910497	-0.04435312018896696	0.0	0.0	0.0	0.11477852663611214	0.0	0.0	0.0	-0.06920778047290896	262202470.13969702	0.11526934290579983
212	1255.0	nan	nan	1	1	6.000000000000838e-05	6.000000000000867e-05	5.999999999999513e-05	0.9553009691151344	-2.533780477098624e-19	-5.558379277681436e-18	-5.1770653736182835e-20	1.1254999999999804	4.381586239665669e-18	-2.5370330836160805e-20	-1.8756697583999225e-20	0.9312107855690751	4579.008594796465	362096.87788836553	-1520136.8029479461	426612.50703025435	235371984.50697032	1545150.9223818819	-1481802.870766705	1278413.8599340105	2959.9113986283687	1599.565890624997	4368.958927107108	407039.50775173446	-1413829.2290244426	407042.8090315077	264585812.70011106	1437094.038563573	-1413829.161143317	1437087.6415315655	2752.9162129276506	-0.045728837245122514	0.0	0.0	0.0	0.11822738136463247	0.0	0.0	0.0	-0.07126961963102255	264606230.89117816	0.11873695163122457
216	1293.75	nan	nan	1	1	6.000000000000838e-05	6.000000000000867e-05	5.999999999999513e-05	0.9539901899507212	-5.383605887476772e-19	3.949477463821571e-19	-3.372681908059283e-19	1.129375000000009	-8.937512188667007e-18	1.968911145233676e-19	4.887583393564654e-19	0.9293011071461419	4496.8193597816735	363095.1388963698	-1523054.1658160787	429850.9899734601	236653823.7812412	1559009.555268567	-1483637.6772816565	1282818.6393343008	2884.3560845739084	1599.565890624997	4284.605269244663	409562.3924691078	-1413621.917699991	409565.44376729	266939696.7125765	1446993.8933855982	-1413621.784896321	1446987.8958629447	2677.113572924224	-0.04710189065724455	0.0	0.0	0.0	0.12166438236436397	0.0	0.0	0.0	-0.07332247304309568	266960152.25481173	0.12219242350757623
220	1332.5	nan	nan	1	1	6.000000000000838e-05	6.000000000000867e-05	5.999999999999513e-05	0.9526837404170486	-7.2587335447904525e-19	5.0972409886690386e-18	-1.4799359654427137e-20	1.1332499999999885	3.668398050604704e-18	2.8644621397067026e-19	8.906720846968419e-19	0.9274036196677438	4422.469705922948	363742.04646902817	-1525736.8547795627	432686.35811708536	237884864.3702633	1573529.6845071213	-1485250.2872835372	1287704.779116118	2814.810417946483	1599.565890624997	4207.947883274107	411695.35413916374	-1413204.969871258	411697.934826305	269246006.7016243	1457472.8030061894	-1413204.8873362981	1457467.1259789162	2607.201929629004	-0.048472287259749586	0.0	0.0	0.0	0.12508961083881187	0.0	0.0	0.0	-0.07536640400484973	269266503.244307	0.12563584049331428
224	1371.25	nan	nan	1	1	6.000000000000838e-05	6.000000000000867e-05	5.999999999999513e-05	0.9513816181376475	2.2741140567883457e-19	2.819603274820115e-18	4.936914592412744e-19	1.1371250000000057	-1.1564317212164888e-17	1.244664094013359e-19	1.0137290312739466e-20	0.9255181892519618	4368.710083937341	364146.96727720054	-1528324.0574989694	435243.91985662817	239067412.25104797	1589402.3739185294	-1486776.50016542	1293626.7918228193	2765.381746460327	1599.565890624997	4151.070018547435	413558.5299797058	-1412708.263901947	413560.97149014386	271506771.8834903	1469166.0824697795	-1412708.3820026012	1469160.6478802718	2556.1840938767905	-0.0498400160265578	0.0	0.0	0.0	0.12850314716009428	0.0	0.0	0.0	-0.07740149372901249	271527313.13670117	0.1290672865414141
228	1410.0	nan	nan	1	1	6.000000000000838e-05	6.000000000000867e-05	5.999999999999513e-05	0.9500838189951192	-9.855397747893236e-20	-8.633772950045192e-18	2.539743589047294e-19	1.1409999999999973	-3.3247059619267994e-19	-3.8402440949436565e-19	5.627551376286011e-19	0.9236446841627729	4323.226374683578	364480.3341325268	-1530808.4403784627	437724.4564676466	240203509.69065717	1606831.8559333635	-1488209.0543073588	1300733.163836304	2721.0831461353296	1599.565890624997	4102.205356229485	415343.333151888	-1412125.456218152	415346.1915363243	273723756.8307969	1482254.805875504	-1412125.7192357113	1482249.6502994685	2510.1186260730915	-0.05120506775845595	0.0	0.0	0.0	0.13190507087993666	0.0	0.0	0.0	-0.07942782224466322	273744362.79324466	0.13248684501520533
232	1448.75	nan	nan	1	1	6.000000000000838e-05	6.000000000000867e-05	5.999999999999513e-05	0.9487903572223216	-6.940520207165957e-19	-8.188003226827778e-18	-5.995909064387961e-19	1.144875000000011	1.0328055684988291e-17	-2.054563116860031e-19	2.42861286636753e-19	0.9217829561542658	4248.636741790242	364776.6052687838	-1533090.7875939708	440167.58550351264	241295113.05607194	1625482.9695302006	-1489451.707662073	1308734.595719482	2653.8871213583016	1599.565890624997	4025.898809749929	417088.3326989392	-1411365.6383405807	417091.4733986862	275898659.4515895	1496422.017187364	-1411366.097288429	1496417.0470083912	2443.172394896489	-0.052567413920251826	0.0	0.0	0.0	0.13529546074102433	0.0	0.0	0.0	-0.08144548861035768	275919374.1992399	0.13589460131500936
236	1487.5	nan	nan	1	1	6.000000000000838e-05	6.000000000000867e-05	5.999999999999513e-05	0.947501276895767	1.0082538103028949e-18	8.349820401071239e-18	-3.1550283219328177e-20	1.1487499999999986	-3.902585719861573e-18	-2.9815559743351374e-20	3.9324012796049243e-19	0.9199328305228149	4157.900075847836	365161.87511348835	-1534967.9454784822	442725.39541312365	242344206.1237487	1645222.2529398375	-1490307.2725790886	1317509.526077779	2582.820926489342	1599.565890624997	3934.525871741887	418937.7601169944	-1410243.0960677757	418940.9294486004	278033238.9827414	1511538.6158648634	-1410243.732134875	1511533.7262858725	2372.9520806543987	-0.0539269943792162	0.0	0.0	0.0	0.13867439468775836	0.0	0.0	0.0	-0.0834546219057212	278054087.21552455	0.1392906440749449
240	1526.25	nan	nan	1	1	6.000000000000838e-05	6.000000000000867e-05	5.999999999999513e-05	0.9462166224219104	5.031240181418984e-19	-3.7047188233829685e-19	5.193328406205566e-19	1.1526249999999982	5.833007687972014e-20	2.5738959574805876e-19	-1.999810907149513e-19	0.9180941338780693	4061.1527428852532	365702.5552284392	-1536216.9230643061	445480.1058829589	243352675.33033517	1665959.0677573376	-1490559.7738492698	1326973.3917820822	2517.712284765194	1599.565890624997	3837.72698950583	420969.09060959547	-1408555.4127178479	420971.8604231408	280129173.1944034	1527515.8260691473	-1408556.1011204435	1527511.2902962628	2308.487306140542	-0.0552837483829498	0.0	0.0	0.0	0.14204194987716673	0.0	0.0	0.0	-0.08545535126791584	280150166.1274631	0.14267506115707432
244	1565.0	nan	nan	1	1	6.000000000000838e-05	6.000000000000867e-05	5.999999999999513e-05	0.9449364006771069	-6.671638068389552e-19	5.370974932167316e-18	4.320274606811614e-19	1.1564999999999783	-2.201602615492515e-17	-6.8597471453157865e-19	-8.411240454142543e-19	0.9162667304700088	3948.0185223521084	366151.7224353668	-1536741.66884754	448132.4616211203	244322301.82966468	1687093.4662011662	-1490117.2221412226	1336638.7060144562	2449.555789263448	1599.565890624997	3725.7321269828435	422898.92839282664	-1406217.9947808709	422901.13381003286	282188047.4547614	1543799.6113090888	-1406218.7337952044	1543794.6670363357	2241.5019387514626	-0.05663765462398583	0.0	0.0	0.0	0.14539820268933806	0.0	0.0	0.0	-0.08744776622628117	282209193.80337167	0.14604793418412645
248	1603.75	nan	nan	1	1	6.000000000000838e-05	6.000000000000867e-05	5.999999999999513e-05	0.9436605912092025	-1.26255342985937e-19	2.4059530409625828e-18	1.1628068299907035e-19	1.1603750000000053	-1.6695629254104282e-18	-4.0419056990259607e-19	-3.1138286393783686e-19	0.9144505123010069	3814.3030006924096	366429.9945626074	-1536478.023099648	450583.2042569732	245254783.37935987	1708110.139399595	-1488918.8448744412	1346095.9453506132	2374.904190313131	1599.565890624997	3594.6500637330187	424634.2202627206	-1403176.073663951	424635.6263792719	284211378.02954394	1559917.7096937005	-1403176.9944992925	1559911.6083143281	2168.8619602699787	-0.057988720698384094	0.0	0.0	0.0	0.14874322873796372	0.0	0.0	0.0	-0.08943192710314948	284232681.1160685	0.1494093400372903
252	1642.5	nan	nan	1	1	6.000000000000838e-05	6.000000000000867e-05	5.999999999999513e-05	0.9423891758026859	-6.4201031643729145e-19	4.1102646460011715e-18	-9.909607856517511e-20	1.1642499999999816	1.3121556792505816e-18	3.923727662225041e-19	-5.3234326669038267e-20	0.912645370230089	3665.038284938951	366835.6664054162	-1535425.6547092572	453198.18932776473	246151687.303393	1728731.7899575485	-1486965.6528192195	1355131.5640333716	2300.0173978739363	1599.565890624997	3449.294008453293	426519.8129551609	-1399433.4709731506	426520.455601784	286200555.84020036	1575618.540553837	-1399434.6902519783	1575611.4090126937	2096.3055557482144	-0.059336951928911516	0.0	0.0	0.0	0.1520771028803339	0.0	0.0	0.0	-0.09140789637276227	286222011.2286655	0.1527593553488532
256	1681.25	nan	nan	1	1	6.000000000000838e-05	6.000000000000867e-05	5.999999999999513e-05	0.9411221439419639	1.004350682481947e-18	-3.2051184623016483e-18	2.301761212186726e-19	1.1681249999999939	4.7012090401143955e-18	8.821068875342063e-19	3.1821333762449556e-19	0.9108511884735806	3492.678338051521	367518.89241710043	-1533699.7640819654	456166.665287155	247014432.35621786	1748722.3898878067	-1484370.442333328	1363567.9232374113	2219.7496465153586	1599.565890624997	3282.6293077152627	428732.3431708376	-1395099.039998889	428732.8862667981	288156822.86315036	1590690.032359332	-1395100.6780166212	1590681.9563950307	2019.1504709170363	-0.06068234554408049	0.0	0.0	0.0	0.1553998992276846	0.0	0.0	0.0	-0.09337574470999228	288178430.86949736	0.1560980574092469
260	1720.0	nan	nan	1	1	6.000000000000838e-05	6.000000000000867e-05	5.999999999999513e-05	0.9398594944164472	3.7616394374384577e-19	1.8176649421719483e-19	3.039560790563112e-19	1.1720000000000128	-9.94104971951959e-18	-1.3162214373974023e-19	-3.475410063902284e-19	0.9090678434866465	3267.980291873728	368613.01175388147	-1531371.5339261205	459659.1795248325	247844360.92033052	1768227.0720134384	-1481202.7305100674	1371526.9649763857	2116.224443963067	1599.565890624997	3067.294821401731	431431.0844974828	-1390240.785357722	431431.6779915163	290081353.6388079	1605267.7869649783	-1390242.6143869727	1605259.0306073818	1921.1938238303178	-0.06202488891549903	0.0	0.0	0.0	0.1587116911548314	0.0	0.0	0.0	-0.09533555229089279	290103140.2716762	0.159425524220228
264	1750.0	nan	nan	1	1	6.000000000000838e-05	6.000000000000867e-05	5.999999999999513e-05	0.9388849184249329	2.2594773274597913e-19	7.999785729684294e-19	-8.473853129603582e-19	1.1749999999999838	1.0073756065431816e-17	-4.820362858870552e-19	1.1438332919722073e-18	0.9076944469114286	1688.5507450548253	369771.8478766452	-1529012.452485081	462764.03110107756	248464661.9704332	1783311.2648327488	-1478218.1536736686	1377614.963924102	1230.5500292168058	1599.565890624997	1583.2028815052254	433892.1592284672	-1385992.221269645	433892.4072266553	291549692.85354173	1616504.5203808362	-1385992.8386774664	1616500.3764209724	1115.4472716070127	-0.06306236487259985	0.0	0.0	0.0	0.16126814759610814	0.0	0.0	0.0	-0.09684746922586666	291572638.5796048	0.16199402166473975
268	1780.0	nan	nan	1	1	6.000000000000838e-05	6.000000000000867e-05	5.999999999999513e-05	0.9379130333993891	-2.689363488850294e-19	-9.215176365040544e-19	-8.660335903271088e-19	1.1780000000000164	-2.3121587110208618e-17	-3.5063098258181213e-19	8.19982103050787e-19	0.9063275123813999	1525.373773334925	371039.2740747777	-1526159.5952416935	466018.0947769773	249067628.71959448	1798122.2556447792	-1474764.6747242296	1383432.6086295748	1157.2443536976027	1599.565890624997	1428.7157125654892	436487.8377657738	-1381312.971405239	436488.01755129517	293001302.86303425	1627463.8665828614	-1381313.5507820225	1627459.81416967	1047.4111893879756	-0.06409804920023118	0.0	0.0	0.0	0.16381808522940905	0.0	0.0	0.0	-0.09835454556719782	293024366.7562537	0.16455580628231584
272	1810.0	nan	nan	1	1	6.000000000000838e-05	6.000000000000867e-05	5.999999999999513e-05	0.9369437404067917	5.289822399556776e-19	-2.023446514509697e-18	1.192080288647812e-19	1.1809999999999952	9.016008425954958e-18	-1.3227266504323154e-19	4.603522424373452e-19	0.9049669193614126	1299.905852743499	372498.2671588492	-1522772.382539639	469527.4810713712	249652702.9683337	1812740.579638514	-1470802.641314865	1389048.3680513508	1046.1572241461731	1599.565890624997	1216.2680472007444	439317.0297279014	-1376168.3961892386	439317.41002972855	294435420.51383436	1638220.0812099031	-1376169.0914724357	1638215.951593887	945.4390727220522	-0.06513204080161486	0.0	0.0	0.0	0.16636153721522115	0.0	0.0	0.0	-0.09985688914210465	294458642.5393864	0.1671109693104674
276	1840.0	nan	nan	1	1	6.000000000000838e-05	6.000000000000867e-05	5.999999999999513e-05	0.9359770216367637	1.0625181290357943e-19	-5.89724666669178e-18	2.5738959574805876e-19	1.1840000000000004	-1.524854461448788e-17	2.430781270712501e-19	-1.0625181290357943e-19	0.9036126294496337	1034.5471076208094	374286.399388718	-1518827.1740375399	473468.7136793163	250220418.94020805	1827333.4663519342	-1466309.6927720006	1394592.2839599377	902.547905599072	1599.565890624997	966.9772936686458	442544.11223085294	-1370539.224426942	442544.8508026807	295852516.5295234	1648925.0617539156	-1370539.9860017349	1648920.7335265288	814.42926996073	-0.06616435233926189	0.0	0.0	0.0	0.16889853646181427	0.0	0.0	0.0	-0.10135451767140709	295875926.72858286	0.16965954320078439
280	1870.0	nan	nan	1	1	6.000000000000838e-05	6.000000000000867e-05	5.999999999999513e-05	0.9350128574514999	3.0552817220641516e-19	3.535312233932109e-18	6.451002926288751e-21	1.187000000000015	4.982342663439887e-18	2.0231212538579514e-19	4.7704895589362195e-20	0.9022646062321559	722.4401840847784	376447.5236262652	-1514301.394301456	477901.898613994	250771270.42333323	1842019.0557410317	-1461264.8301018623	1400155.0123419408	719.3344695282307	1599.565890624997	674.5548269405454	446224.0157847076	-1364407.2559660987	446225.22336920985	297253020.16550505	1659685.5650656314	-1364408.1078247475	1659680.9730872032	648.1306649945932	-0.0671949985029715	0.0	0.0	0.0	0.17142911562754337	0.0	0.0	0.0	-0.1028474469151223	297276656.7451208	0.17220155998943334
284	1900.0	nan	nan	1	1	6.000000000000838e-05	6.000000000000867e-05	5.999999999999513e-05	0.9340512263217812	-1.2737207122359705e-18	-2.086872341600099e-18	-4.51841255383334e-19	1.1899999999999893	8.13260049581377e-18	5.421010862427522e-20	-1.555830117516699e-19	0.900922815507851	343.8603343581766	378869.34494704806	-1509267.180483054	482689.00570295716	251305722.53986877	1856797.1400053625	-1455738.4824269502	1405736.223146262	482.56708370839084	1599.565890624997	320.73587125624505	450226.63794334955	-1357839.6051140898	450228.37274591246	298637332.5370592	1670501.239253682	-1357840.6807343508	1670496.4442841895	434.15023321049154	-0.06822399608835997	0.0	0.0	0.0	0.17395330712342902	0.0	0.0	0.0	-0.10433569040638159	298661249.49673593	0.17473705121543814
288	1930.0	nan	nan	1	1	6.000000000000838e-05	6.000000000000867e-05	5.999999999999513e-05	0.9330921067544958	-3.3165744456331582e-19	1.6884280432116761e-18	5.264343648503367e-19	1.1929999999999874	-2.743031496388326e-20	4.0332320816460765e-20	1.0538445116559103e-19	0.8995872247755989	22.436374885837957	381334.4951659895	-1503921.6411065336	487555.43245018285	251824288.166506	1871538.1294627292	-1449921.0588800446	1411237.9510024684	269.85029164747635	1599.565890624997	20.905904635495634	454295.356718935	-1351015.2443511027	454297.4267093582	300005916.7825793	1681255.508384153	-1351016.442726676	1681250.5988656895	242.41413099162025	-0.06925136194148504	0.0	0.0	0.0	0.17647114311576925	0.0	0.0	0.0	-0.10581926000314806	300030074.8751621	0.17726604760660447
292	1960.0	nan	nan	1	1	6.000000000000838e-05	6.000000000000867e-05	5.999999999999513e-05	0.9321354731183868	6.517139258810367e-19	5.51544487165101e-18	-4.732542482899227e-20	1.1959999999999864	7.913700077188945e-18	-1.0993810029003015e-19	-1.29995840481012e-19	0.8982578043427971	-293.92785815232025	383610.7534330314	-1498489.4364643754	492203.98587969394	252327365.29552963	1886090.4384657163	-1444029.4591158757	1416547.1696713474	49.28117123725591	1599.565890624997	-273.5952613320108	458153.2144901297	-1344136.796795762	458155.54535025376	301359105.4979477	1691812.7674013085	-1344138.0470754125	1691807.7333698128	44.20494001311123	-0.07027711743675062	0.0	0.0	0.0	0.178982655528429	0.0	0.0	0.0	-0.10729816464017142	301383503.35374814	0.1797885797578783
296	1990.0	nan	nan	1	1	6.000000000000838e-05	6.000000000000867e-05	5.999999999999513e-05	0.9311813012197179	1.0224026486538307e-18	4.736228770285677e-18	-8.246441723924747e-19	1.1989999999999992	6.896718439397542e-18	1.517883041479706e-19	-5.272475164797009e-19	0.8969345239677752	-616.0863942429386	385545.3086128954	-1493112.381288988	496435.8076448398	252815366.41875893	1900323.4388530664	-1438200.4319048193	1421568.3476413938	-186.21378398388882	1599.565890624997	-572.8774056609562	461615.55596706556	-1337331.4783040618	461618.46815372	302697253.2652143	1702056.9821698875	-1337332.7831115846	1702051.7393989011	-166.78554014854805	-0.07130128251186149	0.0	0.0	0.0	0.18148787604537744	0.0	0.0	0.0	-0.1087724140493548	302721896.5290254	0.18230467805825326
300	2020.0	nan	nan	1	1	6.000000000000838e-05	6.000000000000867e-05	5.999999999999513e-05	0.9302295729501011	-6.786021397586773e-19	-1.0467755134913048e-17	-1.6349768761081407e-19	1.2020000000000277	-2.3812765995168127e-17	9.332812300755223e-19	-6.478107980600889e-19	0.8956173483645546	-914.5848646384236	387140.344592506	-1487808.9767119815	500249.1136211608	253288719.14788434	1914181.7303019746	-1432451.7252392578	1426263.6892237684	-414.4957371484459	1599.565890624997	-849.5658464748053	464681.93893551594	-1330615.4597046792	464685.75863636174	304020737.61653244	1711940.0695195093	-1330616.8837249752	1711934.6660690345	-370.70245203808963	-0.07232387066341653	0.0	0.0	0.0	0.18398683611303926	0.0	0.0	0.0	-0.1102420237835172	304045607.57951087	0.1848143733830204
