6	header
postResults v2.0.3	--cr f,p,texture --time RVE_1_40_D_tensionX.spectralOut
addCauchy v2.0.3	RVE_1_40_D_tensionX.txt
addStrainTensors v2.0.3	--left --logarithmic RVE_1_40_D_tensionX.txt
addMises v2.0.3	-s Cauchy RVE_1_40_D_tensionX.txt
addMises v2.0.3	-e ln(V) RVE_1_40_D_tensionX.txt
inc	time	elem	node	ip	grain	1_pos	2_pos	3_pos	1_f	2_f	3_f	4_f	5_f	6_f	7_f	8_f	9_f	1_p	2_p	3_p	4_p	5_p	6_p	7_p	8_p	9_p	texture	1_Cauchy	2_Cauchy	3_Cauchy	4_Cauchy	5_Cauchy	6_Cauchy	7_Cauchy	8_Cauchy	9_Cauchy	1_ln(V)	2_ln(V)	3_ln(V)	4_ln(V)	5_ln(V)	6_ln(V)	7_ln(V)	8_ln(V)	9_ln(V)	Mises(Cauchy)	Mises(ln(V))
0	0.0	nan	nan	1	1	6.000000000000838e-05	6.000000000000867e-05	5.999999999999513e-05	1.0	0.0	0.0	0.0	1.0	0.0	0.0	0.0	1.0	2.7716487604837305e-06	-1.193192284640359e-09	-2.8066754232013673e-08	-1.19319228464005e-09	2.7018729684353462e-06	-1.6832583398956398e-08	-2.8066754232013544e-08	-1.6832583398956544e-08	2.6991213888906947e-06	1599.565890624997	2.7716487604837305e-06	-1.193192284640359e-09	-2.8066754232013673e-08	-1.19319228464005e-09	2.7018729684353462e-06	-1.6832583398956398e-08	-2.8066754232013544e-08	-1.6832583398956544e-08	2.6991213888906947e-06	0.0	0.0	0.0	0.0	0.0	0.0	0.0	0.0	0.0	9.102600058541354e-08	0.0
2	2.0	nan	nan	1	1	6.000000000000838e-05	6.000000000000867e-05	5.999999999999513e-05	0.9999331859138993	-2.572200832794895e-23	1.3942625532948814e-22	2.7131524091739306e-24	1.000200000000001	2.9947908641359857e-22	-2.746239633676052e-25	-4.467437052276392e-23	0.9999338800589289	-4.260099413158969e-06	-494.16260335189605	2741.2009144960716	-494.29446170525813	14158906.77613719	727.4803459851736	2741.2028174142174	727.2867876699901	1.961266012131091e-06	1599.565890624997	-4.2595292034657646e-06	-494.2283009269067	2740.835910385785	-494.2283009268744	14160789.164309999	727.3834784717297	2740.8359103857993	727.383478471688	1.9610048601111504e-06	-6.681631826113055e-05	0.0	0.0	0.0	0.00019998000266735472	0.0	0.0	0.0	-6.612212709074936e-05	14160790.041966638	0.0001776332690461854
4	4.0	nan	nan	1	1	6.000000000000838e-05	6.000000000000867e-05	5.999999999999513e-05	0.9998663539893823	3.022352522146252e-23	9.724401455622397e-22	9.965872020038877e-24	1.0003999999999935	-1.1455392692675366e-21	5.730707283767376e-24	-4.3886894579613434e-23	0.9998677425139985	8.134470790992054e-06	-988.3614006060585	5482.594259822538	-988.8889062235362	28326310.37552584	1455.40631124607	5482.601873557125	1454.6319700781717	7.079952525600675e-06	1599.565890624997	8.132293860417343e-06	-988.624261779497	5481.134630760041	-988.6242617794778	28333843.94288281	1455.0188389566822	5481.134630759992	1455.0188389566422	7.078067632431874e-06	-0.00013365494204156818	0.0	0.0	0.0	0.00039992002132045463	0.0	0.0	0.0	-0.00013226623279384865	28333845.6971709	0.0003552546439162798
6	6.0	nan	nan	1	1	6.000000000000838e-05	6.000000000000867e-05	5.999999999999513e-05	0.9997995042228784	2.1433904032474052e-23	-2.7545776142505862e-22	1.435985543392056e-23	1.000599999999987	5.269471374207807e-22	-3.8381180422460486e-25	1.9508227566450604e-23	0.9998015873617151	-5.9148628738512344e-06	-1482.5963387128945	8224.17977104535	-1483.783388819765	42502212.49605682	2183.7779609434297	8224.196906589234	2182.0354505264445	-6.892135395901278e-06	1599.565890624997	-5.912489196783452e-06	-1483.1879358595932	8220.89647714001	-1483.1879358596334	42519172.060156964	2182.9061433191328	8220.896477140008	2182.9061433190946	-6.889383886720977e-06	-0.0002005158790868293	0.0	0.0	0.0	0.0005998200719546787	0.0	0.0	0.0	-0.00019843232467648398	42519174.69008507	0.0005328641403784918
8	8.0	nan	nan	1	1	6.000000000000838e-05	6.000000000000867e-05	5.999999999999513e-05	0.9997326366108238	-8.339634935759624e-23	-1.1157144451013246e-21	8.390920133737913e-24	1.0008000000000166	1.6347206486415963e-21	2.6205081805679918e-24	-5.2463103170563227e-23	0.9997354145986063	6.82037574097194e-06	-1976.8673654850197	10965.957183081848	-1978.9779656334392	56686614.8361927	2912.5953601305423	10965.987654523755	2909.4971322123306	5.863742111614556e-06	1599.565890624997	6.816727408475783e-06	-1977.9193773867592	10960.121765238653	-1977.9193773867612	56716781.24721156	2911.0454533918282	10960.121765238535	2911.045453391892	5.860621783422854e-06	-0.0002673991371390873	0.0	0.0	0.0	0.0007996801705806623	0.0	0.0	0.0	-0.0002646204102864149	56716784.75173985	0.0007104617742036324
10	10.0	nan	nan	1	1	6.000000000000838e-05	6.000000000000867e-05	5.999999999999513e-05	0.9996657486137108	-1.2757441151282836e-22	1.6387440551410541e-22	-7.835054762102278e-24	1.0010000000000012	-1.707062556293034e-21	4.870439446712227e-24	3.57342024622908e-24	0.9996692150059096	0.00039680664491334027	-2474.3676739633697	13686.83968214404	-2477.6702063382904	70877013.31315713	3663.934564923835	13686.887141961963	3659.063526823856	0.00039984354764965245	1599.565890624997	0.0003965414046248492	-2476.014039616705	13677.738318622696	-2476.0140396164234	70924172.62644659	3661.4981514662204	13677.738318622809	3661.4981514664764	0.00039957766293387183	-0.00033430726073488057	0.0	0.0	0.0	0.0009995003330851978	0.0	0.0	0.0	-0.00033083971551406833	70924176.99587885	0.0008880514707441811
12	12.0	nan	nan	1	1	6.000000000000838e-05	6.000000000000867e-05	5.999999999999513e-05	0.9995987773673684	-1.8409731712980184e-23	7.622502431900652e-22	-4.58985978293424e-23	1.001199999999962	-1.6937217873737787e-21	-6.088049308390284e-25	-1.979939514206927e-23	0.9996027529366661	0.00567035330591898	-3040.2259386896003	15804.253825370326	-3045.095971233762	85009607.98973133	5015.3140905473965	15804.316681499224	5007.312996158576	0.0070840053866159	1599.565890624997	0.005665807762969492	-3042.654921487617	15791.647417979606	-3042.6549214832744	85077526.25621457	5011.31357946244	15791.647417982918	5011.313579462987	0.007078354765027022	-0.0004013031439681499	0.0	0.0	0.0	0.001199280575444041	0.0	0.0	0.0	-0.0003973259868506624	85077531.25258197	0.001065732567599355
14	14.0	nan	nan	1	1	6.000000000000838e-05	6.000000000000867e-05	5.999999999999513e-05	0.9995310529696195	3.7518265607445164e-22	-7.757763005665323e-22	-8.15798607324298e-23	1.001399999999978	8.218337170734849e-22	1.572304908340795e-23	1.3616054627112878e-22	0.9995333827136929	-3.8107352012494666	-4232.495604979716	10206.508719259366	-4240.409629315131	98374096.57002848	13257.520522210807	10206.532504719504	13232.808404679541	-4.757249853429126	1599.565890624997	-3.8071841284932657	-4236.458157043935	10197.021446768396	-4236.458160027824	98466196.48360446	13245.197237803919	10197.021442523182	13245.197240287	-4.752827839309652	-0.00046905702042680575	0.0	0.0	0.0	0.0013990209136859005	0.0	0.0	0.0	-0.00046672618603051195	98466205.29352118	0.001244609072119344
16	16.0	nan	nan	1	1	6.000000000000838e-05	6.000000000000867e-05	5.999999999999513e-05	0.9994608651003216	1.4494851309889214e-22	-2.509917441392102e-21	-6.79743940171576e-23	1.0015999999999954	9.115556820113966e-21	2.699917519373082e-24	2.9116757561866577e-23	0.9994522603619497	90.13232890393087	-5645.387994159804	-30530.29160159924	-5657.470790040255	108702646.8750292	47677.19127341521	-30530.028766148127	47574.95663845965	209.1806753346441	1599.565890624997	90.03766474575345	-5651.528828014358	-30497.963684322356	-5651.528863139383	108820889.39347084	47626.70684583115	-30497.963695740815	47626.706828996874	208.9591780867178	-0.0005392802851556811	0.0	0.0	0.0	0.0015987213636921964	0.0	0.0	0.0	-0.000547889702205987	108820784.42293513	0.0014282128880196727
18	18.0	nan	nan	1	1	6.000000000000838e-05	6.000000000000867e-05	5.999999999999513e-05	0.9993887459656939	3.8201185921168946e-22	-1.1939776424496618e-20	-1.096907666694319e-22	1.0018000000000133	-3.0196724569615806e-22	-9.198248411589668e-23	-1.2091395322055136e-22	0.9993547838994028	-87.84757786868317	-2904.3207265758956	-116460.980930389	-2911.3259638224786	115110619.43137985	116320.09848251104	-116457.02376537611	116036.18236377461	292.39448618908176	1599.565890624997	-87.746351702151	-2907.973361379202	-116322.83061980914	-2907.971262714113	115255388.92977506	116182.1152918865	-116322.83112890826	116182.1159014402	292.0476370662583	-0.0006114409262161279	0.0	0.0	0.0	0.0017983819413929176	0.0	0.0	0.0	-0.000645424342083872	115255638.66411068	0.0016179953493248751
20	20.0	nan	nan	1	1	6.000000000000838e-05	6.000000000000867e-05	5.999999999999513e-05	0.9993167725389731	-1.342547221398066e-22	1.0089009434745971e-20	-1.2620790914089075e-22	1.0020000000000089	2.588130346159196e-20	8.200337720605695e-23	2.206097311123825e-21	0.999245694131866	-168.60676796677413	4983.641063842318	-218701.0668075785	4997.025399128464	119051506.02282579	207404.78208193707	-218685.51287372163	206834.66588021663	206.151582440036	1599.565890624997	-168.39725054601362	4990.812951722271	-218413.76401355263	4990.815898254178	119222831.37354776	207132.31896935933	-218413.7656291269	207132.31874373098	205.88076562833757	-0.0006834609672732868	0.0	0.0	0.0	0.001998002662681922	0.0	0.0	0.0	-0.0007545904999472804	119223952.92798859	0.0018118177323183243
22	22.0	nan	nan	1	1	6.000000000000838e-05	6.000000000000867e-05	5.999999999999513e-05	0.9992457322691098	-2.140452257711617e-21	7.204015216397825e-21	-1.7110065534536868e-22	1.002200000000024	-7.932040034562895e-21	3.8812637829968144e-22	1.2680083220396877e-21	0.99913005670515	-97.23985831522906	17564.450599050513	-315123.12376646744	17616.381758028543	121777308.68226476	305872.6729028476	-315086.6458412996	304935.7219716272	239.89978925352176	1599.565890624997	-97.11088119466264	17593.013822065706	-314668.71920284274	17593.01572034281	121975342.34158511	305431.6074018653	-314668.72083591967	305431.606940124	239.55385602670407	-0.000754552333915339	0.0	0.0	0.0	0.0021975835435111297	0.0	0.0	0.0	-0.0008703219151197364	121977639.78721227	0.002007793301547074
24	24.0	nan	nan	1	1	6.000000000000838e-05	6.000000000000867e-05	5.999999999999513e-05	0.9991755315582794	-3.107763883476028e-21	3.013139715355882e-20	-3.6591823321385774e-22	1.0023999999999782	-1.3774026271775806e-20	8.591031667526742e-22	-1.3853223852344082e-21	0.9990107364806488	-61.449920101284484	34228.92729000913	-400335.43987699505	34339.389337951536	123881641.6424533	400915.0966893151	-400269.4134954095	399559.5435108284	228.51449887196082	1599.565890624997	-61.36349806719038	34291.09417511065	-399706.4806116614	34291.0950542284	124106636.59239501	400285.22673637676	-399706.4819758417	400285.22714158316	228.15548416326368	-0.0008248085027521751	0.0	0.0	0.0	0.002397124599699743	0.0	0.0	0.0	-0.000989753163457721	124110434.91420858	0.002204994363325686
26	26.0	nan	nan	1	1	6.000000000000838e-05	6.000000000000867e-05	5.999999999999513e-05	0.9991058888590494	2.7443867491039333e-21	-1.1326312812447691e-20	8.300922883092143e-22	1.0026000000000141	6.266942666850391e-20	1.1102484356135742e-21	-1.4001454618113585e-21	0.9988892173798356	-38.90961333651228	53328.58325982664	-475275.7461035933	53515.08689354867	125621760.85629372	486996.2420785348	-475172.67632747453	485193.7926078453	195.43997009395068	1599.565890624997	-38.85186666697567	53435.66301690069	-474467.460338284	53435.66389822518	125873999.83984533	486168.02365279297	-474467.4614163061	486168.0250038786	195.10759179126114	-0.0008945110967378565	0.0	0.0	0.0	0.002596625847280088	0.0	0.0	0.0	-0.0011113999964021226	125879454.91407143	0.002402985810014963
28	28.0	nan	nan	1	1	6.000000000000838e-05	6.000000000000867e-05	5.999999999999513e-05	0.9990365538743827	-2.6723889485873174e-21	-3.644518074239237e-20	3.1772205851508805e-21	1.0027999999999788	-1.9309810098556285e-20	1.920647207899126e-21	-4.514685608865421e-21	0.9987662932401091	-8.900692041675647	72857.06415282753	-541198.3590613815	73131.5233212877	127113752.35248785	562044.422788569	-541051.9541601	559783.6320330654	156.02590251115296	1599.565890624997	-8.886803399970663	73017.40777178474	-540207.6958155041	73017.40887715328	127393503.93606353	561015.6008365351	-540207.6965787888	561015.6022536183	155.7402971976211	-0.0009639105381506886	0.0	0.0	0.0	0.0027960873019801523	0.0	0.0	0.0	-0.0012344684025696105	127400635.0853825	0.002601545036800937
30	30.0	nan	nan	1	1	6.000000000000838e-05	6.000000000000867e-05	5.999999999999513e-05	0.9989673264583832	-4.2724341859506906e-21	7.619691341306952e-20	3.5473739831010096e-21	1.0029999999999832	-4.844689645115696e-20	2.8583126805096364e-21	1.8634724839594608e-22	0.9986424314131603	30.541861075194028	91468.14704621534	-598607.2048928264	91837.39059225819	128414475.26319179	625559.1982561002	-598412.5194590043	622841.4352569538	124.8384964626103	1599.565890624997	30.491904398118628	91687.1730513269	-597433.7086127038	91687.17411219612	128721971.4837196	624332.8658863096	-597433.7087402055	624332.8667091876	124.59376584457306	-0.0010332071163092315	0.0	0.0	0.0	0.002995508979781546	0.0	0.0	0.0	-0.0013584909179201782	128730693.13509096	0.002800542726912371
32	32.0	nan	nan	1	1	6.000000000000838e-05	6.000000000000867e-05	5.999999999999513e-05	0.9988980487505431	-3.726944967918921e-23	-1.7765139640119662e-20	9.147955830346444e-22	1.0032000000000092	1.876177978168275e-21	2.6605304873257574e-21	-2.611402576385008e-21	0.9985179447608212	66.7719795216442	108601.63384417881	-647835.1632983366	109069.34907386923	129556802.73946643	677889.7902331799	-647588.6462191707	674725.9971635884	100.5183470407715	1599.565890624997	66.65778126519574	108882.8099092386	-646481.0940966894	108882.81080459166	129892232.97846521	676472.9025137908	-646481.0933980044	676472.9027501858	100.30824915532264	-0.0011025588441358027	0.0	0.0	0.0	0.003194890896528142	0.0	0.0	0.0	-0.0014831545693577137	129902396.92602311	0.0029998902483807637
34	34.0	nan	nan	1	1	6.000000000000838e-05	6.000000000000867e-05	5.999999999999513e-05	0.99882860388623	6.2375506235806676e-21	1.0932018975500814e-20	-3.432177502274425e-21	1.003400000000017	3.4457300294304935e-21	2.8756768559283497e-21	-1.4690939437178586e-20	0.9983930648714023	91.71170430116041	124053.38090067562	-689570.986504534	124621.14385331055	130565075.29072481	720013.6234148602	-689270.2977415393	716420.77723528	75.22077678064856	1599.565890624997	91.54805288354733	124398.76772058429	-688040.3573807032	124398.76845410102	130928591.83350979	718415.4212817627	-688040.3559123746	718415.4209295451	75.0538104872416	-0.001172082734453293	0.0	0.0	0.0	0.0033942330680326563	0.0	0.0	0.0	-0.001608227633684667	130940021.88969977	0.0031995164722669724
36	36.0	nan	nan	1	1	6.000000000000838e-05	6.000000000000867e-05	5.999999999999513e-05	0.9987589152646669	-4.760325163569168e-22	3.7215133691446535e-20	-4.1724842981746836e-21	1.0036000000000036	7.416578134511291e-20	8.283982224147057e-22	6.0859317260221476e-21	0.9982679685382764	102.56165106065176	137797.74342987407	-724899.0383157303	138465.66385648889	131460626.45701918	753325.3698995365	-724542.7073268736	749323.0228793283	49.24109423229116	1599.565890624997	102.37106345054545	138208.35583880823	-723196.3106715803	138208.35676672115	131852355.40094763	751555.8711630672	-723196.3087306994	751555.8702673619	49.12543099100404	-0.0012418555187976652	0.0	0.0	0.0	0.0035935355101342006	0.0	0.0	0.0	-0.0017335331624613965	131864872.12920967	0.0033993598727637235
38	38.0	nan	nan	1	1	6.000000000000838e-05	6.000000000000867e-05	5.999999999999513e-05	0.9986889412663137	8.658370786833458e-21	5.752518382159173e-20	-6.842332147920238e-21	1.0038000000000091	-1.2822045942356697e-19	-2.440301921039639e-21	-8.441530352336357e-21	0.9981427876400402	101.86796719427834	150024.56692617768	-755058.4016642625	150792.35899490814	132262754.54399687	779357.8905046931	-754645.4802528503	774965.5867768781	25.66536630207824	1599.565890624997	101.67115925747117	150501.02852729036	-753187.5145756187	150501.02960179804	132682806.5733996	777426.7940337923	-753187.5124138914	777426.7926436788	25.601772542530583	-0.0013119189231093342	0.0	0.0	0.0	0.0037927982387055527	0.0	0.0	0.0	-0.0018589391171361163	132696244.39486024	0.003599367337439447
40	40.0	nan	nan	1	1	6.000000000000838e-05	6.000000000000867e-05	5.999999999999513e-05	0.9986186652589722	-6.720359403515619e-21	3.583082774574883e-19	-1.1231656880592023e-21	1.0040000000000007	-5.289212535834753e-20	-6.757628853194808e-21	8.919256934587782e-21	0.9980176178593313	95.13579299062901	160989.62398608762	-781126.1556699653	161857.16228989008	132988422.62571277	799526.9792886147	-780656.0099999156	794762.957373194	6.841844791620912	1599.565890624997	94.94498316589515	161532.53135884952	-779090.2837482119	161532.53224479812	133436901.18816791	797443.1487626455	-779090.281352865	797443.1466827438	6.824012691641749	-0.0013822896633406809	0.0	0.0	0.0	0.00399202126953812	0.0	0.0	0.0	-0.0019843496608259736	133451114.6037117	0.003799494227778031
44	48.666666666666664	nan	nan	1	1	6.000000000000838e-05	6.000000000000867e-05	5.999999999999513e-05	0.9983105837307934	-7.438643342787266e-21	6.143741724672254e-20	1.260385025514399e-20	1.0048666666666737	-9.496594591436314e-20	-8.097634975751111e-22	1.3828659896873708e-20	0.99747673913361	271.8666880129823	195265.58677954416	-860219.8939390954	196547.91885174072	135532203.96239546	842105.9376849529	-859501.3604581435	835912.9370373093	-595.4332688073679	1599.565890624997	271.2344064547883	196090.8181824185	-857502.4441932101	196090.80648795815	136104990.14891797	839445.7102448602	-857502.4143443985	839445.6722063123	-593.5522846585326	-0.001690844942180913	0.0	0.0	0.0	0.004854862726188422	0.0	0.0	0.0	-0.002526449654315653	136121443.9622566	0.004667340345975631
48	57.33333333333333	nan	nan	1	1	6.000000000000838e-05	6.000000000000867e-05	5.999999999999513e-05	0.9979982229453889	-9.922143944136875e-21	-2.0855306414116482e-19	1.3503399245128056e-20	1.0057333333333371	-7.30548976347889e-20	1.666960840196463e-20	-1.7121923995798426e-20	0.996939066474715	192.71570168423364	214146.00222395416	-909126.27471507	215805.7546936449	137593874.1053115	852551.4622157532	-908161.4167369166	845096.6101939202	-424.3812405994067	1599.565890624997	192.20542502399388	215234.3526514324	-905756.7875269933	215234.33970875663	138293165.01032823	849391.6577870313	-905756.7679685947	849391.6297012331	-422.80835991953853	-0.0020037832881011925	0.0	0.0	0.0	0.005716960329233073	0.0	0.0	0.0	-0.0030656277639234007	138310505.5361544	0.0055351653455077724
52	66.0	nan	nan	1	1	6.000000000000838e-05	6.000000000000867e-05	5.999999999999513e-05	0.9976828263676466	-1.9796854043227507e-20	3.40354778865723e-20	6.1359066699101515e-21	1.006599999999984	-3.8882200410761404e-19	4.573977915173222e-23	3.5710909056241304e-21	0.996404538183351	155.087758171727	224737.95966981244	-941590.6067470795	226746.6282405408	139427496.7725416	851461.272884329	-940384.1627133325	842837.1296906666	-289.8993848147234	1599.565890624997	154.6268452135716	226072.76201444428	-937589.412966489	226072.74875188136	140255608.54267412	847843.0745664334	-937589.3886360727	847843.0529379309	-288.66748678259995	-0.002319862433590567	0.0	0.0	0.0	0.006578315360106845	0.0	0.0	0.0	-0.003601941024645171	140273310.32554767	0.0064024112405869655
56	74.66666666666666	nan	nan	1	1	6.000000000000838e-05	6.000000000000867e-05	5.999999999999513e-05	0.9973653438779315	3.762520351703602e-21	2.1980843794427997e-19	-2.9205696021328275e-21	1.0074666666666745	-5.637648009017282e-19	-3.235665858511427e-21	2.231423596246729e-20	0.9958726895744374	150.30238045581677	230697.5575084228	-964702.7287008718	233034.04860395135	141140275.42899537	846550.6493840693	-963258.9396391474	836808.4780300466	-198.6151403314689	1599.565890624997	149.8067390188179	232265.60408710077	-960082.4868385487	232265.58884723022	142099602.9935797	842496.2721832	-960082.4693557315	842496.2481354403	-197.66391467557548	-0.002638132936659152	0.0	0.0	0.0	0.007438929097006141	0.0	0.0	0.0	-0.00413585127984233	142117417.96265173	0.007268896909101015
60	83.33333333333333	nan	nan	1	1	6.000000000000838e-05	6.000000000000867e-05	5.999999999999513e-05	0.9970464551587424	-2.3716075490173154e-20	-8.230110928701684e-20	-1.8058742435461683e-20	1.008333333333333	3.086723585066231e-19	8.531315844745312e-21	-2.0881056215713013e-20	0.9953430503744775	147.80906773247204	234033.46295510978	-981995.2327760005	236682.77804883345	142779300.95023698	840940.6135465004	-980317.5321468958	830106.8138049366	-139.5327366463985	1599.565890624997	147.27334976024403	235824.9638811398	-976764.4874081153	235824.94693019646	143872261.1049108	836461.2168323839	-976764.477327472	836461.1919646128	-138.7894945292059	-0.0029579151622363157	0.0	0.0	0.0	0.008298802814695064	0.0	0.0	0.0	-0.004667826998821056	143890077.2942311	0.008134576227736183
64	92.0	nan	nan	1	1	6.000000000000838e-05	6.000000000000867e-05	5.999999999999513e-05	0.9967266167210106	-5.496650904617331e-20	7.88282742032742e-20	3.615136618881354e-21	1.0092000000000025	2.454837006414523e-19	1.1163894244811678e-20	-8.300922883092143e-22	0.9948152599024263	144.46169332577713	235854.72742964758	-995647.023181222	238806.27811130908	144366688.60914627	835838.3594507803	-993737.7314937369	823924.6243212345	-98.39989152870892	1599.565890624997	143.89079790938726	237862.56140252727	-989810.6033797972	237862.54412591681	145595683.8686458	830938.7279164016	-989810.5982659407	830938.7040042367	-97.82307759565337	-0.0032787525182888773	0.0	0.0	0.0	0.009157937784768365	0.0	0.0	0.0	-0.005198227501835456	145613449.72999343	0.008999446052617877
68	100.66666666666666	nan	nan	1	1	6.000000000000838e-05	6.000000000000867e-05	5.999999999999513e-05	0.9964061371383625	-1.9132780212580137e-20	5.401190291461771e-19	1.9630835585565663e-20	1.010066666666647	7.854231588028116e-19	6.322253918306098e-21	1.502297635250227e-20	0.9942890559598271	140.51000157215057	236879.20009629746	-1007321.7807390875	240126.75047751973	145913605.90954903	831812.5111924493	-1005181.5054219323	818819.2715395	-69.05538504931907	1599.565890624997	139.9086417074226	239099.06335846457	-1000879.4941788182	239099.04719256563	147281004.3686677	826492.6872156588	-1000879.4927013883	826492.6629495776	-68.61374406872689	-0.0036003363011949353	0.0	0.0	0.0	0.010016335275468996	0.0	0.0	0.0	-0.005727313835496109	147298709.4385929	0.009863516001320124
72	109.33333333333333	nan	nan	1	1	6.000000000000838e-05	6.000000000000867e-05	5.999999999999513e-05	0.996085231122095	2.915317997859851e-20	-2.5455034130886233e-20	2.4159073721587153e-20	1.0109333333333086	9.959074580637161e-20	-1.9535967895473183e-20	6.081018934928073e-20	0.9937642470357837	136.98655727467894	237664.08461018637	-1018015.2294044544	241206.80045805496	147426033.19946876	829177.558959973	-1015643.1464233693	815095.2790252338	-47.360498272532595	1599.565890624997	136.3553136036306	240095.31626774473	-1010962.991193969	240095.30259116815	148934156.90125012	823433.482156726	-1010962.9915163598	823433.4570446128	-47.03241131868551	-0.003922451642976646	0.0	0.0	0.0	0.010873996551853867	0.0	0.0	0.0	-0.006255276476581696	148951814.3310156	0.010726798687495803
76	118.0	nan	nan	1	1	6.000000000000838e-05	6.000000000000867e-05	5.999999999999513e-05	0.9957640510745478	3.1480826517653324e-20	-5.59197599250133e-19	-1.1787310493990844e-20	1.0118000000000134	1.3322134194415636e-20	-2.4719809532669502e-20	2.376435636816665e-20	0.9932406925999857	134.6348573152719	238559.124987413	-1028199.3309592404	242400.90994521935	148907382.91505837	828070.9748003453	-1025593.7793387324	812881.7580467183	-30.239145467868017	1599.565890624997	133.97023996128488	241204.322154644	-1020530.9928288277	241204.31157103516	150558501.42703095	821895.1993066717	-1020530.9936866179	821895.1735838201	-30.01362111160719	-0.004244945973447924	0.0	0.0	0.0	0.011730922875711428	0.0	0.0	0.0	-0.006782254983248724	150576134.31287155	0.01158930615250541
80	126.66666666666666	nan	nan	1	1	6.000000000000838e-05	6.000000000000867e-05	5.999999999999513e-05	0.995442706815578	5.418977983354112e-20	-1.6974201449797276e-19	-3.8404473828509976e-21	1.0126666666666686	-6.01345958705507e-19	2.5831116759467142e-20	-2.294104034343547e-20	0.992718289052924	133.43580981226037	239713.17408664015	-1038076.6412611182	243860.87817941364	150359767.5107997	828487.6187517766	-1035235.5396061903	812167.3318739594	-15.942172539962106	1599.565890624997	132.7332895810228	242576.9942322873	-1029785.173764662	242576.9859411196	152156094.8629903	821870.2093148864	-1029785.1742830216	821870.1826893948	-15.814837042577867	-0.004567709303259025	0.0	0.0	0.0	0.012587115505473333	0.0	0.0	0.0	-0.0073083520113709985	152173728.77497488	0.012451048723216802
84	135.33333333333331	nan	nan	1	1	6.000000000000838e-05	6.000000000000867e-05	5.999999999999513e-05	0.9951212781490741	9.469828350303079e-22	1.0149284299272586e-18	-2.2739446501988947e-20	1.0135333333333465	3.6309930756539546e-19	-4.7433845046240816e-21	-1.642905104494441e-20	0.9921969599084645	132.86240534083697	241146.65637508704	-1047726.792635636	245608.42224213	151784618.12581366	830307.0833682406	-1044647.8854130708	812827.865670949	-4.051126350568607	1599.565890624997	132.11927509803488	244234.68476885936	-1038804.9270645479	244234.67738189994	153728311.71690932	823236.644554799	-1038804.9275444612	823236.6167860258	-4.0166291849283775	-0.004890661664223474	0.0	0.0	0.0	0.013442575696501848	0.0	0.0	0.0	-0.00783364311054505	153745970.95457587	0.013312034811014046
88	144.0	nan	nan	1	1	6.000000000000838e-05	6.000000000000867e-05	5.999999999999513e-05	0.9947998235443506	8.963302647845007e-21	-2.202556713404302e-19	-4.057965443705902e-20	1.014399999999979	7.326089604756114e-19	1.1905895106606445e-20	9.263152311173028e-21	0.9916766484752884	132.54674229551082	242818.51199725585	-1057182.5306039809	247602.66926421816	153182992.305574	833338.7492978522	-1053863.50536331	814671.2829843807	5.746746563508234	1599.565890624997	131.76186424854387	246136.4922366556	-1047623.0322410116	246136.48536478527	155276152.90235654	825803.342517	-1047623.0326399939	825803.3140487139	5.69478201360702	-0.005213744430918269	0.0	0.0	0.0	0.014297304700804694	0.0	0.0	0.0	-0.008358184031808462	155293858.41498077	0.014172271113674488
92	152.66666666666666	nan	nan	1	1	6.000000000000838e-05	6.000000000000867e-05	5.999999999999513e-05	0.9944783864979407	3.333752273803475e-20	3.052571216632938e-19	-3.948189973741745e-20	1.015266666666674	-6.288440363051706e-19	2.66103870709411e-20	-1.6276585114438636e-20	0.9911573121997785	132.06231646575358	244669.23122991587	-1066466.3238688295	249783.7177979729	154555737.08191106	837374.8314152654	-1062904.8449507873	817489.8144626241	13.461101006086682	1599.565890624997	131.23696972237295	248222.65656315413	-1056262.0335291033	248222.65039016737	156800409.48629725	829362.5616307469	-1056262.0336191324	829362.533405555	13.332300893149005	-0.0055369139580208225	0.0	0.0	0.0	0.015151303767350854	0.0	0.0	0.0	-0.008882016382560793	156818178.74589285	0.015031762965365448
96	161.33333333333331	nan	nan	1	1	6.000000000000838e-05	6.000000000000867e-05	5.999999999999513e-05	0.9941570002839754	1.2046502575850659e-20	-3.4398346801176037e-19	3.331549988140614e-20	1.016133333333347	5.519266684309021e-19	4.2175464509686124e-20	-3.836381624704177e-20	0.990638918311537	131.14623583054424	246640.0532824872	-1075598.4707268635	252092.1480670838	155903581.08882633	842223.269596942	-1071792.1867090643	821092.1672212591	19.340658202888967	1599.565890624997	130.2835986545311	250433.97387128265	-1064742.2874993447	250433.9681176054	158301755.26324716	833722.578695954	-1064742.2871876573	833722.5507987045	19.145449921261743	-0.005860136826224405	0.0	0.0	0.0	0.016004574141729195	0.0	0.0	0.0	-0.00940517198461869	158319602.46425876	0.015890514698271022
100	170.0	nan	nan	1	1	6.000000000000838e-05	6.000000000000867e-05	5.999999999999513e-05	0.993835691334141	6.784056281149142e-20	-3.531110950513727e-19	2.446569964849321e-20	1.017	1.028148920168004e-18	1.5666721392415538e-20	-9.486769009248164e-23	0.9901214406586268	129.9152390715603	248680.2489763193	-1084596.1939568985	254476.47932486096	157227186.10219678	847721.362206147	-1080542.7447998205	825316.6851384402	23.77221559012035	1599.565890624997	129.018110972493	252719.2005470222	-1073081.0703520535	252719.195100272	159780798.59405628	838721.1312237218	-1073081.0700530286	838721.1036054839	23.519826726498582	-0.006183386457862313	0.0	0.0	0.0	0.016857117066423243	0.0	0.0	0.0	-0.00992767604457664	159798734.96370977	0.016748529946508134
104	208.75	nan	nan	1	1	6.000000000000838e-05	6.000000000000867e-05	5.999999999999513e-05	0.9924004417679219	5.890605928385306e-20	2.1102368984171615e-18	-1.177308034047697e-19	1.0208749999999687	-1.4819010818803435e-18	-5.580930682869135e-20	8.439158660084046e-20	0.9878190218228107	9196.772020875136	257528.61389965384	-1123284.438401783	264917.5603031427	162864254.22145572	876800.2214670575	-1118099.2034856966	848408.1998315848	6486.487793816985	1599.565890624997	9119.803217272582	262700.65556825604	-1108741.2994280178	262700.4359008462	166135116.81184503	865448.3082409059	-1108741.7074201289	865447.0930833557	6402.507378694943	-0.0076285820135202	0.0	0.0	0.0	0.020660102696271793	0.0	0.0	0.0	-0.012255774305797334	166145840.33323503	0.020575689808526046
108	247.5	nan	nan	1	1	6.000000000000838e-05	6.000000000000867e-05	5.999999999999513e-05	0.990968173089232	-6.837249950236712e-20	5.995366963301718e-19	-9.902153966581672e-20	1.0247499999999885	8.879886843199403e-19	-1.0977546996415733e-21	-7.087971702623986e-21	0.9855329186460992	7750.660659432675	266159.5517122442	-1159823.2425370985	275232.9080161366	168073271.15878338	910952.8241330605	-1153461.9326504273	876089.501771831	5334.097136033927	1599.565890624997	7674.49240911404	272528.0537946846	-1142126.410260041	272528.1051670808	172094825.03686664	897053.3101814948	-1142126.488992188	897052.0326317797	5252.70833565135	-0.009072861122234563	0.0	0.0	0.0	0.02444868040229867	0.0	0.0	0.0	-0.014572749957783465	172107392.14201468	0.02438858818168467
112	286.25	nan	nan	1	1	6.000000000000838e-05	6.000000000000867e-05	5.999999999999513e-05	0.9895397045776523	-5.4122017197760775e-20	2.396086801192965e-18	8.893845946170154e-20	1.0286249999999857	-8.327214785774917e-19	-4.5807541787512565e-21	1.193028965548737e-19	0.9832628780275682	7031.964412524386	274733.27058538975	-1193506.662126396	285585.1491221999	172906791.04720107	947570.8470802243	-1185935.8438843982	905781.8360258822	4842.427622101396	1599.565890624997	6952.643249792439	282363.3907419019	-1172558.5764583214	282363.72410375095	177708901.79540414	930939.3561040104	-1172558.3856744482	930937.9601084787	4757.434725213413	-0.01051538884494095	0.0	0.0	0.0	0.028222958943726246	0.0	0.0	0.0	-0.01687877034681642	177722639.63320237	0.028187145212476405
116	325.0	nan	nan	1	1	6.000000000000838e-05	6.000000000000867e-05	5.999999999999513e-05	0.9881153450409083	9.385125055577648e-21	-1.49973620761773e-18	3.2139818150617174e-20	1.0325000000000044	-2.9660789883229067e-18	-9.215718466126788e-22	-2.91311571219699e-20	0.9810085547028441	6611.175058076439	283318.16661293077	-1224022.2106509912	296045.0602480626	177404599.70142582	985383.3855884689	-1215218.3933782042	936240.1602201654	4569.756660549425	1599.565890624997	6527.032905151958	292276.558124942	-1199752.3087155165	292277.21738909924	183014052.420807	965845.2122375467	-1199751.9912645044	965843.6480754957	4479.147564525317	-0.011955842055730182	0.0	0.0	0.0	0.031983045853055045	0.0	0.0	0.0	-0.01917409906453711	183028692.26057756	0.03197145456332191
120	363.75	nan	nan	1	1	6.000000000000838e-05	6.000000000000867e-05	5.999999999999513e-05	0.9866952911017798	2.0635077847830364e-19	-4.751380495646162e-19	-8.234515500027406e-20	1.0363749999999923	4.874572967494828e-19	-1.1384122811097797e-19	3.095397202446115e-20	0.9787696986808185	6345.739531106265	291482.3189155163	-1251548.8710867325	306159.3440597221	181601227.25486445	1023497.017049112	-1241495.4477018658	966605.8564222702	4397.15202883776	1599.565890624997	6255.8279783597245	301820.4377159347	-1223905.3383909971	301821.43168917246	188042149.87633818	1000890.5700230222	-1223904.9394745012	1000888.8490032712	4300.030119589622	-0.013394009501155081	0.0	0.0	0.0	0.035729047454238695	0.0	0.0	0.0	-0.02145890551355844	188057538.20099613	0.03574160114855491
124	402.5	nan	nan	1	1	6.000000000000838e-05	6.000000000000867e-05	5.999999999999513e-05	0.9852796750286669	-2.8946842752647364e-19	1.3329317033808351e-18	-1.5666043766057735e-19	1.0402500000000243	-3.905296225292787e-19	4.6702008579813106e-20	8.783392849848193e-20	0.97654610678375	6164.989821329	298916.89614722534	-1276573.6998649875	315595.2628494352	185526433.71013466	1061131.8236953758	-1265257.6527630594	996147.4541711403	4273.957849594494	1599.565890624997	6068.786880188846	310669.1914394716	-1245514.0884224584	310670.48707916954	192820639.7639971	1035314.009857627	-1245513.6611225912	1035312.2494267172	4169.970535627278	-0.0148297440724333	0.0	0.0	0.0	0.03946106888093721	0.0	0.0	0.0	-0.02373331341165328	192836676.97216487	0.03949766764269684
128	441.25	nan	nan	1	1	6.000000000000838e-05	6.000000000000867e-05	5.999999999999513e-05	0.983868594277899	-2.287395533401293e-19	3.515945672626086e-18	-1.9546809917198038e-19	1.0441250000000155	-1.0264413017463392e-18	1.7032816129747274e-19	2.312942047090483e-19	0.9743375956291839	6031.536425422151	305581.3509401467	-1299563.9558842406	324298.03539115586	189205916.0125307	1097604.5750878868	-1286974.2176887183	1024241.0624225169	4177.8362380464705	1599.565890624997	5928.789075756891	318772.0887910653	-1265051.090113643	318773.6115482279	197373186.79095283	1068455.198331414	-1265050.584864802	1068453.4965550175	4066.8843294140647	-0.0162629332479731	0.0	0.0	0.0	0.043179214093948155	0.0	0.0	0.0	-0.02599742797191821	197389798.892984	0.043239737576699265
132	480.0	nan	nan	1	1	6.000000000000838e-05	6.000000000000867e-05	5.999999999999513e-05	0.9824621110047049	2.5478751053409354e-21	-1.2074353019156381e-18	9.06257490926321e-20	1.0479999999999825	6.165586704381942e-19	2.883977778811442e-20	-1.199127602768968e-19	0.972144004672405	5930.001981571151	311345.4042706289	-1320857.2496156483	332116.1418516407	192661965.60267863	1132430.568516375	-1306984.5428887573	1050461.6807151637	4105.056640830945	1599.565890624997	5820.535651283399	325983.8215348954	-1282858.6027795256	325985.3622345665	201720285.41328466	1099852.612607813	-1282857.9402168735	1099850.867745094	3986.9616706268557	-0.017693499845221377	0.0	0.0	0.0	0.046883585898833936	0.0	0.0	0.0	-0.028251332540113774	201737404.06299004	0.04696789400628602
136	518.75	nan	nan	1	1	6.000000000000838e-05	6.000000000000867e-05	5.999999999999513e-05	0.9810602429125146	2.0042832411110156e-19	1.5297686077955785e-18	2.3068434098702517e-19	1.051874999999989	2.242482458406081e-18	-1.0787811616230769e-19	3.684932133735108e-20	0.9699652074134133	5848.139903158989	316035.8831552448	-1340692.107746485	338849.4045349154	195914035.27422765	1165484.7025056721	-1325529.1581958942	1074726.1733220022	4050.926698419577	1599.565890624997	5731.8849384499135	332111.9961421156	-1299179.7510332586	332113.42929864966	205879790.2237539	1129397.3589353818	-1299179.0113015508	1129395.343226942	3925.4963232034625	-0.01912141160551931	0.0	0.0	0.0	0.05057428596292317	0.0	0.0	0.0	-0.030495076773969253	205897355.23998576	0.05068221711690217
140	557.5	nan	nan	1	1	6.000000000000838e-05	6.000000000000867e-05	5.999999999999513e-05	0.9796629928717866	-5.728653228870284e-20	1.8405687130657045e-18	-9.468473097587471e-20	1.0557500000000013	2.6597647695414395e-18	2.7050844203513336e-20	-1.1480345753905885e-19	0.9678010839201043	5776.726973956594	319891.94391181384	-1359074.9968482258	344738.2113563529	198979189.19969758	1197047.8425610773	-1342618.4210463522	1097325.97821352	4004.002714884984	1599.565890624997	5653.724574074202	337396.4402143982	-1314031.0572234564	337397.7870089389	209867336.11282372	1157373.9828599389	-1314030.3834500567	1157371.6870659553	3871.2977081966496	-0.0205466512841724	0.0	0.0	0.0	0.054251414831917553	0.0	0.0	0.0	-0.032728704639970366	209885301.71829697	0.05438278792660284
144	596.25	nan	nan	1	1	6.000000000000838e-05	6.000000000000867e-05	5.999999999999513e-05	0.9782703771489116	4.660714088972062e-20	1.3357641815564536e-18	-1.6226440763961182e-19	1.0596249999999985	8.704788192342994e-19	2.338624086051233e-19	2.815401991401734e-19	0.9656514946263396	5711.957479638599	323301.15374111454	-1375895.8182099806	350188.7661594318	201872476.1357039	1227382.095307585	-1358147.294312244	1118528.36466354	3962.610645146533	1599.565890624997	5582.289464235391	342237.76771425817	-1327316.372931519	342239.0777231544	213696687.42647332	1184046.2986973955	-1327315.7860409596	1184043.5650101677	3822.7007592031437	-0.0219691879026712	0.0	0.0	0.0	0.05791507194643073	0.0	0.0	0.0	-0.03495228147169654	213715013.50810122	0.05806969188665223
148	635.0	nan	nan	1	1	6.000000000000838e-05	6.000000000000867e-05	5.999999999999513e-05	0.9768824086335762	9.698188432882837e-20	1.813517868862191e-18	-1.167414689223767e-19	1.0634999999999926	-2.0930522939832664e-19	5.258380536554697e-21	3.659182332138578e-20	0.9635162980633203	5648.5275372605	326503.69639682333	-1391190.751472893	355455.36063159007	204607207.9785359	1256684.1054486234	-1372155.3801337848	1138535.264440744	3920.198169244638	1599.565890624997	5512.374193396914	346885.980516523	-1339081.156052401	346887.3868322274	217379995.21488148	1209612.702596815	-1339080.6465730048	1209609.342609601	3773.359973007915	-0.023388993821256875	0.0	0.0	0.0	0.06156535565814784	0.0	0.0	0.0	-0.03716587579250365	217398651.5394479	0.06174301586428957
152	673.75	nan	nan	1	1	6.000000000000838e-05	6.000000000000867e-05	5.999999999999513e-05	0.9754990872445518	3.087265686152474e-19	-1.1386562265985889e-18	1.8154965378269773e-19	1.0673750000000266	1.7083231530767852e-18	1.962405932198763e-20	-1.4690939437178586e-20	0.9613953615741826	5586.746982026555	329585.7253426841	-1405198.4105392767	360628.9341175592	207195236.18684945	1284891.674005997	-1384881.4953684362	1157311.002206678	3878.045858221093	1599.565890624997	5444.273745884017	351430.5432941116	-1349564.8425477545	351432.1740968065	220928058.5358718	1234021.2006469215	-1349564.2438526915	1234017.1402838144	3724.5091574182607	-0.024806054599007248	0.0	0.0	0.0	0.06520236324565809	0.0	0.0	0.0	-0.03936954819151646	220947017.00988433	0.06540284616665004
156	712.5	nan	nan	1	1	6.000000000000838e-05	6.000000000000867e-05	5.999999999999513e-05	0.974120404258288	3.42336835962298e-20	-9.587599811289316e-19	-5.120144759562795e-20	1.0712500000000087	2.428043660226975e-18	-4.185020385794047e-20	-2.550585610772149e-20	0.9592885578526636	5531.229192078264	332611.5494042146	-1418050.4518699858	365778.22347070405	209647150.14994282	1311662.949591005	-1396458.6389201195	1174570.680204865	3839.886406673658	1599.565890624997	5382.469220405378	355938.8727097836	-1358902.2175167375	355940.7793380346	224350508.64846438	1256952.2392403448	-1358901.499204117	1256947.8257112675	3679.7210890206234	-0.026220364644720693	0.0	0.0	0.0	0.06882619092986103	0.0	0.0	0.0	-0.04156335483005329	224369733.56256917	0.06904926886329384
160	751.25	nan	nan	1	1	6.000000000000838e-05	6.000000000000867e-05	5.999999999999513e-05	0.9727463432748512	1.207801220148852e-19	-5.349927857493941e-19	-2.6663241926849767e-19	1.0751249999999954	1.3801893655740472e-18	-3.6158142452391572e-19	9.471861229376488e-20	0.9571957646854571	5481.597284802811	335486.6745564945	-1429810.4837030317	370797.9157457284	211972463.009024	1336467.6269382637	-1406952.3508541635	1189867.6861036571	3804.3763508701545	1599.565890624997	5326.567037133648	360308.82516741595	-1367161.782082684	360311.0284888624	227655984.2968179	1277908.8441207926	-1367160.9980642842	1277904.192920443	3637.6834628449524	-0.02763192628686183	0.0	0.0	0.0	0.0724369338895021	0.0	0.0	0.0	-0.043747347649039925	227675432.2250218	0.07268236964782591
164	790.0	nan	nan	1	1	6.000000000000838e-05	6.000000000000867e-05	5.999999999999513e-05	0.9713768781294182	-3.138765289345535e-20	1.889506888626269e-18	4.037297839792897e-20	1.0790000000000068	1.4331255366456518e-18	2.732189474663471e-20	6.06258749799582e-19	0.9551168675228432	5414.884892172674	338009.7390761157	-1440421.4207980263	375461.64568836876	214179778.18824056	1358987.3018199527	-1416309.0940587088	1202953.3819404498	3751.9989213511362	1599.565890624997	5254.256491252634	364321.614008817	-1374296.2608509047	364323.86437728174	230852290.5016614	1296600.5229221736	-1374295.3727114624	1296595.532672561	3579.7566003098977	-0.029040751979455735	0.0	0.0	0.0	0.07603468627600374	0.0	0.0	0.0	-0.04592157161907006	230871930.85953057	0.07630223330946162
168	828.75	nan	nan	1	1	6.000000000000838e-05	6.000000000000867e-05	5.999999999999513e-05	0.970011988337369	1.2622823793162485e-19	3.4944987984016074e-18	3.7472737586530245e-19	1.0828749999999907	-4.1882729923115036e-19	-4.347650711666873e-20	1.9252720077911344e-19	0.9530517455372377	5351.407036302652	340110.5697115463	-1449824.0837025577	379685.2811303307	216276945.8535788	1379241.5803076446	-1424473.4600786176	1213882.4990029498	3698.487496436468	1599.565890624997	5185.291509628109	367897.2537829589	-1380256.7529285643	367899.2928813203	233946550.09863433	1313061.0303270773	-1380255.7137084315	1313055.4518700675	3521.0218949746704	-0.03044684845039202	0.0	0.0	0.0	0.07961954122815812	0.0	0.0	0.0	-0.0480860792812813	233966333.57634175	0.07990894555802151
172	867.5	nan	nan	1	1	6.000000000000838e-05	6.000000000000867e-05	5.999999999999513e-05	0.9686516625304102	3.136867935543686e-19	-3.788912204274152e-18	1.46936499426098e-19	1.0867500000000072	-1.0832480745737173e-17	-3.7968760080442363e-19	6.307346138434422e-19	0.9510002678268196	5289.778228821208	341981.7842856632	-1458117.8042849049	383678.2050059809	218271076.19372573	1397433.8242673387	-1431546.0034226002	1222869.701227831	3645.2482121538706	1599.565890624997	5118.316959668591	371239.95081724884	-1385145.3099925707	371241.7758910339	236945203.85126767	1327498.3009059231	-1385144.304905288	1327492.0144884328	3462.819293465787	-0.03185021311306124	0.0	0.0	0.0	0.08319159088677144	0.0	0.0	0.0	-0.050240934810267174	236965087.0010903	0.083502593740116
176	906.25	nan	nan	1	1	6.000000000000838e-05	6.000000000000867e-05	5.999999999999513e-05	0.967295890144284	-2.7663418430967644e-19	-1.629375447227948e-18	-2.5728117553081023e-19	1.0906250000000008	4.675621868843738e-18	-3.467278547608643e-19	1.276919108644803e-19	0.9489623021532632	5225.7500256693775	343981.85756464826	-1465535.0877981407	387840.93115645583	220168645.70727715	1413940.6352559933	-1437757.41185857	1230275.876410833	3590.9793000898335	1599.565890624997	5049.219170567605	374737.56857787987	-1389189.3000387512	374739.2919880671	239854111.93938783	1340282.6160503153	-1389188.5855470211	1340275.8909154658	3403.910327278737	-0.03325084259384975	0.0	0.0	0.0	0.08675092640865571	0.0	0.0	0.0	-0.05238620491963463	239874065.68055534	0.08708326535159791
180	945.0	nan	nan	1	1	6.000000000000838e-05	6.000000000000867e-05	5.999999999999513e-05	0.9659446553019007	-1.4558124671049112e-19	-1.7164834684906329e-18	-1.0462550964485118e-20	1.094500000000004	2.080583968999683e-19	9.882502802205373e-20	2.2106882296979437e-19	0.9469377210378521	5160.81818959467	346344.98226107715	-1472344.64985007	392440.85092952556	221975534.4233959	1429202.0810503794	-1443372.8628331032	1236508.4038670927	3530.3743611360082	1599.565890624997	4979.450010384895	378647.6269398927	-1392648.3624665716	378649.18457628513	242678582.49141744	1351841.050267211	-1392647.978050172	1351834.1445541028	3339.2793415799006	-0.03464873905904148	0.0	0.0	0.0	0.09029763798078487	0.0	0.0	0.0	-0.05452195243820112	242698592.01735723	0.09065104707921949
184	983.75	nan	nan	1	1	6.000000000000838e-05	6.000000000000867e-05	5.999999999999513e-05	0.9645979472277164	-9.746977530644685e-20	2.7999859917617053e-18	3.123315408387617e-19	1.0983750000000192	-4.598643514597267e-19	2.9024092157436954e-19	-1.331671318355321e-19	0.9449263917841101	5097.783973718563	348940.42375497974	-1478735.6712597732	397335.1880269554	223697100.24490887	1443479.7398430042	-1448578.8258070245	1241811.5824364098	3466.2791174749873	1599.565890624997	4911.711042806997	382830.8888995097	-1395704.8145994174	382832.1562445903	245423441.65643275	1362428.5001248696	-1395704.6143528023	1362421.2031210759	3271.647899643703	-0.03604389945681132	0.0	0.0	0.0	0.09383181483388828	0.0	0.0	0.0	-0.05664824681410294	245443495.74685147	0.09420602628296793
188	1022.5	nan	nan	1	1	6.000000000000838e-05	6.000000000000867e-05	5.999999999999513e-05	0.9632557690657444	-3.4659232948930365e-19	-4.3934989110358535e-18	-1.2639086825749769e-19	1.1022499999999882	-7.276026569441596e-18	9.183192400952222e-20	-2.823533507695375e-19	0.9429281680742433	5036.72485548405	351489.00277295435	-1484779.0821665982	402208.42504137324	225338242.21447337	1456944.7726553024	-1453445.6184743848	1246347.6103367435	3399.1290499604124	1599.565890624997	4846.068067515727	386982.6668820867	-1398428.010402023	386983.49840503046	248093093.19702098	1372212.4753515178	-1398427.867643059	1372204.8721444125	3201.4441283073675	-0.03743630632614933	0.0	0.0	0.0	0.09735354525589944	0.0	0.0	0.0	-0.05876517308436594	248113182.47494498	0.0977482922418683
192	1061.25	nan	nan	1	1	6.000000000000838e-05	6.000000000000867e-05	5.999999999999513e-05	0.9619181233884677	-4.809791887688819e-19	-2.921375977498614e-18	-3.426078865054194e-19	1.106125000000031	7.900852281444992e-18	-3.55726732792494e-19	-3.789286592836838e-19	0.9409429044595793	4954.8442034692025	353739.927014923	-1490371.8021067926	406771.7171965994	226903474.03305677	1469996.5141245371	-1457872.8735975632	1250469.4702524361	3315.44727351414	1599.565890624997	4760.609113232888	390825.32970262726	-1400723.1606790258	390825.83919301955	250691590.84747553	1381573.4842413033	-1400722.7276942795	1381566.2459099814	3116.0169411797665	-0.038825942761360796	0.0	0.0	0.0	0.10086291660540533	0.0	0.0	0.0	-0.06087281662591557	250711726.19035703	0.10127793385010792
196	1100.0	nan	nan	1	1	6.000000000000838e-05	6.000000000000867e-05	5.999999999999513e-05	0.9605850010158685	8.429671891074797e-20	-7.352923608525131e-19	-1.72740511131253e-19	1.11	-5.272583585014257e-18	4.7943420067309e-19	-5.617251455647399e-19	0.9389704682678918	4866.155772374698	355583.48446620634	-1495393.7477622088	410893.91252374783	228397011.24640414	1482858.5485893344	-1461744.5492010587	1254372.5406678459	3230.40879780583	1599.565890624997	4668.862618590615	394233.79157370416	-1402480.3355619884	394234.65218261594	253222727.3236285	1390723.9868621107	-1402479.6580572566	1390717.1293283808	3029.693565008507	-0.04021280405625496	0.0	0.0	0.0	0.10436001532424326	0.0	0.0	0.0	-0.06297125046238011	253242906.36453593	0.10479503751630843
200	1138.75	nan	nan	1	1	6.000000000000838e-05	6.000000000000867e-05	5.999999999999513e-05	0.9592563804757163	-3.187554387107383e-20	2.8118512292868437e-18	2.9831822775938655e-19	1.1138749999999962	6.997332401004197e-18	4.602438222200966e-19	-6.391913907888292e-19	0.9370107395279901	4791.720472259316	357150.42852679326	-1499868.3106849259	414719.89776340633	229822703.80043286	1495647.0293652527	-1465084.8793867736	1258157.8230402074	3157.6939825036907	1599.565890624997	4591.033376359377	397348.8042234389	-1403724.810926092	397350.5765820285	255689953.71273598	1399774.119201951	-1403724.1152534673	1399767.3433335589	2955.2817117179443	-0.04159689835182128	0.0	0.0	0.0	0.10784492695074341	0.0	0.0	0.0	-0.06506053520001776	255710160.12400356	0.10829968733460008
204	1177.5	nan	nan	1	1	6.000000000000838e-05	6.000000000000867e-05	5.999999999999513e-05	0.9579322405153856	-2.54679090316845e-19	3.5398116729479235e-18	-1.49890950346121e-20	1.1177500000000047	-9.434293624099866e-18	-6.130079083233042e-19	-2.5912431922403557e-19	0.9350635983103927	4723.772287506261	358556.51912117354	-1503859.5047972999	418379.5250602098	231184046.62080136	1508505.444355927	-1467957.5469445603	1261947.3220617056	3091.6663376479387	1599.565890624997	4519.632522207804	400296.39817863156	-1404519.5743303786	400299.081538967	258096384.37334666	1408858.6186562825	-1404519.1568481673	1408851.7172985908	2887.441196915618	-0.042978233663726065	0.0	0.0	0.0	0.11131773613195775	0.0	0.0	0.0	-0.06714073242336913	258116611.7490356	0.11179196715388903
208	1216.25	nan	nan	1	1	6.000000000000838e-05	6.000000000000867e-05	5.999999999999513e-05	0.9566125478901485	-8.391724815037805e-20	6.062479077778571e-18	-3.335547983651654e-19	1.121625000000009	-6.353424730765056e-20	-4.2804301769727715e-19	4.7488055154865094e-20	0.9331289371105845	4637.935272203218	359857.6842090294	-1507316.3710391396	421935.2609463704	232484309.19529465	1521438.8830165744	-1470313.4893623174	1265745.5549093918	3017.295666626539	1599.565890624997	4431.342774741673	403137.3624884274	-1404819.9371408513	403140.5485991697	260444935.15523896	1417982.128416418	-1404819.747429509	1417975.3468630242	2812.1217218675006	-0.04435683064640178	0.0	0.0	0.0	0.11477852663609293	0.0	0.0	0.0	-0.06921189142301207	260465195.0836816	0.11527195854557794
212	1255.0	nan	nan	1	1	6.000000000000838e-05	6.000000000000867e-05	5.999999999999513e-05	0.9552972506252188	4.1795993749316197e-20	-7.473161629453773e-18	1.3517290585463027e-19	1.1254999999999864	7.381627861041684e-18	1.2988742026376343e-19	8.695301423333746e-20	0.9312066679940612	4543.263747254007	361095.3819250757	-1510270.9748425493	425434.26771514805	233726581.13581982	1534411.3412917336	-1472184.9987227758	1269522.5838652577	2936.3079870739375	1599.565890624997	4334.872945721317	405917.0832961614	-1404658.8144885304	405920.4131426015	262738370.11607388	1427111.0625173086	-1404658.694075883	1427104.6660134709	2730.974086637978	-0.04573272973269759	0.0	0.0	0.0	0.1182273813646378	0.0	0.0	0.0	-0.07127404138405788	262758668.926139	0.11873973953867184
216	1293.75	nan	nan	1	1	6.000000000000838e-05	6.000000000000867e-05	5.999999999999513e-05	0.9539863025371619	-1.4110891274898841e-19	-7.364497466716413e-18	3.9372801893811093e-19	1.1293750000000065	-2.710505431213761e-18	3.8597597340483956e-20	-5.512625946002548e-19	0.929296698338256	4460.576005215079	362168.0953454508	-1512843.9745670273	428755.26082991227	234913713.68878934	1547544.6779384385	-1473690.6731835788	1273378.779704382	2859.9714590183253	1599.565890624997	4250.092475977809	408520.31290954753	-1404151.0558710133	408523.36244436295	264979232.17491257	1436358.626577291	-1404150.8618378944	1436352.6335499617	2654.4918124097135	-0.04710596556442982	0.0	0.0	0.0	0.1216643823643614	0.0	0.0	0.0	-0.07332721727326005	264999563.90322638	0.12219538844764745
220	1332.5	nan	nan	1	1	6.000000000000838e-05	6.000000000000867e-05	5.999999999999513e-05	0.9526796844969535	-6.685190595545621e-19	-4.968410665523448e-18	-2.3689817468808272e-19	1.1332500000000008	-8.687224117148729e-18	-5.043708506402567e-19	1.2414114874959026e-19	0.9273989098250979	4383.713168249036	362887.78840698785	-1515168.1530490762	431672.00662347145	236048316.70653054	1561371.3737559423	-1474960.7702221535	1277748.4855973686	2788.6024865084446	1599.565890624997	4171.092501476616	410732.3109752792	-1403421.7456694115	410734.87265675823	267169835.19424197	1446217.3948054444	-1403421.6137145506	1446211.7632516746	2582.9379806579022	-0.048476544631379674	0.0	0.0	0.0	0.12508961083882225	0.0	0.0	0.0	-0.07537148254293824	267190205.41762516	0.12563898719902353
224	1371.25	nan	nan	1	1	6.000000000000838e-05	6.000000000000867e-05	5.999999999999513e-05	0.9513773916659731	-2.350008208862331e-19	5.259735789270304e-19	-1.2313826174004117e-19	1.137125000000012	-4.981637932027771e-18	-1.0278236595162582e-19	-1.6745502554038616e-19	0.925513171245534	4328.0791186496745	363388.6584773737	-1517361.1711017173	434339.52417971846	237132761.54488474	1576605.0517996375	-1476110.1313093267	1283204.0440921248	2738.4824903764447	1599.565890624997	4112.48550080176	412701.39629624604	-1402580.936983628	412703.86854007246	269312262.54341733	1457343.3358655649	-1402580.9940577361	1457337.9998946327	2531.33097802723	-0.049844458493157766	0.0	0.0	0.0	0.12850314716009956	0.0	0.0	0.0	-0.07740691557818868	269332674.77947515	0.12907061927461758
228	1410.0	nan	nan	1	1	6.000000000000838e-05	6.000000000000867e-05	5.999999999999513e-05	0.9500794175012225	-7.020209066843641e-19	1.5839651638926978e-18	3.445594504158933e-19	1.1410000000000056	-7.898250196231027e-18	1.4647571350279165e-19	-3.910175135068972e-19	0.9236393534814306	4280.267068914918	363851.0374937296	-1519431.6167100493	436970.77891593607	238169156.45717058	1593422.927362108	-1477147.032290825	1289871.241139338	2692.3882962653715	1599.565890624997	4061.4657460773506	414630.53241251333	-1401637.1666969187	414633.4380610798	271408334.64787817	1469892.2759640922	-1401637.322385562	1469887.2460035512	2483.659982932603	-0.051209700511908034	0.0	0.0	0.0	0.13190507087994385	0.0	0.0	0.0	-0.07943359361629176	271428810.14164835	0.13249036757851937
232	1448.75	nan	nan	1	1	6.000000000000838e-05	6.000000000000867e-05	5.999999999999513e-05	0.9487857763659657	-4.607859233063394e-19	1.1713178170447147e-18	1.273395451584225e-19	1.144875000000002	-1.078022220102337e-18	1.8192912454306764e-19	-2.372234353398284e-19	0.9217773084818152	4203.0588124644655	364306.7080558857	-1521293.142318059	439602.7237118424	239159535.46989614	1611468.370558119	-1477987.8712135626	1297443.0954172763	2623.738228579375	1599.565890624997	3982.734738989786	416555.6120227919	-1400511.4705255018	416558.77711953525	273459819.61294734	1483527.3193414789	-1400511.8417641905	1483522.5120076058	2415.428941711107	-0.052572242033627446	0.0	0.0	0.0	0.13529546074101637	0.0	0.0	0.0	-0.081451615529622	273480402.7915867	0.13589831740534128
236	1487.5	nan	nan	1	1	6.000000000000838e-05	6.000000000000867e-05	5.999999999999513e-05	0.9474965119066666	7.968885967768457e-20	-1.0987901127162969e-17	-4.0879842913565947e-19	1.1487500000000148	2.4011283412950224e-18	-3.7404974950749905e-19	-2.789652189805203e-19	0.9199268622690139	4110.83850019769	364832.73523815925	-1522735.7572448219	442328.49277442845	240105953.71334115	1630640.9984286844	-1478428.7594507155	1305824.363562831	2552.204266935893	1599.565890624997	3890.0178149233666	418564.96964652603	-1399011.8781275307	418568.0650937696	275468540.8434346	1498149.705166926	-1399012.442858492	1498144.991681115	2344.8349904854927	-0.053932023397327535	0.0	0.0	0.0	0.13867439468777265	0.0	0.0	0.0	-0.08346110963282756	275489255.9346228	0.13929455720502137
240	1526.25	nan	nan	1	1	6.000000000000838e-05	6.000000000000867e-05	5.999999999999513e-05	0.9462116685842475	-4.469081354985249e-19	-1.2204863855669323e-18	-9.600610237359141e-20	1.1526250000000047	-3.2062026644741336e-18	2.1933409949381756e-19	1.695692197767329e-19	0.9180878416438502	4013.685212511701	365435.28163252637	-1523507.824376164	445156.70634245366	241010359.08938888	1650825.9858550155	-1478225.9399534971	1314910.594765605	2486.9507990638463	1599.565890624997	3792.896897024157	420666.51090580126	-1396909.7691210972	420669.135913424	277436230.01415056	1513648.2464106188	-1396910.391296385	1513643.8101489693	2280.294075915452	-0.055288983812674046	0.0	0.0	0.0	0.1420419498771723	0.0	0.0	0.0	-0.08546220487426147	277457087.02907586	0.1426791747548809
244	1565.0	nan	nan	1	1	6.000000000000838e-05	6.000000000000867e-05	5.999999999999513e-05	0.9449312605876886	7.267407162170337e-19	7.133941874737371e-18	1.9965583006320563e-19	1.1564999999999863	1.5456928272039595e-18	-9.367506770274758e-20	6.204346932048299e-19	0.9162601039645608	3900.5604443299612	365846.04950597504	-1523493.778912171	447760.589490123	241874588.39934573	1671351.6378558234	-1477268.5905183235	1324157.303182601	2418.7281991467244	1599.565890624997	3680.972715506207	422551.23584730277	-1394102.9022454757	422553.25523490267	279364520.63979995	1529403.1398482388	-1394103.6045414696	1529398.241887812	2213.304739964951	-0.05664309425293307	0.0	0.0	0.0	0.145398202689345	0.0	0.0	0.0	-0.08745499832277558	279385526.0618814	0.14605225269221514
248	1603.75	nan	nan	1	1	6.000000000000838e-05	6.000000000000867e-05	5.999999999999513e-05	0.9436552789109103	1.859948826898883e-19	-3.4156163140897088e-18	1.7829704726524121e-19	1.1603749999999926	8.311710694708375e-18	-2.667137344314341e-20	1.6918974901636297e-19	0.9144435303481327	3767.2317218757153	366032.00689501455	-1522641.7741135159	450096.0466931941	242700395.95396405	1691679.1345562981	-1475507.9303550306	1333137.094278612	2344.754786210313	1599.565890624997	3550.3165693825176	424178.6422458316	-1390548.0597031438	424179.7612578957	281254979.0428734	1544920.9250594098	-1390548.9866671886	1544914.8487739991	2141.340316465884	-0.057994350172894824	0.0	0.0	0.0	0.1487432287379532	0.0	0.0	0.0	-0.08943956226703646	281276133.74148935	0.14941386952465754
252	1642.5	nan	nan	1	1	6.000000000000838e-05	6.000000000000867e-05	5.999999999999513e-05	0.9423837097937157	-2.2524300133386356e-19	-4.169136823967134e-18	-4.325695617674041e-19	1.1642500000000096	5.497013434718756e-18	1.5634195327240973e-19	-1.378020961229076e-19	0.9126380075381065	3620.4614181595466	366372.2161927614	-1521025.7298179346	452628.0546228078	243489397.79046836	1711539.9336270439	-1473016.8069888803	1341644.206207575	2270.941886616602	1599.565890624997	3407.3686694719013	425986.86680033896	-1386316.9839160964	425987.3187737983	283109037.96616095	1559958.4097251357	-1386318.134082173	1559951.2913459965	2069.81725896241	-0.05934275210676001	0.0	0.0	0.0	0.15207710288035794	0.0	0.0	0.0	-0.09141596382362732	283130335.97208875	0.15276410247722205
256	1681.25	nan	nan	1	1	6.000000000000838e-05	6.000000000000867e-05	5.999999999999513e-05	0.9411165412610257	3.4949257030070236e-19	2.029626466892864e-18	-4.2565777291780906e-19	1.16812500000003	1.4083894640803952e-17	4.109126233720062e-19	-5.787471196727623e-19	0.9108434213483111	3444.2817229367997	367046.2648443821	-1518802.3067240457	455582.6900517721	244243063.8654034	1730733.1252436212	-1469948.2362099409	1349529.199972584	2187.183652987647	1599.565890624997	3237.1708605092463	428187.19573824835	-1381556.093216035	428187.68249030237	284927984.8669346	1574335.8331267012	-1381557.6016988615	1574327.7593306554	1989.5393162031912	-0.06068829875392816	0.0	0.0	0.0	0.15539989922771616	0.0	0.0	0.0	-0.0933842720726223	284949432.4008423	0.15610302856184238
260	1720.0	nan	nan	1	1	6.000000000000838e-05	6.000000000000867e-05	5.999999999999513e-05	0.9398537675821657	8.928404890418129e-20	-4.188218782202879e-18	3.7816971776294395e-19	1.1719999999999933	7.287790163013064e-18	-6.7220534694101274e-21	-2.0925101928970236e-20	0.9090596530148637	3218.3021260624346	368171.06745333143	-1516019.8828682601	459110.73359570524	244962804.1912796	1749421.253443818	-1466349.6577507444	1356927.847062513	2081.52863974551	1599.565890624997	3020.6945892182493	430920.333377605	-1376312.3241971314	430920.79441321554	286713059.7126556	1588204.7844727046	-1376314.0636174586	1588195.955402315	1889.7070892176328	-0.0620309822217467	0.0	0.0	0.0	0.15871169115481532	0.0	0.0	0.0	-0.09534456207903819	286734681.6716737	0.15943072494874003
264	1750.0	nan	nan	1	1	6.000000000000838e-05	6.000000000000867e-05	5.999999999999513e-05	0.9388791008525723	6.754579534584693e-20	2.6175893050317534e-18	4.0524766702076943e-19	1.1749999999999932	-1.1854232873087511e-17	-3.791454997181809e-19	-7.101524229780054e-21	0.9076859190619239	1662.2278837724127	369371.1007703961	-1513325.8064895032	462265.2883504438	245497157.30657247	1763852.1463807558	-1463047.9307084482	1362569.8260970311	1209.741242623494	1599.565890624997	1558.536933353015	433428.6782456402	-1371781.367182714	433428.85288759397	288072099.25876737	1598875.4691781837	-1371781.9665615866	1598871.263915514	1096.5916847694245	-0.0630685611489167	0.0	0.0	0.0	0.16126814759611685	0.0	0.0	0.0	-0.09685686433629583	288094858.73447424	0.16199940336511837
268	1780.0	nan	nan	1	1	6.000000000000838e-05	6.000000000000867e-05	5.999999999999513e-05	0.9379071290015099	-8.945210024091655e-19	1.0457997315360678e-17	-1.485899077391384e-19	1.1780000000000055	-4.071179157683069e-18	-4.422460661568372e-19	2.172199052574708e-19	0.9063186397442597	1501.5479721768584	370701.09685345145	-1510109.4754736088	465596.2062814988	246013530.75071123	1777966.2735808094	-1459250.0411018746	1367911.6131176972	1137.7172698827167	1599.565890624997	1406.413444584972	436097.0231564211	-1366794.7603754364	436097.1320235232	289413139.9319784	1609231.0036610716	-1366795.410366778	1609226.9148519826	1029.743888453285	-0.06410434447095878	0.0	0.0	0.0	0.1638180852294	0.0	0.0	0.0	-0.09836433527395308	289436010.7050663	0.1645613715651623
272	1810.0	nan	nan	1	1	6.000000000000838e-05	6.000000000000867e-05	5.999999999999513e-05	0.9369377532330941	-7.958043946043602e-20	-5.211976683572317e-18	-2.874762060345315e-19	1.180999999999985	3.3718687564299187e-19	6.266688556966215e-20	5.010098239055516e-19	0.9049576943007299	1283.1622190241594	372205.4164116269	-1506292.5492116252	469161.2033708637	246511419.88637355	1791866.6768619048	-1454879.8204433757	1373039.3033722742	1030.7362633847665	1599.565890624997	1200.613961701692	438978.9273580485	-1361283.8475604197	438979.17403163254	290735475.39016795	1619366.1486744687	-1361284.6443926264	1619362.0351516595	931.5087080360611	-0.06513843093217321	0.0	0.0	0.0	0.16636153721521232	0.0	0.0	0.0	-0.0998670830038966	290758492.87723684	0.1671167208541715
276	1840.0	nan	nan	1	1	6.000000000000838e-05	6.000000000000867e-05	5.999999999999513e-05	0.9359709545504832	8.036106502462559e-19	5.282720875326996e-18	5.22368606703516e-19	1.1840000000000004	-6.892056370055854e-18	7.611099250848241e-20	-7.080382287416587e-19	0.903603045592374	1032.6630420648542	373992.1791395144	-1501854.334284087	473099.4332144542	246991381.8458569	1805695.8665181173	-1449917.9045624686	1378064.170952729	895.6087170952022	1599.565890624997	965.2265202291387	442203.79219722864	-1355232.2819825134	442204.37939841603	292039598.11022663	1629410.5719075985	-1355233.1754222638	1629406.2717795526	808.1728152490514	-0.06617083444918981	0.0	0.0	0.0	0.16889853646181463	0.0	0.0	0.0	-0.10136512388448025	292062785.16507554	0.1696654834622318
280	1870.0	nan	nan	1	1	6.000000000000838e-05	6.000000000000867e-05	5.999999999999513e-05	0.9350067108646849	3.6309930756539546e-19	-9.678130692691856e-19	2.474691458698164e-19	1.1869999999999903	1.5463325064857258e-17	3.5475095083725703e-19	8.998878031629686e-20	0.9022546594262817	713.4031364493324	376109.403326812	-1496808.1708354428	477475.71479438804	247453919.61485615	1819559.5236736026	-1444378.0372375636	1383067.7813374256	708.0650362642006	1599.565890624997	666.1241236426606	445831.0688743346	-1348654.4767318908	445832.2031790692	293325943.20480883	1639459.982312146	-1348655.4867871809	1639455.386717692	637.9809380931194	-0.06720157232382251	0.0	0.0	0.0	0.171429115627523	0.0	0.0	0.0	-0.10285847124283505	293349352.8242216	0.1722076911328084
284	1900.0	nan	nan	1	1	6.000000000000838e-05	6.000000000000867e-05	5.999999999999513e-05	0.9340449990919835	4.0549161250957866e-20	8.113139066817654e-18	-7.526802531937493e-19	1.1900000000000124	4.543674464452252e-18	-1.4831885719601702e-19	4.193694003173931e-19	0.9009125033176009	317.8546582746842	378453.28087909217	-1491274.2329130496	482162.21210733947	247899528.05464962	1833486.887351661	-1438376.9022820075	1388072.6098654936	460.1783164488116	1599.565890624997	296.4824595829802	449740.35740934993	-1341660.8680683668	449742.15366075706	294594942.049204	1649540.744810566	-1341662.016566709	1649535.89574106	414.01053266166883	-0.06823066301452042	0.0	0.0	0.0	0.17395330712344861	0.0	0.0	0.0	-0.10434713672463508	294618635.64843774	0.17474337508413904
288	1930.0	nan	nan	1	1	6.000000000000838e-05	6.000000000000867e-05	5.999999999999513e-05	0.9330857979148406	-7.144892316679474e-19	-5.580280161565643e-18	1.8409752888803865e-19	1.1929999999999996	-4.104572584595622e-18	-8.233431297854921e-19	-2.912167035296065e-19	0.8995765450397788	7.098817199414072	380832.56565395993	-1485465.0911649482	486917.1835170712	248328762.4305294	1847381.7378703463	-1432119.8745820068	1393006.1568287113	254.33290893636854	1599.565890624997	6.614658474697415	453705.8467400549	-1334444.2272438381	453708.10149737785	295847103.398264	1659566.360918966	-1334445.3870367156	1659561.4317089543	228.47597304498635	-0.06925812318288596	0.0	0.0	0.0	0.17647114311577855	0.0	0.0	0.0	-0.10583113189163326	295871021.3491249	0.1772725658765497
292	1960.0	nan	nan	1	1	6.000000000000838e-05	6.000000000000867e-05	5.999999999999513e-05	0.9321290822269936	2.895904002708782e-19	8.483556739047327e-18	7.986775303614469e-19	1.196000000000026	-9.32999337510676e-18	3.8272336688738304e-19	-5.454621129774572e-19	0.8982467540419832	-316.4402972991176	383043.5002253399	-1479584.1822310295	491479.87310324307	248742018.58109805	1861085.5226418066	-1425803.3769913248	1397749.9580659182	29.309275269491366	1599.565890624997	-294.5540155715695	457484.49829252326	-1327187.9869946684	457487.15138614946	297082753.02386945	1669394.9408782066	-1327189.0896730379	1669389.868064598	26.290439241200982	-0.07028397364326369	0.0	0.0	0.0	0.17898265552846185	0.0	0.0	0.0	-0.10731046664159184	297106907.7317243	0.17979529434224606
296	1990.0	nan	nan	1	1	6.000000000000838e-05	6.000000000000867e-05	5.999999999999513e-05	0.9311748291417111	3.4976362084382373e-19	-2.8573064053682983e-18	-2.5001702097515733e-19	1.19899999999999	8.405819443280116e-18	5.149960319306146e-19	5.493652407984051e-19	0.8969230990976478	-636.3639628661701	384937.9496690573	-1473742.4498921474	495657.66250766	249139738.97433248	1874455.1101595492	-1419534.505351602	1402199.1409989486	-204.32686625979153	1599.565890624997	-591.740352003887	460897.4358493282	-1319991.644538753	460900.7687435484	298302276.92583114	1678899.2429814627	-1319992.7979816815	1678893.9339240615	-183.0101020958242	-0.0713082329311731	0.0	0.0	0.0	0.18148787604536928	0.0	0.0	0.0	-0.10878515181625556	298326666.64721626	0.1823115909442187
300	2020.0	nan	nan	1	1	6.000000000000838e-05	6.000000000000867e-05	5.999999999999513e-05	0.9302230218131204	-4.1145472445824893e-19	8.915502884565551e-18	-6.709585144426545e-19	1.2019999999999933	-4.3951387668217375e-18	-1.43982048506075e-19	7.691330211612169e-19	0.8956055438217801	-913.9462574188949	386511.81861567067	-1467939.3804643387	499440.80249320966	249522369.8799241	1887451.1986308321	-1413312.710545584	1406328.0386124284	-420.3772806727402	1599.565890624997	-848.9838285636381	463936.9055309182	-1312854.418859761	463941.02629081806	299506070.8814758	1688045.62332868	-1312855.7901700293	1688040.1761892282	-375.9652325322043	-0.07233091318306915	0.0	0.0	0.0	0.18398683611301045	0.0	0.0	0.0	-0.11025520421217984	299530663.4140247	0.1848214866951949
