6	header
postResults v2.0.3	--cr f,p,texture --time RVE_1_40_D_tensionX.spectralOut
addCauchy v2.0.3	RVE_1_40_D_tensionX.txt
addStrainTensors v2.0.3	--left --logarithmic RVE_1_40_D_tensionX.txt
addMises v2.0.3	-s Cauchy RVE_1_40_D_tensionX.txt
addMises v2.0.3	-e ln(V) RVE_1_40_D_tensionX.txt
inc	time	elem	node	ip	grain	1_pos	2_pos	3_pos	1_f	2_f	3_f	4_f	5_f	6_f	7_f	8_f	9_f	1_p	2_p	3_p	4_p	5_p	6_p	7_p	8_p	9_p	texture	1_Cauchy	2_Cauchy	3_Cauchy	4_Cauchy	5_Cauchy	6_Cauchy	7_Cauchy	8_Cauchy	9_Cauchy	1_ln(V)	2_ln(V)	3_ln(V)	4_ln(V)	5_ln(V)	6_ln(V)	7_ln(V)	8_ln(V)	9_ln(V)	Mises(Cauchy)	Mises(ln(V))
0	0.0	nan	nan	1	1	6.000000000000838e-05	6.000000000000867e-05	5.999999999999513e-05	1.0	0.0	0.0	0.0	1.0	0.0	0.0	0.0	1.0	2.7716487604837305e-06	-1.193192284640359e-09	-2.8066754232013673e-08	-1.19319228464005e-09	2.7018729684353462e-06	-1.6832583398956398e-08	-2.8066754232013544e-08	-1.6832583398956544e-08	2.6991213888906947e-06	1599.565890624997	2.7716487604837305e-06	-1.193192284640359e-09	-2.8066754232013673e-08	-1.19319228464005e-09	2.7018729684353462e-06	-1.6832583398956398e-08	-2.8066754232013544e-08	-1.6832583398956544e-08	2.6991213888906947e-06	0.0	0.0	0.0	0.0	0.0	0.0	0.0	0.0	0.0	9.102600058541354e-08	0.0
2	2.0	nan	nan	1	1	6.000000000000838e-05	6.000000000000867e-05	5.999999999999513e-05	0.9999331859138993	-2.1823506100986528e-23	1.8008383679769455e-22	-1.4194419311409955e-24	1.000200000000001	4.763269926549857e-22	1.4426029882924803e-24	-1.1335683114426692e-23	0.9999338800589288	-1.1011675429017487e-05	-494.1626033479222	2741.2009144905765	-494.2944617013015	14158906.776136544	727.4803459802071	2741.2028174087104	727.2867876650398	-4.795708520305197e-06	1599.565890624997	-1.1010201528186335e-05	-494.2283009229323	2740.8359103802904	-494.2283009229183	14160789.164309353	727.3834784667638	2740.835910380293	727.3834784667371	-4.795069948607522e-06	-6.681631826113055e-05	0.0	0.0	0.0	0.0001999800026677987	0.0	0.0	0.0	-6.612212709063832e-05	14160790.041972745	0.0001776332690464445
4	4.0	nan	nan	1	1	6.000000000000838e-05	6.000000000000867e-05	5.999999999999513e-05	0.9998663539893827	-2.265978570027764e-23	-7.027197088658489e-22	6.365981994208101e-24	1.0003999999999935	-8.090554309707657e-22	6.624062345324645e-24	-5.552036271455922e-23	0.9998677425139983	-6.1954296320436696e-06	-988.3614005986462	5482.594259818942	-988.8889062161471	28326310.375489466	1455.4063112598644	5482.601873553613	1454.6319700919908	-7.2327266971115025e-06	1599.565890624997	-6.193771623730937e-06	-988.6242617720824	5481.134630756443	-988.6242617720907	28333843.942846414	1455.0188389704724	5481.134630756481	1455.0188389704642	-7.230801130931027e-06	-0.00013365494204112404	0.0	0.0	0.0	0.00039992002132067657	0.0	0.0	0.0	-0.00013226623279418177	28333845.69714882	0.0003552546439163897
6	6.0	nan	nan	1	1	6.000000000000838e-05	6.000000000000867e-05	5.999999999999513e-05	0.9997995042228781	-6.703140811884715e-23	4.206577374301669e-22	1.1289361000123721e-23	1.000599999999987	-4.310074212544304e-22	5.399835038746164e-24	-4.740737526663912e-23	0.9998015873617153	-1.0933828635188547e-05	-1482.5963387329532	8224.179771039853	-1483.7833888398352	42502212.496059075	2183.7779609367626	8224.196906583791	2182.035450519743	-1.1942188950342824e-05	1599.565890624997	-1.0929440811008323e-05	-1483.1879358796598	8220.896477134516	-1483.187935879695	42519172.06015922	2182.906143312469	8220.896477134564	2182.90614331239	-1.193742133615051e-05	-0.00020051587908716245	0.0	0.0	0.0	0.0005998200719551225	0.0	0.0	0.0	-0.0001984323246760398	42519174.690092355	0.0005328641403787517
8	8.0	nan	nan	1	1	6.000000000000838e-05	6.000000000000867e-05	5.999999999999513e-05	0.9997326366108238	1.7221900353354036e-23	-6.696589541433295e-22	5.558653716356346e-25	1.0008000000000166	-9.135647382831655e-22	1.1249656330721177e-24	-6.12510699983266e-23	0.9997354145986068	2.9413887868940946e-06	-1976.867365469022	10965.957183088032	-1978.97796561735	56686614.83618689	2912.595360156827	10965.987654529627	2909.4971322385477	2.0021824275318066e-06	1599.565890624997	2.9398153890759344e-06	-1977.919377370752	10960.121765244838	-1977.9193773706797	56716781.24720573	2911.0454534180994	10960.1217652444	2911.045453418122	2.0011169873819226e-06	-0.0002673991371390873	0.0	0.0	0.0	0.0007996801705808841	0.0	0.0	0.0	-0.0002646204102860817	56716784.751737885	0.0007104617742036697
10	10.0	nan	nan	1	1	6.000000000000838e-05	6.000000000000867e-05	5.999999999999513e-05	0.9996657486137104	-4.642137597647591e-23	-1.487336915819348e-22	3.044024654195142e-24	1.0010000000000012	3.827397781507361e-21	-3.3616620094155045e-24	-1.61465655570351e-23	0.9996692150059096	0.00039926779037250526	-2474.367673954376	13686.839682152704	-2477.6702063292146	70877013.31321958	3663.9345649380866	13686.887141970581	3659.063526838147	0.00040232006311634907	1599.565890624997	0.0003990009049630421	-2476.0140396077063	13677.738318631362	-2476.0140396073534	70924172.62650912	3661.4981514804645	13677.738318631424	3661.4981514807782	0.0004020525315874215	-0.00033430726073532477	0.0	0.0	0.0	0.0009995003330843105	0.0	0.0	0.0	-0.0003308397155147347	70924176.99593891	0.0008880514707439594
12	12.0	nan	nan	1	1	6.000000000000838e-05	6.000000000000867e-05	5.999999999999513e-05	0.9995987773673679	6.658473058806851e-23	1.6688137247685818e-21	5.762471019289412e-23	1.001199999999962	1.0997134633320988e-21	1.3287829360051837e-23	-3.8539999100070664e-23	0.9996027529366663	0.0056350219693440525	-3040.225938566641	15804.253825540465	-3045.095971110523	85009607.98970814	5015.314089991548	15804.316681669214	5007.312995603661	0.007048788358246383	1599.565890624997	0.00563050474916376	-3042.6549213645603	15791.647418149616	-3042.6549213601334	85077526.25619139	5011.3135789070375	15791.647418152768	5011.313578907629	0.007043165827841796	-0.00040130314396859414	0.0	0.0	0.0	0.0011992805754442628	0.0	0.0	0.0	-0.0003973259868504403	85077531.25259404	0.0010657325675995776
14	14.0	nan	nan	1	1	6.000000000000838e-05	6.000000000000867e-05	5.999999999999513e-05	0.9995310529696393	-9.891756637154126e-23	6.235221282975719e-22	1.0079692072326174e-22	1.0013999999999759	-6.4614849590110235e-21	1.5008365034162133e-23	8.253277279809089e-23	0.999533382713736	-3.810703126268587	-4232.495575790244	10206.508776356895	-4240.409600070839	98374096.58357888	13257.520394325747	10206.532561817701	13232.808277033377	-4.75721763571733	1599.565890624997	-3.8071520834016304	-4236.458127826869	10197.021503812675	-4236.458130810611	98466196.49716133	13245.197110037501	10197.021499567756	13245.197112520496	-4.752795651545154	-0.0004690570204070345	0.0	0.0	0.0	0.0013990209136834615	0.0	0.0	0.0	-0.0004667261859873041	98466205.30704589	0.0012446090720967396
16	16.0	nan	nan	1	1	6.000000000000838e-05	6.000000000000867e-05	5.999999999999513e-05	0.9994608651006716	1.3107834858760298e-22	3.39154639058582e-21	1.9439406139486194e-22	1.0016000000000158	3.6073015641192516e-21	3.6078309597112855e-23	-1.9757043494706556e-22	0.999452260363054	90.1325219800584	-5645.387302624368	-30530.289629589643	-5657.470096980962	108702647.1843483	47677.18883063237	-30530.026794249847	47574.95420102083	209.18015235457523	1599.565890624997	90.03785761899572	-5651.528135718472	-30497.961714389578	-5651.528170801636	108820889.70296806	47626.704405617274	-30497.961725879257	47626.7043888374	208.95865566034468	-0.0005392802848055501	0.0	0.0	0.0	0.0015987213637125917	0.0	0.0	0.0	-0.0005478897011005986	108820784.73259203	0.0014282128875465817
18	18.0	nan	nan	1	1	6.000000000000838e-05	6.000000000000867e-05	5.999999999999513e-05	0.9993887459674846	-3.6337713437209484e-22	6.991515825755402e-21	2.2742834633777965e-22	1.0017999999999905	8.045118933021344e-21	-5.537477892674989e-23	3.621065849512134e-22	0.9993547839059096	-87.84699751969825	-2904.3177064138013	-116460.96986902997	-2911.322936522739	115110621.20618507	116320.08894781946	-116457.0127047372	116036.17285294326	292.39380347863806	1599.565890624997	-87.74577202132897	-2907.970337394641	-116322.81957136576	-2907.9682388838432	115255390.70585546	116182.1057682998	-116322.82008025973	116182.10637768288	292.0469551651544	-0.0006114409244243539	0.0	0.0	0.0	0.0017983819413700882	0.0	0.0	0.0	-0.0006454243355728758	115255640.44017425	0.0016179953465092303
20	20.0	nan	nan	1	1	6.000000000000838e-05	6.000000000000867e-05	5.999999999999513e-05	0.9993167725437095	9.042076711939655e-22	-6.742170501907417e-21	1.9778219318387914e-22	1.0019999999999956	5.210099658561201e-21	1.852884572118782e-25	1.3946397476542056e-21	0.9992456941517137	-168.5986612996351	4983.648235585801	-218701.03216369817	4997.032590279692	119051511.28526418	207404.76282851934	-218685.47823582383	206834.64668382995	206.1604799298081	1599.565890624997	-168.38915394919653	4990.820133663723	-218413.7294141509	4990.823080370334	119222836.6406261	207132.2997402554	-218413.73102993614	207132.29951462313	205.8896514286994	-0.0006834609625336151	0.0	0.0	0.0	0.001998002662669069	0.0	0.0	0.0	-0.0007545904800843967	119223958.18623598	0.0018118177239131075
22	22.0	nan	nan	1	1	6.000000000000838e-05	6.000000000000867e-05	5.999999999999513e-05	0.999245732278159	8.300922883092143e-22	-9.483380877459146e-21	-7.030373462210693e-23	1.002200000000017	1.505897525276058e-20	3.578714202149419e-22	1.0050045919172274e-21	0.9991300567486175	-97.2430190140003	17564.46387805807	-315123.0556409308	17616.39507786118	121777319.94559915	305872.6511914135	-315086.57773385383	304935.7003398793	239.90524957633227	1599.565890624997	-97.11403769691809	17593.0271217428	-314668.65117269487	17593.029021742994	121975353.61682467	305431.585718975	-314668.65280512266	305431.58525714476	239.55930847361284	-0.0007545523248593025	0.0	0.0	0.0	0.002197583543504483	0.0	0.0	0.0	-0.000870321871614104	121977651.0604013	0.002007793283369678
24	24.0	nan	nan	1	1	6.000000000000838e-05	6.000000000000867e-05	5.999999999999513e-05	0.999175531573135	-1.666960840196463e-21	4.229023747403908e-20	-1.0579441511206212e-21	1.0023999999999977	-4.6069274968214144e-20	3.197549375884984e-22	1.7927452328637265e-21	0.9990107365600772	-61.45326991277832	34228.9574106114	-400335.32562463236	34339.41955521927	123881661.8648526	400915.0845422274	-400269.29929112515	399559.53143410897	228.53163757680213	1599.565890624997	-61.366843162690806	34291.124347182	-399706.3665328478	34291.12522627206	124106656.83980985	400285.2146024139	-399706.36790038476	400285.21500515286	228.1725959384204	-0.0008248084878843559	0.0	0.0	0.0	0.002397124599719236	0.0	0.0	0.0	-0.0009897530839510483	124110455.1529125	0.002204994330298088
26	26.0	nan	nan	1	1	6.000000000000838e-05	6.000000000000867e-05	5.999999999999513e-05	0.9991058888817214	-1.5221182062159777e-21	8.928436654153652e-20	-2.038808304041101e-21	1.0025999999999973	-4.78234802019778e-21	-1.4827311741686527e-21	2.490276864927643e-22	0.9988892175084939	-38.90451352229498	53328.63238136604	-475275.580105136	53515.13618591322	125621793.3331318	486996.26597061916	-475172.51041692944	485193.81647268933	195.43871809428012	1599.565890624997	-38.84677441650941	53435.712228977245	-474467.294611376	53435.71311055209	125874032.36282532	486168.0474932207	-474467.2956908886	486168.04884299	195.10634191640094	-0.0008945110740455917	0.0	0.0	0.0	0.0025966258472632565	0.0	0.0	0.0	-0.0011113998676000791	125879487.43216562	0.0024029857563818437
28	28.0	nan	nan	1	1	6.000000000000838e-05	6.000000000000867e-05	5.999999999999513e-05	0.9990365539062274	1.359487880343152e-21	-4.03453439480248e-20	-3.729486066760684e-21	1.002799999999992	-3.7177970120885753e-20	-1.2707611791182642e-21	2.4098087349384846e-21	0.9987662934336939	-8.904418899031036	72857.14433681943	-541198.1442948433	73131.6038055644	127113800.74611075	562044.5099824491	-541051.7395396152	559783.7189853076	156.02794085393293	1599.565890624997	-8.890524440213747	73017.48811576534	-540207.4814248695	73017.48922168878	127393552.40743834	561015.687852917	-540207.4821884857	561015.6892706038	155.74233180424955	-0.0009639105062753404	0.0	0.0	0.0	0.0027960873019932165	0.0	0.0	0.0	-0.0012344682087454515	127400683.55341986	0.002601544956098036
30	30.0	nan	nan	1	1	6.000000000000838e-05	6.000000000000867e-05	5.999999999999513e-05	0.9989673265018638	-4.933119884809045e-21	3.695445930192902e-20	-3.4270953045908994e-21	1.0029999999999837	-4.67752769297506e-20	-5.526889980834309e-22	-3.774378812965163e-21	0.9986424316877502	30.540367878816802	91468.26378969551	-598606.9551111766	91837.50780084047	128414543.55880344	625559.385983509	-598412.2698943642	622841.6223404646	124.83556517347118	1599.565890624997	30.49041363574745	91687.29004515501	-597433.4592947166	91687.29110385213	128722039.90187271	624333.053218527	-597433.4594195005	624333.0540418382	124.59084029644518	-0.0010332070727836202	0.0	0.0	0.0	0.00299550897978221	0.0	0.0	0.0	-0.0013584906429565458	128730761.55027984	0.0028005426120281795
32	32.0	nan	nan	1	1	6.000000000000838e-05	6.000000000000867e-05	5.999999999999513e-05	0.9988980488084538	-1.2790197503539935e-21	-4.648453287060556e-20	-2.2107559923337238e-21	1.0031999999999996	-1.0823810516489076e-20	-1.2582674431462632e-21	3.5998900258307764e-21	0.9985179451334608	66.7639069959938	108601.79666900856	-647834.8999940159	109069.512593815	129556895.20999774	677890.1219390461	-647588.3832161886	674726.3275704775	100.50690102100096	1599.565890624997	66.64972252088855	108882.97310868472	-646480.8313052396	108882.97400424053	129892325.6324029	676473.233487132	-646480.8306035732	676473.2337208448	100.2968270535754	-0.0011025587861612414	0.0	0.0	0.0	0.003194890896518403	0.0	0.0	0.0	-0.001483154196165258	129902489.58404894	0.0029998900917074787
34	34.0	nan	nan	1	1	6.000000000000838e-05	6.000000000000867e-05	5.999999999999513e-05	0.9988286039624074	-6.461167321655803e-21	5.001454267828786e-20	-2.5309344463958494e-21	1.0034000000000078	-7.3468249713049e-20	1.5661639194732013e-21	-3.687981452345224e-21	0.9983930653595717	91.717439259693	124053.58866900811	-689570.7290965106	124621.3525591289	130565196.50099517	720014.1519107153	-689270.0407204521	716421.3034446465	75.21585186221543	1599.565890624997	91.55377756378923	124398.97599706799	-688040.1004915757	124398.97672667792	130928713.30724746	718415.9485497396	-688040.0990135042	718415.9481979082	75.04889649484404	-0.0011720826581865565	0.0	0.0	0.0	0.003394233068023362	0.0	0.0	0.0	-0.0016082271447299989	130940143.35757385	0.0031995162656860993
36	36.0	nan	nan	1	1	6.000000000000838e-05	6.000000000000867e-05	5.999999999999513e-05	0.9987589153631481	-3.598195959936268e-21	-4.1829239792495924e-20	-3.9844429838842286e-21	1.0035999999999758	6.215781876836232e-20	1.1362946987416438e-21	9.020900888258298e-22	0.9982679691600301	102.56033734228708	137797.99816878987	-724898.816634122	138465.9198169658	131460781.19298767	753326.1406183725	-724542.4861347221	749323.7899709071	49.23598425434338	1599.565890624997	102.36975210967262	138208.6112370913	-723196.089439394	138208.61216547646	131852510.5028782	751556.6399974632	-723196.0874991734	751556.6391025349	49.120333011128025	-0.0012418554201940666	0.0	0.0	0.0	0.003593535510106323	0.0	0.0	0.0	-0.0017335325396288716	131865027.22984198	0.0033993596078319257
38	38.0	nan	nan	1	1	6.000000000000838e-05	6.000000000000867e-05	5.999999999999513e-05	0.9986889413922315	6.095249088441945e-21	2.0585865233594888e-19	-3.543985851311993e-21	1.0037999999999845	1.690593059424858e-20	3.92769177641819e-21	-9.547755381450474e-21	0.9981427884137115	101.87299489287855	150024.8640017696	-755058.2448098736	150792.6575763897	132262947.84317774	779358.9500303587	-754645.323974458	774966.6409323884	25.66542859984882	1599.565890624997	101.67617716379792	150501.32641073092	-753187.3580149385	150501.3274897715	132683000.36690438	777427.8508361588	-753187.3558536421	777427.8494464582	25.601834682712127	-0.0013119187970262003	0.0	0.0	0.0	0.0037927982386812206	0.0	0.0	0.0	-0.0018589383420245546	132696438.18302941	0.003599367005304608
40	40.0	nan	nan	1	1	6.000000000000838e-05	6.000000000000867e-05	5.999999999999513e-05	0.9986186654181214	3.6083603553033194e-22	1.2790832778250375e-19	-4.6129414307469194e-21	1.0040000000000007	7.213163172228171e-20	8.317863542037229e-22	1.3721933745519666e-21	0.9980176188032603	95.1384300405194	160989.96069499612	-781126.0896861944	161857.50078192598	132988659.6922787	799528.3743553638	-780655.94467432	794764.3448875865	6.8445664387932625	1599.565890624997	94.94761483696476	161532.86902472394	-779090.2178122534	161532.86990515643	133437138.9067253	797444.5400663031	-779090.2154214237	797444.5379949545	6.826727244217572	-0.0013822895039714003	0.0	0.0	0.0	0.00399202126953812	0.0	0.0	0.0	-0.0019843487150217605	133451352.31919992	0.003799493819392828
44	48.666666666666664	nan	nan	1	1	6.000000000000838e-05	6.000000000000867e-05	5.999999999999513e-05	0.9983105841250328	-7.138793679459244e-21	2.813250527715708e-20	-4.135214848495494e-21	1.0048666666666761	-3.55037247973429e-19	-5.000882520589389e-21	-2.072859028520724e-20	0.9974767410604858	271.86699157425414	195266.10665416118	-860220.6446612957	196548.44209517835	135532703.30164218	842109.4558912185	-859502.1118970374	835916.4310168668	-595.4517930312622	1599.565890624997	271.23470878610806	196091.33979789232	-857503.19220523	196091.32813568626	136105491.2818014	839449.2170055442	-857503.1623791836	839449.1789990157	-593.570750129672	-0.0016908445472743328	0.0	0.0	0.0	0.004854862726191737	0.0	0.0	0.0	-0.002526447722564908	136121945.12550768	0.004667339482864737
48	57.33333333333333	nan	nan	1	1	6.000000000000838e-05	6.000000000000867e-05	5.999999999999513e-05	0.9979982237347464	-2.574980159653073e-22	7.179959480695803e-20	1.650020181251377e-21	1.005733333333324	-2.699832816078357e-19	5.570088661144279e-21	3.499940138054769e-21	0.9969390697584303	192.7294432401662	214146.7092400345	-909128.738069971	215806.46699976103	137594750.80846605	852557.9792554859	-908163.8797487569	845103.0730185006	-424.3863246597122	1599.565890624997	192.219129561619	215235.06238158914	-905759.2410355922	215235.04941987587	138294045.6042407	849398.150000901	-905759.2214754452	849398.1219021432	-422.8134248024185	-0.0020037824971603263	0.0	0.0	0.0	0.0057169603292202675	0.0	0.0	0.0	-0.0030656244701257884	138311386.18720344	0.005535163832250897
52	66.0	nan	nan	1	1	6.000000000000838e-05	6.000000000000867e-05	5.999999999999513e-05	0.9976828277365158	-1.7960486613580185e-20	3.2703942093488536e-20	4.6908684618943155e-21	1.006599999999996	-3.588031564569216e-21	1.683054466194295e-20	1.8665218025695763e-20	0.9964045432138726	155.1199157484248	224738.92121793726	-941595.8654325623	226747.59807007824	139428874.76999763	851471.6797628824	-940389.418117567	842847.4354044914	-289.88860051796007	1599.565890624997	154.65890643875682	226073.72782200447	-937594.6480192847	226073.7145577594	140256993.82401842	847853.4360587059	-937594.6236878916	847853.4144173923	-288.6567479165574	-0.002319861061542053	0.0	0.0	0.0	0.006578315360118536	0.0	0.0	0.0	-0.0036019359759714258	140274695.70886582	0.006402408869292296
56	74.66666666666666	nan	nan	1	1	6.000000000000838e-05	6.000000000000867e-05	5.999999999999513e-05	0.9973653460262537	3.1509625637859974e-21	-2.2717423645360335e-21	9.181837148236616e-22	1.0074666666666645	-1.3896422532654052e-19	6.511989298491061e-21	-1.9935767446577214e-20	0.9958726967628037	150.33142066458583	230698.90023030847	-964711.842961693	233035.40442085546	141142286.64742267	846565.9376435097	-963268.0451170463	836823.5963720427	-198.60995532540238	1599.565890624997	149.8356823822264	232266.95375859775	-960091.5553804996	232266.93851661653	142101626.55041903	842511.4854079618	-960091.5378770629	842511.4613403495	-197.65875407625617	-0.002638130782661926	0.0	0.0	0.0	0.007438929096996224	0.0	0.0	0.0	-0.0041358440616845425	142119441.71008763	0.007268893459412334
60	83.33333333333333	nan	nan	1	1	6.000000000000838e-05	6.000000000000867e-05	5.999999999999513e-05	0.9970464583041831	-1.0115267456110855e-20	-7.029407844650823e-19	-8.893845946170154e-22	1.008333333333342	-8.117760478577873e-19	1.892271604166107e-20	-1.2959604092990796e-20	0.9953430601463398	147.85863321866444	234035.28547087923	-982009.3221161809	236684.6204271922	142782084.2114517	840961.8201760734	-980331.6040386558	830127.7554424393	-139.53211000036424	1599.565890624997	147.3227341553412	235826.79728884538	-976778.4986177963	235826.7803158033	143875063.80529368	836482.3078627464	-976778.4886275711	836482.2830569596	-138.78887078324945	-0.002957912007477803	0.0	0.0	0.0	0.008298802814703653	0.0	0.0	0.0	-0.004667817181238576	143892880.28467643	0.008134571468742288
64	92.0	nan	nan	1	1	6.000000000000838e-05	6.000000000000867e-05	5.999999999999513e-05	0.9967266211033643	1.901165450112277e-20	8.980582119968994e-20	-1.1268926330271212e-20	1.0091999999999925	-3.4050724479622874e-19	-1.47925833908491e-20	-8.392402441395607e-21	0.9948152726900698	144.53291323314673	235857.04103993467	-995667.1329597895	238808.6195425876	144370388.95363384	835866.5174004746	-993757.8111598245	823952.3914426431	-98.38976555234031	1599.565890624997	143.961734513636	237864.8906051893	-989830.5909240923	237864.873246556	145599413.20246735	830966.7171524366	-989830.5858560188	830966.6931724292	-97.81301054705902	-0.0032787481215429503	0.0	0.0	0.0	0.009157937784757583	0.0	0.0	0.0	-0.005198214647546558	145617179.46589485	0.00899943974473442
68	100.66666666666666	nan	nan	1	1	6.000000000000838e-05	6.000000000000867e-05	5.999999999999513e-05	0.996406143014467	-4.682144022537596e-20	1.679158114636925e-20	-1.1531506543920045e-20	1.0100666666666733	-2.9102696814942153e-19	-4.3235949759648504e-20	4.7535488999911336e-21	0.9942890722042319	140.58476022579376	236881.964420233	-1007348.9903799066	240129.55126475566	145918373.98820004	831848.5789320917	-1005208.6677405551	818854.7892970213	-69.06790941639488	1599.565890624997	139.98307811922865	239101.8482712452	-1000906.523898786	239101.8320865072	147285813.85545695	826528.5194111936	-1000906.5224171772	826528.4951763753	-68.62618793199807	-0.0036003304038963783	0.0	0.0	0.0	0.010016335275494717	0.0	0.0	0.0	-0.005727297497788129	147303519.48285186	0.009863507896875807
72	109.33333333333333	nan	nan	1	1	6.000000000000838e-05	6.000000000000867e-05	5.999999999999513e-05	0.9960852387649561	-2.1424004334903018e-20	-5.845442131637707e-19	-6.84063808202573e-21	1.010933333333339	-3.0762881391560584e-19	2.3852447794681098e-20	-2.4367443826611713e-20	0.9937642671847053	137.06902356125877	237667.22567797278	-1018050.6571218325	241209.98642378303	147432024.46786967	829222.4370213433	-1015678.5043508891	815139.4113442508	-47.33543149962509	1599.565890624997	136.43739711345353	240098.4827573709	-1010998.1657306859	240098.4690076539	148940205.29589507	823478.0430095837	-1010998.166013692	823478.0178091254	-47.007517833628285	-0.003922443970077929	0.0	0.0	0.0	0.010873996551883957	0.0	0.0	0.0	-0.006255256201227939	148957863.4239035	0.010726788531581941
76	118.0	nan	nan	1	1	6.000000000000838e-05	6.000000000000867e-05	5.999999999999513e-05	0.9957640607693207	-2.683146267017447e-20	-3.4996352061937573e-19	2.935816195183405e-21	1.0118000000000147	-5.797161253644212e-19	-4.723055713889978e-21	3.6727348592946465e-21	0.9932407171083413	134.6734410052707	238562.59839944454	-1028244.1323888792	242404.43700883858	148914757.22942838	828125.6304421356	-1025638.4825286228	812935.4312196106	-30.301451527595926	1599.565890624997	134.0086298783991	241207.8257804081	-1020575.4501918667	241207.81527166694	150565952.32830665	821949.4393227104	-1020575.4510188954	821949.4136126804	-30.07546219825888	-0.004244936237433839	0.0	0.0	0.0	0.011730922875713402	0.0	0.0	0.0	-0.0067822303081061415	150583586.15972933	0.011589293683892199
80	126.66666666666666	nan	nan	1	1	6.000000000000838e-05	6.000000000000867e-05	5.999999999999513e-05	0.9954427188593084	2.3007108913321305e-20	-5.581913241087949e-19	1.9171743728153834e-20	1.0126666666666513	7.951470970372909e-19	-3.1590940800796385e-20	-7.065948845995374e-20	0.9927183183843926	133.4883299727965	239716.98612606968	-1038132.061915854	243864.75312385953	150368688.8227995	828553.060388204	-1035290.826714047	812231.508389685	-16.0014392419589	1599.565890624997	132.78552930715236	242580.84171122746	-1029840.139296094	242580.83331710447	152165116.41968057	821935.1183024683	-1029840.139883979	821935.0916831925	-15.873630169427004	-0.004567697204390661	0.0	0.0	0.0	0.012587115505456669	0.0	0.0	0.0	-0.0073083224647526885	152182751.47203827	0.012451033673770241
84	135.33333333333331	nan	nan	1	1	6.000000000000838e-05	6.000000000000867e-05	5.999999999999513e-05	0.9951212928507399	-1.2160004990782736e-20	4.765678411795815e-19	-7.394597629530042e-21	1.01353333333332	3.6688046264193865e-19	-3.2702248027594025e-20	-9.945522053481093e-20	0.9921969945291581	132.92818831415684	241150.92757398012	-1047794.0397975357	245612.76882804272	151795253.57915786	830384.3730962576	-1044714.9559444588	812903.55667707	-4.111346010753943	1599.565890624997	132.18468551961877	244238.99853248356	-1038871.5862385789	244238.9911341335	153739075.72793502	823313.2639625708	-1038871.5866855313	823313.2361698784	-4.076335987359656	-0.004890646890480827	0.0	0.0	0.0	0.013442575696475997	0.0	0.0	0.0	-0.007833608217581034	153756736.32443225	0.013312016908213173
88	144.0	nan	nan	1	1	6.000000000000838e-05	6.000000000000867e-05	5.999999999999513e-05	0.99479984122443	-6.479293826727045e-20	-3.6812051887671895e-19	-3.1690890688572394e-20	1.0143999999999698	-3.93348548177741e-19	1.5585406229479125e-20	-1.2065476113869155e-19	0.9916766888553208	132.61654366061353	242823.4059124501	-1057262.8693306288	247607.65533493285	153195512.37278664	833429.0193402305	-1053943.616008099	814759.5640680781	5.676004292413534	1599.565890624997	131.83124691551134	246141.43862731574	-1047702.6258901134	246141.43188776917	155288834.96627164	825892.7816207245	-1047702.6262467394	825892.7531367722	5.624679324537419	-0.0052137266584188924	0.0	0.0	0.0	0.014297304700794624	0.0	0.0	0.0	-0.00835814331285917	155306542.088909	0.014172250080086508
92	152.66666666666666	nan	nan	1	1	6.000000000000838e-05	6.000000000000867e-05	5.999999999999513e-05	0.9944784074895003	-1.0426975580700438e-20	6.244123599251361e-19	-6.725441601199145e-22	1.0152666666666572	7.734291722696907e-19	2.665782091598734e-20	-9.9272261418204e-22	0.9911573588095499	132.10168881951847	244674.94832281393	-1066560.9852388413	249789.54916991197	154570314.9718959	837479.2853144103	-1062999.2178077442	817591.826236089	13.375042644621223	1599.565890624997	131.27608983833187	248228.43977486502	-1056355.7668512422	248228.43364483095	156815188.4121829	829465.9985731838	-1056355.7670005215	829465.9702206365	13.247065685946632	-0.005536892849910616	0.0	0.0	0.0	0.015151303767334232	0.0	0.0	0.0	-0.008881969356957786	156832959.57605776	0.015031738519831202
96	161.33333333333331	nan	nan	1	1	6.000000000000838e-05	6.000000000000867e-05	5.999999999999513e-05	0.9941570249318028	1.779785628770736e-20	3.740633020346551e-19	-1.2232849824246606e-20	1.016133333333346	6.587476874750364e-19	-3.218725199566341e-20	7.403067959002585e-20	0.9906389716210524	131.16567421624	246646.8409553774	-1075708.695942115	252099.07951608812	155920392.34331596	842343.1308713357	-1071902.0531421572	821209.0652822511	19.23307143275591	1599.565890624997	130.30290216883876	250440.8462688571	-1064851.3737937664	250440.84049675913	158318812.67069167	833841.2095186326	-1064851.373652049	833841.1814897407	19.03894856916351	-0.005860112033533579	0.0	0.0	0.0	0.01600457414172854	0.0	0.0	0.0	-0.009405118171354403	158336662.09206998	0.015890486556465386
100	170.0	nan	nan	1	1	6.000000000000838e-05	6.000000000000867e-05	5.999999999999513e-05	0.993835719996808	1.747937189953974e-20	-4.2365199889871084e-20	-2.2507359474441268e-20	1.017000000000012	-1.4078365209724275e-19	-1.8350121769317164e-20	5.933296388926923e-20	0.9901215011359342	129.96700913837228	248688.35163945134	-1084723.2188344689	254484.7633308805	157246408.64697123	847857.8776804861	-1080669.3296554089	825449.643022879	23.685875951963943	1599.565890624997	129.06951565808217	252727.41208438718	-1073206.715658727	252727.40646441994	159800318.97323775	838856.1731245747	-1073206.7152262141	838856.1455005415	23.43440307770018	-0.006183357617414285	0.0	0.0	0.0	0.016857117066435032	0.0	0.0	0.0	-0.009927614963882284	159818257.85606697	0.016748497820996015
104	208.75	nan	nan	1	1	6.000000000000838e-05	6.000000000000867e-05	5.999999999999513e-05	0.992400494400836	-4.3115671081138397e-20	7.796226771800141e-19	-6.970064716366186e-20	1.0208750000000038	-8.528063238227857e-19	-5.149960319306146e-21	-1.0552675270072976e-19	0.9878191209926764	9208.677381295229	257547.05852100323	-1123506.5202302954	264936.51808143355	162896986.581912	877029.8374109453	-1118320.311651729	848630.4617307213	6493.59669731366	1599.565890624997	9131.608023665245	262719.4303110002	-1108960.4471531454	262719.2086442787	166168481.0532926	865674.905440274	-1108960.8537757667	865673.6859305819	6409.5239034385495	-0.007628528977557571	0.0	0.0	0.0	0.02066010269630616	0.0	0.0	0.0	-0.012255673913054743	166179199.4705271	0.020575635548607127
108	247.5	nan	nan	1	1	6.000000000000838e-05	6.000000000000867e-05	5.999999999999513e-05	0.990968258262506	-5.663601098521154e-20	1.8265960575677975e-18	3.2197416391030465e-20	1.0247499999999994	-8.236141803286134e-19	-3.1699361018044935e-20	1.9189023200277823e-19	0.9855330651198685	7762.305840311525	266193.7171737312	-1160170.1811033308	275268.2118342817	168123208.07181987	911298.3042954663	-1153807.037703164	876421.8862277782	5340.33665241387	1599.565890624997	7686.022006705327	272562.9728102762	-1142467.9569684486	272563.0215337925	172145916.42878157	897393.4418027633	-1142468.0327878057	897392.1596741815	5258.8521961534525	-0.009072775172682759	0.0	0.0	0.0	0.024448680402309506	0.0	0.0	0.0	-0.014572601333870326	172158481.33281103	0.024388505944872133
112	286.25	nan	nan	1	1	6.000000000000838e-05	6.000000000000867e-05	5.999999999999513e-05	0.9895398316961446	5.438967960909314e-20	-2.2002527837877705e-19	-2.2395551125403702e-21	1.0286250000000001	4.329219274734619e-19	-6.231451986360437e-20	4.9033043250656936e-20	0.9832630799051808	7043.75044134869	274787.4952801708	-1194008.7352570505	285641.4744802148	172977680.37238392	948053.2459688116	-1186434.8191022698	906243.141064954	4848.704903120038	1599.565890624997	6964.294901331814	282419.02714509744	-1173051.6866529188	282419.3561222429	177781700.57838708	931413.1684146083	-1173051.4915651083	931411.7660104117	4763.601217258055	-0.010515260382703876	0.0	0.0	0.0	0.028222958943739846	0.0	0.0	0.0	-0.016878565032860237	177795438.95355996	0.02818702911965869
116	325.0	nan	nan	1	1	6.000000000000838e-05	6.000000000000867e-05	5.999999999999513e-05	0.9881155240341659	-1.1333978460620341e-19	1.7056126476455714e-18	-5.629042154273179e-20	1.0324999999999909	-2.3227947343329446e-18	7.762887554996211e-20	1.9739255802814214e-20	0.9810088196512537	6623.198831693003	283397.3873325768	-1224709.1568188732	296127.78108079656	177500198.381097	986023.7817681527	-1215900.5021060565	936848.8642749881	4576.303106462328	1599.565890624997	6538.9018830483865	292358.1518487577	-1200425.416668264	292358.8064526212	183112591.26248175	966472.7355744806	-1200425.0944084146	966471.1629808261	4485.563395022257	-0.011955660909629833	0.0	0.0	0.0	0.03198304585304171	0.0	0.0	0.0	-0.019173828987001148	183127234.67827722	0.03197129874597259
120	363.75	nan	nan	1	1	6.000000000000838e-05	6.000000000000867e-05	5.999999999999513e-05	0.9866955322606947	9.353276616760887e-20	-1.6599270786024633e-18	4.7860749651656984e-20	1.036375000000018	-9.54097911787244e-19	7.24247051220317e-20	2.6732359815345718e-20	0.9787700339669123	6358.35274332049	291590.05668165244	-1252449.63011257	306272.42621874035	181725270.9986271	1024318.3894017843	-1242389.0877872703	967381.8945125103	4404.151755232786	1599.565890624997	6268.2603291688665	301931.8194352965	-1224785.9025891474	301932.8081792869	188170482.6783288	1001693.5555239579	-1224785.4981858637	1001691.8231811053	4306.874187177923	-0.013393765090456406	0.0	0.0	0.0	0.03572904745426312	0.0	0.0	0.0	-0.021458562954898973	188185877.81288543	0.035741399777376365
124	402.5	nan	nan	1	1	6.000000000000838e-05	6.000000000000867e-05	5.999999999999513e-05	0.9852799888468963	1.616138863361205e-20	-6.372533794055113e-19	8.74138001566438e-21	1.040249999999998	-2.3247462982434186e-18	-7.0473141211557785e-22	9.576215688478218e-20	0.9765465193306357	6178.145636639957	299052.5436519687	-1277716.7941715359	315738.3714862445	185682615.07782313	1062159.7345423582	-1266390.7395599543	997112.8258900177	4281.409385633686	1599.565890624997	6081.734833423239	310809.94179882854	-1246628.9736714368	310811.2312419619	192982818.6064739	1036316.5810982527	-1246628.5397725129	1036314.8080840665	4177.239441969198	-0.01482942556573172	0.0	0.0	0.0	0.039461068880911804	0.0	0.0	0.0	-0.023732890956639885	192998866.34550318	0.03949741494544851
128	441.25	nan	nan	1	1	6.000000000000838e-05	6.000000000000867e-05	5.999999999999513e-05	0.9838689913625022	-3.2273988169462253e-19	5.671461564271674e-19	-1.3057859914872294e-20	1.0441250000000124	-2.6455075109732552e-18	-6.884683795282953e-21	2.303929616531697e-22	0.974338092034957	6045.2638794058175	305741.73532835924	-1300975.1039616785	324468.10399106034	189397868.2116234	1098868.1973310332	-1288371.825403888	1025420.7335912682	4185.652350065246	1599.565890624997	5942.279654799506	318939.1051232133	-1266424.2508334084	318940.6205320118	197573244.40768433	1069684.8305028006	-1266423.7390853006	1069683.1127590337	4074.4912224212817	-0.016262529652894066	0.0	0.0	0.0	0.043179214093944755	0.0	0.0	0.0	-0.02599691849178635	197589871.23855585	0.043239427854294306
132	480.0	nan	nan	1	1	6.000000000000838e-05	6.000000000000867e-05	5.999999999999513e-05	0.9824626020392802	-2.4753690850559674e-19	-2.688821387764051e-20	-9.603320742790356e-20	1.04800000000001	-8.128263687123827e-19	-4.9873299934333206e-20	-2.16860763287835e-19	0.9721445911990988	5944.6775843354035	311527.2333514316	-1322558.29225993	332309.92585518246	192893251.04198104	1133958.4307295135	-1308667.851170075	1051879.5755757894	4113.55394216021	1599.565890624997	5834.936825737499	326173.8397963038	-1284510.067540456	326175.37224220653	201962222.3273797	1101335.9705722267	-1284509.400067777	1101334.2123506032	3995.212523333561	-0.017693000045333914	0.0	0.0	0.0	0.046883585898859784	0.0	0.0	0.0	-0.028250729207156912	201979359.92977747	0.04696752164755852
136	518.75	nan	nan	1	1	6.000000000000838e-05	6.000000000000867e-05	5.999999999999513e-05	0.9810608383878768	2.1258494097009528e-19	2.0864115556767925e-19	-1.6290815267952508e-19	1.0518750000000083	3.216068904243752e-18	-8.977193988179976e-20	-5.434563389583591e-21	0.9699658902061128	5863.782193736718	316234.79321866843	-1342705.9146091768	339062.4569480923	196188136.26606667	1167297.8328048256	-1327520.3120762748	1076398.8589455204	4060.2911432396177	1599.565890624997	5747.212230825361	332320.58872108423	-1301130.4138837645	332322.01251731353	206167563.91808298	1131153.6620176767	-1301129.6671938475	1131151.6321865679	3934.5684250073987	-0.019120804634453235	0.0	0.0	0.0	0.0505742859629409	0.0	0.0	0.0	-0.030494372838968564	206185152.27363965	0.0506817765781354
140	557.5	nan	nan	1	1	6.000000000000838e-05	6.000000000000867e-05	5.999999999999513e-05	0.9796637029078507	-1.6145125601024768e-19	1.2139540674777072e-18	-5.0110469159564405e-20	1.0557500000000013	1.1609636862974782e-18	-1.137328078937294e-19	7.238404754056349e-20	0.9678018691572384	5793.318184607651	320104.48772562924	-1361427.752802627	344967.00401124294	199299502.2529014	1199164.8739616196	-1344942.8004654348	1099267.5266083525	4014.1447637095634	1599.565890624997	5669.95791184537	337620.09580053244	-1316304.8815587393	337621.43410592014	210204853.80166575	1159420.0089869099	-1316304.202441267	1159417.6960181722	3881.1008052958177	-0.020545926508599665	0.0	0.0	0.0	0.054251414831916506	0.0	0.0	0.0	-0.03272789327818524	210222847.47523364	0.05438227371589425
144	596.25	nan	nan	1	1	6.000000000000838e-05	6.000000000000867e-05	5.999999999999513e-05	0.978271211627051	-9.154732093924478e-20	-4.2001179010459076e-18	4.400505567575541e-20	1.0596250000000333	-1.02974811837242e-18	3.046608104684268e-20	6.071532165918825e-21	0.9656523883723833	5729.410320399901	323526.9639166028	-1378614.054965802	350433.0471084029	202242308.36807793	1229823.014639192	-1360830.5678209364	1120753.8269968897	3973.5021509620083	1599.565890624997	5599.3409230078505	342476.1950846309	-1329937.5010807246	342477.4962375987	214087800.95648	1186400.0232475384	-1329936.9152439984	1186397.268560823	3833.2044433714887	-0.021968334889227323	0.0	0.0	0.0	0.05791507194646447	0.0	0.0	0.0	-0.03495135593527269	214106160.22294307	0.0580690985917689
148	635.0	nan	nan	1	1	6.000000000000838e-05	6.000000000000867e-05	5.999999999999513e-05	0.976883377138128	3.442070847098355e-19	1.794056439866076e-18	1.338989683019598e-20	1.0634999999999952	6.901624454228039e-18	1.4034997122824855e-19	1.359318473753701e-19	0.9635173063102503	5666.660299851687	326752.4492228033	-1394295.572359562	355725.8010572476	205029773.79276	1259475.645972788	-1375217.7885724646	1141065.5310693993	3931.7163821216864	1599.565890624997	5530.06409311667	347149.5545207992	-1342068.349632441	347150.94523547444	217828496.17486405	1212298.478960569	-1342067.8336760276	1212295.0929119976	3784.4429981565936	-0.023388002397864333	0.0	0.0	0.0	0.06156535565815076	0.0	0.0	0.0	-0.03716482936868601	217847191.3414844	0.06174233815140482
152	673.75	nan	nan	1	1	6.000000000000838e-05	6.000000000000867e-05	5.999999999999513e-05	0.9755001987899912	2.2957981002380556e-20	-2.3006702337506624e-18	-1.039207782327356e-19	1.0673749999999895	6.97632598391229e-18	1.4831885719601702e-19	-3.131989025767501e-20	0.9613964905070427	5605.920948256139	329880.7182313154	-1408703.7811382911	360951.29095314536	207673655.41249532	1288065.9262086207	-1388336.231008583	1160171.4145561573	3890.6886846561947	1599.565890624997	5462.952322623531	351744.274359344	-1352929.8895130733	351745.8971446684	221437674.86100438	1237068.3706285215	-1352929.2881181373	1237064.2774560628	3736.647180721185	-0.024804915136325417	0.0	0.0	0.0	0.06520236324562335	0.0	0.0	0.0	-0.03936837392727266	221456677.8442697	0.06540207874128252
156	712.5	nan	nan	1	1	6.000000000000838e-05	6.000000000000867e-05	5.999999999999513e-05	0.9741216674196588	-2.647892755752723e-19	3.5740860141256215e-18	-1.4399560103323106e-19	1.0712500000000253	3.2624727572261315e-18	1.0852863746579898e-19	-1.4777675610977425e-19	0.9592898136952777	5551.048268760637	332984.70560477715	-1421963.0727071133	366188.1034288015	210184445.98441136	1315246.7888538926	-1400311.6977709264	1177781.465382176	3853.20582275193	1599.565890624997	5401.748200111629	356337.2712200193	-1362649.872238566	356339.16925756703	224924900.97689998	1260384.9587893556	-1362649.1478371138	1260380.5111875962	3692.480151461214	-0.026219067925602378	0.0	0.0	0.0	0.06882619092987574	0.0	0.0	0.0	-0.04156204569133686	224944176.74099383	0.06904840650179246
160	751.25	nan	nan	1	1	6.000000000000838e-05	6.000000000000867e-05	5.999999999999513e-05	0.9727477658583872	-3.2493539109390567e-19	-3.6280725060518215e-18	-7.162510601982364e-20	1.075124999999989	-8.357138765735517e-18	-3.225501463144376e-19	-5.505036530795149e-20	0.9571971540507177	5502.837933097171	335967.411099066	-1434135.1207323256	371328.6839594627	212571563.83123732	1340481.5827114736	-1411207.8270599956	1193443.0631605457	3819.2660399622973	1599.565890624997	5347.19919708897	360824.079259236	-1371294.9249993453	360826.26180607866	228298746.4325386	1281745.049579902	-1371294.130687534	1281740.3717953144	3651.9154033047143	-0.027630463847547016	0.0	0.0	0.0	0.07243693388949653	0.0	0.0	0.0	-0.043745896154681094	228318250.8738063	0.07268140713702928
164	790.0	nan	nan	1	1	6.000000000000838e-05	6.000000000000867e-05	5.999999999999513e-05	0.9713784663823617	1.1403096349116292e-19	-2.7176882706064777e-19	3.1382231882592924e-19	1.0789999999999944	-1.5490538539386644e-18	-5.182486384480711e-20	-5.677289150948783e-19	0.9551183981499743	5437.468251080703	338615.3872024223	-1445170.4364293914	376133.75055832334	214843514.31887144	1363440.2603350964	-1420978.56623713	1206897.0014535426	3767.892142322314	1599.565890624997	5276.1614768280115	364973.22628856264	-1378825.009847061	364975.44687938766	231566944.47927496	1300846.9333397339	-1378824.1189433238	1300841.9258725892	3594.9143362469135	-0.02903911692751985	0.0	0.0	0.0	0.07603468627599283	0.0	0.0	0.0	-0.04591996906554288	231586647.34472197	0.07630116534428127
168	828.75	nan	nan	1	1	6.000000000000838e-05	6.000000000000867e-05	5.999999999999513e-05	0.9700137475592713	3.5361253855614725e-19	-7.540355059093562e-19	1.6710265983432837e-19	1.0828749999999996	1.446135962715478e-18	3.035766082959412e-19	1.4558124671049112e-19	0.9530534257108958	5374.374363347463	340851.0773837304	-1455009.3849621755	380511.2312551539	217008054.70816752	1384139.670235468	-1429568.0367698758	1218195.4982290475	3714.2716062949494	1599.565890624997	5207.536716562686	368696.94150718907	-1385190.7341758157	368698.95430795464	234736550.24786845	1317721.7039498214	-1385189.7052565373	1317716.1058206907	3536.0422183021424	-0.030445034843624118	0.0	0.0	0.0	0.07961954122816735	0.0	0.0	0.0	-0.04808431634219053	234756403.1621367	0.07990776682595321
172	867.5	nan	nan	1	1	6.000000000000838e-05	6.000000000000867e-05	5.999999999999513e-05	0.968653597645809	2.5204990004856763e-19	6.854952938834327e-19	-5.12312631553713e-19	1.0867499999999988	-5.265102590024106e-18	-1.9353008778866253e-19	3.32280860812495e-19	0.9510021058540078	5313.4469677895895	342853.57456574804	-1463742.836384099	384655.48357494175	219072206.67241466	1402792.356870976	-1437068.4608700695	1227561.2165091583	3661.7099581919533	1599.565890624997	5141.208570731293	372184.86403447995	-1390486.0557145586	372186.65791200445	237813940.12699828	1332585.9999496578	-1390485.0716570478	1332579.6735213778	3478.4502512167937	-0.031848215373790525	0.0	0.0	0.0	0.08319159088676367	0.0	0.0	0.0	-0.050239002081671834	237833898.9976607	0.0835012989920369
176	906.25	nan	nan	1	1	6.000000000000838e-05	6.000000000000867e-05	5.999999999999513e-05	0.9672980052153802	2.8221782549797683e-19	-9.940859137106458e-19	-1.661268778790914e-19	1.0906250000000188	5.071355661800947e-20	-1.9634901343712485e-19	-5.0372032933676535e-19	0.9489643068221592	5250.312845712887	344957.1633249832	-1471598.2496767028	388939.7047377223	221042358.22628573	1419781.4849009307	-1443705.599646423	1235360.6104224618	3608.0556210661125	1599.565890624997	5072.941518443541	375798.46167302475	-1394933.5565873587	375800.15407010674	240804908.60182047	1345816.248928561	-1394932.8910630539	1345809.4695973727	3420.0895937219743	-0.0332486560149493	0.0	0.0	0.0	0.0867509264086724	0.0	0.0	0.0	-0.052384092436584664	240824944.08064312	0.08708184933722483
180	945.0	nan	nan	1	1	6.000000000000838e-05	6.000000000000867e-05	5.999999999999513e-05	0.9659469529906953	-1.310258325448732e-19	6.358906727999686e-18	-7.806255641895631e-21	1.0944999999999936	-4.594848806993568e-19	1.984089975648473e-20	-4.0714502082261907e-19	0.9469399021556103	5186.597853072823	347387.4571202	-1478848.5447390773	393621.0922904897	222924302.52218735	1435549.4972389215	-1449748.7309011894	1242002.8600322006	3548.5336990801634	1599.565890624997	5004.312164805908	379785.5523931818	-1398796.8818480335	379787.0735835961	243714698.50150403	1357841.6583765899	-1398796.555175857	1357834.6961100246	3356.4477519107763	-0.034646360365759916	0.0	0.0	0.0	0.09029763798077534	0.0	0.0	0.0	-0.05451964910272553	243734795.27627018	0.09064950446180291
184	983.75	nan	nan	1	1	6.000000000000838e-05	6.000000000000867e-05	5.999999999999513e-05	0.9646004280890936	1.6753634070332257e-19	2.5049203705197754e-18	-1.1817803680092e-19	1.0983749999999888	-5.933106653546738e-18	5.42860027763492e-19	-2.386057931097474e-19	0.9449287608635838	5124.047053328729	350025.2541824512	-1485675.36885848	398569.432448923	224723312.68240052	1450334.986782773	-1455376.958794378	1247712.2192850567	3484.847899513448	1599.565890624997	4937.003122507325	384019.1318584787	-1402251.242420662	384020.3870216234	246548071.6419219	1368895.304971583	-1402251.094732893	1368887.9803207228	3289.165587024851	-0.03604132754776458	0.0	0.0	0.0	0.09383181483385997	0.0	0.0	0.0	-0.05664573965955226	246568218.62276995	0.09420435153533449
188	1022.5	nan	nan	1	1	6.000000000000838e-05	6.000000000000867e-05	5.999999999999513e-05	0.9632584309621022	6.44287140999511e-20	1.436262946682282e-18	3.886864788360533e-20	1.102250000000006	9.33823331161765e-19	6.093216209368536e-20	-7.013161752722485e-19	0.9429307389289725	5063.346297259343	352612.0648241205	-1492139.2700546538	403492.43670667487	226444205.56746897	1464269.391397678	-1460650.4837719523	1252616.8800947454	3418.3842616519046	1599.565890624997	4871.668516773481	388217.00543876115	-1405356.2643897766	388217.84749822406	249309369.00361153	1379107.3013443034	-1405356.173180052	1379099.6470724314	3219.5706075264425	-0.03743354289325303	0.0	0.0	0.0	0.09735354525591515	0.0	0.0	0.0	-0.05876244662935974	249329555.53938222	0.09774647954858522
192	1061.25	nan	nan	1	1	6.000000000000838e-05	6.000000000000867e-05	5.999999999999513e-05	0.9619209617724294	2.5804011705155004e-20	-4.8377100936303205e-19	2.502338614096544e-19	1.1061250000000158	-3.586920257342419e-18	-4.3313876790795903e-19	-8.738940560776287e-19	0.9409456929134595	4983.73551475091	354901.93407477683	-1498147.6705163065	408106.7028205102	228091410.80940652	1477780.7730023253	-1465479.2648406988	1257094.9433019396	3335.8638144789356	1599.565890624997	4788.353664675132	392106.840301613	-1408027.1413702026	392107.32998272777	252002578.19268352	1388885.4071810034	-1408026.7677800518	1388878.1064613836	3135.196137963057	-0.03882299201149451	0.0	0.0	0.0	0.10086291660539108	0.0	0.0	0.0	-0.060869853162633325	252022813.49064928	0.10127597715547058
196	1100.0	nan	nan	1	1	6.000000000000838e-05	6.000000000000867e-05	5.999999999999513e-05	0.9605880117231197	2.480654570646834e-19	-2.2532025073865315e-18	3.3041061206495746e-19	1.1100000000000239	5.4025794254952684e-18	2.0209528495129804e-19	5.148062965504296e-19	0.9389734893910288	4896.5038603844105	356766.04849437496	-1503590.3394383176	412259.0875028858	229669060.56977674	1491119.3278136742	-1469756.8831180776	1261364.5064314648	3251.1954890590105	1599.565890624997	4697.965159746829	395542.38255021756	-1410163.2279961128	395543.20492775535	254631425.26935837	1398467.1153331695	-1410162.6031690163	1398460.2073087883	3049.1791583407794	-0.04020966981771297	0.0	0.0	0.0	0.10436001532426466	0.0	0.0	0.0	-0.06296803298283345	254651707.6868627	0.10479293095992116
200	1138.75	nan	nan	1	1	6.000000000000838e-05	6.000000000000867e-05	5.999999999999513e-05	0.9592595602917608	1.7732126531000425e-19	-2.3131724400521357e-18	1.3460369971407538e-19	1.1138750000000086	7.627145443001026e-18	3.7361606863850485e-19	-1.2443930434702378e-19	0.9370140071263086	4822.546977335023	358323.93258434645	-1508483.2435233872	416081.1127131437	231180926.69972643	1504407.345600246	-1473500.3253493637	1265531.4976026781	3178.5366505177403	1599.565890624997	4620.552691022785	398651.6780736137	-1411782.8355354648	398653.3908463597	257199299.25630957	1407968.2205889674	-1411782.1818043364	1407961.3704160396	2974.778476716809	-0.0415935834812205	0.0	0.0	0.0	0.10784492695075477	0.0	0.0	0.0	-0.06505704794796865	257219612.9695743	0.10829742531954274
204	1177.5	nan	nan	1	1	6.000000000000838e-05	6.000000000000867e-05	5.999999999999513e-05	0.9579355872759647	-3.1051550219984846e-19	1.761882740397569e-18	-9.595189226496714e-21	1.1177500000000111	-2.7120233142552407e-18	-3.834823084081229e-19	-3.864909694367702e-19	0.9350671248853685	4756.066430179214	359697.4460068514	-1512882.14794089	419709.28490726463	232630433.9438704	1517810.4877891394	-1476765.218684306	1269736.2880294283	3113.714979140254	1599.565890624997	4550.513898023429	401567.2238866079	-1412941.2753955154	401569.86075318896	259709260.06685516	1417544.0495112953	-1412940.8725452404	1417537.104898854	2908.023219014443	-0.04297473993568223	0.0	0.0	0.0	0.11131773613196272	0.0	0.0	0.0	-0.06713696094907393	259729597.79823032	0.11178954433882478
208	1216.25	nan	nan	1	1	6.000000000000838e-05	6.000000000000867e-05	5.999999999999513e-05	0.9566160612814427	-3.1609914338814884e-19	-1.7791757650487128e-18	-1.0289078616887437e-19	1.1216250000000167	7.175575238160815e-18	-4.590511998303626e-19	-1.241682538039024e-19	0.9331327330304489	4672.542204446385	360932.18248534907	-1516724.8447139706	423193.5139547319	234020775.12480602	1531371.348689783	-1479491.6246470783	1274013.9692511123	3040.21073727124	1599.565890624997	4464.390012585772	404337.9596010807	-1413583.4496152177	404341.1090632258	262164160.77573892	1427233.9516737084	-1413583.300862082	1427227.1463384365	2833.4681775187505	-0.044353157910924805	0.0	0.0	0.0	0.11477852663609947	0.0	0.0	0.0	-0.06920782348342477	262184534.36475345	0.11526936998738468
212	1255.0	nan	nan	1	1	6.000000000000838e-05	6.000000000000867e-05	5.999999999999513e-05	0.9553009313147472	-5.529431079676073e-20	5.487499560655196e-18	3.9389064926398376e-19	1.1254999999999973	-5.381437483131801e-18	4.186104587966533e-19	6.1479684190790525e-19	0.9312107423673316	4578.573835725287	362087.3325269307	-1520034.8694932295	426601.2789793656	235354968.79799035	1545039.9731601092	-1481703.49740633	1278322.0042479888	2959.577429086995	1599.565890624997	4368.544314105761	407028.8126311212	-1413734.480011909	407032.114920637	264566707.78328216	1436990.905202948	-1413734.4118552788	1436984.5084558295	2752.6057077626283	-0.04572887681421029	0.0	0.0	0.0	0.11822738136464767	0.0	0.0	0.0	-0.07126966602411118	264587124.81970614	0.11873698055275546
216	1293.75	nan	nan	1	1	6.000000000000838e-05	6.000000000000867e-05	5.999999999999513e-05	0.9539901504357415	-4.849094216441419e-19	9.882150436499315e-18	1.0234868508263161e-19	1.1293749999999887	-4.007319649723673e-18	-3.176712365382528e-19	-8.494724021423927e-20	0.9293010607603757	4496.395729711252	363086.53273466043	-1522948.593678331	429840.81836616783	236635798.15176064	1558890.789112381	-1483534.825868158	1282720.8493546504	2884.0599748993327	1599.565890624997	4284.201844987169	409552.72233689175	-1413523.9895254653	409555.77262177394	266919388.6247526	1446883.7205716288	-1413523.8578067184	1446877.7233205754	2676.838849763221	-0.047101932077985416	0.0	0.0	0.0	0.12166438236434607	0.0	0.0	0.0	-0.07332252295777544	266939842.93525916	0.12219245432570813
220	1332.5	nan	nan	1	1	6.000000000000838e-05	6.000000000000867e-05	5.999999999999513e-05	0.9526836991925081	6.89010480614538e-20	5.2453430054305585e-18	2.9815559743351372e-21	1.1332499999999905	1.469798675129974e-17	-5.171644362755856e-19	1.4896937849950832e-19	0.927403569976803	4422.058045724969	363734.2902275062	-1525627.53465133	432677.15072389506	237865806.90552586	1573403.30984874	-1485143.850486718	1287601.2918279457	2814.4839678263997	1599.565890624997	4207.556417022149	411686.61523983453	-1413103.7738802645	411689.19611699163	269224462.90389	1457355.812269795	-1413103.6892103772	1457350.1367702484	2606.89966989219	-0.04847233053176075	0.0	0.0	0.0	0.12508961083881304	0.0	0.0	0.0	-0.07536645758555754	269244958.1728119	0.12563587326561734
224	1371.25	nan	nan	1	1	6.000000000000838e-05	6.000000000000867e-05	5.999999999999513e-05	0.9513815751801449	-2.977219165645195e-19	-9.182162408888361e-18	1.274208603213589e-19	1.1371250000000033	8.703432939627387e-18	-5.854691731421724e-21	1.0148132334464322e-19	0.9255181361647574	4368.323892732599	364140.29261002655	-1528210.6027277235	435235.96329701453	239047301.4998934	1589268.9364236412	-1486666.1112164776	1293518.1128365789	2765.141408512152	1599.565890624997	4150.703304668686	413550.99201251764	-1412603.455624458	413553.4350310035	271483960.109484	1469042.8056849623	-1412603.5734280404	1469037.372699133	2555.962052600989	-0.04984006117931544	0.0	0.0	0.0	0.12850314716009156	0.0	0.0	0.0	-0.07740155108845441	271504499.9931465	0.12906732132033477
228	1410.0	nan	nan	1	1	6.000000000000838e-05	6.000000000000867e-05	5.999999999999513e-05	0.9500837742491405	-6.770842567171975e-19	-2.1141671312924214e-18	1.9483113039564514e-19	1.1410000000000091	-1.3501569653961986e-18	3.684118982105744e-19	-2.865546341879188e-19	0.9236446276192529	4322.757439436926	364475.1290040397	-1530690.6609198016	437718.22605245205	240182324.6182427	1606691.68231328	-1488094.52967204	1300619.6162976795	2720.760576530062	1599.565890624997	4101.760645971859	415337.4466381783	-1412016.8746567692	415340.3050716691	273699645.0406835	1482125.5696652404	-1412017.136008872	1482120.4178094086	2509.8211833688124	-0.05120511485533189	0.0	0.0	0.0	0.13190507087994638	0.0	0.0	0.0	-0.07942788346249179	273720249.67390776	0.1324868818487027
232	1448.75	nan	nan	1	1	6.000000000000838e-05	6.000000000000867e-05	5.999999999999513e-05	0.9487903106342184	-5.643814408873293e-19	5.120578440431789e-18	-2.2432142948725086e-19	1.1448750000000112	-4.527790902625339e-18	2.372234353398284e-19	1.9683690441474332e-19	0.9217828960969539	4248.1574568900805	364773.29123033874	-1532968.6751710481	440163.60455671314	241272833.32663095	1625336.17497096	-1489333.0447587445	1308616.3238357287	2653.5426509169424	1599.565890624997	4025.4449139875846	417084.591056723	-1411253.2907603339	417087.72833066684	275873216.1604191	1496286.9513714255	-1411253.7473238173	1496281.985000172	2442.8553948511626	-0.05256746302288451	0.0	0.0	0.0	0.13529546074102453	0.0	0.0	0.0	-0.08144555376377911	275893929.56339264	0.1358946402495822
236	1487.5	nan	nan	1	1	6.000000000000838e-05	6.000000000000867e-05	5.999999999999513e-05	0.9475012284113542	4.997629914071932e-19	-4.349331225034225e-18	-1.5851035761738074e-19	1.1487499999999855	-2.870940247687304e-17	1.1470858984896637e-19	-2.84819910711942e-19	0.919932766895619	4157.356203114393	365160.33759704715	-1534841.3794803736	442723.5541401188	242320811.87303057	1645069.317363708	-1490184.3619716999	1317386.964567213	2582.436101132928	1599.565890624997	3934.0114894928997	418936.0465898692	-1410126.8864320484	418939.2160699667	278006433.0112388	1511398.1845109903	-1410127.5221660372	1511393.2975213658	2372.598645948129	-0.05392704555003279	0.0	0.0	0.0	0.13867439468774734	0.0	0.0	0.0	-0.08345469107076822	278027279.9257075	0.13929068515684054
240	1526.25	nan	nan	1	1	6.000000000000838e-05	6.000000000000867e-05	5.999999999999513e-05	0.9462165719885766	-6.213020549428183e-19	1.5325197708082605e-19	4.2365199889871084e-20	1.1526250000000018	-1.9624601423073873e-18	-5.55653613398821e-19	-6.066111155056397e-19	0.9180940666274408	4060.6738583407164	365701.9882545473	-1536085.4076172996	445479.43831344304	243328147.3460998	1665800.2871484691	-1490432.137522164	1326846.82435543	2517.4186193317755	1599.565890624997	3837.2747320450862	420968.4912258447	-1408434.9014353377	420971.260416448	280100973.8830534	1527370.3217324205	-1408435.5899192411	1527365.7887468794	2308.2181676927885	-0.055283801682938394	0.0	0.0	0.0	0.1420419498771702	0.0	0.0	0.0	-0.08545542451817253	280121965.39872664	0.14267510443120454
244	1565.0	nan	nan	1	1	6.000000000000838e-05	6.000000000000867e-05	5.999999999999513e-05	0.9449363483177611	-7.026714279878554e-19	1.535810324401754e-17	1.9250009572480132e-19	1.1565000000000174	2.0172665621265296e-17	2.1640675362810668e-19	1.7509865085640897e-19	0.9162666594678064	3947.563118692611	366150.94812546956	-1536604.5200880524	448131.54002585466	244296621.12459397	1686928.3079071685	-1489984.2010167565	1336507.754243559	2449.26252395629	1599.565890624997	3725.302652719834	422898.0902819036	-1406092.572709883	422900.29687445407	282158424.1822317	1543648.5663249244	-1406093.3111556459	1543643.62515013	2241.233706220163	-0.05663771003443173	0.0	0.0	0.0	0.14539820268937187	0.0	0.0	0.0	-0.08744784371704153	282179569.05511355	0.14604797970741465
248	1603.75	nan	nan	1	1	6.000000000000838e-05	6.000000000000867e-05	5.999999999999513e-05	0.9436605370775182	8.303904439066478e-19	-2.9935906184497264e-18	-1.509751525186065e-19	1.1603749999999806	5.192515254576202e-18	3.922643460052555e-19	1.9792110658722882e-19	0.9144504372934005	3813.7451072749814	366428.3576176288	-1536334.57608009	450581.2165183731	245227931.35765627	1707937.6841939706	-1488779.8005434852	1345959.931425241	2374.553167725525	1599.565890624997	3594.124592336679	424632.3824920154	-1403045.1523221962	424633.7879383859	284180300.40855175	1559760.3058513913	-1403046.0723503244	1559754.207168362	2168.5415161384312	-0.05798877806189637	0.0	0.0	0.0	0.14874322873794307	0.0	0.0	0.0	-0.08943200912793689	284201602.0235898	0.14940938788579056
252	1642.5	nan	nan	1	1	6.000000000000838e-05	6.000000000000867e-05	5.999999999999513e-05	0.9423891201111265	4.376382069237739e-19	-4.2874774910939275e-18	-4.1573732303956665e-19	1.1642500000000082	1.4104494482081177e-17	-1.470178145890344e-19	1.2392972932595559e-18	0.9126452909090149	3664.471643545232	366833.44974319165	-1535275.9775218384	453195.4744002446	246123645.8062155	1728551.182549533	-1486820.6564414736	1354989.8682948975	2299.6231131299096	1599.565890624997	3448.7610224265113	426517.29791766434	-1399297.133341768	426517.937559901	286167993.77592653	1575454.0225922866	-1399298.3507748218	1575446.889414091	2095.9463165464567	-0.059337011025049756	0.0	0.0	0.0	0.15207710288035678	0.0	0.0	0.0	-0.09140798328612408	286189447.6387755	0.15275940560653425
256	1681.25	nan	nan	1	1	6.000000000000838e-05	6.000000000000867e-05	5.999999999999513e-05	0.9411220868886533	2.2345406774926246e-19	6.271025365656157e-19	2.050226308170089e-19	1.1681250000000023	-3.4423418976414766e-20	-2.4036762164003634e-19	-7.290175407792532e-19	0.910851104546098	3492.1216605155696	367516.7728018549	-1533544.5619455315	456164.0627148455	246985183.58884442	1748533.1710327552	-1484220.1825697753	1363420.2555090718	2219.316451133314	1599.565890624997	3282.106411082749	428729.936010031	-1394957.9480735208	428730.47971670836	288122746.47546804	1590518.0096677043	-1394959.5833816025	1590509.936302516	2018.756545862078	-0.060682406166724136	0.0	0.0	0.0	0.15539989922769257	0.0	0.0	0.0	-0.0933758368518123	288144352.900308	0.15609811015755878
260	1720.0	nan	nan	1	1	6.000000000000838e-05	6.000000000000867e-05	5.999999999999513e-05	0.9398594361595152	-5.091955503078172e-19	1.768821634301476e-18	3.6887268413388075e-19	1.1720000000000004	1.9363905010699735e-17	3.0129978373372167e-19	2.0930522939832664e-19	0.9090677547007396	3267.3746444499557	368611.5769574525	-1531211.3910593225	459657.41511609056	247813887.60125038	1768029.053906518	-1481047.7793235262	1371373.234764944	2115.768642657238	1599.565890624997	3066.726666081946	431429.47406521684	-1390095.4873749616	431430.06407094165	290045733.44207513	1605088.1176393074	-1390097.3144625498	1605079.3583459458	1920.7801480973496	-0.06202495090022569	0.0	0.0	0.0	0.15871169115482195	0.0	0.0	0.0	-0.09533564995787225	290067518.4684583	0.15942557953399583
264	1750.0	nan	nan	1	1	6.000000000000838e-05	6.000000000000867e-05	5.999999999999513e-05	0.9388848593203807	3.7822392787156824e-19	3.32687436627177e-19	-3.4726995584710705e-19	1.1749999999999914	1.5373986805844453e-18	2.9793875699901664e-19	-1.5466143990505722e-19	0.9076943542175926	1688.2040120936754	369771.20337262773	-1528848.7323643893	462763.2540449142	248433230.01498008	1783106.3135896514	-1478059.8080707463	1377456.497468118	1230.292495254063	1599.565890624997	1582.877942689291	433891.47458749654	-1385843.9023856996	433891.72295970767	291512858.55840063	1616318.8415455949	-1385844.5137026082	1616314.6978870777	1115.21389697065	-0.06306242782446216	0.0	0.0	0.0	0.16126814759611513	0.0	0.0	0.0	-0.09684757134595881	291535802.42634827	0.16199407901132898
268	1780.0	nan	nan	1	1	6.000000000000838e-05	6.000000000000867e-05	5.999999999999513e-05	0.9379129735116336	6.382156088335922e-19	4.26367925340787e-18	3.12792326762068e-20	1.1779999999999717	-2.1510029001026166e-18	1.8919327909872054e-19	4.211041237933699e-19	0.9063274156626389	1525.0972874162342	371039.70688931213	-1525991.9670371409	466018.6685926888	249035227.836909	1797909.7968922264	-1474602.629614648	1383268.9985165927	1157.0120197896542	1599.565890624997	1428.4568991136457	436488.4213761566	-1381161.3408537668	436488.6015860467	292963236.6759372	1627271.6760306205	-1381161.9213439007	1627267.622010071	1047.200972977147	-0.06409811305237452	0.0	0.0	0.0	0.16381808522937077	0.0	0.0	0.0	-0.09835465228222688	292986298.61665344	0.16455586570019673
272	1810.0	nan	nan	1	1	6.000000000000838e-05	6.000000000000867e-05	5.999999999999513e-05	0.936943679799843	-4.110210435892547e-19	-4.529796676644437e-19	1.1999949645069563e-18	1.1810000000000016	1.9082934017700113e-17	2.667137344314341e-19	-1.9456007985252377e-19	0.9049668184989732	1299.6894065350853	372499.6028187847	-1522600.0339484809	469529.1924414218	249619323.28996384	1812520.2071544603	-1470636.1066474519	1388879.3498625546	1045.9574931018792	1599.565890624997	1216.0656629873001	439318.682360223	-1376012.7293624943	439319.06025176577	294396105.0416113	1638021.0309095997	-1376013.425246778	1638016.9034321746	945.2586318075486	-0.06513210548740979	0.0	0.0	0.0	0.16636153721522662	0.0	0.0	0.0	-0.09985700059639391	294419325.0060691	0.16711103083919523
276	1840.0	nan	nan	1	1	6.000000000000838e-05	6.000000000000867e-05	5.999999999999513e-05	0.9359769603694434	-4.3389770942869885e-19	1.3731149463985792e-17	2.717552745334917e-19	1.1840000000000046	3.0430302375150653e-18	4.679416576447437e-19	-7.72710888330419e-19	0.9036125243310671	1034.4978254738774	374288.0338064572	-1518649.380021756	473470.81167238054	250186050.781589	1827104.7151281217	-1466137.975074426	1394417.5412816165	902.4292166577123	1599.565890624997	966.9313427919661	442546.1251637121	-1370378.8787114215	442546.8632507505	295811934.5077865	1648718.752165004	-1370379.6431932058	1648714.4231642382	814.3222223039417	-0.0661644177974097	0.0	0.0	0.0	0.16889853646181802	0.0	0.0	0.0	-0.10135463400286249	295835342.44795907	0.1696596068785797
280	1870.0	nan	nan	1	1	6.000000000000838e-05	6.000000000000867e-05	5.999999999999513e-05	0.9350127955550439	-4.796510411075872e-19	-5.724533260614839e-18	6.310056643865635e-20	1.187000000000011	-7.94102197193558e-18	5.13694989323632e-19	-9.282939000820888e-19	0.902264496769168	722.2630510871343	376448.92173236824	-1514117.7210385469	477903.7055243384	250735904.07109043	1841781.2656895092	-1461087.5130326408	1399974.0926430165	719.1812283064918	1599.565890624997	674.389516630826	446225.7567127015	-1364241.8540349882	446226.9646488582	297211154.209943	1659471.422676253	-1364242.709337396	1659466.8301691504	647.9926353540296	-0.06719506470148152	0.0	0.0	0.0	0.1714291156275402	0.0	0.0	0.0	-0.10284756823540192	297234788.5069436	0.1722016258516523
284	1900.0	nan	nan	1	1	6.000000000000838e-05	6.000000000000867e-05	5.999999999999513e-05	0.9340511638149509	-1.0969957581208334e-18	-8.631387705265725e-18	6.885496946912317e-19	1.1899999999999824	-6.951362228890811e-18	3.5561831257524543e-19	-3.413068438984368e-19	0.900922701629925	343.85296856474486	378870.0742660275	-1509077.6982915385	482689.971506642	251269348.72002202	1856549.8724805606	-1455555.6357602268	1405548.8430145045	482.51395790067187	1599.565890624997	320.7290413499478	450227.5916629625	-1357669.224877681	450229.33050933573	298594165.6967669	1670278.892313528	-1357670.3020406552	1670274.0953637443	434.10246666378606	-0.06822406300849304	0.0	0.0	0.0	0.17395330712342325	0.0	0.0	0.0	-0.10433581680781243	298618080.14464724	0.17473711929313732
288	1930.0	nan	nan	1	1	6.000000000000838e-05	6.000000000000867e-05	5.999999999999513e-05	0.9330920436476067	-5.291990803901747e-19	4.21700434988237e-18	7.540626109636683e-20	1.1929999999999994	-1.7979866727413364e-17	3.120333852413282e-19	8.244273319579776e-19	0.8995871064181697	22.541680751070846	381334.4581761566	-1503726.7181346233	487555.424264423	251786897.63245448	1871281.3112015307	-1449733.0400972504	1411044.109731104	269.8623983739135	1599.565890624997	21.00402995161706	454295.4031477379	-1350840.2309055733	454297.47885325743	299961432.0571416	1681024.9149848882	-1350841.4271466618	1681020.0047366556	242.42502320126638	-0.0692514295734914	0.0	0.0	0.0	0.17647114311577855	0.0	0.0	0.0	-0.10581939157175461	299985587.4561409	0.17726611793064956
292	1960.0	nan	nan	1	1	6.000000000000838e-05	6.000000000000867e-05	5.999999999999513e-05	0.9321354094223008	6.613633252161577e-19	1.7011132086297565e-17	-3.8624702394796095e-19	1.1960000000000008	-1.4947353250971408e-17	3.11599704372334e-19	2.6064220226551526e-19	0.8982576814376864	-294.17024210782944	383610.271562436	-1498289.3379952768	492203.4059035954	252288948.77584308	1885824.0453206936	-1443836.527264308	1416346.89885963	49.07016029852035	1599.565890624997	-273.8209157300919	458152.7329778504	-1343957.401404962	458155.06818183756	301313285.77563554	1691573.9298040592	-1343958.6452633569	1691568.893383054	44.01566736740144	-0.07027718577026017	0.0	0.0	0.0	0.17898265552843995	0.0	0.0	0.0	-0.10729830146628032	301337681.1060809	0.17978865236063774
296	1990.0	nan	nan	1	1	6.000000000000838e-05	6.000000000000867e-05	5.999999999999513e-05	0.9311812369616603	2.228035464457712e-19	-9.556483208938982e-18	3.4911309954033245e-19	1.1990000000000016	-1.4366871407822667e-17	-9.62771529167128e-20	5.366800753803247e-19	0.8969343964390513	-616.2025840509725	385544.78337832115	-1492907.0530180815	496435.1704021623	252775915.16898343	1900047.2707999668	-1438002.5451601571	1421361.5525321097	-186.33744712110888	1599.565890624997	-572.9855280090121	461615.0245891967	-1337147.6648214574	461617.94123798126	302650081.9796803	1701809.7449967554	-1337148.965199339	1701804.5018609937	-166.8963126559517	-0.07130135151889555	0.0	0.0	0.0	0.18148787604537872	0.0	0.0	0.0	-0.1087725562322345	302674722.52651757	0.18230475297101234
300	2020.0	nan	nan	1	1	6.000000000000838e-05	6.000000000000867e-05	5.999999999999513e-05	0.9302295081600448	-3.5800355735471357e-19	4.943636645882155e-18	4.1492417141020254e-19	1.2019999999999904	-4.272840761765373e-19	-9.71445146547012e-20	4.4929338027799305e-19	0.8956172161284941	-914.6451134616821	387140.0525820336	-1487598.1464626647	500248.77518130804	253248224.23012593	1913895.4716471853	-1432248.626720564	1426050.1868872847	-414.61063559149005	1599.565890624997	-849.6219375764581	464681.6894114743	-1330426.9972557523	464685.51286651014	303972197.892841	1711684.1745600097	-1330428.4201771067	1711678.772601078	-370.8052367851804	-0.07232394031295301	0.0	0.0	0.0	0.18398683611300748	0.0	0.0	0.0	-0.11024217143147336	303997065.01032573	0.184814450639822
