6	header
postResults v2.0.3	--cr f,p,texture --time RVE_1_40_D_tensionX.spectralOut
addCauchy v2.0.3	RVE_1_40_D_tensionX.txt
addStrainTensors v2.0.3	--left --logarithmic RVE_1_40_D_tensionX.txt
addMises v2.0.3	-s Cauchy RVE_1_40_D_tensionX.txt
addMises v2.0.3	-e ln(V) RVE_1_40_D_tensionX.txt
inc	time	elem	node	ip	grain	1_pos	2_pos	3_pos	1_f	2_f	3_f	4_f	5_f	6_f	7_f	8_f	9_f	1_p	2_p	3_p	4_p	5_p	6_p	7_p	8_p	9_p	texture	1_Cauchy	2_Cauchy	3_Cauchy	4_Cauchy	5_Cauchy	6_Cauchy	7_Cauchy	8_Cauchy	9_Cauchy	1_ln(V)	2_ln(V)	3_ln(V)	4_ln(V)	5_ln(V)	6_ln(V)	7_ln(V)	8_ln(V)	9_ln(V)	Mises(Cauchy)	Mises(ln(V))
0	0.0	nan	nan	1	1	6.000000000000838e-05	6.000000000000867e-05	5.999999999999513e-05	1.0	0.0	0.0	0.0	1.0	0.0	0.0	0.0	1.0	2.7716487604837305e-06	-1.193192284640359e-09	-2.8066754232013673e-08	-1.19319228464005e-09	2.7018729684353462e-06	-1.6832583398956398e-08	-2.8066754232013544e-08	-1.6832583398956544e-08	2.6991213888906947e-06	1599.565890624997	2.7716487604837305e-06	-1.193192284640359e-09	-2.8066754232013673e-08	-1.19319228464005e-09	2.7018729684353462e-06	-1.6832583398956398e-08	-2.8066754232013544e-08	-1.6832583398956544e-08	2.6991213888906947e-06	0.0	0.0	0.0	0.0	0.0	0.0	0.0	0.0	0.0	9.102600058541354e-08	0.0
2	4.0	nan	nan	1	1	6.000000000000838e-05	6.000000000000867e-05	5.999999999999513e-05	0.9998663539893814	-3.1611534289326507e-23	-1.5967232800233605e-22	-2.3756627192522954e-24	1.0003999999999935	-8.774268716819487e-22	8.07328277851755e-25	-2.6138907356675676e-23	0.9998677425139979	-5.2383706797627385e-06	-988.3614003566456	5482.5942598529855	-988.888905973934	28326310.375503894	1455.4063112416702	5482.601873587587	1454.631970073709	5.512273630301933e-06	1599.565890624997	-5.236968797623344e-06	-988.6242615300191	5481.134630790485	-988.6242615299429	28333843.942860894	1455.0188389522848	5481.134630790449	1455.0188389521802	5.5108060997114704e-06	-0.00013365494204245647	0.0	0.0	0.0	0.00039992002132067657	0.0	0.0	0.0	-0.0001322662327946259	28333845.69715645	0.0003552546439169831
4	8.0	nan	nan	1	1	6.000000000000838e-05	6.000000000000867e-05	5.999999999999513e-05	0.9997326366108239	-3.938041460242454e-23	6.046359405517611e-22	-1.0243804705856695e-23	1.0008000000000166	1.80059352251563e-21	-9.26442286059391e-25	1.69935985042894e-23	0.9997354145986065	7.583193905702501e-06	-1976.867365414903	10965.957183013072	-1978.9779655632083	56686614.83623758	2912.595360096254	10965.987654455199	2909.4971321780426	3.732718738319818e-06	1599.565890624997	7.579137529094479e-06	-1977.9193773166048	10960.121765169915	-1977.9193773165678	56716781.24725646	2911.045453357558	10960.121765170015	2911.0454533575853	3.730732411621188e-06	-0.0002673991371389762	0.0	0.0	0.0	0.000799680170581106	0.0	0.0	0.0	-0.0002646204102859707	56716784.75178543	0.0007104617742037437
6	12.0	nan	nan	1	1	6.000000000000838e-05	6.000000000000867e-05	5.999999999999513e-05	0.9995987354792772	-2.235372887363302e-23	-3.460658985125851e-22	-3.970466940254533e-24	1.001200000000022	-1.1924635710564447e-22	2.1361112138569388e-23	-6.29451358928352e-23	0.9996025945497338	0.21496749078746596	-3082.180181607834	15406.401096861744	-3087.1175483680186	84966812.17150228	5400.767975973456	15406.460575383877	5392.15110018317	0.26253259935780077	1599.565890624997	0.21479519976376155	-3084.643301692366	15394.112685421065	-3084.643301491173	85034713.28345776	5396.4602302145895	15394.112685689157	5396.460230373854	0.2623231988250471	-0.00040134504887333073	0.0	0.0	0.0	0.001199280575504143	0.0	0.0	0.0	-0.00039748443673908883	85034717.90671606	0.0010657992095724803
8	16.0	nan	nan	1	1	6.000000000000838e-05	6.000000000000867e-05	5.999999999999513e-05	0.9994604722743916	3.9810548520952114e-22	5.083388823607878e-21	5.44218668610888e-23	1.0015999999999998	-4.9935768614193205e-21	-1.1911400820763598e-24	2.6067438951751095e-22	0.9994495438090808	1045.0914505440746	-5178.982603314467	-38490.13826453855	-5190.070862513071	108033358.61584552	53373.17872805558	-38489.71725800003	53258.58309856778	1530.8237222511748	1599.565890624997	1043.996649802644	-5184.632229292366	-38449.396936345576	-5184.633928333389	108151209.57539983	53316.6838883562	-38449.396795164386	53316.68158965505	1529.2033645573367	-0.0005396733230633386	0.0	0.0	0.0	0.0015987213636970735	0.0	0.0	0.0	-0.0005506077475474486	108149983.28005199	0.0014292552082541396
10	20.0	nan	nan	1	1	6.000000000000838e-05	6.000000000000867e-05	5.999999999999513e-05	0.9993170181688771	-3.773531780017908e-22	-1.2406915094907365e-20	2.7062702664774896e-22	1.002000000000011	-1.890196373445334e-20	-2.6979322859029553e-22	-8.766791004082008e-23	0.9992436734392999	-4037.255378772915	5786.613509090349	-218220.8323702536	5802.188239555409	118673091.26498099	209604.09790424848	-218204.83309072768	209027.52213346137	-887.1052340774348	1599.565890624997	-4032.2466800666925	5794.9512376124885	-217934.10688194042	5794.989930307617	118844083.16141509	209328.694146178	-217934.12386808614	209328.7025614382	-885.939645628966	-0.0006832151694636889	0.0	0.0	0.0	0.0019980026626843597	0.0	0.0	0.0	-0.0007566127199287628	118847695.20435162	0.0018124398638282408
12	24.0	nan	nan	1	1	6.000000000000838e-05	6.000000000000867e-05	5.999999999999513e-05	0.9991760042827225	-2.8545010322469923e-22	-3.855598684695009e-20	1.0130514049161432e-21	1.0024000000000204	-4.8484589417309776e-20	-4.866204281975956e-22	-3.6600293650858315e-21	0.9990096838689486	-1813.9847015633072	34528.06632564469	-395010.6963834822	34639.484323671146	123755296.25338165	397117.92383289174	-394944.9641974729	395774.79079753143	72.2400513409993	1599.565890624997	-1811.4354555669208	34590.7965910909	-394389.9161280382	34590.804438635234	123980133.70912364	396493.83195777185	-394389.93643571413	396493.8307069632	72.12652226967204	-0.0008243353883530753	0.0	0.0	0.0	0.002397124599741609	0.0	0.0	0.0	-0.0009908068180544565	123984801.64758338	0.0022052259387137373
14	28.0	nan	nan	1	1	6.000000000000838e-05	6.000000000000867e-05	5.999999999999513e-05	0.9990369796727138	3.527045192366906e-21	1.1569411268309674e-20	3.032377951170395e-22	1.002799999999978	3.847731866197385e-20	5.761941623697378e-22	-3.5998900258307764e-21	0.9987656381835466	-1200.3685434107188	72227.65468395654	-535183.2702209468	72499.71317857172	127060620.85276788	555151.2558232656	-535037.9285011921	552917.8420209464	830.2249384853544	1599.565890624997	-1198.4962741396203	72386.6297244483	-534203.3899090263	72386.6320870246	127340284.74928181	554134.8156316757	-534203.40557246	554134.8292913835	828.7048590715281	-0.0009634843292811055	0.0	0.0	0.0	0.0027960873019797095	0.0	0.0	0.0	-0.0012351242684925303	127347509.78317745	0.0026016590362076936
16	32.0	nan	nan	1	1	6.000000000000838e-05	6.000000000000867e-05	5.999999999999513e-05	0.9988983948024329	-1.73133534418779e-21	-7.054482137471919e-20	-9.063252535621014e-22	1.0032000000000056	-7.63604437114488e-20	7.551298724772087e-22	-1.0842868757802299e-20	0.9985174997160273	1089.3844272165713	107506.43880727384	-641703.7998941548	107969.40808973505	129528040.71165216	670193.665208875	-641459.1053824592	667065.4954587094	1669.7998312782036	1599.565890624997	1087.5217680929482	107784.79004748602	-640362.324285883	107784.799059143	129863409.37583959	668792.6318117777	-640362.3211571472	668792.6339447731	1666.3091308261796	-0.0011022124105530152	0.0	0.0	0.0	0.003194890896525043	0.0	0.0	0.0	-0.0014836002748109015	129872069.24566552	0.0029999567839469788
18	36.0	nan	nan	1	1	6.000000000000838e-05	6.000000000000867e-05	5.999999999999513e-05	0.9987591826333281	-3.987831115673246e-21	1.0563337297296539e-19	-2.7918205941501738e-21	1.003599999999984	6.798582896194553e-20	2.571592027864056e-21	-6.777110610981657e-21	0.9982676717102389	1513.767934347069	136687.02449519842	-719336.304086167	137349.53263857996	131446853.5428321	746341.1675308936	-718982.2830089176	742375.6933390702	967.1822118469726	1599.565890624997	1510.9553886071096	137094.33122592446	-717646.450728196	137094.34039005695	131838545.35394935	744587.8747789778	-717646.4305897321	744587.8610100038	964.9101228405157	-0.0012415878179327848	0.0	0.0	0.0	0.003593535510114731	0.0	0.0	0.0	-0.001733830505550372	131849688.26426968	0.0033993969767790594
20	40.0	nan	nan	1	1	6.000000000000838e-05	6.000000000000867e-05	5.999999999999513e-05	0.9986188842020086	-1.2537781685258153e-20	-4.387884776661452e-20	-5.4786091028408146e-21	1.004000000000007	-2.674845344134355e-20	4.05559375145359e-21	-4.98732999343332e-21	0.9980174229543989	982.5850280195101	160121.96527616697	-776395.0954320633	160984.79307649974	132987689.35908173	793848.7952770789	-775927.4471974953	789118.4224799917	-103.36912118801382	1599.565890624997	980.6144904122465	160661.94278387935	-774371.3844330887	160661.94408134033	133436162.25243333	791779.5903735742	-774371.3536568757	791779.5576860565	-103.09968462313431	-0.0013820704174763855	0.0	0.0	0.0	0.0039920212695445335	0.0	0.0	0.0	-0.001984544952920537	133449801.1989392	0.0037995081798065625
24	66.0	nan	nan	1	1	6.000000000000838e-05	6.000000000000867e-05	5.999999999999513e-05	0.9976823763800996	-4.071009751093618e-20	2.2410797718454277e-20	8.460165077175951e-21	1.006600000000009	-1.1844231108046332e-19	1.1933000160918582e-20	-2.400491372518687e-20	0.9964052575912886	2496.6964410124483	223926.2035161628	-936290.593458011	225927.70527245355	139433343.6337558	849411.5860632391	-935092.1763511184	840808.8228211615	2800.5654211273336	1599.565890624997	2489.274588444838	225256.12350117584	-932312.3420496274	225256.09694557555	140261452.12380278	845802.4791661239	-932312.4566559241	845802.4700115602	2788.6659602027908	-0.00232031346636029	0.0	0.0	0.0	0.006578315360131771	0.0	0.0	0.0	-0.0036012190210307853	140276301.10947907	0.0064022432570142816
28	92.0	nan	nan	1	1	6.000000000000838e-05	6.000000000000867e-05	5.999999999999513e-05	0.9967265365498327	1.6600151700289777e-20	3.507292384036936e-19	1.6059744679941535e-20	1.0092000000000128	-3.9446324353632766e-19	-3.2085608041992895e-21	-1.222776762656308e-20	0.9948157228669547	9059.07476649272	236368.6496554102	-993301.0818172431	239326.35123053484	144388797.69168857	836947.2307178461	-991396.7185618399	825017.7489168168	5984.82135695725	1599.565890624997	9023.270182113669	238380.7668910545	-987478.4932028393	238380.45104120657	145617925.1114752	832041.1659751005	-987478.3771883748	832040.814093726	5949.739191710326	-0.0032788329527628822	0.0	0.0	0.0	0.009157937784778705	0.0	0.0	0.0	-0.005197762124553995	145628199.6451842	0.008999279914789928
32	118.0	nan	nan	1	1	6.000000000000838e-05	6.000000000000867e-05	5.999999999999513e-05	0.9957641503974695	1.557862996590109e-20	1.0513745635817167e-18	-1.5280474368467579e-21	1.0118000000000014	-3.1603815701594653e-19	-1.9922214919421144e-20	-2.690176640479658e-21	0.9932408807873255	7417.470586159581	239522.3680511031	-1027166.5118708692	243379.6117693034	148912547.6694949	829806.655921314	-1024563.7757128868	814585.3810484415	5275.299353089767	1599.565890624997	7380.853263939116	242178.17583261456	-1019505.774841823	242178.1362039433	150563679.90438062	823617.8535192703	-1019505.8814516412	823617.4485388245	5235.955507056556	-0.0042448462280146515	0.0	0.0	0.0	0.011730922875699577	0.0	0.0	0.0	-0.00678206551525409	150575068.59278488	0.011589203973529416
36	144.0	nan	nan	1	1	6.000000000000838e-05	6.000000000000867e-05	5.999999999999513e-05	0.9947999826383254	-2.7884324623611566e-21	1.047271535985217e-18	-2.5512632371299526e-21	1.014400000000008	3.666432934167074e-19	1.7706376729403894e-20	-8.210120951146482e-20	0.9916766118978732	5734.0595023514525	243636.2846789348	-1056439.5636875073	248436.4992753103	153156629.26797035	834691.9222982996	-1053122.8335352542	815993.6432822238	3787.102189120907	1599.565890624997	5700.105370562315	246965.40894137265	-1046886.6161263866	246965.38694482855	155249410.52639875	827144.1472646061	-1046886.7853279868	827143.6418935793	3752.856984885089	-0.005213584505314861	0.0	0.0	0.0	0.014297304700832493	0.0	0.0	0.0	-0.008358220916226542	155262472.346756	0.014172244993935677
40	170.0	nan	nan	1	1	6.000000000000838e-05	6.000000000000867e-05	5.999999999999513e-05	0.9938358260339649	-2.2502277276757742e-20	-4.363845981618375e-19	1.6479873021779667e-20	1.016999999999989	-5.177200898889844e-19	5.13098678128765e-20	-3.352895218411423e-20	0.9901212262865875	4582.146341827856	249198.53336266842	-1083787.7354716836	255006.76121755142	157159840.2701536	848376.5282787991	-1079737.1325703315	825953.8850804914	2964.2647189754643	1599.565890624997	4550.505371378363	253245.9231795326	-1072281.0499131654	253245.86996830182	159712371.89442167	839369.2276546757	-1072281.2531295076	839368.7206277339	2932.792816390577	-0.006183250922566079	0.0	0.0	0.0	0.016857117066411888	0.0	0.0	0.0	-0.009927892555455644	159726647.616113	0.016748582948150348
44	247.5	nan	nan	1	1	6.000000000000838e-05	6.000000000000867e-05	5.999999999999513e-05	0.9909679376667486	2.8826225260958346e-20	-1.1002483646382899e-18	6.573653297051174e-20	1.024749999999984	8.917969444507956e-19	6.895525817007808e-20	1.2210826967617994e-20	0.9855333472529082	4737.621646493455	265968.07622346387	-1157819.602461781	275035.0737404784	167814664.37253928	908780.373912711	-1151469.2056739752	874001.0098345596	4206.077706715703	1599.565890624997	4691.06146540164	272331.9430588206	-1140153.6130197672	272332.09663604124	171829996.55920985	894914.220276587	-1140152.8493377718	894913.3919502287	4141.901453177466	-0.00907309869042066	0.0	0.0	0.0	0.02444868040229412	0.0	0.0	0.0	-0.01457231505935715	171844566.1747894	0.024388472418252382
48	325.0	nan	nan	1	1	6.000000000000838e-05	6.000000000000867e-05	5.999999999999513e-05	0.9881140396543413	8.063753657860939e-22	9.601694439531627e-19	1.7875783318854754e-20	1.0325000000000166	-5.999703771991661e-19	-1.592692991381206e-19	-2.665782091598734e-20	0.9810086648668994	-9739.169151569125	282659.9310013421	-1219981.3930293156	295352.32156962017	176878007.845774	980782.0296033657	-1211209.1424079677	931872.2698111834	-8536.256588965982	1599.565890624997	-9615.215120496769	291597.8618835959	-1195793.1921382265	291593.26263190416	182471030.5395663	961336.3619087877	-1195793.6327955308	961338.8090166352	-8367.010819799705	-0.011957163143835704	0.0	0.0	0.0	0.031983045853067084	0.0	0.0	0.0	-0.019173986767811065	182500070.30932903	0.03197174619526385
52	402.5	nan	nan	1	1	6.000000000000838e-05	6.000000000000867e-05	5.999999999999513e-05	0.9852772183713719	-1.0679391398982219e-20	-1.9793059335623808e-18	-1.1111717015260813e-19	1.0402499999999983	1.2735580819100977e-18	-1.1427490897997217e-19	6.095926714799749e-20	0.976545856371662	-8270.858697721455	297773.1708942626	-1270097.147333606	314382.11576200003	184676945.6101078	1053812.7878309046	-1258842.2401673838	989281.563566632	-7023.54792106096	1599.565890624997	-8141.7963497777355	309481.35019119695	-1239198.203090585	309476.35017046175	191938280.7556476	1028175.613035159	-1239198.6770085199	1028179.2449346508	-6852.678931978785	-0.014832237435911567	0.0	0.0	0.0	0.03946106888091201	0.0	0.0	0.0	-0.02373356983796899	191966786.989232	0.03949840838468261
56	480.0	nan	nan	1	1	6.000000000000838e-05	6.000000000000867e-05	5.999999999999513e-05	0.9824582882599469	-1.611395478856581e-19	3.792268148811173e-19	-4.931087005735635e-20	1.0479999999999823	-1.3390981032368466e-18	1.308632022190004e-19	1.4555414165617898e-20	0.9721432916916201	-7871.421718698994	309740.4609619053	-1311487.9138587283	330398.7832665536	191425559.7100453	1122092.414926308	-1297719.200184653	1040878.3779338691	-6699.868700483308	1599.565890624997	-7726.122939628894	324304.9188847875	-1273763.7618680098	324299.94349776884	200426674.71162727	1089816.1092425087	-1273764.5675781025	1089822.029955231	-6507.151053218649	-0.017697390837202027	0.0	0.0	0.0	0.046883585898833506	0.0	0.0	0.0	-0.02825206595105186	200455607.98828763	0.04696918588428532
60	557.5	nan	nan	1	1	6.000000000000838e-05	6.000000000000867e-05	5.999999999999513e-05	0.9796575910714447	-2.3902592145158553e-19	1.9682606239301847e-18	2.0532756267802043e-19	1.055750000000012	-7.805713540809389e-19	2.943608898298145e-20	-4.07524491582989e-20	0.967799843544739	-7574.651258363017	318011.4825868646	-1346409.1660268793	342705.19074172224	197298634.14178127	1183641.8369074345	-1330113.5862940135	1085044.0178940424	-6450.367361515597	1599.565890624997	-7413.3756085296145	335415.35933167225	-1301792.1891239642	335408.48486669856	208096235.1673497	1144418.6038582553	-1301793.4794448742	1144425.434553929	-6236.616669047187	-0.020552165236698804	0.0	0.0	0.0	0.05425141483192745	0.0	0.0	0.0	-0.03272998628366887	208125525.2316348	0.05438471814881592
64	635.0	nan	nan	1	1	6.000000000000838e-05	6.000000000000867e-05	5.999999999999513e-05	0.9768752385295679	-2.2470090024762078e-20	-4.2791968970015696e-18	-1.3822222446474574e-19	1.0634999999999968	2.255736829964716e-18	-1.0923336887791458e-19	1.6462254736476778e-19	0.9635144695905138	-7296.687448807153	324427.14994390536	-1374918.7214664698	353186.9560405953	202431521.9563757	1240044.2036575119	-1356116.278377043	1123466.7596961777	-6195.590731992497	1599.565890624997	-7120.820010996367	344682.9878023121	-1323428.3383826523	344674.31445318536	215070476.76298738	1193604.839577073	-1323430.666320212	1193611.1989875569	-5963.567314724174	-0.023396333630284618	0.0	0.0	0.0	0.061565355658151806	0.0	0.0	0.0	-0.03716777350253237	215099997.656103	0.06174566470928248
68	712.5	nan	nan	1	1	6.000000000000838e-05	6.000000000000867e-05	5.999999999999513e-05	0.9741112921775639	3.6391245919475957e-19	2.575779758755281e-18	-2.2920033926343562e-19	1.071250000000021	-5.955007537430945e-18	2.52510685971874e-19	4.1037052228576343e-20	0.9592860941859291	-6951.093373939936	329945.626657653	-1398086.325831913	362839.31316161266	206931913.3421636	1291239.3838733863	-1376810.7837672762	1156285.4415109328	-5850.626903682668	1599.565890624997	-6764.164152668206	353090.1882477949	-1339783.3467332227	353081.81651937915	221447482.04913417	1237392.134659659	-1339785.5053250354	1237394.9257854486	-5606.644131104822	-0.026229718851143797	0.0	0.0	0.0	0.06882619092987202	0.0	0.0	0.0	-0.041565923056139834	221477040.19572076	0.06905270768528855
72	790.0	nan	nan	1	1	6.000000000000838e-05	6.000000000000867e-05	5.999999999999513e-05	0.971365685462254	2.1559360199874255e-19	2.601597322987592e-18	1.0141356070886287e-19	1.0790000000000035	-8.147345645359572e-18	2.0686577451023424e-19	2.565899966458507e-19	0.9551137155619841	-6490.918312870578	334212.22091917176	-1416661.743443488	371236.5918565185	210887160.2985771	1334579.7022689225	-1392961.0591184432	1181350.3310141664	-5373.856269349626	1599.565890624997	-6298.390992259315	360233.82316409005	-1351642.8888867453	360225.3322938658	227306732.83472642	1273328.0704253993	-1351644.3998260072	1273329.6977201723	-5127.218721040888	-0.02905227452225074	0.0	0.0	0.0	0.07603468627600066	0.0	0.0	0.0	-0.045924871703245246	227336055.5668374	0.0763065275319635
76	867.5	nan	nan	1	1	6.000000000000838e-05	6.000000000000867e-05	5.999999999999513e-05	0.9686383036844953	-1.9114484300919442e-19	3.0508026118390707e-18	2.4836361266211694e-19	1.0867499999999917	1.2951879152511836e-18	-1.5959455978986625e-19	6.9334728930448e-20	0.9509963498283409	-5877.317942677698	336993.9468193575	-1430511.3232842335	378074.7885550978	214369484.63949364	1369100.1647626765	-1404458.5600747056	1198075.9122091294	-4751.592620620367	1599.565890624997	-5686.835768245254	365831.9325688889	-1358939.1554236298	365821.49402101774	232713980.73954347	1300600.5554164145	-1358940.4644003697	1300600.2940540768	-4513.858197192336	-0.03186400438452612	0.0	0.0	0.0	0.08319159088675673	0.0	0.0	0.0	-0.050245054689811365	232742748.60230744	0.08350780588434875
80	945.0	nan	nan	1	1	6.000000000000838e-05	6.000000000000867e-05	5.999999999999513e-05	0.9659290804568214	-9.831003199012311e-20	4.7986949090468404e-18	-3.289740441864142e-19	1.0944999999999996	4.886282350957671e-18	1.124317652867468e-19	-3.061244834012822e-19	0.946932949701106	-5140.518195478922	340559.18098631955	-1441057.3480806565	385876.94371314195	217439179.11314797	1396820.6698698376	-1412719.6767596547	1208492.1644864057	-3994.321942717627	1599.565890624997	-4959.88841644028	372330.07934286335	-1363076.583792228	372317.8307154843	237724164.64290723	1321233.7103672181	-1363078.914223092	1321232.8682060319	-3778.174904348876	-0.034664863140850086	0.0	0.0	0.0	0.0902976379807804	0.0	0.0	0.0	-0.054526991152639565	237752145.1313395	0.09065723482726061
84	1022.5	nan	nan	1	1	6.000000000000838e-05	6.000000000000867e-05	5.999999999999513e-05	0.9632379939679064	-2.04453424676454e-19	-2.953353165323358e-18	1.6967763999398144e-20	1.1022499999999753	-4.1714678586379785e-18	6.336077496005288e-19	1.4116312285761268e-19	0.9429224152726688	-4337.693754852019	345085.8206677702	-1450020.2400927239	394872.58318763116	220146658.61739293	1420760.2094096509	-1419440.019650234	1215391.3585497888	-3171.6649920582267	1599.565890624997	-4173.523081676093	379942.2150107341	-1365715.8581940634	379927.6605019031	242383210.47340596	1338157.009834428	-1365717.826077172	1338155.4883325303	-2987.2639407129095	-0.03745475964084937	0.0	0.0	0.0	0.09735354525588756	0.0	0.0	0.0	-0.05877127409960547	242410307.06925064	0.09775551371387621
88	1100.0	nan	nan	1	1	6.000000000000838e-05	6.000000000000867e-05	5.999999999999513e-05	0.9605650857697992	-2.087089182034596e-20	4.226572434054554e-18	4.0522056196645726e-19	1.1099999999999905	1.0342096103121978e-17	5.15863393668603e-19	-7.291259609965017e-20	0.9389635860631225	-3449.610423234599	348698.0634168154	-1457329.8440251718	402930.0047317713	222534845.45509648	1442984.0755662415	-1424556.5917268908	1220640.5227572352	-2245.3102580110335	1599.565890624997	-3309.7738657570258	386610.8055690718	-1366809.7964854604	386596.46620040195	246730294.4718186	1353355.0957887254	-1366809.4651593948	1353356.5721279264	-2105.845886146397	-0.04023353668532653	0.0	0.0	0.0	0.10436001532423446	0.0	0.0	0.0	-0.06297858001131064	246756402.19633663	0.1048033478764616
92	1177.5	nan	nan	1	1	6.000000000000838e-05	6.000000000000867e-05	5.999999999999513e-05	0.9579102171097745	-1.6918974901636297e-19	-2.4418943429804775e-19	-8.825405684032006e-20	1.1177500000000011	3.656092355946994e-18	5.627009275199768e-19	5.242117503967414e-20	0.9350554858009555	-2504.914513176231	351549.42393962824	-1462758.8401531873	410201.3775478601	224640448.75629416	1464646.577243899	-1427856.4484296734	1225255.7977988357	-1241.8895714518178	1599.565890624997	-2396.684393995286	392486.0294616361	-1366165.2910803456	392477.7611343409	250798982.4041902	1367928.3711050374	-1366162.8965044736	1367932.2177910858	-1159.8811651648882	-0.04300122449527841	0.0	0.0	0.0	0.11131773613195378	0.0	0.0	0.0	-0.06714940835155606	250824035.13477188	0.11180140930608841
96	1255.0	nan	nan	1	1	6.000000000000838e-05	6.000000000000867e-05	5.999999999999513e-05	0.9552731014898913	4.539554496196807e-19	-9.19837123136702e-19	-1.9662006398024622e-19	1.125499999999992	-7.592342553264242e-18	-2.432949675057472e-19	-4.929867278291588e-19	0.9311972913196083	-1496.6584669784536	354325.7144530295	-1466429.5673974094	417461.31483451446	226494809.5253396	1485885.4909671647	-1429466.4133935673	1229373.3759923235	-164.7720044441328	1599.565890624997	-1428.0239905599876	398321.19701185636	-1363917.6837826334	398317.17513878597	254617940.4065386	1382013.5260931565	-1363913.2621531782	1382020.7078554651	-153.2534910984643	-0.045758009236592324	0.0	0.0	0.0	0.11822738136464234	0.0	0.0	0.0	-0.0712841108154571	254641875.74913156	0.11875034115579712
100	1332.5	nan	nan	1	1	6.000000000000838e-05	6.000000000000867e-05	5.999999999999513e-05	0.9526534208013201	-5.250791121347298e-19	6.850585636958284e-18	8.076221982844522e-19	1.133250000000015	-8.729236951332542e-18	4.5775015722338e-19	1.200753906027696e-19	0.9273882227537832	-447.5254172678482	356343.8323738323	-1468544.338027395	423891.5821470329	228125278.11077237	1508565.8345523314	-1429591.4850683792	1234537.1668791745	959.2814703672639	1599.565890624997	-425.8242617029492	403341.34186140046	-1360274.0221656796	403336.4654723465	258212286.6354987	1397344.8825008813	-1360268.523701985	1397357.9229636851	888.5572129461591	-0.04850411324451303	0.0	0.0	0.0	0.12508961083883421	0.0	0.0	0.0	-0.0753830063141865	258235091.1882396	0.1256507736740189
104	1410.0	nan	nan	1	1	6.000000000000838e-05	6.000000000000867e-05	5.999999999999513e-05	0.950051058518181	-4.222425360744797e-19	5.089434733027143e-18	-4.109126233720062e-19	1.1409999999999867	-5.30597701192681e-18	5.583641188300348e-19	-7.976475382975856e-19	0.9236273157542366	575.2244453956156	357903.6168708203	-1469480.4073710267	429833.64507204783	229554975.7621344	1536727.1180281271	-1428603.665179748	1243980.192775956	2097.268296752261	1599.565890624997	545.8268823655316	407870.5726534714	-1355598.905118171	407866.46030686883	261603166.34450027	1417634.1434801798	-1355593.092301129	1417652.3781268094	1934.734612694006	-0.051239550023193234	0.0	0.0	0.0	0.13190507087992692	0.0	0.0	0.0	-0.07944662663138868	261624939.27504697	0.13250335960306217
108	1487.5	nan	nan	1	1	6.000000000000838e-05	6.000000000000867e-05	5.999999999999513e-05	0.94746622639972	-2.2697772480984037e-19	-5.614540950216184e-19	1.505414716496123e-19	1.148750000000011	-1.5499157946657904e-17	-2.938187887435717e-19	-8.79071121451247e-19	0.9199133678763318	10563.496021531888	359354.0340291463	-1468988.2649518833	435714.92268526123	230806400.97886857	1570143.688975113	-1426267.7185007916	1257336.6545987523	6135.219603069881	1599.565890624997	9996.206491486559	412298.5966941378	-1349674.5666281767	412315.8024299942	264811707.17536372	1442613.9769270832	-1349673.1193171584	1442583.327786217	5636.906744937996	-0.05396398762157002	0.0	0.0	0.0	0.13867439468776996	0.0	0.0	0.0	-0.0834757787246989	264826959.77528447	0.1393087631446893
112	1565.0	nan	nan	1	1	6.000000000000838e-05	6.000000000000867e-05	5.999999999999513e-05	0.9448989790020118	3.74049749507499e-20	-3.7279207498741585e-18	4.5520228211803905e-19	1.15649999999999	5.954113070638645e-18	-1.426810058990924e-19	9.634220504706192e-19	0.9162451098900218	7319.720374273175	359899.57832042093	-1465653.9827398302	440508.4482763977	231889723.96949244	1606262.8038159632	-1421213.015399343	1272539.231912943	2680.774631925039	1599.565890624997	6907.759100969269	415704.08127309947	-1341221.2808431145	415716.1868273263	267845561.55713847	1469892.539764019	-1341225.7080265335	1469853.770752056	2453.179282303001	-0.0566772577296345	0.0	0.0	0.0	0.14539820268934864	0.0	0.0	0.0	-0.087471362886899	267864021.96685636	0.14606771883665692
116	1642.5	nan	nan	1	1	6.000000000000838e-05	6.000000000000867e-05	5.999999999999513e-05	0.9423495742472175	4.78837889478223e-19	-2.99592165312057e-18	2.5478751053409354e-21	1.1642500000000071	2.096738581369717e-18	-5.162970745375972e-19	2.6942423986264785e-20	0.912621419529594	6372.263609644362	359823.4573084609	-1459419.0887035746	444560.2885347854	232829087.5055626	1640970.7786836838	-1413385.5072475239	1286269.4006042269	1625.5562323236795	1599.565890624997	5997.3145749205405	418395.2793233465	-1330214.6823812507	418402.00926799816	270728850.83748305	1495693.3481681983	-1330220.7852430802	1495647.474393339	1481.643473084998	-0.059378975318596816	0.0	0.0	0.0	0.15207710288035564	0.0	0.0	0.0	-0.09143413987933428	270748279.09926915	0.15278083935469725
120	1720.0	nan	nan	1	1	6.000000000000838e-05	6.000000000000867e-05	5.999999999999513e-05	0.9398178952162336	1.7124973314408541e-19	1.3942839938163587e-19	-3.1566546251915464e-19	1.1720000000000044	1.0655213690535792e-17	3.2873009869760495e-19	-5.413963548306366e-19	0.9090413841998892	5459.237996509688	360893.7734496291	-1451196.7579737038	450059.46261551045	233637031.2966869	1673071.421613352	-1403682.426036018	1297642.3730189956	645.2322372555907	1599.565890624997	5124.137337427898	422427.34533532336	-1317513.2076557872	422433.77151267236	273472911.3204287	1518948.8835441417	-1317521.1510729326	1518894.653098114	585.7937525828843	-0.062069150979244495	0.0	0.0	0.0	0.15871169115482536	0.0	0.0	0.0	-0.0953646586683926	273493210.16341406	0.15944874664166986
124	1780.0	nan	nan	1	1	6.000000000000838e-05	6.000000000000867e-05	5.999999999999513e-05	0.9378697728234391	-4.722784663346857e-19	5.9158407339499064e-18	4.358492733391728e-20	1.1780000000000037	9.306357767746576e-18	4.87890977618477e-21	-5.120144759562795e-19	0.9062988412178359	6617.705332102864	362770.5618275481	-1442648.027494445	455653.5606771896	234184677.1821063	1697162.861681194	-1394090.5565059667	1305692.1794039735	4013.896015929673	1599.565890624997	6198.558583985531	426793.77260089753	-1305787.6503327293	426793.75223279686	275514532.8120297	1536157.304589106	-1305792.8016171327	1536125.9973686002	3633.1078318691925	-0.06414417455740389	0.0	0.0	0.0	0.1638180852293985	0.0	0.0	0.0	-0.0983861805078564	275532738.4710545	0.16458053336313935
128	1840.0	nan	nan	1	1	6.000000000000838e-05	6.000000000000867e-05	5.999999999999513e-05	0.9359322508002519	-4.404029224636119e-19	4.047489340214261e-18	4.434386885465713e-19	1.1839999999999808	-1.70270698582331e-17	-2.673642557349254e-19	7.309691046897271e-19	0.9035820053685936	5709.794385697405	365432.41201898095	-1431661.0412026516	462291.02002611576	234663962.90735376	1720268.9342773142	-1382180.7260930382	1312816.898494688	3517.1480169640026	1599.565890624997	5337.0490401028555	432110.7575345129	-1291945.1975904952	432111.8551762343	277481743.3892005	1552387.8377920473	-1291949.5552977803	1552359.0296177235	3173.9094373305506	-0.06621218674788365	0.0	0.0	0.0	0.16889853646179795	0.0	0.0	0.0	-0.1013884089639692	277500546.7287932	0.1696856254274465
132	1900.0	nan	nan	1	1	6.000000000000838e-05	6.000000000000867e-05	5.999999999999513e-05	0.9340048553260666	1.108163040497434e-18	-6.874275454427093e-18	3.0119136351647313e-19	1.1900000000000042	1.2519824586776362e-17	1.3791051634015617e-19	-8.513155458356181e-19	0.9008903326850881	4206.638530836985	369102.3785656438	-1418737.8711216678	470271.72961299587	235081364.08198908	1743303.5720155986	-1368441.6007273083	1319747.7200216614	2707.6618757908036	1599.565890624997	3923.8853318715333	438657.7265058388	-1276456.6389811276	438661.9692410636	279381176.33603126	1568472.558288389	-1276460.5005289803	1568447.0435429814	2436.1180791887564	-0.06827364234489335	0.0	0.0	0.0	0.17395330712344076	0.0	0.0	0.0	-0.10437174611260064	279400984.8635312	0.17476447859473576
136	1960.0	nan	nan	1	1	6.000000000000838e-05	6.000000000000867e-05	5.999999999999513e-05	0.9320874118335246	5.160802341031001e-19	-4.890077058561371e-18	-6.115984454990731e-19	1.1959999999999955	1.0393162025446046e-18	5.332106284283711e-19	-5.352706125560936e-19	0.8982235477795032	999.7714624607714	372746.2261304642	-1405026.3216994475	478296.97347252496	235440696.45689672	1766124.0636235366	-1353985.3478244855	1326378.6849328275	888.4769358668696	1599.565890624997	930.6472965502641	445217.4481780927	-1260365.8810052988	445227.53651596763	281216277.25648344	1584285.2742581558	-1260370.8455730795	1584259.992526172	797.0000267840347	-0.07032867917355884	0.0	0.0	0.0	0.17898265552843642	0.0	0.0	0.0	-0.10733630203943562	281238330.8974323	0.17981734635384639
140	2020.0	nan	nan	1	1	6.000000000000838e-05	6.000000000000867e-05	5.999999999999513e-05	0.9301798336769201	2.7994100093575723e-19	8.131516293641283e-21	-3.45481022262506e-19	1.2019999999999822	-1.5933868807715967e-17	4.553649124439119e-21	-1.0158974356189177e-19	0.8955813239175766	-1860.4919191204792	375371.66250323824	-1390989.9840095385	485080.074685544	235746892.5541228	1788491.1553313544	-1339260.8770981426	1332541.8888250305	-960.8374005180265	1599.565890624997	-1728.296665236084	450598.2862701643	-1244092.3379588535	450613.23128338024	282991915.4525627	1599614.78402684	-1244101.1347493976	1599590.8894230574	-859.3666825429722	-0.0723773419832407	0.0	0.0	0.0	0.18398683611300065	0.0	0.0	0.0	-0.11028224762640076	283016051.05714685	0.18484447957230607
