6	header
postResults v2.0.3	--cr f,p,texture --time RVE_1_40_D_tensionX.spectralOut
addCauchy v2.0.3	RVE_1_40_D_tensionX.txt
addStrainTensors v2.0.3	--left --logarithmic RVE_1_40_D_tensionX.txt
addMises v2.0.3	-s Cauchy RVE_1_40_D_tensionX.txt
addMises v2.0.3	-e ln(V) RVE_1_40_D_tensionX.txt
inc	time	elem	node	ip	grain	1_pos	2_pos	3_pos	1_f	2_f	3_f	4_f	5_f	6_f	7_f	8_f	9_f	1_p	2_p	3_p	4_p	5_p	6_p	7_p	8_p	9_p	texture	1_Cauchy	2_Cauchy	3_Cauchy	4_Cauchy	5_Cauchy	6_Cauchy	7_Cauchy	8_Cauchy	9_Cauchy	1_ln(V)	2_ln(V)	3_ln(V)	4_ln(V)	5_ln(V)	6_ln(V)	7_ln(V)	8_ln(V)	9_ln(V)	Mises(Cauchy)	Mises(ln(V))
0	0.0	nan	nan	1	1	0.001500000000000045	0.001500000000000028	0.0014999999999998368	1.0	0.0	0.0	0.0	1.0	0.0	0.0	0.0	1.0	2.7716487604837245e-12	-1.1931922846408178e-15	-2.8066754232013122e-14	-1.1931922846409345e-15	2.7018729684354e-12	-1.6832583398957215e-14	-2.806675423201312e-14	-1.6832583398957266e-14	2.699121388890668e-12	1599.565890624997	2.7716487604837245e-12	-1.1931922846408178e-15	-2.8066754232013122e-14	-1.1931922846409345e-15	2.7018729684354e-12	-1.6832583398957215e-14	-2.806675423201312e-14	-1.6832583398957266e-14	2.699121388890668e-12	0.0	0.0	0.0	0.0	0.0	0.0	0.0	0.0	0.0	9.102600058540028e-14	0.0
4	3.0	nan	nan	1	1	0.001500000000000045	0.001500000000000028	0.0014999999999998368	0.9998904999999915	2.3199107459662214e-23	-3.586655136029928e-23	9.727644003623605e-25	1.0002964000000032	1.3087320779568983e-22	-4.6255939853965305e-24	1.0402623383466876e-23	0.9999072045656869	-0.8340781620827996	-0.0007791601149639406	0.004406589433813869	-0.0007794764106909462	20.707817655881723	0.0008561134221137128	0.004406663052037399	0.0008557803254090948	-1.1387069412784404e-09	1599.565890624997	-0.8339083974619983	-0.0007793177594698415	0.004405766139115157	-0.0007793177594717916	20.712007389955566	0.0008559534721904198	0.004405766139114801	0.000855953472191082	-1.1384941936643906e-09	-0.00010950599557121432	0.0	0.0	0.0	0.0002963560822015805	0.0	0.0	0.0	-9.279974007552912e-05	21.141301580145086	0.00026518143858242946
8	6.0	nan	nan	1	1	0.001500000000000045	0.001500000000000028	0.0014999999999998368	0.9997809999999965	1.4412794993123954e-23	-5.070683329399064e-22	3.7322389238392605e-24	1.000592800000015	-1.303252833579347e-21	-3.044024654195142e-24	1.0222628882175337e-22	0.999814350917554	-1.6646804667906625	-0.001558189851010818	0.008812081266687836	-0.0015594550666181144	41.435234477055246	0.001713949872239667	0.008812375222059337	0.0017126164399943865	-1.3878827423985386e-09	1599.565890624997	-1.6640031495096679	-0.001558820562944117	0.008808789684688862	-0.0015588205629481148	41.45200630805309	0.0017133096595162627	0.008808789684688302	0.001713309659517776	-1.3873643257256425e-09	-0.00021902398400525086	0.0	0.0	0.0	0.0005926243635029387	0.0	0.0	0.0	-0.00018566631737026458	42.308560025485725	0.0005303294904260893
12	9.0	nan	nan	1	1	0.001500000000000045	0.001500000000000028	0.0014999999999998368	0.9996714999999947	6.798762890695844e-23	-5.093844386550549e-22	-1.487601613615365e-23	1.0008891999999756	3.485408229053438e-21	4.0048776537367385e-23	-5.5189490469538e-23	0.9997214388001946	-2.4917859217090794	-0.0023371723931745144	0.013216354691036271	-0.0023400193032164078	62.182183711133135	0.0025745427922367788	0.013217014916818091	0.0025715390120204682	-5.593110478592511e-08	1599.565890624997	-2.490265885567052	-0.002338591847549003	0.013208952289851769	-0.002338591847557821	62.21994933464545	0.002573100806223212	0.013208952289853132	0.0025731008062254827	-5.5899778108789345e-08	-0.00032855396794958803	0.0	0.0	0.0	0.0008888048958557842	0.0	0.0	0.0	-0.00027860000518326126	63.50171887165071	0.0007954442790250476
16	12.0	nan	nan	1	1	0.001500000000000045	0.001500000000000028	0.0014999999999998368	0.999561999999998	2.6231551585281613e-23	-9.046311876675928e-22	1.7920040790348793e-23	1.0011856000000168	-4.400071463190073e-21	4.4575108849257554e-23	-5.341601523622431e-23	0.9996282529163691	-3.3033854671333045	-0.00308492944696305	0.017055118261325518	-0.0030899403302350774	82.89045549284242	0.004132438201363305	0.01705624870788655	0.004126010182517111	-4.278999249615587e-06	1599.565890624997	-3.3007006370555514	-0.0030874289808649185	0.017042386223373136	-0.0030874289779210294	82.95761667341647	0.004129353241223512	0.01704238622347467	0.004129353241899169	-4.275804878283208e-06	-0.000438095950020477	0.0	0.0	0.0	0.0011848977313546533	0.0	0.0	0.0	-0.00037181619870759017	84.65624807838512	0.0010605930998232947
20	15.0	nan	nan	1	1	0.001500000000000045	0.001500000000000028	0.0014999999999998368	0.9994525000000092	-4.658681209898652e-23	-2.7789827510433508e-21	4.881027358552906e-23	1.0014819999999873	6.975210441520757e-21	1.9402348448043817e-23	-5.262192184817341e-23	0.9995250883887357	-3.6874103781519563	-0.002144187924419186	-0.009732207506441583	-0.0021485426843321246	101.05551361188078	0.03366267600468926	-0.009732915573333946	0.033596899656993744	0.0036168146286469994	1599.565890624997	-3.6837031561362097	-0.002146381852057356	-0.009723129131566529	-0.0021463825980047877	101.15891335673412	0.033631274866574835	-0.009723130364965317	0.03363127591938887	0.0036134408001470726	-0.0005476499328438031	0.0	0.0	0.0	0.001480902921767535	0.0	0.0	0.0	-0.00047502441750011526	103.04846583837806	0.0013288217760210966
24	18.0	nan	nan	1	1	0.001500000000000045	0.001500000000000028	0.0014999999999998368	0.9993429999999999	2.2742834633777965e-22	-8.062641927117668e-21	-1.9015889665859043e-22	1.00177839999996	-4.130344409048782e-21	-6.448038310973361e-23	-5.617946022664147e-22	0.9993860201178539	-3.307695534958212	0.009305434958472351	-0.14224060507623681	0.009328116114655302	110.75380855524057	0.14379628969517816	-0.14224672962072585	0.14345288125799985	0.008616168091953291	1599.565890624997	-3.3038520706229937	0.009317273266904796	-0.14208144095755865	0.009317277063351294	110.89470876588048	0.14363538479951732	-0.14208144226996441	0.14363538099728487	0.008606526788754364	-0.0006572159190778655	0.0	0.0	0.0	0.0017768205190350514	0.0	0.0	0.0	-0.0006141684449806022	112.57943146794574	0.0016085338177726544
28	21.0	nan	nan	1	1	0.001500000000000045	0.001500000000000028	0.0014999999999998368	0.9992334999999936	-5.675120746603813e-23	5.998581453336548e-21	-6.183340514956392e-22	1.002074799999992	-1.6584058074291947e-20	7.420802711335722e-23	2.5876856538618875e-22	0.9992240727420519	-3.0380056509167996	0.027438940192173022	-0.2870571189545697	0.027516963868209447	115.65254128428457	0.294685352941556	-0.28705440378149205	0.29384702120803624	0.0035423413855821357	1599.565890624997	-3.034069665061558	0.027481311772072713	-0.2866825081501582	0.02748131338134094	115.83113349153852	0.2943007872581974	-0.2866825012234347	0.2943007837240154	0.0035377186144737735	-0.000766793911329731	0.0	0.0	0.0	0.002072650575043288	0.0	0.0	0.0	-0.0007762284453123881	117.37804916766449	0.0018961156595201161
32	24.0	nan	nan	1	1	0.001500000000000045	0.001500000000000028	0.0014999999999998368	0.9991240000000046	-3.2221133313553583e-21	-2.4473852340610534e-20	-4.235164736271502e-22	1.0023712000000122	2.354624538424867e-20	1.0443916239645524e-21	-7.623296525288702e-24	0.9990534596976322	-2.9475367859175425	0.05365303183713387	-0.40126883827366594	0.053827412102918075	118.84860794669902	0.4428157348604471	-0.4012405053562879	0.4413500452397936	0.001393260715718542	1599.565890624997	-2.9433501197878673	0.05375095054214897	-0.40067058787207865	0.05375095592290497	119.0655109134934	0.44215554232631177	-0.4006705854008679	0.4421555248820144	0.0013911835078638769	-0.0008763839122165437	0.0	0.0	0.0	0.002368393141498701	0.0	0.0	0.0	-0.0009469885545211051	120.5679307375253	0.002187099496498863
36	27.0	nan	nan	1	1	0.001500000000000045	0.001500000000000028	0.0014999999999998368	0.9990144999999875	-8.63126573252132e-22	-1.580478776281799e-20	6.920259179067633e-22	1.002667599999991	1.1026674907356482e-20	1.4772254600114998e-21	-3.94717353420504e-22	0.9988789414309632	-2.916808805843115	0.08392370969340938	-0.4926985044959892	0.08423059737447788	121.23976456860326	0.5673239123520452	-0.49263165560959954	0.5651802117631889	0.0006203512298304881	1599.565890624997	-2.9123135017306616	0.08410077999736404	-0.4918724189931528	0.08410078353477288	121.4955678695057	0.5663727057720984	-0.49187242548695653	0.5663726832620258	0.0006193111147236765	-0.000985985924416096	0.0	0.0	0.0	0.002664048270105533	0.0	0.0	0.0	-0.0011216874252282794	122.98424164656204	0.0024798279184664058
40	30.0	nan	nan	1	1	0.001500000000000045	0.001500000000000028	0.0014999999999998368	0.9989049999999965	1.9668105035244854e-21	8.719357159035767e-20	-1.0672615135404184e-22	1.0029640000000073	-9.421589823956946e-20	1.5432940298973353e-21	-3.186537947570678e-21	0.9987022288018147	-2.8754056361618043	0.11169493053721262	-0.5654509602880504	0.11214880145180449	123.11999878604945	0.662219063519907	-0.5653361950411347	0.6594051624874486	0.00047079626793312485	1599.565890624997	-2.8706335460292243	0.11196267248960284	-0.5643979323511252	0.11196267669011584	123.41512756848131	0.6609858262929411	-0.5643979499309432	0.6609858109982758	0.00046991951352372193	-0.001095599950507369	0.0	0.0	0.0	0.0029596160126300047	0.0	0.0	0.0	-0.0012986140325094923	124.88419098422044	0.002773626360421159
44	33.0	nan	nan	1	1	0.001500000000000045	0.001500000000000028	0.0014999999999998368	0.9987955000000007	4.5782130799094935e-21	-6.238397656527922e-22	-5.065257024580716e-22	1.0032604000000052	-2.620423477273266e-20	1.8914245712188527e-21	1.001192943654583e-20	0.9985240866605141	-2.7946025924695252	0.13476544259767298	-0.6216803033248341	0.1353678822325285	124.62319239243253	0.7287484001567955	-0.6215113862373097	0.725308036415816	0.00045270513588683257	1599.565890624997	-2.7896379446966084	0.13512739966119328	-0.6204072445042811	0.1351273994329844	124.9579090964733	0.7272560904055908	-0.6204072631938974	0.7272560904714278	0.00045177809949325837	-0.0012052259931553326	0.0	0.0	0.0	0.003255096420658083	0.0	0.0	0.0	-0.0014770035724370498	126.38666644695019	0.0030681557773148613
48	36.0	nan	nan	1	1	0.001500000000000045	0.001500000000000028	0.0014999999999998368	0.9986859999999985	5.872479423314064e-21	-1.06660082784156e-19	4.374078139621207e-21	1.0035568000000048	5.1210764958047747e-20	-9.931461306556672e-22	-1.2278589603398338e-20	0.9983449635398697	-2.673049201810226	0.1531723803174366	-0.6654358035095198	0.1539194294828288	125.8437086083434	0.7728572145483923	-0.6652085809835784	0.7688434903736667	0.0004168263777016438	1599.565890624997	-2.6679910192508975	0.1536281738690162	-0.6639497999573295	0.15362816938435228	126.21818049923962	0.7711313251987393	-0.6639498138646013	0.7711313304161079	0.00041589555090416083	-0.0013148640549965984	0.0	0.0	0.0	0.0035504895458072557	0.0	0.0	0.0	-0.0016564075459796	127.58535212285253	0.0033632026714476354
52	39.0	nan	nan	1	1	0.001500000000000045	0.001500000000000028	0.0014999999999998368	0.998576499999992	6.471331717022854e-21	3.54394349966463e-20	4.567201651595188e-21	1.0038532000000104	-1.6022305823672893e-19	1.158741071843883e-21	-1.2586909596198903e-21	0.9981651575277343	-2.5212671393552935	0.16820936644412737	-0.7008434036367113	0.16909822179130568	126.85616008864493	0.8008643149159048	-0.7005547146310109	0.7963264541198214	0.000370779676880179	1599.565890624997	-2.516206324994379	0.16875879962770932	-0.699148517334873	0.16875879932555882	127.27051860724522	0.7989275428068451	-0.6991485259312615	0.7989275469608843	0.00036988300097214695	-0.0014245141386648658	0.0	0.0	0.0	0.0038457954396300324	0.0	0.0	0.0	-0.0018365278576416167	128.56039693699765	0.0036586189382943743
56	42.0	nan	nan	1	1	0.001500000000000045	0.001500000000000028	0.0014999999999998368	0.9984669999999913	4.490121653395046e-21	1.0528196017897327e-20	2.718975760686304e-21	1.0041496000000014	8.739940059654048e-20	3.2864878353466854e-22	-2.8307841097238718e-21	0.9979848690587557	-2.3514454721971756	0.18081954748402276	-0.7302816414208567	0.18184865113001802	127.71618121396719	0.817445442383771	-0.729929016099559	0.8124269380142932	0.0003199266512760072	1599.565890624997	-2.346456654112126	0.18146284083002584	-0.7283803947529609	0.18146284169908464	128.1705511684055	0.8153172697235698	-0.7283804013775186	0.8153172717785918	0.0003190937404574823	-0.0015341762467865837	0.0	0.0	0.0	0.0041410141536118135	0.0	0.0	0.0	-0.002017164049378023	129.3738272053925	0.0039543006708029045
60	45.0	nan	nan	1	1	0.001500000000000045	0.001500000000000028	0.0014999999999998368	0.9983574999999966	5.178759439512792e-21	-1.2184484242958384e-19	3.3322276144984177e-21	1.0044460000000004	-2.277519129236308e-19	-4.4240530835092106e-21	2.5236499630494625e-20	0.9978042364294154	-2.173267415332414	0.19111790150204727	-0.7548743036671751	0.19228343464016817	128.46359816361263	0.8259581898723639	-0.7544559773530376	0.8204966549865865	0.0002704038447359305	1599.565890624997	-2.1684091508684933	0.19185359423570744	-0.7527694117613363	0.19185359164389332	128.95810827996507	0.8236550876207999	-0.7527694169976447	0.8236550897659661	0.00026964985051288257	-0.0016438503819992943	0.0	0.0	0.0	0.00443614573923376	0.0	0.0	0.0	-0.0021981777941032263	130.07052346557026	0.004250173341798552
64	48.0	nan	nan	1	1	0.001500000000000045	0.001500000000000028	0.0014999999999998368	0.9982479999999918	-7.84521915746933e-21	-4.948535884449073e-20	5.251604272976662e-22	1.0047423999999958	-2.7367634525786446e-20	-2.915487404449302e-21	2.381179021321289e-20	0.9976233558696175	-1.9935622002868207	0.19919978940884195	-0.7754369678301205	0.20049573690322964	129.12628914633015	0.828884068294339	-0.7749517507352441	0.8230110594481534	0.00022695314231552688	1599.565890624997	-1.9888794137938375	0.200024787695176	-0.773131419339011	0.20002478158087447	129.66107368391698	0.8264196095539873	-0.773131424491832	0.8264196108110524	0.0002262783595845948	-0.0017535365469573117	0.0	0.0	0.0	0.004731190247896762	0.0	0.0	0.0	-0.0023794728318105272	130.68191594651486	0.004546182947624097
68	51.0	nan	nan	1	1	0.001500000000000045	0.001500000000000028	0.0014999999999998368	0.9981385000000002	8.173867941003998e-22	1.1429354370481176e-19	-1.2498818169684456e-20	1.005038799999998	-5.754741843645716e-21	-2.2802126940085767e-21	-7.304812137121087e-21	0.9974422954676075	-1.8169298912133267	0.20545916765322747	-0.792688530913745	0.2068795336648013	129.72379119663418	0.8280800572848616	-0.7921356335930612	0.8218210805671954	0.00018757981846409001	1599.565890624997	-1.812456372428097	0.20637017711239883	-0.790185286923244	0.20637016922283544	130.29898870283245	0.8254650498182308	-0.7901852921657637	0.8254650492773518	0.00018698745710777237	-0.0018632347442767846	0.0	0.0	0.0	0.005026147730981635	0.0	0.0	0.0	-0.0025609810467258844	131.22992716643503	0.004842289721987519
72	54.0	nan	nan	1	1	0.001500000000000045	0.001500000000000028	0.0014999999999998368	0.9980289999999934	-1.8096011885140873e-20	-5.461499037306277e-20	-2.117582368135751e-21	1.0053351999999918	5.615150813938208e-20	-5.597193715456416e-21	-2.5646463576965705e-20	0.9972611061255604	-1.6462229877585597	0.21037876576130768	-0.8072630723786228	0.21191886189673634	130.27013518074264	0.8248450579846587	-0.80664196078321	0.8182205224279265	0.00015205308080529673	1599.565890624997	-1.641983888496883	0.2113731698909707	-0.8045648159702481	0.21137316116379673	130.88588725023843	0.8220880342339433	-0.804564820951109	0.8220880318865594	0.00015154484722725492	-0.001972944976626113	0.0	0.0	0.0	0.005321018239793706	0.0	0.0	0.0	-0.0027426515070068246	131.73005738984943	0.00513846317991116
76	57.0	nan	nan	1	1	0.001500000000000045	0.001500000000000028	0.0014999999999998368	0.9979195000000054	-3.006966962752766e-21	4.8201256896453214e-20	2.473336205982557e-21	1.005631599999995	2.9053907717180303e-19	5.481997234629832e-21	2.2429432443293873e-20	0.9970798274578624	-1.4830713372861604	0.21431267283267078	-0.8196549660781187	0.21596891009832617	130.7756525505648	0.8200098255499746	-0.8189652938500868	0.8130365552492381	0.00012110962156973829	1599.565890624997	-1.479085228901032	0.21538845137225615	-0.8167641246477225	0.21538844207778893	131.43210295386885	0.8171177325655641	-0.816764129049128	0.8171177291083241	0.00012068247999658514	-0.0020826672466123875	0.0	0.0	0.0	0.00561580182562892	0.0	0.0	0.0	-0.0029244445646976424	132.19346621773374	0.005434679250823356
80	60.0	nan	nan	1	1	0.001500000000000045	0.001500000000000028	0.0014999999999998368	0.9978099999999888	-9.114921545403525e-21	2.0111272673248303e-19	1.2007539060276962e-20	1.005928000000003	6.172667899820988e-20	1.1184223035545782e-20	1.0852186120222095e-20	0.9968984902911092	-1.3284001587822094	0.2174965072305123	-0.8302351687606029	0.21926600994818893	131.2480450634795	0.8141148065652978	-0.8294767441378745	0.8068070653065734	9.468500750904385e-05	1599.565890624997	-1.324680317965219	0.21865202137298442	-0.8271540054661654	0.21865201223959813	131.94533889211988	0.8110934690529497	-0.8271540092080495	0.8110934650565248	9.43336131323085e-05	-0.0021924015569250005	0.0	0.0	0.0	0.0059104985397140306	0.0	0.0	0.0	-0.0031063293581670135	132.62831485046792	0.005730918858690051
84	87.1	nan	nan	1	1	0.001500000000000045	0.001500000000000028	0.0014999999999998368	0.9968208499999959	-1.8795661099572926e-20	2.877099871279737e-19	8.35343892582191e-21	1.0086054799999986	-1.108359552141197e-19	-3.522301807862283e-20	-1.4667222514655464e-20	0.9952607873740382	-0.343237595367596	0.231721614231944	-0.8809181574028645	0.23446138457112348	134.6361478699376	0.7572525532691793	-0.8795399449292756	0.7472331528919349	0.01354938477428858	1599.565890624997	-0.3419295492879776	0.23356756784686214	-0.8761876449390047	0.2335678743640562	135.7086938414601	0.7531861225668193	-0.8761881012141358	0.753185803206147	0.013476624855544971	-0.0031842142335191067	0.0	0.0	0.0	0.008568663919570809	0.0	0.0	0.0	-0.004750478301834043	135.88860824772075	0.008406120488827464
88	114.2	nan	nan	1	1	0.001500000000000045	0.001500000000000028	0.0014999999999998368	0.9958317000000018	3.830282987483946e-21	-1.5348237004247923e-20	-2.394562141887907e-20	1.0112829600000075	3.41937036411194e-19	-3.076423664427619e-21	9.2573924871317e-20	0.9936282127837979	0.17586826659622268	0.24277929048160765	-0.9077163320479459	0.246546539174983	137.3511140609342	0.7224478293744397	-0.9057082748596157	0.7098352278624755	0.007792371330524579	1599.565890624997	0.1750212895415512	0.24535887783911758	-0.9013459530368527	0.2453591773749756	138.81050211939933	0.7173776699795181	-0.9013464070714183	0.7173773949726803	0.007737684247106546	-0.004177011579187959	0.0	0.0	0.0	0.011219782184514079	0.0	0.0	0.0	-0.006392173697385688	138.73419816802163	0.011076995093915798
92	141.3	nan	nan	1	1	0.001500000000000045	0.001500000000000028	0.0014999999999998368	0.9948425500000012	-1.276732761396407e-20	1.5445815199771618e-19	-1.1139330289341304e-20	1.013960439999986	-1.2560143355065666e-18	3.085910433436867e-20	2.4621553710788003e-20	0.9920037487548655	0.43564462801179205	0.253690196671377	-0.9290144528171096	0.25856557815909725	139.76942124012317	0.7084626100195982	-0.9263635970760388	0.6931213078177848	0.003858545316219881	1599.565890624997	0.4331098278107782	0.2570608976612248	-0.9209734431446	0.2570611131953397	141.62649310457056	0.7023305690351934	-0.9209735463762361	0.7023305902772581	0.003825147988422174	-0.005170795551033814	0.0	0.0	0.0	0.013863890601213123	0.0	0.0	0.0	-0.008028392717645237	141.42344411430648	0.013741722416659347
96	168.4	nan	nan	1	1	0.001500000000000045	0.001500000000000028	0.0014999999999998368	0.993853399999986	1.0712086870746234e-19	3.9146474690304747e-19	2.1830580149585082e-20	1.0166379200000026	1.7201545092840332e-19	3.585998685495806e-20	-1.6049580284574483e-20	0.990388288191431	0.5401513746102294	0.2639910817210684	-0.9483629351531665	0.2700413563358599	142.00908272528355	0.7082721171432875	-0.9450551776643523	0.6899838699579159	-0.010358183671865692	1599.565890624997	0.536467831280887	0.26820164163953025	-0.9386116486501622	0.2681998187900278	144.27407496624264	0.7009894998241721	-0.9386104070700758	0.7009888569759989	-0.010251678437539142	-0.006165568112002565	0.0	0.0	0.0	0.016501026141620374	0.0	0.0	0.0	-0.009658202453478808	144.02678808323287	0.01639971700563618
100	195.5	nan	nan	1	1	0.001500000000000045	0.001500000000000028	0.0014999999999998368	0.9928642499999988	3.028312193023575e-20	-3.7716683075339484e-20	3.900925535284955e-20	1.0193153999999764	-7.360919599547211e-19	-1.3633842319005218e-20	-5.268544931921748e-21	0.988782590735359	0.566831028230468	0.27328634101934846	-0.966776314231813	0.28056324705025126	144.14386404768663	0.7168017906903676	-0.9627999866581641	0.6953296193326206	-0.006323646566857555	1599.565890624997	0.5623985839048793	0.2783730843004823	-0.9552730875324896	0.27836932873875925	146.8268478705383	0.7082728958721863	-0.9552711868483471	0.7082719539407858	-0.006248404404886759	-0.007161331230852789	0.0	0.0	0.0	0.01913122548580624	0.0	0.0	0.0	-0.011280798890665137	146.56486747764924	0.01905057467301219
104	222.60000000000002	nan	nan	1	1	0.001500000000000045	0.001500000000000028	0.0014999999999998368	0.9918750999999931	-5.734074239732711e-20	-2.397713104451693e-19	-1.8687240882324375e-20	1.0219928799999742	-1.658287222816579e-18	-6.757290040015906e-20	1.2396496589656137e-19	0.9871866087571326	0.5326792388572258	0.281711688635038	-0.9845245279710639	0.29026196474142185	146.18446287706936	0.7309982578212542	-0.9798688894901179	0.7061017391294687	-0.004884083874545061	1599.565890624997	0.5279814262394773	0.2877058042175211	-0.9712290912368479	0.2877020821311288	149.2949002575487	0.72112654735233	-0.9712272152948528	0.7211258066711519	-0.0048181271347039105	-0.008158086882319905	0.0	0.0	0.0	0.021754525025321235	0.0	0.0	0.0	-0.012896190796262344	149.04959310168866	0.02169427004116071
108	249.70000000000002	nan	nan	1	1	0.001500000000000045	0.001500000000000028	0.0014999999999998368	0.9908859499999905	6.484545431000021e-20	6.047679718124144e-19	-4.5329815205261135e-20	1.0246703599999916	2.008484524529397e-20	2.4204813500738887e-20	-6.969387090008383e-20	0.9856004488768795	0.45738007573011336	0.28965657349269847	-1.0017185314593375	0.29952868310291625	148.14876816130558	0.748865472605525	-0.9963733202899793	0.7203113099376465	-0.0043353058655294366	1599.565890624997	0.4528894204437148	0.2965915855780555	-0.9865926230588277	0.2965878465086309	151.69577379366805	0.737557634937359	-0.9865907141918796	0.7375571386077936	-0.004269842926239835	-0.0091558370469818	0.0	0.0	0.0	0.024370960865993267	0.0	0.0	0.0	-0.01450423076783986	151.48787777301436	0.024330739671169666
112	276.8	nan	nan	1	1	0.001500000000000045	0.001500000000000028	0.0014999999999998368	0.9898967999999941	-1.9224259770883602e-20	-3.548309107474779e-18	-4.093371420901132e-20	1.027347839999996	-9.596951055027004e-19	7.396969321782354e-20	1.0174559762418656e-19	0.9840241390722592	0.35196436948283877	0.2973712170649373	-1.018424826854643	0.3086179545032261	150.04729407535325	0.7691536985511361	-1.012380877943275	0.7367178567067204	-0.004046647209109174	1599.565890624997	0.34815724432777057	0.30528344771558064	-1.0014321857381905	0.30527969847571584	154.03964010987164	0.7563202007629514	-1.0014301651975754	0.7563198937304929	-0.003979128014823957	-0.010154583711368907	0.0	0.0	0.0	0.02698056883095832	0.0	0.0	0.0	-0.016104850653278255	153.88411389882495	0.026959964569522234
116	303.9	nan	nan	1	1	0.001500000000000045	0.001500000000000028	0.0014999999999998368	0.9889076500000022	1.7420418406410841e-19	-9.729494770613356e-19	-8.483373779930719e-20	1.0300253199999994	7.810863501128695e-19	2.564138137928218e-20	-7.527073582480615e-20	0.9824576705374521	0.22321878958028613	0.3048722013045321	-1.03466732475225	0.31754466863754466	151.8871901718557	0.7910853435789377	-1.0279167142999888	0.7545520639659097	-0.003877392751698761	1599.565890624997	0.22058145669725704	0.31379660622093647	-1.0157740107931446	0.3137928742746998	156.333324587878	0.7766399045405854	-1.015771865039154	0.7766397719318257	-0.003806590478496458	-0.011154328867975008	0.0	0.0	0.0	0.029583384463670325	0.0	0.0	0.0	-0.017698019589278847	156.24170072430863	0.029581947742070406
120	331.0	nan	nan	1	1	0.001500000000000045	0.001500000000000028	0.0014999999999998368	0.9879184999999884	-1.5870009299756572e-19	2.403025695096872e-18	-4.1470733097570545e-20	1.032702799999994	8.151845084375386e-20	-6.3425827090402e-20	7.039182604862137e-20	0.9809010159328204	0.07562574823641181	0.3120605399096214	-1.0504954704137692	0.3262031561829485	153.6738220092036	0.8141757951006503	-1.0430311716398881	0.7733356982900622	-0.0037688992122293773	1599.565890624997	0.07465676128342552	0.3220271978567697	-1.0296691745994222	0.3220235399842946	158.58189023160767	0.7980345870410204	-1.0296668926681605	0.7980346633864129	-0.0036941799848752297	-0.01215507451530066	0.0	0.0	0.0	0.03217944303074749	0.0	0.0	0.0	-0.019283725697427204	158.56345959838404	0.0321967039350368
124	358.1	nan	nan	1	1	0.001500000000000045	0.001500000000000028	0.0014999999999998368	0.986929349999999	-2.672287304633647e-19	-7.429766437500041e-19	-1.7913052768533943e-20	1.0353802800000205	1.4763716508006674e-18	2.862293735361732e-20	-5.89534931288993e-21	0.9793541368281691	-0.08773436264604488	0.318856566678683	-1.0659842646695776	0.33450641613912135	155.41141908695263	0.8381116924841974	-1.0577997781702484	0.7927603234241412	-0.003687593231210742	1599.565890624997	-0.08652270215070484	0.32989029464694386	-1.0431934231448161	0.32988669591035846	160.78928330730855	0.8201927874904376	-1.043190973084843	0.8201930397824876	-0.0036087521490993104	-0.013156822657778528	0.0	0.0	0.0	0.034768779524902045	0.0	0.0	0.0	-0.020861968635403124	160.85180248841368	0.034804255039943215
128	385.20000000000005	nan	nan	1	1	0.001500000000000045	0.001500000000000028	0.0014999999999998368	0.9859401999999969	-2.824211134053178e-19	2.134360396754964e-18	1.2890486204494844e-19	1.038057759999995	-6.61214247417441e-19	1.5552880164304562e-19	-3.3698358773565084e-20	0.97781698750071	-0.2647036610159574	0.32525159046472	-1.0811858232884168	0.3424410279856855	157.1034177918596	0.8626604660603218	-1.0722752267026958	0.8125987455183427	-0.00362478718149291	1599.565890624997	-0.2607839448722733	0.3373737406245258	-1.0563996498201638	0.3373701815134323	162.95867346753693	0.8428839840759927	-1.0563970386170174	0.8428843591836558	-0.0035416889740148266	-0.014159575305956094	0.0	0.0	0.0	0.037351428667601404	0.0	0.0	0.0	-0.022432755803077898	163.10883257271485	0.03740462763624019
132	412.3	nan	nan	1	1	0.001500000000000045	0.001500000000000028	0.0014999999999998368	0.9849510499999873	1.0253842046281658e-19	1.8046545161021222e-19	1.2041589784756585e-19	1.0407352399999843	2.1503523787991253e-18	1.8575093720107904e-19	-2.0874957578492782e-19	0.9762895177335759	-0.45370880691346044	0.33128576998332393	-1.0961217062255384	0.3500450377591937	158.75270077691826	0.8876298321064018	-1.086479677925706	0.8326653576128563	-0.0035669569638533847	1599.565890624997	-0.4465378970019386	0.3445160884855226	-1.0693105957148616	0.3445125433652173	165.09269175953307	0.8659184278106808	-1.0693077655175993	0.8659189075239189	-0.003479709282504191	-0.015163334476392029	0.0	0.0	0.0	0.03992742491213521	0.0	0.0	0.0	-0.023996099535000814	165.33639988483654	0.03999785129320151
136	439.40000000000003	nan	nan	1	1	0.001500000000000045	0.001500000000000028	0.0014999999999998368	0.9839618999999984	2.8110651827117917e-19	-1.3626659479612501e-18	3.022552368982245e-20	1.043412720000003	4.920651559825462e-19	-2.721347452938616e-20	1.2506949685978098e-19	0.9747716741761888	-0.6535850296929296	0.3369926938961781	-1.1108020111316583	0.3573501068193139	160.36173271741038	0.9128676476552873	-1.1004239614387954	0.8528150577823919	-0.0035105739043667576	1599.565890624997	-0.6426034735900336	0.35134946966513664	-1.0819376854062668	0.35134589915217096	167.19356462429087	0.8891466705036073	-1.081934603634519	0.889147223965037	-0.0034193512133351947	-0.01616810219170005	0.0	0.0	0.0	0.042496802446168325	0.0	0.0	0.0	-0.025552015740899485	167.53615581194265	0.042583957663591916
140	466.5	nan	nan	1	1	0.001500000000000045	0.001500000000000028	0.0014999999999998368	0.9829727499999937	-2.347297703431117e-20	-2.4362700442107086e-18	-4.156390672176852e-20	1.046090200000002	-6.2043469320483e-20	-2.341334591482447e-19	-1.814683386197613e-20	0.973263401135205	-0.8634875013903893	0.3423842547607501	-1.1252338674737485	0.36436534801870685	161.93264081103456	0.9382631430924813	-1.114115953377671	0.872943674611331	-0.0034583832141003744	1599.565890624997	-0.8481184868122291	0.3578836959180224	-1.0942893766908022	0.35788009335496374	169.26319238516044	0.9124604401854067	-1.0942860608758676	0.912461085035785	-0.003363275956323917	-0.017173880480662703	0.0	0.0	0.0	0.045059595194456535	0.0	0.0	0.0	-0.02710052311788359	169.70958626659382	0.045162979931954776
144	493.6	nan	nan	1	1	0.001500000000000045	0.001500000000000028	0.0014999999999998368	0.9819835999999942	-2.534593628727988e-19	-1.1818481306449802e-18	6.419578003945617e-20	1.0487676799999905	3.9247305492345896e-18	-9.774082584956822e-20	-5.118247405760945e-19	0.9717646413764878	-1.0828065993957237	0.34748340861060917	-1.1394237323971668	0.3711117654727123	163.46729064641792	0.963737671803963	-1.1275627631246972	0.8929784431164192	-0.00340498035068011	1599.565890624997	-1.0624549054769317	0.36414029987138113	-1.1063734134058625	0.3641366019811172	171.3032241543732	0.935783332631084	-1.106369862894732	0.9357840691020666	-0.003306214910265469	-0.018180671378131806	0.0	0.0	0.0	0.04761583682165392	0.0	0.0	0.0	-0.028641642343514104	171.858038127057	0.04773495233159655
148	520.7	nan	nan	1	1	0.001500000000000045	0.001500000000000028	0.0014999999999998368	0.980994449999988	-2.6221429541561923e-19	1.808964219737752e-18	3.7759881755649455e-20	1.0514451600000116	-8.593115368576987e-19	9.231981498714071e-20	-1.3608092517408688e-19	0.9702753365841689	-1.3111028236102882	0.35234224479082576	-1.1533735784162997	0.37764200013067056	164.96733225567516	0.9892337673810063	-1.1407670550652051	0.9128673323028624	-0.0033478919283646143	1599.565890624997	-1.2851538875430701	0.37017166670622226	-1.1181931353388586	0.37016782805109005	173.3151026764204	0.959059951286297	-1.1181893511304646	0.9590607623017904	-0.003245773825765992	-0.01918847692514464	0.0	0.0	0.0	0.05016556073493718	0.0	0.0	0.0	-0.03017539561448032	173.9827374116935	0.05029990985010947
152	547.8	nan	nan	1	1	0.001500000000000045	0.001500000000000028	0.0014999999999998368	0.9800052999999957	-1.517883041479706e-19	2.115020940503254e-18	-1.5331296345302836e-19	1.0541226399999835	-3.3715977058867974e-19	1.400247105765029e-19	-2.6617163334519133e-20	0.9687954278589835	-1.5480461422420235	0.3570147525874541	-1.1670764758964367	0.3840115149923811	166.4342477570783	1.0146988016488199	-1.153722728059692	0.9325636372143711	-0.0032867418377587714	1599.565890624997	-1.5158655385928348	0.37603273847410695	-1.1297432361791764	0.37602872815968585	175.30011156791466	0.9822399230876058	-1.129739273807496	0.9822408059095333	-0.0031816032941825705	-0.020197299168882542	0.0	0.0	0.0	0.05270880008647781	0.0	0.0	0.0	-0.031701806140246036	176.08480575106927	0.052857887948829646
156	574.9	nan	nan	1	1	0.001500000000000045	0.001500000000000028	0.0014999999999998368	0.9790161499999895	2.605337820482667e-19	1.3331620963424885e-18	1.1030571258913852e-19	1.0568001199999897	-4.587123866514609e-18	-1.4468677991819057e-19	-9.078837941850493e-20	0.9673248560924427	-1.7933676033815666	0.3615503789883323	-1.1805285736721274	0.3902717075623439	167.86938337936107	1.0400765620142374	-1.1664266569047	0.952018092184513	-0.0032214351372196323	1599.565890624997	-1.7543010316098668	0.3817742368082348	-1.1410214093283182	0.38177006091432863	177.25940684242167	1.0052697165197437	-1.1410173149368468	1.0052706391523472	-0.00311362769381894	-0.021207140162778484	0.0	0.0	0.0	0.055245587776303375	0.0	0.0	0.0	-0.03322089776025129	178.16526722019077	0.05540892235437165
160	602.0	nan	nan	1	1	0.001500000000000045	0.001500000000000028	0.0014999999999998368	0.9780269999999844	4.911435841359335e-20	8.519796196662655e-19	1.575379637939328e-19	1.059477599999986	-2.7428417610081412e-18	-1.2023802092864244e-19	-8.565197162635485e-20	0.9658635620470113	-2.046836369400642	0.3659860885856729	-1.1937512549539682	0.396461189715193	169.27395379941115	1.0653359608277322	-1.1789006705272347	0.9712051995812842	-0.0031611638150112102	1599.565890624997	-2.0002098601019527	0.3874341969995343	-1.1520497067858744	0.3874298857843186	179.19401968705992	1.0281203694712453	-1.1520455569977321	1.0281213367307134	-0.003050734255626991	-0.022218001966448644	0.0	0.0	0.0	0.05777595645457126	0.0	0.0	0.0	-0.0347326948619092	180.22504489148284	0.057953048986084346
164	603.31	nan	nan	1	1	0.001500000000000045	0.001500000000000028	0.0014999999999998368	0.9780913034377837	6.605501735867935e-20	3.0098129934555408e-18	3.052198522136146e-20	1.0593481719999915	-3.6706206650582995e-18	2.3852447794681096e-21	-1.1065638422930178e-19	0.9658755355916847	0.00033326458264082654	0.36271079745529433	-1.185938139172053	0.3928431136086494	158.34767316035303	1.0510047590948999	-1.1711266062341332	0.9582683489558249	0.0005830312004076038	1599.565890624997	0.0003257086363741545	0.3839369589560705	-1.1445741072827078	0.3839363722017572	167.6143211547184	1.0143470339277123	-1.1445742206249256	1.014347073048745	0.0005626958048506484	-0.022152256006493728	0.0	0.0	0.0	0.05765378690022096	0.0	0.0	0.0	-0.03472029821405111	167.6361262349612	0.05785025068621014
168	604.62	nan	nan	1	1	0.001500000000000045	0.001500000000000028	0.0014999999999998368	0.9781313670818009	9.597899731927928e-20	4.5655753483364595e-19	-1.0574189906933234e-19	1.0592187439999943	-3.75456501826299e-18	1.0256552551712871e-19	-8.626183534837795e-20	0.9659105694012468	9.167629583523746e-05	0.35972310690420317	-1.1789333059634421	0.38954410802421646	149.16968060576716	1.0396030461123722	-1.1642036767517145	0.9480228449384415	0.0001510731609531553	1599.565890624997	8.960546163339986e-05	0.38074501957657253	-1.1379060156889178	0.3807448731219855	157.8870299749717	1.0034244974808395	-1.1379060087476014	1.0034244943604629	0.00014581576225573698	-0.022111295798203978	0.0	0.0	0.0	0.05753160241864488	0.0	0.0	0.0	-0.034684027314829335	157.91015495196467	0.057744239118739424
172	605.93	nan	nan	1	1	0.001500000000000045	0.001500000000000028	0.0014999999999998368	0.9781715622705894	-4.071179157683069e-20	4.365756887947381e-18	-1.1536758148193021e-19	1.0590893160000114	8.56259507742152e-18	-3.5236570605778895e-20	-4.2557645775487264e-19	0.9659483433868062	2.73873389889846e-05	0.35753497151390135	-1.1748809423624782	0.38711146881883224	140.6077206335454	1.0321688476620763	-1.1601996402624897	0.941395372331986	4.412526796657407e-05	1599.565890624997	2.6770923214798866e-05	0.37839866286169477	-1.1340866537122503	0.37839862468884494	148.8127811678853	0.9963298171790121	-1.1340866484254917	0.9963298096582434	4.259314768672861e-05	-0.022070202787309732	0.0	0.0	0.0	0.057409403006209926	0.0	0.0	0.0	-0.034644920954303465	148.8371578274409	0.057637044094728904
176	607.24	nan	nan	1	1	0.001500000000000045	0.001500000000000028	0.0014999999999998368	0.9782118054659423	-7.266865061084094e-20	4.227033219977861e-20	-1.0781543572421087e-19	1.0589598879999986	7.21102864920109e-19	-1.1275702593849246e-19	2.261781257076323e-19	0.9659869675505499	8.40696761727372e-06	0.35599712570881253	-1.1727126862589359	0.3853834774184275	132.24297585946653	1.0272679026224214	-1.1580571428773094	0.937077422457432	1.3477867973345548e-05	1599.565890624997	8.218425022593585e-06	0.37674051274800235	-1.1320854628494446	0.3767405036272595	139.9485640043296	0.9916794391647783	-1.1320854598108447	0.9916794353838518	1.301094341488176e-05	-0.022029062389142134	0.0	0.0	0.0	0.05728718865922546	0.0	0.0	0.0	-0.034604936009124475	139.9743495533384	0.057529476220141096
180	608.55	nan	nan	1	1	0.001500000000000045	0.001500000000000028	0.0014999999999998368	0.9782520629480913	-1.160367375102611e-19	-3.543226909791253e-18	5.742883382384157e-22	1.0588304600000082	-2.516839818153538e-18	-5.919743861770855e-20	-6.304635633003208e-20	0.96602588434156	2.7412661649788838e-06	0.3549204845820402	-1.1715809879063315	0.38415520128231756	123.94973314342556	1.023864792759623	-1.1569385857255714	0.9341248938678095	4.5311096959335665e-06	1599.565890624997	2.6800075402397696e-06	0.37557054990137045	-1.1310846709030251	0.3755705480957155	131.16140504435708	0.9884743642325996	-1.131084669174399	0.9884743634327984	4.374489490828343e-06	-0.021987909079025255	0.0	0.0	0.0	0.05716495937408969	0.0	0.0	0.0	-0.034564649743971505	131.18881701555298	0.05742177709054239
184	609.86	nan	nan	1	1	0.001500000000000045	0.001500000000000028	0.0014999999999998368	0.9782923207401713	-1.7561364688833958e-19	-5.92286094301675e-19	-1.2483571576633878e-20	1.0587010320000034	9.204876444401933e-19	7.96346495690603e-20	1.8786513143742578e-19	0.9660649128477539	9.776563583752674e-07	0.3541473628178274	-1.1709686248045048	0.38325577179254267	115.68642117691094	1.0213367741126178	-1.156333007341072	0.9319700200310471	1.863249003600076e-06	1599.565890624997	9.558870626798012e-07	0.37472188554281277	-1.1305851524818114	0.37472188547153207	122.40733216305587	0.9861136908669742	-1.1305851513134202	0.9861136911954076	1.798990693878383e-06	-0.021946757145625474	0.0	0.0	0.0	0.05704271514711558	0.0	0.0	0.0	-0.03452424946231169	122.43662772441049	0.057314025923166124
188	611.17	nan	nan	1	1	0.001500000000000045	0.001500000000000028	0.0014999999999998368	0.9783325729510385	-2.865275291336067e-19	-5.443968843429903e-18	-8.230619148470037e-20	1.0585716039999924	4.71546629868258e-19	4.607859233063394e-20	-1.9207996738296318e-19	0.9661039892951607	2.829848933210144e-07	0.3535651869314565	-1.1705799259693488	0.38256322782852464	107.43810260104361	1.019323188629987	-1.155948362149851	0.9302839746799306	8.422315353945331e-07	1599.565890624997	2.7670635702640785e-07	0.374075364498486	-1.130301539076467	0.3740753644478586	113.67054471712595	0.9842493821775776	-1.1303015381497399	0.9842493825133277	8.132512608454148e-07	-0.021905612610459133	0.0	0.0	0.0	0.0569204559746586	0.0	0.0	0.0	-0.034483801189524724	113.70202898265046	0.05720625090990665
192	612.48	nan	nan	1	1	0.001500000000000045	0.001500000000000028	0.0014999999999998368	0.9783728172902821	-5.3424062049223233e-20	-3.9677733754822643e-19	5.79285832627216e-20	1.058442176000011	-2.6076417500991988e-18	-6.662422349923425e-20	6.270754315113036e-20	0.9661430889299508	-2.6290569637488215e-08	0.3530984885413963	-1.1702404015928967	0.3819958256973372	99.19893265236605	1.0176119648978277	-1.1556123144085333	0.9288733854251068	3.7346152207579084e-07	1599.565890624997	-2.570936839970833e-08	0.3735511080742443	-1.1300653863885426	0.3735511077009883	104.94485933697035	0.9826767702948601	-1.1300653857464902	0.9826767704941451	3.606403766880097e-07	-0.02186447781372372	0.0	0.0	0.0	0.056798181853096166	0.0	0.0	0.0	-0.03444333055278628	104.97890355511149	0.05709846300364107
196	613.79	nan	nan	1	1	0.001500000000000045	0.001500000000000028	0.0014999999999998368	0.9784130531896261	1.4487651529837552e-19	-3.940803846441687e-19	1.0236562574157671e-19	1.058312748000008	5.928390374096426e-18	-7.17741838185404e-20	-1.6233217027539215e-19	0.9661822010992039	-1.6780825350276584e-07	0.35269440973303534	-1.169836297274151	0.3814963301865308	90.96645564277775	1.0160756218002418	-1.1552125193045268	0.9276219926870892	1.5820674293975934e-07	1599.565890624997	-1.6411196941039985e-07	0.3730931756472342	-1.129766848548111	0.37309317487721244	96.22767720879558	0.9812728121042432	-1.1297668480178897	0.9812728115362156	1.5278781638636998e-07	-0.021823353335101242	0.0	0.0	0.0	0.056675892778724216	0.0	0.0	0.0	-0.03440284858066694	96.26474570698365	0.056990666816170724
200	615.1	nan	nan	1	1	0.001500000000000045	0.001500000000000028	0.0014999999999998368	0.9784532809803954	1.840433187794144e-20	8.678089713845538e-19	8.383254485565261e-20	1.0581833199999813	1.946468160263226e-18	-2.894819800536297e-20	-7.506744791746511e-20	0.9662213206445449	-2.2346010683388374e-07	0.35231560140093365	-1.1692840982123993	0.3810243156497745	82.73959066429553	1.0146396209401243	-1.1546664997985838	0.9264618091849715	6.197906906851847e-08	1599.565890624997	-2.1855586940719816e-07	0.37266204681638315	-1.129325249175283	0.37266204581939266	87.51785355828517	0.9799655571243187	-1.1293252487580767	0.9799655556983969	5.986101044769365e-08	-0.021782238834767202	0.0	0.0	0.0	0.05655358874788308	0.0	0.0	0.0	-0.03436236061331836	87.55854304617853	0.05688286442871572
204	616.41	nan	nan	1	1	0.001500000000000045	0.001500000000000028	0.0014999999999998368	0.9784935016608186	3.7404974950749906e-21	2.230881495160486e-19	-1.8661829893906745e-20	1.058053891999984	1.6528120018455273e-18	1.5178830414797064e-20	1.163484456348507e-19	0.9662604449671562	-2.2416641896988444e-07	0.3519416040575227	-1.1685178851905105	0.3805576449540298	74.51794885980708	1.013268582179349	-1.1539091569378004	0.9253605663963556	2.335178657858483e-08	1599.565890624997	-2.1926462143100104e-07	0.37223607637575395	-1.1286768805616416	0.37223607504132933	78.81497550545353	0.9787208539977533	-1.1286768804359761	0.9787208516897197	2.2555599674767974e-08	-0.02174113329139154	0.0	0.0	0.0	0.05643126975696376	0.0	0.0	0.0	-0.03432186934109721	78.86007530139776	0.056775056678985115
208	617.72	nan	nan	1	1	0.001500000000000045	0.001500000000000028	0.0014999999999998368	0.9785337168718684	1.2874900798265365e-20	7.640914810591593e-19	2.0674380176582964e-20	1.0579244640000103	-3.0113715340784884e-18	1.1492543028346347e-20	3.0621935109137464e-19	0.9662995727038225	-1.6785964963533794e-07	0.351569061323698	-1.1674902714514503	0.3800926862896502	66.30154064811701	1.0119471022620794	-1.152893693292633	0.9243042229626359	2.804240977433148e-08	1599.565890624997	-1.6420253769271206e-07	0.3718117133323995	-1.1277759155874503	0.37181171164391713	70.11905237661604	0.9775238369745528	-1.127775916003684	0.9775238341114645	2.708849498122363e-08	-0.021700035026968205	0.0	0.0	0.0	0.056308935802301	0.0	0.0	0.0	-0.03428137617523058	70.16964116876665	0.056667243720821124
212	619.03	nan	nan	1	1	0.001500000000000045	0.001500000000000028	0.0014999999999998368	0.9785739290605342	-1.957255971879457e-19	-4.086696801276768e-18	1.3472397839258549e-19	1.0577950359999961	3.3811115799503577e-18	-1.0842021724855045e-20	-1.3744973041684982e-19	0.9663387030434505	-7.343113563235138e-08	0.3512105204168595	-1.1661684086971207	0.3796430014580704	58.090660044790326	1.0106555502441577	-1.1515876673334742	0.9232748672785267	8.626648875953436e-08	1599.565890624997	-7.183719167621218e-08	0.37140222525646266	-1.126590556343479	0.3714022237461246	61.430393319778595	0.9763555504759933	-1.1265905570328343	0.9763555483007939	8.333874493637606e-08	-0.0216589415401025	0.0	0.0	0.0	0.056186586880172744	0.0	0.0	0.0	-0.03424088195536067	61.48800265805491	0.05655942526748375
216	620.34	nan	nan	1	1	0.001500000000000045	0.001500000000000028	0.0014999999999998368	0.978614141708454	2.6023562645083323e-19	7.307251592009178e-19	1.1551496521475247e-19	1.0576656079999713	4.889914428235498e-18	1.8626593323300966e-19	2.7836890778565324e-20	0.9663778355101148	9.259183993132192e-08	0.3509014133832309	-1.1645228750119856	0.37924687528764905	49.885881057497635	1.0093523289798323	-1.149962021619371	0.9222345067439348	1.8910317748555005e-07	1599.565890624997	9.058939744939914e-08	0.37104507341337406	-1.125092303750757	0.37104507203492476	52.749603430792625	0.975175809317119	-1.1250923051786663	0.9751758106640415	1.827001720351749e-07	-0.021617849272551923	0.0	0.0	0.0	0.05606422298694373	0.0	0.0	0.0	-0.034200387174166375	52.816513257596064	0.05645160062313409
220	621.65	nan	nan	1	1	0.001500000000000045	0.001500000000000028	0.0014999999999998368	0.9786543598166789	3.3954501536814783e-19	3.783323480888168e-19	-2.906678261797857e-20	1.0575361800000092	4.545327872765293e-18	8.912141857830846e-20	1.9499376072151797e-19	0.9664169698240974	4.017691443473082e-07	0.35070367774656797	-1.1625303216861935	0.37897120930993355	41.68812323486128	1.0079724959876377	-1.1479936938983692	0.9211237864264601	3.557285118086506e-07	1599.565890624997	3.931124502421567e-07	0.37080573094678765	-1.1232585157691644	0.37080572950718904	44.077652983933596	0.9739218570548707	-1.1232585185316861	0.9739218622199886	3.4371153400238557e-07	-0.021576753114105306	0.0	0.0	0.0	0.055941844119019174	0.0	0.0	0.0	-0.03415989212122075	44.15747559834459	0.0563437686148749
224	622.96	nan	nan	1	1	0.001500000000000045	0.001500000000000028	0.0014999999999998368	0.9786945907063158	-3.976311467590588e-20	1.214292880656609e-18	-1.7495465525537574e-19	1.057406752000013	1.9080874033572393e-18	-1.5742615544489524e-19	1.8337924494876701e-19	0.9664561056988498	7.62905349159737e-07	0.3506943915029679	-1.1601829997318334	0.3788992192429235	33.49876815496978	1.0064415187241134	-1.145675023868916	0.9198745465474892	6.314186173797531e-07	1599.565890624997	7.465285933818825e-07	0.37076565576296877	-1.1210816143349993	0.37076565459528216	35.41600049262241	0.9725216477105728	-1.1210816190832187	0.9725216534221565	6.101380584418928e-07	-0.021535645584830253	0.0	0.0	0.0	0.05581945027264191	0.0	0.0	0.0	-0.03411939709311597	35.514973059476425	0.05623592746954978
228	624.27	nan	nan	1	1	0.001500000000000045	0.001500000000000028	0.0014999999999998368	0.9787348442154232	-1.5739905039058312e-19	7.793109690554245e-19	-8.886053243055414e-20	1.057277323999987	-4.217925921728982e-18	-1.3487475025719675e-19	-1.2193208682315104e-19	0.9664952436940031	1.2801392966831914e-06	0.350945158217307	-1.1574542418646554	0.3791081477869921	25.319869071774203	1.0046875630219645	-1.1429796663234164	0.9184210568431187	1.1147123857721542e-06	1599.565890624997	1.252762054961165e-06	0.3710004906111469	-1.118535733930811	0.3710004868259678	26.76681420981913	0.9709057170722588	-1.1185357400348641	0.9709057232965743	1.0772310398489757e-06	-0.02149451663438643	0.0	0.0	0.0	0.05569704144414892	0.0	0.0	0.0	-0.034078901510885704	26.897147525370723	0.056128074406817115
232	625.58	nan	nan	1	1	0.001500000000000045	0.001500000000000028	0.0014999999999998368	0.9787751327955507	3.4911309954033244e-20	5.5344455147238185e-19	4.653090792446773e-20	1.057147895999969	3.6773427185277097e-19	9.112719259740665e-20	-8.249423279899082e-20	0.9665343865576547	2.0770614391711904e-06	0.3514896058377346	-1.154263313627685	0.3796341745231703	17.154439666423215	1.0026372304394915	-1.1398278862285705	0.9166961216244028	1.7917937315803378e-06	1599.565890624997	2.032807637368838e-06	0.37154570914660684	-1.11554274432737	0.37154570145267013	18.13327718662696	0.9690030640357321	-1.1155427512710951	0.9690030798182936	1.7316867589887163e-06	-0.0214533535439232	0.0	0.0	0.0	0.055574617629908424	0.0	0.0	0.0	-0.03403840253141348	18.324301340692994	0.056020205052597166
236	626.89	nan	nan	1	1	0.001500000000000045	0.001500000000000028	0.0014999999999998368	0.9788154731083039	4.456070928915423e-20	-5.827789965016927e-18	1.4562190429195932e-20	1.057018467999977	-3.0301011266081756e-18	-1.2576745200831852e-20	-2.4791637926596665e-19	0.9665735394107509	3.1629158436690673e-06	0.3522760776700692	-1.15047711503152	0.38042135832731505	9.006806939459981	1.0001755452399277	-1.136088237240866	0.9145944648035033	2.7599818768783704e-06	1599.565890624997	3.0957804945215235e-06	0.37234662717410283	-1.1119738723236254	0.37234661907424127	9.519960048655806	0.9667024745758331	-1.1119738806638855	0.9667024978080774	2.6676130233943345e-06	-0.021412139295512753	0.0	0.0	0.0	0.055452178826267136	0.0	0.0	0.0	-0.033997894857138715	9.877171117300426	0.05591231294595715
240	628.2	nan	nan	1	1	0.001500000000000045	0.001500000000000028	0.0014999999999998368	0.9788558878611058	2.2846850279700793e-19	-4.97743664860939e-19	-1.826677372730734e-19	1.0568890399999866	-3.528048079376456e-18	-1.4734307524078005e-19	8.122029524632036e-20	0.9666127100510219	4.589485765734758e-06	0.35313471843193733	-1.145921511145947	0.3812861644017679	0.8830353700582523	0.9971156468202134	-1.1315887461967642	0.9119450028116722	4.115946071241939e-06	1599.565890624997	4.492438407817686e-06	0.37322365225907056	-1.1076606315716298	0.37322364568953265	0.9332690009934597	0.963823208102919	-1.1076606410291383	0.9638232290501367	3.978519803007901e-06	-0.021370850697627102	0.0	0.0	0.0	0.05532972502953071	0.0	0.0	0.0	-0.0339573704221164	2.7850444600834665	0.05580438893500914
244	631.21	nan	nan	1	1	0.001500000000000045	0.001500000000000028	0.0014999999999998368	0.9791568878628084	5.17435486818707e-20	2.9943766650247783e-18	-1.7008760394045253e-19	1.056765654468561	1.9201220474718283e-19	-1.1519648082658485e-19	-4.7474502627709027e-20	0.9665205173172239	21.51656489667806	0.35413122327258445	-1.1312703814884721	0.3821998748997429	-6.914830113743753e-05	0.9947710786545477	-1.1166706080414486	0.9098204080743658	-0.000162152047241011	1599.565890624997	21.066052882562882	0.37419748015175813	-1.0932901703662163	0.37419740627789344	-7.306647463414218e-05	0.9613735671454932	-1.0932898533927524	0.9613738685504621	-0.00015670810643879843	-0.021063396111216208	0.0	0.0	0.0	0.055212974141233516	0.0	0.0	0.0	-0.03405275208807003	21.226447256164096	0.05568797577540056
248	634.22	nan	nan	1	1	0.001500000000000045	0.001500000000000028	0.0014999999999998368	0.9794578878627977	2.0434500445920544e-19	-5.436271008005255e-18	1.1251816264736674e-19	1.056654381846444	3.355172042973642e-18	9.519295074422729e-20	8.524539581167279e-21	0.9664197338776966	42.65455782932245	0.34861102441881353	-1.0920604135249843	0.3760866684111409	-0.00011293782168014677	0.993814421619611	-1.0775233340632553	0.908945780090152	-0.0002495295301861109	1599.565890624997	41.7702136318807	0.36828968848840066	-1.0551833701763291	0.368289375932447	-0.0001193130229730449	0.9602549801704988	-1.0551833648646562	0.9602546527618724	-0.00024110333765364793	-0.020756036025823762	0.0	0.0	0.0	0.05510767314066834	0.0	0.0	0.0	-0.03415703202073305	41.84828809949642	0.055583923834355786
252	637.23	nan	nan	1	1	0.001500000000000045	0.001500000000000028	0.0014999999999998368	0.979758887862794	-4.8030156241107847e-20	-3.4605835991935452e-18	1.2788164624466525e-19	1.0565418744813297	-1.4474370053224606e-18	3.1208759534995243e-19	4.2798880758865286e-20	0.966314972595911	62.660265963571796	0.33706572514809985	-1.0256381466337596	0.3634807845294982	-0.00016701079617518472	0.9934461005259153	-1.0115647321056382	0.90860727839946	-0.0003709137637152098	1599.565890624997	61.37433659457689	0.3560218663005803	-0.9908051128483562	0.35602134258963275	-0.0001764032677024941	0.9597063827734386	-0.9908051522083817	0.9597061785143961	-0.00035831667798339725	-0.02044877038161967	0.0	0.0	0.0	0.05500119238680167	0.0	0.0	0.0	-0.03426543932726897	61.424184631286735	0.0554819865864095
256	640.24	nan	nan	1	1	0.001500000000000045	0.001500000000000028	0.0014999999999998368	0.9800598878627989	-1.4577098209067607e-19	-4.640182010330618e-18	4.919736764242427e-20	1.0564255779301939	-2.1624954431309628e-18	5.160802341031001e-20	-4.781467105932635e-19	0.9662064489514828	81.04611540802239	0.3227958217128693	-0.9378095866746584	0.3479473246913239	-0.00019632346142039187	0.9761819483463862	-0.924553591309002	0.8928156958333381	-0.00046057526336214065	1599.565890624997	79.4005231898685	0.3408830115808877	-0.9057808729809749	0.3408824652966831	-0.00020732403665527357	0.94284271554179	-0.9057810913876335	0.94284275913916	-0.00044484538231355205	-0.020141599120582887	0.0	0.0	0.0	0.0548911135011846	0.0	0.0	0.0	-0.034377752332788405	79.43532994540772	0.055380514882534884
260	643.25	nan	nan	1	1	0.001500000000000045	0.001500000000000028	0.0014999999999998368	0.980360887862798	8.7847481025638e-20	-2.3649159887340067e-20	-1.4032794837161993e-19	1.0563024975217312	-1.5184522476202611e-18	-1.2479167005308156e-19	-1.7383826583089457e-19	0.9660948449230811	97.33785329292806	0.30675277229686426	-0.8406644900470576	0.3305150865706929	-0.00011263877633477781	0.9218526770937625	-0.8284318763551775	0.8431283493512443	-0.0005089872966871926	1599.565890624997	95.38359625453575	0.32387897427324364	-0.8117988279439448	0.32387931834307626	-0.00011892747071050517	0.8901992788583393	-0.8117994073780412	0.8902007402375005	-0.000491510341855751	-0.019834522184762348	0.0	0.0	0.0	0.0547746002498753	0.0	0.0	0.0	-0.03449326643908164	95.40837371581675	0.05527738528302847
264	646.26	nan	nan	1	1	0.001500000000000045	0.001500000000000028	0.0014999999999998368	0.980661887862796	8.093569217604291e-20	-5.693362448155881e-18	-7.733749621610664e-20	1.0561716012734306	2.5752512101961943e-19	1.100465205072787e-20	3.8228968601838884e-19	0.9659799546165347	111.26635722995687	0.2889309018031093	-0.7444263350759049	0.3111797367757765	4.874864571083995e-05	0.8250265695065185	-0.7332816622193051	0.7545749100009774	-0.0004045447851277011	1599.565890624997	109.05893935655725	0.30500473492577534	-0.7187335953266081	0.30500622907857566	5.146063529458489e-05	0.7965520355764087	-0.7187340569258761	0.7965534976363411	-0.00039058253877573447	-0.01952753951624088	0.0	0.0	0.0	0.05465067328807934	0.0	0.0	0.0	-0.03461219589948234	109.0762189797951	0.055172082168509086
268	649.2700000000001	nan	nan	1	1	0.001500000000000045	0.001500000000000028	0.0014999999999998368	0.9809628878627992	-2.1846673775582916e-20	1.3888900880082433e-18	1.431146867680866e-19	1.0560344874434877	3.093770899187387e-19	1.9656585387162195e-19	-2.664020263068445e-19	0.9658605291395894	122.87259506382493	0.2685230271216256	-0.654235735798266	0.289074862069892	0.00017244636523444247	0.7000771352235509	-0.6441633222432523	0.640299083841547	-0.0001297748284805385	1599.565890624997	120.46545094970939	0.2834095879044014	-0.631543956931126	0.28341172089175665	0.0001820065632008857	0.675795374577978	-0.6315437959049218	0.6757964165393697	-0.00012527366544515633	-0.01922065105715294	0.0	0.0	0.0	0.05452084331469926	0.0	0.0	0.0	-0.0347358349660633	120.4770751898979	0.055066189549258245
272	652.2800000000001	nan	nan	1	1	0.001500000000000045	0.001500000000000028	0.0014999999999998368	0.9812638878627966	-3.8489177123235404e-21	-8.741108965121259e-19	6.221456997582836e-20	1.0558939543650363	7.690246009439683e-19	4.526544070126981e-20	-7.864531508666728e-20	0.9657351537586464	132.41042329337344	0.24494794490322863	-0.5759952700274877	0.26357940633927773	0.00017510040593609626	0.5614133738122664	-0.566878703000512	0.5134770950513596	0.00020748623720944723	1599.565890624997	129.85056097266371	0.2584817844830089	-0.5559206384240849	0.2584836821959601	0.00018477503621409214	0.5418469515811136	-0.5559193585914346	0.5418476806264382	0.00020025491085748403	-0.018913856749703892	0.0	0.0	0.0	0.05438775823863607	0.0	0.0	0.0	-0.03486565031223495	129.8581016542461	0.05496212315102734
276	655.2900000000001	nan	nan	1	1	0.001500000000000045	0.001500000000000028	0.0014999999999998368	0.9815648878627962	-4.672911363412524e-20	1.004946993676814e-18	-3.296398120829561e-20	1.055752445939032	3.750417944953233e-18	-9.62771529167128e-20	7.761532302280605e-20	0.965603058347762	140.20753189264215	0.2175867717285706	-0.513981941610692	0.23403267166239047	9.710039767432288e-05	0.4209066480748615	-0.5056227839558773	0.38496640811544447	0.0004684482401183703	1599.565890624997	137.53417145964497	0.22956984526868837	-0.49598295276710885	0.22957033161542406	0.00010244797095215946	0.40616703671974574	-0.4959819898672649	0.40616751672271295	0.00045204378314218913	-0.01860715653613305	0.0	0.0	0.0	0.05425373160785564	0.0	0.0	0.0	-0.0350024419008467	137.53895112431857	0.054861803982039575
280	658.3000000000001	nan	nan	1	1	0.001500000000000045	0.001500000000000028	0.0014999999999998368	0.9818658878628026	-6.315477654728064e-21	1.7507154580209682e-19	-1.5884408859859894e-20	1.055611676601629	-4.047272499779764e-18	-8.001412032943023e-20	-2.9783033678176806e-19	0.9654641048180644	146.58450162604683	0.1864269458797875	-0.4656439168137935	0.20042928385090936	1.4468240985076598e-05	0.28906783715231	-0.457864376454187	0.2643823934196148	0.0006084780540554513	1599.565890624997	143.82942279988677	0.1966619681580969	-0.44925981736718973	0.19666218385087808	1.5262561613519854e-05	0.2788967256662513	-0.44925874328813775	0.278897246269199	0.0005870682071987874	-0.018300550358736026	0.0	0.0	0.0	0.05412038716375126	0.0	0.0	0.0	-0.0351463556212884	143.83244109241608	0.05476642262885429
284	661.3100000000001	nan	nan	1	1	0.001500000000000045	0.001500000000000028	0.0014999999999998368	0.982166887862797	4.413787044188488e-19	6.488495992666016e-18	9.14134897335786e-20	1.0554726118933584	-6.572433569607128e-19	1.723881454251952e-20	-3.1360547839143217e-19	0.9653187079874489	151.83278640271166	0.15208918539544988	-0.424232624917607	0.16344023192747983	-4.97140989279885e-05	0.17328953689268717	-0.4169541726784239	0.15848808445182866	0.0006481857798903764	1599.565890624997	149.02113636687065	0.16041401995013257	-0.40923409292033225	0.16041363441290934	-5.243527629201052e-05	0.16716297209965017	-0.40923298648188045	0.16716317254911503	0.0006252694962553013	-0.01799403815988556	0.0	0.0	0.0	0.05398863997655431	0.0	0.0	0.0	-0.03529696482489898	149.02307594674625	0.05467645531798944
288	664.32	nan	nan	1	1	0.001500000000000045	0.001500000000000028	0.0014999999999998368	0.9824678878627932	1.6512399086954232e-19	-3.9674345623033624e-19	4.677315934738247e-21	1.0553356124357463	2.2796434878680216e-18	1.741770790097963e-19	-1.043544591017298e-21	0.9651676231226213	156.19615671428323	0.11586468704135695	-0.3837154401683341	0.12445756366587804	-8.972688185024542e-05	0.07506991649755572	-0.3769580637851012	0.06865593240745435	0.000607755435807902	1599.565890624997	153.3476076448382	0.12218840161458244	-0.3700840063815007	0.12218783126897705	-9.46240356324321e-05	0.07240306890948207	-0.3700834801563949	0.07240306651181207	0.0005861650145880285	-0.017687619881974266	0.0	0.0	0.0	0.053858832392686865	0.0	0.0	0.0	-0.035453490009979154	153.3488989087343	0.0545918429141881
292	667.33	nan	nan	1	1	0.001500000000000045	0.001500000000000028	0.0014999999999998368	0.9827688878627997	-1.1245887034105895e-19	-5.49227682647771e-18	-7.071708670036703e-20	1.0552006917043701	-1.276160167124063e-18	-4.9548039282587555e-20	7.310233147983514e-20	0.9650116950347615	159.86704015154754	0.07890672343949158	-0.34088389521863716	0.0847219065778287	-0.00010326186475855426	-0.009105907444058946	-0.33472427529571824	-0.008327279961250484	0.0005263474174609805	1599.565890624997	156.99697714022415	0.08320128503948519	-0.328715374622626	0.08320091006668219	-0.00010888197442482226	-0.008780854181547575	-0.32871503311166594	-0.008780498840392085	0.0005075584119377856	-0.017381295467452665	0.0	0.0	0.0	0.053730977940436964	0.0	0.0	0.0	-0.03561505850958095	156.99787705609828	0.054512261155415215
296	670.34	nan	nan	1	1	0.001500000000000045	0.001500000000000028	0.0014999999999998368	0.9830698878628081	-3.458604930228759e-20	2.7260908374432403e-18	-2.3517022747568394e-20	1.0550677092396772	-3.757573679291637e-18	-1.4343994741983223e-19	2.1656938395397952e-20	0.9648516982159836	162.99028737613685	0.04194330125103636	-0.29483971868200926	0.045014926932233225	-9.600473367976658e-05	-0.08369098686901502	-0.2893754000440238	-0.07653450960575706	0.0004495518651976156	1599.565890624997	160.11087407228445	0.044219889252352484	-0.2842636074210314	0.04421968580733419	-0.0001012156545716812	-0.08068893140435637	-0.2842632464911467	-0.08068863055136993	0.0004334261187576051	-0.017075064858841766	0.0	0.0	0.0	0.05360494424272392	0.0	0.0	0.0	-0.035780870058423446	160.11154430964612	0.05443731284298238
300	673.35	nan	nan	1	1	0.001500000000000045	0.001500000000000028	0.0014999999999998368	0.9833708878628066	-1.8973538018496326e-20	9.962869288240862e-19	1.319694272481145e-19	1.0549364424571892	3.5713619561672516e-19	-1.373684152539134e-19	-1.280713816248502e-19	0.9646883171841457	165.67362991295127	0.00596695410811514	-0.2462291849576605	0.006400865717611767	-8.558481166118681e-05	-0.15234176640350836	-0.2415509637522931	-0.13930880308094054	0.000381799526906782	1599.565890624997	162.79462945274562	0.006289966487207058	-0.23735363394966805	0.006289634404840981	-9.021782091983262e-05	-0.14685047129730677	-0.237353401737316	-0.14685008244999426	0.0003680372217743859	-0.01676892799871876	0.0	0.0	0.0	0.053480520996871395	0.0	0.0	0.0	-0.03595021718874964	162.7952086982312	0.05436658261101353
304	676.36	nan	nan	1	1	0.001500000000000045	0.001500000000000028	0.0014999999999998368	0.9836718878628032	-2.0326080228671993e-19	-1.4876473533945168e-18	1.8033331447044053e-20	1.0548066320362695	8.473853129603582e-19	-1.1096809235389139e-19	3.4857099845408966e-19	0.964522154590511	167.99886833172016	-0.027498762210913668	-0.1960257078103992	-0.029487704137778868	-7.299801463030093e-05	-0.21723853483467964	-0.19220954758520092	-0.19864392520771362	0.00032888441375753577	1599.565890624997	165.1282190328831	-0.0289834899225479	-0.18892521233120552	-0.028983838498396773	-7.693936204021743e-05	-0.2093696626763796	-0.18892520282452213	-0.20936921306763914	0.0003169714747907683	-0.016462884829693117	0.0	0.0	0.0	0.05335746295947163	0.0	0.0	0.0	-0.03612247687370981	165.12882907013056	0.05429966269035166
308	679.37	nan	nan	1	1	0.001500000000000045	0.001500000000000028	0.0014999999999998368	0.9839728878627894	-1.4086496726017917e-19	-1.3999760552219075e-20	-6.984972496237862e-20	1.0546780436479681	8.781143130340285e-18	-5.252959525692269e-20	-5.542983606832141e-21	0.9643537006558072	170.02773569513283	-0.057128836837657584	-0.14482821370661295	-0.06123433228331098	-6.103323213460987e-05	-0.27938293975151746	-0.14194045998273744	-0.25545578661164287	0.0002851171270660513	1599.565890624997	167.1719910052698	-0.06020546266695494	-0.13955652186366013	-0.060205855261368374	-6.43201259140961e-05	-0.26921350710539066	-0.13955646237661026	-0.26921314480127756	0.0002747389721846754	-0.016156935294444254	0.0	0.0	0.0	0.05323554845595022	0.0	0.0	0.0	-0.03629714227239184	167.17274338323827	0.05423620653569241
312	682.3800000000001	nan	nan	1	1	0.001500000000000045	0.001500000000000028	0.0014999999999998368	0.9842738878627945	3.352895218411423e-20	-2.6349500923186776e-18	-6.64954744912516e-20	1.0545504831512749	-8.564926112092364e-19	1.2441219929271163e-19	-5.1465721875171287e-20	0.9641833461751311	171.80793193268875	-0.08242092352011367	-0.09277755211388522	-0.08830619188107165	-4.9973020665666556e-05	-0.339250897217592	-0.09088355095101444	-0.3101793561938984	0.0002460091450140314	1599.565890624997	168.97256991895827	-0.08684841299345691	-0.08938395579861996	-0.0868488667202352	-5.265747278654559e-05	-0.32684185463652843	-0.08938369139772909	-0.3268415795195292	0.00023701067815411276	-0.015851079335665274	0.0	0.0	0.0	0.05311459380809819	0.0	0.0	0.0	-0.03647380932828222	168.97356393069404	0.05417593365046352
316	685.3900000000001	nan	nan	1	1	0.001500000000000045	0.001500000000000028	0.0014999999999998368	0.9845748878627913	3.913969842672671e-20	4.978188813866552e-18	4.826139623570827e-20	1.0544237874935052	1.3714344330312267e-18	1.3682631416767066e-19	-3.1764413148394065e-19	0.9640114105214986	173.37755334948562	-0.10322762934319975	-0.03993152926115772	-0.11055146064804121	-4.204443126607405e-05	-0.39720170787692183	-0.03909721400467707	-0.3631431907410355	0.00021161422562111066	1599.565890624997	170.56719231600957	-0.10875895464109658	-0.038463782761606884	-0.10875947828817456	-4.4297330298798925e-05	-0.3826019310304326	-0.0384634682594321	-0.38260177106962845	0.000203836010144333	-0.01554531689615946	0.0	0.0	0.0	0.0529944447292925	0.0	0.0	0.0	-0.0366521478010847	170.56851690489862	0.054118612092802165
320	688.4000000000001	nan	nan	1	1	0.001500000000000045	0.001500000000000028	0.0014999999999998368	0.9848758878628086	-6.163418300036972e-19	2.35025215435114e-18	1.751477787673497e-19	1.054297824346541	1.4621821548682634e-18	5.0849081889570155e-20	9.072061678272458e-20	0.9638381542268203	174.7678615212298	-0.11977087111965157	0.013271104238035729	-0.12821383962905342	-3.618923884850111e-05	-0.4533092960615782	0.01298784258251359	-0.4144149008404957	0.00018326294943044074	1599.565890624997	171.9864165274726	-0.12617275589274243	0.012780923784153488	-0.12617330575021266	-3.812359346217511e-05	-0.4365658998447314	0.012781139991909137	-0.4365658330215128	0.00017649396366103127	-0.01523964791872596	0.0	0.0	0.0	0.05287497599865789	0.0	0.0	0.0	-0.036831888272865605	171.98814985460237	0.05406405322978191
324	763.4100000000001	nan	nan	1	1	0.001500000000000045	0.001500000000000028	0.0014999999999998368	0.9923768878627898	-1.769146894953222e-19	-2.543280798635028e-18	5.156431651023169e-19	1.0512400940095976	-2.1190731461229183e-19	-2.1304572689340163e-19	-2.7013574753834146e-20	0.9594003498438548	188.2785036465103	-0.15136307254600148	0.7648408313806552	-0.16034021574494062	0.0032226651724365516	-1.1212777410250594	0.7394230054253856	-1.0233154825284647	0.0035101070341067866	1599.565890624997	186.6804973148824	-0.1589803399598459	0.7331494402906794	-0.15897933452370436	0.003384844110739169	-1.0748172881395044	0.7331471819960709	-1.0748132986604522	0.0033646647796905997	-0.007652316570320662	0.0	0.0	0.0	0.04997050920197672	0.0	0.0	0.0	-0.041446825265652534	186.69092670586298	0.05337412587701564
328	838.4200000000001	nan	nan	1	1	0.001500000000000045	0.001500000000000028	0.0014999999999998368	0.9998778878628101	-2.7348999800946847e-20	2.2266531066877926e-18	-3.5376161635486405e-19	1.048206552398568	-1.1945197435359045e-18	-1.4474099002681485e-20	-1.2689231176227222e-19	0.9549889022988827	193.94456269800327	-0.126126503803004	0.9919966800117052	-0.13222247271889379	0.006949689677075643	-1.3631409929003997	0.9474640543291376	-1.2419056909479154	0.006656400798878062	1599.565890624997	193.74585213599477	-0.1320873017029158	0.9464907726153821	-0.13208700100729423	0.007278135280363382	-1.300609566091264	0.9464933072656494	-1.3005987380972523	0.006351051431838868	-0.00012211959348396704	0.0	0.0	0.0	0.0470806584621435	0.0	0.0	0.0	-0.04605555919836954	193.75920433534398	0.053773884967438644
332	913.4300000000001	nan	nan	1	1	0.001500000000000045	0.001500000000000028	0.0014999999999998368	1.0073788878628174	1.7390602846667492e-19	-2.9491383293778207e-18	-1.171751497913709e-19	1.0451818205263887	-7.459812390205045e-18	9.199455433539505e-20	2.7411341425864765e-19	0.9506465877505701	198.4626242418028	-0.11885834557982944	1.0887196659105098	-0.12331518149478363	-0.009011217320416964	-1.5028715648916748	1.0274173854454574	-1.3669508664358623	-0.007656437228709899	1599.565890624997	199.74126168409424	-0.12411313404023108	1.034025801773424	-0.12410966563941574	-0.00940960786302883	-1.427372007237472	1.0340367393057146	-1.4273844658086448	-0.007271801816424065	0.007351797054835135	0.0	0.0	0.0	0.044190861216450515	0.0	0.0	0.0	-0.05061290721859358	199.77304562122302	0.055186105536518926
336	988.44	nan	nan	1	1	0.001500000000000045	0.001500000000000028	0.0014999999999998368	1.0148798878627878	-3.0769657655138617e-19	-1.6225085511245573e-19	4.3286771736483764e-20	1.042169920946146	3.44181334908239e-18	1.5871364552472178e-19	6.9334728930448e-20	0.9463712784975347	202.5199324888445	-0.12969258830207203	1.145079206149577	-0.13317857131572083	-0.008119716801695685	-1.6002443815329483	1.0677887765484813	-1.4531542186953843	-0.006953641098253854	1599.565890624997	205.3372248191239	-0.13503270269501438	1.0826357096490924	-0.13503124311406847	-0.008454047522726247	-1.5129798028893642	1.0826429841988525	-1.5129880909313673	-0.006574444915795432	0.014770268410368633	0.0	0.0	0.0	0.04130500196167871	0.0	0.0	0.0	-0.055120314942533305	205.37015423498616	0.0575164275395892
340	1063.45	nan	nan	1	1	0.001500000000000045	0.001500000000000028	0.0014999999999998368	1.022380887862794	-2.882893576638956e-19	-1.6355731873030077e-18	-1.6187138435208582e-19	1.039174250918361	3.785600305450387e-18	-7.914675859144182e-20	-2.846030702774449e-20	0.9421587342751278	206.25636854125838	-0.15116359234160895	1.1831715161235463	-0.15364693865009213	-0.007245898103566206	-1.6737944404619614	1.0903392387553184	-1.5175385636962588	-0.006078904565589349	1599.565890624997	210.66622419099207	-0.1569316002430625	1.1136445767367458	-0.15693198058728136	-0.007522382651644742	-1.5754369301415299	1.1136511911869333	-1.5754438720484145	-0.005721688706763905	0.022134111061474008	0.0	0.0	0.0	0.03842640827509285	0.0	0.0	0.0	-0.05958151087854009	210.69952229333515	0.060641815485805675
344	1138.46	nan	nan	1	1	0.001500000000000045	0.001500000000000028	0.0014999999999998368	1.029881887862813	-1.0332446703786857e-19	-2.2622962531082535e-18	-9.40545384631175e-21	1.0361973236651474	4.262635708816853e-18	1.4381941818020216e-19	-3.1864701849348976e-19	0.9380053994132392	209.7349845356779	-0.18017729802567822	1.2102073159972553	-0.18128419026888415	-0.008722819501318972	-1.7316881472782315	1.1022495169860078	-1.5675962896165987	-0.007358097492085497	1599.565890624997	215.78590519326735	-0.18651222847005153	1.1340439534606765	-0.18651429651091536	-0.009029508831357681	-1.622705834563682	1.1340497642690932	-1.622712075947036	-0.006895021918618653	0.029444123688359112	0.0	0.0	0.0	0.03555759255903319	0.0	0.0	0.0	-0.06399957368838635	215.8213505139403	0.06443037315546453
348	1213.4700000000003	nan	nan	1	1	0.001500000000000045	0.001500000000000028	0.0014999999999998368	1.037382887862819	4.692969103603506e-19	6.8296334299750015e-18	5.590688502421504e-19	1.0332409466863979	-5.15742776176914e-18	2.9175880461584923e-19	-2.753873518113181e-20	0.9339087021943278	213.01728176254082	-0.21595902197473837	1.2299149953889021	-0.21508528539809385	0.020550442042710965	-1.7796343109395312	1.1072311879289034	-1.6085347258305567	0.015094392615672511	1599.565890624997	220.75411489863453	-0.22290912647499084	1.1474516851018581	-0.2228972288675874	0.021211806955448595	-1.6603134335368839	1.1474460609814763	-1.66030141904199	0.014082344151732056	0.03670108758301636	0.0	0.0	0.0	0.03270041239347936	0.0	0.0	0.0	-0.06837659478767276	220.76448333373267	0.06875703780554036
352	1288.48	nan	nan	1	1	0.001500000000000045	0.001500000000000028	0.0014999999999998368	1.044883887862843	8.695301423333746e-20	3.3285006695304984e-19	-2.360308129500943e-19	1.0303052671927995	-6.103638102751552e-18	1.962405932198763e-19	2.7863995832877465e-20	0.9298665302975098	216.08756839219586	-0.25787736890756513	1.245834984951362	-0.2542688580437286	0.018899399409728446	-1.822056515875565	1.108693117460852	-1.644423875610185	0.013557828769407447	1599.565890624997	225.55021553430706	-0.2654144613783473	1.1572483491093266	-0.26540349434325144	0.019451780262677312	-1.6924969361517883	1.1572436742442853	-1.6924861575550518	0.012593782603974828	0.04390576715039525	0.0	0.0	0.0	0.029855134246217708	0.0	0.0	0.0	-0.07271421894334412	225.56261813439792	0.073512075584351
356	1363.4900000000002	nan	nan	1	1	0.001500000000000045	0.001500000000000028	0.0014999999999998368	1.0523848878627988	-2.7300210703185e-19	3.361677256008555e-18	-2.1467203015212988e-19	1.0273910231263996	-1.486283969162616e-17	1.9884267843384152e-19	-6.537739100087592e-20	0.9258772814029012	218.9889228791143	-0.30417336910653575	1.261544844712427	-0.2969392151884007	0.017925825017558142	-1.8620723353667528	1.109890363844926	-1.6780768308594805	0.012556993450523274	1599.565890624997	230.2146478259024	-0.3121714325384707	1.1667889927408994	-0.31216079768579574	0.01839717425493989	-1.7222102834469821	1.1667851317711169	-1.7222008939761748	0.01161382554207175	0.05105891039142649	0.0	0.0	0.0	0.027022601545854306	0.0	0.0	0.0	-0.07701357860106328	230.22847316740834	0.07860425965162876
360	1438.5	nan	nan	1	1	0.001500000000000045	0.001500000000000028	0.0014999999999998368	1.0598858878627804	-1.8539857149502127e-20	-4.362937962298918e-18	2.91325123746855e-19	1.0244984728501119	7.828298827314977e-18	2.439454888092385e-20	-2.54679090316845e-19	0.9219394523880582	221.73756566280838	-0.35274831538940327	1.2782701751107897	-0.3409618914883496	0.017085604839574022	-1.901373275180964	1.1118952834073557	-1.7110247194084525	0.011744172752922432	1599.565890624997	234.7607887081152	-0.36099687188073654	1.1772053603038848	-0.3609874687942488	0.01748512928961213	-1.7510436017859736	1.1771997808007235	-1.7510347873248036	0.01081563458669984	0.058161249369338856	0.0	0.0	0.0	0.024203198066240408	0.0	0.0	0.0	-0.08127572744301145	234.77591660411565	0.08395980980003083
364	1513.5100000000002	nan	nan	1	1	0.001500000000000045	0.001500000000000028	0.0014999999999998368	1.0673868878627915	-1.8344700758454734e-19	1.8482936535446636e-18	4.589969897217383e-19	1.0216276636096475	-7.247830536693394e-18	-2.5153490401663704e-20	-2.0285422647203788e-19	0.9180517583786578	224.34708301291928	-0.402971025124017	1.2962652863069883	-0.3856878209867067	0.016266866706825478	-1.9401621832527616	1.1149011900755859	-1.7434543880438351	0.010991320914466503	1599.565890624997	239.199692032261	-0.4112300001416246	1.1887194894486148	-0.411221785287493	0.016600259525093454	-1.7791949103985651	1.1887117841292554	-1.779186848537145	0.010079416245908973	0.0652135006589992	0.0	0.0	0.0	0.021397104079092694	0.0	0.0	0.0	-0.08550150827493545	239.21612429620956	0.08951995910338212
368	1588.5200000000002	nan	nan	1	1	0.001500000000000045	0.001500000000000028	0.0014999999999998368	1.0748878878628065	1.7845967759111402e-19	-8.3830511976579205e-19	1.7667074400651294e-19	1.0187784192250118	-9.815959893869075e-19	-5.220433460517704e-19	6.156099935372694e-19	0.9142131409382525	226.82885297623147	-0.45511174612883704	1.3162259491364523	-0.43134804165089763	0.015514797436249997	-1.9778816747126944	1.1194662045050197	-1.7748680387684437	0.010317878747213174	1599.565890624997	243.54044786435114	-0.46313480065889434	1.2019531575166862	-0.4631275689608952	0.015788304035261377	-1.8061649108764524	1.2019427741969235	-1.8061567567147916	0.009422095763439105	0.0722163657808284	0.0	0.0	0.0	0.018604281355634713	0.0	0.0	0.0	-0.08969153893900238	243.55815392281977	0.09523819250287754
372	1663.5300000000002	nan	nan	1	1	0.001500000000000045	0.001500000000000028	0.0014999999999998368	1.082388887862844	-2.439454888092385e-20	-3.4737837606435564e-19	-3.34449265157466e-19	1.0159504446729142	-3.822158247453883e-18	4.450649918052996e-19	3.3642793412225205e-19	0.910422670360234	229.19197082259225	-0.5088378397256615	1.3393062356111576	-0.47759929655619177	0.014808260267958841	-2.0142421439005567	1.1265090776928497	-1.8050118508709645	0.009698751107117333	1599.565890624997	247.79002007094755	-0.5163604987598385	1.2179348038219275	-0.5163546473935359	0.015027185599740901	-1.831706255934754	1.2179209680416094	-1.8316971475345767	0.008819824930908611	0.07917053161964072	0.0	0.0	0.0	0.0158245730385208	0.0	0.0	0.0	-0.09384631438206605	247.80899999882826	0.10107779513991334
376	1738.5400000000002	nan	nan	1	1	0.001500000000000045	0.001500000000000028	0.0014999999999998368	1.0898898878627903	7.198560324217507e-19	1.216691677963233e-18	-9.215718466126788e-22	1.013143398214504	-1.0198710365810771e-17	-7.54604712049911e-20	-6.526897078362736e-19	0.9066794832340959	231.44386080974004	-0.5624135882017456	1.3654248273638978	-0.522806756582402	0.01413246795431814	-2.0480263358360644	1.1358816599505068	-1.8328042951541588	0.009159067903942494	1599.565890624997	251.95382624771153	-0.5691403719092659	1.2365573218036339	-0.5691365597179354	0.014301500241546717	-1.8547355446246176	1.2365405994691572	-1.854725668197681	0.00829464372592542	0.0860766708287905	0.0	0.0	0.0	0.013057773209174412	0.0	0.0	0.0	-0.09796627254015625	251.97403938358846	0.10700976398653099
380	1813.5500000000002	nan	nan	1	1	0.001500000000000045	0.001500000000000028	0.0014999999999998368	1.0973908878628136	-8.260536352167058e-19	-1.8636893243939577e-18	7.583994196536104e-20	1.010356932997579	8.184330491968484e-18	-1.968911145233676e-19	3.6201510539290993e-19	0.9029827454940402	233.59090934877568	-0.6147421014260095	1.393316573834415	-0.5659851227083836	0.013428975366331128	-2.0777362414007494	1.1464671916348401	-1.8569177093962366	0.008672721918705923	1599.565890624997	256.0363690615213	-0.620371954078025	1.2566479512755842	-0.620369928629047	0.013551958894553132	-1.8739337779223026	1.2566297969929212	-1.8739234961587972	0.00782202583087902	0.092935442220998	0.0	0.0	0.0	0.010303667429950779	0.0	0.0	0.0	-0.1020518337277333	256.05776054106764	0.11301111708089152
384	1888.5600000000002	nan	nan	1	1	0.001500000000000045	0.001500000000000028	0.0014999999999998368	1.1048918878628262	-5.83626029448947e-19	2.562945515538484e-18	-1.4783096621839852e-19	1.0075907184475141	1.016358221542224e-17	4.3845135855313795e-19	1.3029941708930793e-18	0.8993316343980257	235.63891058940357	-0.6658817400330875	1.4216621726287593	-0.6072411826873159	0.012667529500688038	-2.1029894298040244	1.157151391144591	-1.8770282304177484	0.008232299545448601	1599.565890624997	260.04168875413575	-0.670127515622066	1.2770046087789317	-0.6701271119956078	0.012748299830152243	-1.889005169988716	1.2769860510082005	-1.8889964826784802	0.00739464315980767	0.09974749114499891	0.0	0.0	0.0	0.0075620539091461785	0.0	0.0	0.0	-0.10610341998956405	260.06419658145086	0.11906356137226634
388	1963.5700000000002	nan	nan	1	1	0.001500000000000045	0.001500000000000028	0.0014999999999998368	1.1123928878628053	5.9631119486702744e-21	3.230055112268815e-18	-2.0274580625478933e-20	1.0048444792358129	-5.393417917137766e-18	4.130810277169772e-19	-1.448494102440634e-19	0.8957253034802448	237.5931845336456	-0.714752981751872	1.4507079144993178	-0.6456476961605152	0.011823292509798895	-2.1238193481951986	1.1681289260271115	-1.8931830523188715	0.007849755346247407	1599.565890624997	263.97347217106005	-0.7173364999515763	1.297845292228269	-0.7173348195541428	0.011866028520923515	-1.9000302645689782	1.2978278360638826	-1.9000260778058722	0.007022618350287959	0.1065134498502271	0.0	0.0	0.0	0.004832782507440299	0.0	0.0	0.0	-0.11012149394997622	263.9970363221476	0.12515247825702663
392	2038.5800000000002	nan	nan	1	1	0.001500000000000045	0.001500000000000028	0.0014999999999998368	1.1198938878627993	4.163336342344337e-20	-2.252538433555884e-18	3.2612801348363973e-19	1.002118060484885	4.716713131180938e-18	-1.205632815803881e-19	4.011548038196366e-21	0.8921628211566631	239.45814149157454	-0.760170287445582	1.4803631540938633	-0.6802224589988568	0.010749202604005775	-2.140736400859423	1.1793178337387145	-1.9058491074323214	0.007446561177119028	1599.565890624997	267.8345487837723	-0.7608339702280731	1.319084154796362	-0.760830574578552	0.0107585874231859	-1.907512665497221	1.3190700383147262	-1.9075130493931145	0.006635291367051039	0.1132339378389601	0.0	0.0	0.0	0.0021158205570875315	0.0	0.0	0.0	-0.11410662813060578	267.8592153263008	0.13126616429783167
396	2113.59	nan	nan	1	1	0.001500000000000045	0.001500000000000028	0.0014999999999998368	1.1273948878628175	3.057450126409122e-20	5.864449550974093e-19	2.6947844997127213e-19	0.9994113880874254	-7.211841800830454e-19	-3.67544536472586e-19	-6.17886818099489e-19	0.888643207180234	241.23762835712563	-0.8016421095515974	1.5089184552947004	-0.7106353747243118	0.009205029321683066	-2.1546458739956518	1.1893595675959951	-1.9158425150269407	0.006829063529111357	1599.565890624997	271.6272463210945	-0.8001603654582016	1.3391999218911692	-0.800156805094135	0.009188014873883453	-1.9122978952461367	1.3391876981707413	-1.912301298445759	0.006060951347426922	0.11990956220660696	0.0	0.0	0.0	-0.000588785212574311	0.0	0.0	0.0	-0.11805946578190704	271.65325458285014	0.13739518898739916
400	2188.6000000000004	nan	nan	1	1	0.001500000000000045	0.001500000000000028	0.0014999999999998368	1.1348958878628042	9.417380070209091e-19	-7.353059133796691e-19	5.99563801384484e-20	0.9967243881562242	-4.4119981106038875e-18	5.507747036226363e-20	-6.609296443471635e-19	0.8851655069340126	242.9352890005895	-0.8396550370774144	1.5357632160483603	-0.7374262511906671	0.007076592932614413	-2.1664032068272343	1.197813175129896	-1.9239321820953643	0.005826052716752815	1599.565890624997	275.3537773150638	-0.8358346925489413	1.3576666626740397	-0.8358320629002751	0.007044395158651861	-1.9151737592644948	1.3576552984402632	-1.915178487470242	0.005150427791120986	0.12654091797078781	0.0	0.0	0.0	-0.0032809884044789103	0.0	0.0	0.0	-0.12198063797428933	275.38150648155454	0.14353187640711765
