6	header
postResults v2.0.3	--cr f,p,texture --time RVE_1_40_D_tensionX.spectralOut
addCauchy v2.0.3	RVE_1_40_D_tensionX.txt
addStrainTensors v2.0.3	--left --logarithmic RVE_1_40_D_tensionX.txt
addMises v2.0.3	-s Cauchy RVE_1_40_D_tensionX.txt
addMises v2.0.3	-e ln(V) RVE_1_40_D_tensionX.txt
inc	time	elem	node	ip	grain	1_pos	2_pos	3_pos	1_f	2_f	3_f	4_f	5_f	6_f	7_f	8_f	9_f	1_p	2_p	3_p	4_p	5_p	6_p	7_p	8_p	9_p	texture	1_Cauchy	2_Cauchy	3_Cauchy	4_Cauchy	5_Cauchy	6_Cauchy	7_Cauchy	8_Cauchy	9_Cauchy	1_ln(V)	2_ln(V)	3_ln(V)	4_ln(V)	5_ln(V)	6_ln(V)	7_ln(V)	8_ln(V)	9_ln(V)	Mises(Cauchy)	Mises(ln(V))
0	0.0	nan	nan	1	1	6.000000000000838e-05	6.000000000000867e-05	5.999999999999513e-05	1.0	0.0	0.0	0.0	1.0	0.0	0.0	0.0	1.0	2.7716487604837305e-06	-1.193192284640359e-09	-2.8066754232013673e-08	-1.19319228464005e-09	2.7018729684353462e-06	-1.6832583398956398e-08	-2.8066754232013544e-08	-1.6832583398956544e-08	2.6991213888906947e-06	1599.565890624997	2.7716487604837305e-06	-1.193192284640359e-09	-2.8066754232013673e-08	-1.19319228464005e-09	2.7018729684353462e-06	-1.6832583398956398e-08	-2.8066754232013544e-08	-1.6832583398956544e-08	2.6991213888906947e-06	0.0	0.0	0.0	0.0	0.0	0.0	0.0	0.0	0.0	9.102600058541354e-08	0.0
2	2.0	nan	nan	1	1	6.000000000000838e-05	6.000000000000867e-05	5.999999999999513e-05	0.9999331859138993	-1.0533317920250254e-23	-2.785613430833576e-23	2.4418371682565377e-24	1.000200000000001	-2.966170414941651e-22	-2.7760181357279608e-24	1.7503141761622066e-23	0.9999338800589289	-1.44346873773884e-05	-494.16260336327946	2741.2009144924095	-494.2944617166574	14158906.776121955	727.4803459863425	2741.2028174104894	727.2867876711791	-8.217048227379565e-06	1599.565890624997	-1.4432755310115617e-05	-494.22830093829157	2740.8359103821235	-494.2283009382722	14160789.164294763	727.3834784728986	2740.8359103820717	727.3834784728772	-8.215954087814103e-06	-6.681631826113055e-05	0.0	0.0	0.0	0.0001999800026671327	0.0	0.0	0.0	-6.612212709097142e-05	14160790.041961579	0.0001776332690461111
4	4.0	nan	nan	1	1	6.000000000000838e-05	6.000000000000867e-05	5.999999999999513e-05	0.9998663539893823	1.096676056122804e-23	-6.901664158897442e-22	8.87399361146888e-24	1.0003999999999935	-1.5827075317242619e-21	-6.008639969585193e-24	-2.142728658757363e-23	0.9998677425139985	4.3046551281804565e-06	-988.3614006128337	5482.594259827375	-988.888906230318	28326310.375529774	1455.4063112536628	5482.601873562019	1454.6319700857644	3.309657767204044e-06	1599.565890624997	4.303503125099177e-06	-988.624261786274	5481.134630764876	-988.6242617862578	28333843.942886744	1455.0188389642733	5481.134630764885	1455.018838964237	3.308776638228354e-06	-0.00013365494204156818	0.0	0.0	0.0	0.0003999200213202327	0.0	0.0	0.0	-0.0001322662327942928	28333845.697178632	0.0003552546439162793
6	6.0	nan	nan	1	1	6.000000000000838e-05	6.000000000000867e-05	5.999999999999513e-05	0.9997995042228782	9.988702204945341e-23	1.7734752333136914e-22	-1.257314531080602e-24	1.000599999999987	-1.0945915609791704e-21	-2.5821270001455313e-23	1.3213713977167085e-22	0.9998015873617151	-2.614817008634418e-06	-1482.5963387183247	8224.179771050012	-1483.7833888251876	42502212.49608148	2183.7779609295185	8224.196906593981	2182.0354505125265	-3.5838810872519387e-06	1599.565890624997	-2.613767663735648e-06	-1483.1879358650256	8220.89647714467	-1483.1879358650538	42519172.06018165	2182.9061433052275	8220.896477144754	2182.906143305171	-3.5824503141828375e-06	-0.0002005158790870514	0.0	0.0	0.0	0.0005998200719544568	0.0	0.0	0.0	-0.00019843232467670608	42519174.690106444	0.000532864140378492
8	8.0	nan	nan	1	1	6.000000000000838e-05	6.000000000000867e-05	5.999999999999513e-05	0.999732636610824	-4.5025095102486404e-23	-5.672076721949617e-22	2.456395547037471e-23	1.0008000000000166	2.9100875694105555e-22	-3.936056226772327e-23	3.6740054087155275e-23	0.9997354145986068	-1.1445425800047815e-05	-1976.867365471936	10965.957183086732	-1978.977965620365	56686614.83616172	2912.5953601504507	10965.987654528875	2909.497132232206	-1.2369624018901959e-05	1599.565890624997	-1.1439303451326182e-05	-1977.9193773736672	10960.121765243533	-1977.9193773736931	56716781.24718053	2911.0454534117257	10960.121765243648	2911.0454534117757	-1.2363041654635453e-05	-0.0002673991371388652	0.0	0.0	0.0	0.0007996801705813279	0.0	0.0	0.0	-0.0002646204102851933	56716784.75172705	0.0007104617742035963
10	10.0	nan	nan	1	1	6.000000000000838e-05	6.000000000000867e-05	5.999999999999513e-05	0.999665746935464	-1.9289851884736606e-23	-9.969313091387097e-22	3.9148804030909696e-23	1.0009999999999684	-2.367668845812583e-21	-4.836028733230021e-23	2.0588194574199837e-22	0.999669208246776	0.0006648228018775626	-2476.441642136292	13670.712813405438	-2479.7469467939422	70875214.1597971	3680.1593467434504	13670.760147820587	3675.266713667969	0.0006979203795999638	1599.565890624997	0.0006643784141347514	-2478.089408657687	13661.622196734013	-2478.0894086570393	70922372.87458451	3677.712150436452	13661.622196734585	3677.7121504369748	0.0006974562833436299	-0.0003343089395429007	0.0	0.0	0.0	0.0009995003330517025	0.0	0.0	0.0	-0.00033084647688423716	70922377.23726031	0.0008880542774970631
12	12.0	nan	nan	1	1	6.000000000000838e-05	6.000000000000867e-05	5.999999999999513e-05	0.9995987130556238	-1.402104225501884e-22	-5.873908791412556e-22	4.820146865469003e-23	1.0012000000000123	-2.608517370408423e-21	-1.5431881507789283e-23	-8.735027268559973e-24	0.9996024975240857	-0.021090984740907516	-3118.862140331826	15182.740404149205	-3123.858338521616	84941289.06735428	5632.161264148033	15182.79788579561	5623.174656446639	-0.016358860634813028	1599.565890624997	-0.021074082893962637	-3121.3549477457573	15170.630728655253	-3121.35494779976	85009179.94088723	5627.669081352113	15170.630728632806	5627.669081285798	-0.016345812891884866	-0.00040136748152850047	0.0	0.0	0.0	0.0011992805754946064	0.0	0.0	0.0	-0.00039758150096572185	85009184.75134222	0.0010658389525353945
14	14.0	nan	nan	1	1	6.000000000000838e-05	6.000000000000867e-05	5.999999999999513e-05	0.9995304025707326	1.817415067452508e-22	-5.038257849386985e-22	3.0546125660358204e-23	1.0014000000000176	2.1343112688440234e-21	-1.3181950241645049e-23	1.1270832154402534e-22	0.9995304746451654	-0.28683961219275445	-4698.3231429922835	1921.0220987862658	-4707.1112644841505	97612313.83004217	19911.38284665965	1921.0222248939456	19874.21006582127	2.864053599104085	1599.565890624997	-0.2865731515159835	-4702.738555020031	1919.2376968759356	-4702.738576752557	97704048.38541949	19892.887531269294	1919.2376844735197	19892.887543614062	2.861393232668551	-0.00046970772467120746	0.0	0.0	0.0	0.0013990209137249258	0.0	0.0	0.0	-0.00046963561637907103	97704053.56948426	0.0012457950568623307
16	16.0	nan	nan	1	1	6.000000000000838e-05	6.000000000000867e-05	5.999999999999513e-05	0.9994593369977864	2.549569171235444e-22	-1.9494992676649758e-21	-9.296186596115946e-23	1.0015999999999925	4.598118354169969e-21	-4.0604641909003023e-23	-1.0947900843261832e-22	0.9994428055921917	111.46247948641421	-4908.388426587625	-58720.98307509653	-4918.900647802735	106348545.11286007	68017.31776798445	-58720.011899991776	67870.82577399325	442.95642194151355	1599.565890624997	111.3464660355675	-4913.78157780572	-58658.8942816454	-4913.780910280717	106465396.86454932	67945.3994693995	-58658.894371962015	67945.39966564236	442.4880607467664	-0.0005408092131574811	0.0	0.0	0.0	0.0015987213636897578	0.0	0.0	0.0	-0.0005573496982994915	106465233.8100921	0.0014318990576822144
18	18.0	nan	nan	1	1	6.000000000000838e-05	6.000000000000867e-05	5.999999999999513e-05	0.9993872647552844	-9.266540442962046e-22	-2.0915361050076813e-21	-5.069492189316988e-22	1.0018000000000058	1.3317475513205736e-21	-1.0042634380883798e-22	1.3840518358135267e-21	0.9993393090927133	-255.51562219517234	230.18263783231274	-156589.28835829132	230.74176464056652	111474751.97958718	148566.83256238844	-156581.77576985455	148201.9128621467	223.0953042917611	1599.565890624997	-255.22514539121676	230.4760387441663	-156403.76817812095	230.4794514021192	111616842.60026763	148390.81703901978	-156403.76953527456	148390.81753706778	222.83099067566837	-0.0006129230436736157	0.0	0.0	0.0	0.0017983819413853817	0.0	0.0	0.0	-0.0006609092597049084	111617483.46042353	0.0016237684303741983
20	20.0	nan	nan	1	1	6.000000000000838e-05	6.000000000000867e-05	5.999999999999513e-05	0.9993159362870474	-3.3881317890172015e-22	-2.5347143309229716e-20	-1.1091896444295064e-21	1.0020000000000058	-5.6202753632690964e-21	-1.6792428179316505e-22	-7.928228386300252e-22	0.9992263891151755	-170.76341229705844	10252.132104991373	-257790.17821772047	10279.671256791247	114730744.40760076	245132.39808923934	-257767.0800882	244453.85251288716	256.657330010187	1599.565890624997	-170.5545099881147	10267.09275195232	-257451.74035720623	10267.09568786908	114898167.74404147	244810.57789839414	-257451.74240856612	244810.577118875	256.3203794007632	-0.0006842977912900396	0.0	0.0	0.0	0.0019980026626788194	0.0	0.0	0.0	-0.0007739102761433004	114899773.95029472	0.0018188071465302382
22	22.0	nan	nan	1	1	6.000000000000838e-05	6.000000000000867e-05	5.999999999999513e-05	0.999245590499625	1.5424469969500809e-21	1.7021868228904012e-20	-2.0837010502455788e-21	1.0021999999999998	3.1457109595130204e-20	-1.4611318340136682e-23	-1.0164395367051604e-23	0.9991084102356811	-97.6409094520394	24931.886629567012	-348087.93406301684	25005.602462042287	117101900.30580409	342806.97878195	-348040.1490017294	341749.48656157433	281.95522748479027	1599.565890624997	-97.51351304596312	24972.975331182075	-347586.04386906774	24972.976548341627	117294888.71104239	342312.7029273987	-347586.045650973	342312.7027709637	281.5486906590073	-0.0007546942104230856	0.0	0.0	0.0	0.0021975835434867586	0.0	0.0	0.0	-0.000891987466882315	117297848.16675064	0.0020155088909428256
24	24.0	nan	nan	1	1	6.000000000000838e-05	6.000000000000867e-05	5.999999999999513e-05	0.9991759456910327	-5.446421850845151e-22	-4.5878586675963515e-20	-2.8892293830844185e-21	1.0024000000000113	1.760303870983887e-20	-3.000614215648359e-22	1.1193540397965578e-21	0.9989875848198653	-58.15771541689301	43122.771996739495	-426826.45329713466	43261.91764189204	119001244.68348712	432913.6524115548	-426745.9910974767	431439.9093358125	259.41546351257136	1599.565890624997	-58.077269395441974	43202.0752469491	-426155.697882397	43202.07606920157	119220089.27638812	432233.33099701785	-426155.69938969763	432233.3320564821	259.00779354396093	-0.000824394028363633	0.0	0.0	0.0	0.002397124599732527	0.0	0.0	0.0	-0.0010129280185495844	119224647.76402378	0.002213202114387341
26	26.0	nan	nan	1	1	6.000000000000838e-05	6.000000000000867e-05	5.999999999999513e-05	0.9991067012577364	1.746581937238367e-21	9.169555170501428e-21	-1.9134474278474644e-21	1.0026000000000066	4.124161068533826e-20	-2.278518628114068e-22	-3.904821886842325e-21	0.9988650298104301	-24.194036061360837	62630.76356536406	-495695.82219962246	62849.74834162818	120603162.89863476	511940.2322106134	-495575.92073882086	510033.11089283985	214.0532146455243	1599.565890624997	-24.158714115492703	62757.990018459954	-494852.40630806296	62757.991207633735	120848152.92868167	511069.1768011505	-494852.40748119436	511069.17847315344	213.68900765650767	-0.0008936979713566962	0.0	0.0	0.0	0.002596625847272115	0.0	0.0	0.0	-0.00113561475599075	120854388.37486425	0.0024115695216656097
28	28.0	nan	nan	1	1	6.000000000000838e-05	6.000000000000867e-05	5.999999999999513e-05	0.999037619433763	-4.726443845678996e-22	1.4049544913693948e-19	8.334804200982315e-22	1.0028	9.242823520438926e-21	1.6432439176733427e-22	2.1277467635028025e-21	0.9987413555961323	26.304971069672785	81617.49431530335	-555514.4950465935	81924.86740944743	121987000.1296263	578885.0753538545	-555349.7581899891	576542.14791045	170.1183857457964	1599.565890624997	26.26458057317478	81799.07301620263	-554497.0347037346	81799.07422528349	122258390.97782567	577824.8102977716	-554497.0352425324	577824.8113285014	169.80680303709858	-0.0009628439517401126	0.0	0.0	0.0	0.002796087302001631	0.0	0.0	0.0	-0.0012594371620058224	122266243.54999529	0.0026104410176952066
30	30.0	nan	nan	1	1	6.000000000000838e-05	6.000000000000867e-05	5.999999999999513e-05	0.9989685130835116	4.302927372051846e-21	-4.6507720397536647e-20	3.491469808582226e-21	1.0030000000000052	4.705437428587089e-20	3.731180132655193e-22	-2.6393546636444e-21	0.9986169459230367	78.38334183660099	99222.66623269186	-606589.560270269	99623.09516550352	123194467.3690794	633897.9543977143	-606376.0825974673	631127.8559720267	137.61910205870336	1599.565890624997	78.25712899245161	99462.68105975109	-605399.6964326826	99462.68207403293	123492468.82280874	632654.5234156153	-605399.6959288772	632654.523707886	137.34915347464295	-0.0010320192652231194	0.0	0.0	0.0	0.002995508979803905	0.0	0.0	0.0	-0.0013840113790217603	123501794.27969678	0.00280970859643785
32	32.0	nan	nan	1	1	6.000000000000838e-05	6.000000000000867e-05	5.999999999999513e-05	0.9988992422478008	1.5670109524204557e-21	5.2844479755064473e-20	6.579751934271405e-21	1.00319999999998	7.015126869160115e-20	3.447424095325002e-22	5.321908007598769e-21	0.9984920750717479	116.07245554796246	115125.92728360432	-649556.4630789119	115621.60236406307	124254051.54182518	677921.5605382471	-649291.6919914252	674740.1368416941	103.84743826946348	1599.565890624997	115.87694221059508	115426.8477096699	-648198.0216357573	115426.84844726825	124578831.39821869	676503.7981182137	-648198.0200687727	676503.7976803319	103.63025828292007	-0.0011013640309652495	0.0	0.0	0.0	0.0031948908964993684	0.0	0.0	0.0	-0.0015090629912665869	124589451.04168184	0.003009289581066647
34	34.0	nan	nan	1	1	6.000000000000838e-05	6.000000000000867e-05	5.999999999999513e-05	0.9988297144153575	1.3179832659276914e-21	-6.398063367085357e-20	4.926343621231011e-21	1.0034000000000085	1.57378721599849e-20	-1.3616054627112877e-21	-4.87890977618477e-22	0.9983669497589635	132.82951871000236	129230.7903238668	-685564.7388631139	129822.10490427817	125190044.26591122	712443.8727783046	-685247.1097351569	708870.2561689159	67.6349115526292	1599.565890624997	132.5959645244096	129593.83770054072	-684042.2418000876	129593.83865535	125541739.99602732	710861.6827349911	-684042.2395210785	710861.6816353961	67.48470844508944	-0.0011709709035487063	0.0	0.0	0.0	0.0033942330680242472	0.0	0.0	0.0	-0.0016343851210634697	125553468.53357254	0.0032091134438825284
36	36.0	nan	nan	1	1	6.000000000000838e-05	6.000000000000867e-05	5.999999999999513e-05	0.9987598797050338	9.779842408998151e-21	6.148273350940064e-20	2.5258522487123238e-21	1.0036000000000076	-2.3255289566866814e-20	-2.264966100957999e-21	5.440492620214371e-21	0.9982417224421517	131.70150617541756	141715.56025784154	-716014.1603596079	142402.33350843904	126024348.54125765	739174.8654617384	-715642.6891220844	735228.3670291909	34.55069797831506	1599.565890624997	131.46022504552823	142141.44693114716	-714331.6127696326	142141.448140264	126403079.64501289	737437.8929864618	-714331.6101402057	737437.8912535193	34.46950797281826	-0.0012408898804574097	0.0	0.0	0.0	0.0035935355101377403	0.0	0.0	0.0	-0.0017598251421547348	126415744.41179806	0.003409119564950499
38	38.0	nan	nan	1	1	6.000000000000838e-05	6.000000000000867e-05	5.999999999999513e-05	0.9986897188635614	-1.444191175068582e-20	1.6789463564001114e-20	-2.3818566476790924e-21	1.0037999999999985	3.464364754270088e-22	-9.944166800765485e-22	-5.21772295508649e-22	0.9981165019035725	121.48100864859457	152874.87277695394	-742141.565478863	153657.1323433525	126776149.44311255	759705.2390559615	-741715.5962454639	755403.7987244994	8.568532774145599	1599.565890624997	121.24950156621635	153364.3060229778	-740302.1073721743	153364.30703023457	127182026.88531902	757822.247958739	-740302.1044120375	757822.2454355421	8.547294970191498	-0.001311140305350744	0.0	0.0	0.0	0.0037927982386947137	0.0	0.0	0.0	-0.0018852741093955498	127195475.7134874	0.003609257352866287
40	40.0	nan	nan	1	1	6.000000000000838e-05	6.000000000000867e-05	5.999999999999513e-05	0.9986192313016968	-1.548376227580861e-20	1.150399914895796e-19	-5.1940060325633694e-21	1.0039999999999896	-7.917216957985945e-20	-4.7942064814593395e-22	-2.1955093992831465e-21	0.9979913638715259	108.4141464546884	162866.76858753475	-764815.6202871049	163744.32932091304	127461603.36770023	775341.7939181466	-764334.7502401866	770701.604709411	-9.804283274670597	1599.565890624997	108.19955111179989	163420.21260519966	-762821.8266032581	163420.2132194101	127894735.69099501	773320.5596094696	-762821.8233466663	773320.5563606923	-9.778724541886946	-0.0013817228378007129	0.0	0.0	0.0	0.003992021269527062	0.0	0.0	0.0	-0.0020106561434588602	127908837.51305409	0.003809485790858202
44	48.666666666666664	nan	nan	1	1	6.000000000000838e-05	6.000000000000867e-05	5.999999999999513e-05	0.9983101800310049	-9.845910978883988e-21	-8.797157135241076e-20	-7.199780051661553e-21	1.0048666666666444	-2.5605128369139694e-19	-3.06287113727155e-21	1.105377996166862e-20	0.9974510845701386	161.4798043675059	192778.89034683187	-833869.7574008105	194044.96722365616	129920546.73474406	806705.194235666	-833152.1465694043	800751.9410404491	-677.4476679336882	1599.565890624997	161.10839369356336	193598.67001280913	-831235.8843364706	193598.65523848872	130473025.39158337	804157.1235530411	-831235.8598766743	804157.08647715	-675.3078719412874	-0.001691249325222314	0.0	0.0	0.0	0.004854862726160359	0.0	0.0	0.0	-0.002552169445445224	130489090.5443268	0.004677532398696804
48	57.33333333333333	nan	nan	1	1	6.000000000000838e-05	6.000000000000867e-05	5.999999999999513e-05	0.9979969821496645	-9.05647627204298e-21	3.514763214631719e-19	-2.715587628897287e-21	1.005733333333357	3.1594667745764306e-19	-7.37257477290143e-21	-5.715778328072019e-21	0.9969142083813337	170.41415348868713	208808.2201715825	-877076.5017306808	210426.8595016185	131969443.96890771	813258.9882230541	-876124.8958913637	806127.6165311537	-435.98533424223183	1599.565890624997	169.9671653655786	209874.93652076396	-873826.8867663823	209874.91997632297	132643622.23333783	810245.8205315642	-873826.8624545526	810245.7949600194	-434.3699854515932	-0.00200502657337685	0.0	0.0	0.0	0.005716960329252722	0.0	0.0	0.0	-0.0030905624907621608	132660310.37316105	0.005545366998723632
52	66.0	nan	nan	1	1	6.000000000000838e-05	6.000000000000867e-05	5.999999999999513e-05	0.9976809230510387	6.141835900540932e-21	5.378676155723752e-19	-3.501634203949278e-21	1.006600000000029	-3.325959570688736e-19	1.0526925468476445e-20	-3.431838689095523e-20	0.9963804344111765	159.17044004773732	217750.76321175107	-906233.8638305935	219697.39645798624	133820008.37154278	811179.844447469	-905052.5506158419	802944.2714107743	-283.3779156605894	1599.565890624997	158.7012326676299	219049.78285503088	-902384.6364555643	219049.76590687735	134618328.51046902	807734.3589189092	-902384.6096589268	807734.3367388452	-282.1742682645091	-0.002321770172576435	0.0	0.0	0.0	0.006578315360151845	0.0	0.0	0.0	-0.0036261320663351594	134635267.07219234	0.006412550709692609
56	74.66666666666666	nan	nan	1	1	6.000000000000838e-05	6.000000000000867e-05	5.999999999999513e-05	0.9973629500745796	-2.0196653594331538e-20	1.3845939368997695e-19	-1.0526925468476445e-20	1.007466666666666	-3.939042017911398e-20	1.3525422101756668e-20	3.266159044612582e-21	0.9958492173771987	166.71857809321122	222708.32534108238	-927332.2288314205	224964.437201935	135561119.82998937	806547.037462907	-925924.768070257	797246.4363288885	-187.1255394310037	1599.565890624997	166.17271873631643	224227.8923687477	-922893.1802194454	224227.87296044687	136486070.46940333	802686.1757395371	-922893.164128979	802686.1494411562	-186.22978778962803	-0.0026405330664002634	0.0	0.0	0.0	0.007438929096997987	0.0	0.0	0.0	-0.004159421033388435	136503073.64620543	0.007278954502256994
60	83.33333333333333	nan	nan	1	1	6.000000000000838e-05	6.000000000000867e-05	5.999999999999513e-05	0.9970437110624238	-1.182796807545905e-20	1.8551715610763687e-19	-9.153038028029969e-21	1.0083333333333442	-5.669022109383581e-20	-5.346471963069144e-21	2.876523888875604e-21	0.995320082988013	169.74440889105193	225461.60173025206	-943333.2049597243	228014.50508884992	137231899.77181113	801726.8115298139	-941702.4198996989	791379.9378809314	-123.63184417793131	1599.565890624997	169.13309136816227	227193.35370702186	-938310.9811435253	227193.33363852397	138285966.6811292	797458.4878179159	-938310.9727563552	797458.4619457116	-122.97363900821345	-0.002960667391162563	0.0	0.0	0.0	0.008298802814705415	0.0	0.0	0.0	-0.0046909021099041685	138302950.62205476	0.00814455258340327
64	92.0	nan	nan	1	1	6.000000000000838e-05	6.000000000000867e-05	5.999999999999513e-05	0.9967236291123496	1.5878479629229113e-20	4.76872773040593e-19	-5.87163239036681e-21	1.0092000000000119	3.709529970523373e-19	-1.436906691722195e-20	-3.140798168418946e-21	0.994792688636816	169.09063383732186	226983.19541401239	-956362.8710295182	229824.41169724727	138851013.54498133	797647.5355139067	-954510.1181384244	786260.3157170742	-80.6501584016995	1599.565890624997	168.42622918582467	228921.38606697615	-950759.5822664994	228921.366953172	140036650.8170118	792974.1530479152	-950759.579459848	792974.1272480978	-80.17763260631656	-0.0032817499431478797	0.0	0.0	0.0	0.009157937784777826	0.0	0.0	0.0	-0.00522091666090051	140053585.04639786	0.00900934889122958
68	100.66666666666666	nan	nan	1	1	6.000000000000838e-05	6.000000000000867e-05	5.999999999999513e-05	0.9964029882247526	6.790324324958824e-20	-2.5857205374242573e-19	9.0801931945661e-21	1.010066666666662	4.622224911848827e-19	-4.7433845046240816e-21	5.24923258072435e-20	0.9942667899064143	166.76650837142245	227980.19244584636	-967897.9079315532	231106.46918314393	140428063.42928198	794788.5241748677	-965822.8224746941	782356.089658563	-50.17019413717394	1599.565890624997	166.05649360448047	230122.54112691522	-961710.7944556011	230122.52458024764	141747677.5292843	789707.9813323242	-961710.7949884582	789707.9543921817	-49.8494901851418	-0.003603496577379732	0.0	0.0	0.0	0.010016335275483505	0.0	0.0	0.0	-0.005749708030218135	141764565.60450292	0.009873355444695276
72	109.33333333333333	nan	nan	1	1	6.000000000000838e-05	6.000000000000867e-05	5.999999999999513e-05	0.9960819839575846	5.612440308506994e-21	7.24846750546973e-19	2.702035101741218e-21	1.0109333333333435	8.127179484951342e-19	-3.808260130855335e-21	-1.1397675338253865e-20	0.9937422115148443	164.4657106929206	228954.91292656786	-978687.8424266243	232368.56455348604	141968330.4648959	793404.9694725036	-976388.9301785047	779912.9331534896	-27.910647369727958	1599.565890624997	163.7114712581294	231302.9352704101	-971911.2106419792	231302.92276071664	143424271.32149795	787911.2736267563	-971911.2124114953	787911.2458775466	-27.717388424539934	-0.0039257115746589	0.0	0.0	0.0	0.01087399655188791	0.0	0.0	0.0	-0.006277450513648015	143441133.74163792	0.01073658515036854
76	118.0	nan	nan	1	1	6.000000000000838e-05	6.000000000000867e-05	5.999999999999513e-05	0.9957607538251119	6.823697423080643e-21	2.9347997556467e-19	-2.979184282082825e-20	1.0118000000000031	-1.7003000570003922e-19	1.3247595295057258e-20	-1.578869413682016e-20	0.9932188268188578	162.99641400924395	230154.46658539606	-989057.4243444687	233861.6772719523	143474963.50467935	793574.5538134035	-986532.6109706919	779000.9474992038	-10.104067780502199	1599.565890624997	162.19536209915253	232712.3646361361	-981684.2582286039	232712.35540242214	145069520.12972948	787658.6617058571	-981684.2599367823	787658.6330731378	-10.028744580495939	-0.004248257254761439	0.0	0.0	0.0	0.011730922875701991	0.0	0.0	0.0	-0.006804269810044029	145086382.5156426	0.011599049441151942
80	126.66666666666666	nan	nan	1	1	6.000000000000838e-05	6.000000000000867e-05	5.999999999999513e-05	0.9954393959209901	5.996146233613192e-21	1.212951180468158e-21	-2.0769247866675444e-21	1.0126666666666682	6.466723857789791e-19	2.8087612530952596e-20	4.078633047618907e-20	0.9926965438494346	162.2695245182694	231640.74530397702	-999134.4580995662	235649.55796404975	144950021.4938049	795223.2778140254	-996381.4265174239	779541.1811708489	4.603160661356582	1599.565890624997	161.41873478131143	234414.0396863416	-991157.3315671443	234414.031909298	146685420.33222976	788874.1857001213	-991157.3334889075	788874.155711774	4.5664088560844975	-0.004571035361174147	0.0	0.0	0.0	0.012587115505473114	0.0	0.0	0.0	-0.0073302569585187065	146702308.04671523	0.01246075769816106
84	135.33333333333331	nan	nan	1	1	6.000000000000838e-05	6.000000000000867e-05	5.999999999999513e-05	0.9951179807208368	7.336491169348397e-20	-4.640317535602179e-19	2.3805013949634856e-20	1.013533333333327	8.665147050411492e-19	2.0288133152635003e-20	2.0311850075158122e-20	0.9921752957473103	161.80408804801544	233381.17705407037	-1008967.5488476176	237700.05157507004	146394975.017755	798166.1813041227	-1005983.9108513725	781346.5131264599	16.60976495080441	1599.565890624997	160.90259349611023	236375.70819126	-1000379.050546248	236375.70121984888	148273379.76552606	791372.0590351056	-1000379.0523717266	791372.0280031358	16.468379890175783	-0.004893975264055911	0.0	0.0	0.0	0.01344257569648235	0.0	0.0	0.0	-0.007855477885843567	148290315.09851423	0.013321717317580823
88	144.0	nan	nan	1	1	6.000000000000838e-05	6.000000000000867e-05	5.999999999999513e-05	0.9947965595153812	1.7162581577266634e-20	-2.7792845065308103e-19	1.0584523708889737e-20	1.0144000000000177	9.867459497062136e-19	-5.773376568485311e-21	7.576540306600265e-20	0.9916550334656103	161.0109522395633	235311.95644040903	-1018587.3942831993	239949.00244789314	147810963.6135233	802176.4666902495	-1015370.7394385936	784189.9648246291	25.938299019015975	1599.565890624997	160.06101159233654	238533.34557085467	-1009380.2015828731	238533.33905657497	149834475.88526747	794925.450871738	-1009380.2032422574	794925.420290235	25.703838118825125	-0.005217025527523827	0.0	0.0	0.0	0.014297304700841687	0.0	0.0	0.0	-0.008379980698373236	149851477.43297604	0.014181934069261416
92	152.66666666666666	nan	nan	1	1	6.000000000000838e-05	6.000000000000867e-05	5.999999999999513e-05	0.9944751707016284	-2.3235807809079966e-20	-1.1256051429472947e-18	-3.607682728945516e-20	1.0152666666666494	4.283479495582887e-19	-4.1470733097570544e-21	4.526205256948079e-20	0.9911357200832176	159.61008497297456	237367.93269015368	-1028022.8284901069	242330.57903178997	149198934.10227793	807036.9540838735	-1024570.725957256	787855.1996997923	32.8177889680526	1599.565890624997	158.61602900161935	240821.34340557133	-1018189.6702606231	240821.33756268362	151369594.61196974	799317.5515116536	-1018189.6714744695	799317.5213285203	32.50388298977914	-0.00554014761453403	0.0	0.0	0.0	0.015151303767326577	0.0	0.0	0.0	-0.00890380137217651	151386677.36697733	0.015041412538290938
96	161.33333333333331	nan	nan	1	1	6.000000000000838e-05	6.000000000000867e-05	5.999999999999513e-05	0.994153844281556	-7.262799302937273e-20	-1.4806813544362973e-19	-2.4608001183631933e-20	1.0161333333333504	-4.37082553310375e-19	-4.499439015814843e-20	3.020519489908835e-20	0.9906173266622812	157.67975930709406	239493.11601717272	-1037298.3412968597	244788.00164452574	150559723.56223655	812563.7213884903	-1033608.3462273044	792159.498637837	37.79600495540228	1599.565890624997	156.6460074718386	243183.17174724484	-1026831.9869837973	243183.16633109952	152879513.70855987	804364.9424341542	-1026831.988059691	804364.9129131685	37.41464275348566	-0.005863311382585178	0.0	0.0	0.0	0.01600457414173225	0.0	0.0	0.0	-0.009426967902548752	152896689.36458862	0.015900156504100225
100	170.0	nan	nan	1	1	6.000000000000838e-05	6.000000000000867e-05	5.999999999999513e-05	0.9938326046635081	-7.053920978144363e-20	2.1677267186132053e-19	-1.4816300313372222e-20	1.0169999999999964	-1.4562461479739053e-18	7.724940478959219e-20	-3.4619930620177763e-20	0.9900998296187153	155.36511770435058	241643.88512817014	-1046432.4797401818	247276.87991668042	151894101.78683814	818612.287384812	-1042502.1435376754	796959.5447763914	41.24749169606384	1599.565890624997	154.29561353600263	245574.67804255994	-1035325.7546173903	245574.67251186157	154364945.43647	809923.6220058665	-1035325.7553979218	809923.5928010321	40.809695124242346	-0.006186492278525736	0.0	0.0	0.0	0.016857117066419312	0.0	0.0	0.0	-0.009949502938608306	154382223.1021858	0.01675816919836267
104	208.75	nan	nan	1	1	6.000000000000838e-05	6.000000000000867e-05	5.999999999999513e-05	0.9923977625348016	-1.899386680923043e-20	-1.1874792056783269e-18	-4.481143104154151e-20	1.020874999999996	-4.1301326508119686e-19	5.678508878392829e-21	-3.602939344440892e-20	0.9877970982374936	9243.855352477944	250705.08957415167	-1085579.6391960892	257898.9913475607	157552383.11069688	849065.4736686561	-1080547.354299137	821553.3152460797	6619.834996366185	1599.565890624997	9166.695948258195	255746.4583543652	-1071527.5562867383	255746.2821410154	160720566.36063278	838074.904206341	-1071527.915232882	838073.734683107	6534.145778499084	-0.007631281767192331	0.0	0.0	0.0	0.02066010269629833	0.0	0.0	0.0	-0.012277968481168874	160730597.30279323	0.020585381356523547
108	247.5	nan	nan	1	1	6.000000000000838e-05	6.000000000000867e-05	5.999999999999513e-05	0.9909659666865789	-8.639736061993863e-21	5.147317576510713e-19	3.09641364198282e-20	1.024750000000011	-5.92286094301675e-19	-7.956688693327996e-20	1.3325522326204652e-19	0.9855104582799756	7822.563763014139	259548.28519955615	-1122183.3970168391	268396.9500479805	162748540.46322933	883639.7830501568	-1116005.496096412	849802.4039947025	5483.870944083525	1599.565890624997	7745.865426459854	265765.2454875048	-1105063.3420283224	265765.38318210794	166646856.38623214	870158.9547683669	-1105063.333433483	870157.721673555	5400.2088863822455	-0.009075087636838513	0.0	0.0	0.0	0.02444868040232099	0.0	0.0	0.0	-0.014595540289429111	166658726.00597802	0.024398404275958307
112	286.25	nan	nan	1	1	6.000000000000838e-05	6.000000000000867e-05	5.999999999999513e-05	0.9895379835546574	1.729980091472183e-20	6.208141639651998e-19	8.228416862807176e-20	1.028625000000012	-9.563611838223073e-19	2.3310346708438343e-21	3.14960731107039e-20	0.9832397305704129	7124.082608111315	268349.8445387026	-1155506.007901767	278950.171627033	167539839.98256963	920087.0818769255	-1148151.1789281995	879489.4095602558	5002.21631416349	1599.565890624997	7043.888167726383	275809.6515417436	-1135226.873191617	275810.08270057384	172197248.57447246	903939.5501887675	-1135226.6598937612	903938.1707205843	4914.427399358597	-0.010517128062158359	0.0	0.0	0.0	0.02822295894375172	0.0	0.0	0.0	-0.016902312097592773	172210275.581351	0.028197143286930695
116	325.0	nan	nan	1	1	6.000000000000838e-05	6.000000000000867e-05	5.999999999999513e-05	0.9881140951720198	-5.7909948537882e-20	-4.307941807099591e-19	1.0435784723351881e-19	1.0324999999999962	-1.1130419502736189e-18	1.5552880164304562e-19	-5.976664475826343e-20	0.9809846118907302	6715.8968750085705	277014.93274512317	-1185371.3857025746	289459.19023571664	171969295.23614168	957297.6382567926	-1176818.352144808	909532.8639468469	4734.650277249264	1599.565890624997	6630.583728320221	285781.35521907936	-1161869.321644585	285782.1423571577	177411440.46509796	938317.5357435719	-1161869.0343439828	938315.9669380547	4640.777542129935	-0.011957106958340237	0.0	0.0	0.0	0.0319830458530473	0.0	0.0	0.0	-0.019198505685847304	177425352.53664872	0.0319816826134633
120	363.75	nan	nan	1	1	6.000000000000838e-05	6.000000000000867e-05	5.999999999999513e-05	0.986694482935207	8.337514706413529e-20	-1.0422164433560033e-18	3.558893631183668e-20	1.0363750000000191	-1.4265119033934903e-18	-6.841315708383533e-20	-2.4890571374835968e-19	0.9787448786857547	6456.568583725128	285056.8820564336	-1212101.4076296075	299410.7774492223	176073833.31185913	994472.1478188485	-1202335.4040783516	939170.4909012911	4560.897222749124	1599.565890624997	6365.248127883638	295174.83425485477	-1185330.1399738477	295175.969388879	182323486.4196535	972507.5829087874	-1185329.804935246	972505.8801911584	4460.162251622071	-0.013394828565471119	0.0	0.0	0.0	0.035729047454263765	0.0	0.0	0.0	-0.02148426419579033	182338130.18863526	0.0357521007742842
124	402.5	nan	nan	1	1	6.000000000000838e-05	6.000000000000867e-05	5.999999999999513e-05	0.9852792739029178	-6.465910706160427e-20	-8.604228440844963e-19	-2.2361669807513528e-20	1.0402499999999952	-1.1064283170214573e-18	-2.3326609741025628e-19	1.9610506794831562e-20	0.9765203419295447	6278.120147789105	292257.63107376447	-1236229.4045285634	308564.72129195405	179885138.85124218	1030831.4358417519	-1225239.205767502	967677.1762328432	4434.171609366413	1599.565890624997	6180.314898847066	303756.2468104297	-1206151.878957665	303757.66939261777	186962559.14233127	1005751.2535088944	-1206151.5134786183	1005749.571351362	4326.2879839827165	-0.01483015119118433	0.0	0.0	0.0	0.03946106888090924	0.0	0.0	0.0	-0.023759697413307412	186977832.96998084	0.0395084763436278
128	441.25	nan	nan	1	1	6.000000000000838e-05	6.000000000000867e-05	5.999999999999513e-05	0.9838685627990804	-1.4131220065632943e-19	-1.3510514321884991e-19	-1.374226253625377e-20	1.0441250000000208	-4.26633554873046e-19	-3.577867169202165e-20	2.746893966627806e-19	0.974310828447326	6144.957892635682	298620.73254663235	-1258166.8096181431	316911.2233928265	183430537.15001592	1065737.365287338	-1245943.9424668977	994476.5591516399	4335.105323689905	1599.565890624997	6040.444350094211	311519.576131963	-1224753.3780619914	311521.19221496774	191353770.70213294	1037434.3276935632	-1224752.9078804185	1037432.7111789332	4219.976913121052	-0.016262965242915553	0.0	0.0	0.0	0.04317921409395347	0.0	0.0	0.0	-0.026024900533442023	191369595.86356992	0.04325088964093268
132	480.0	nan	nan	1	1	6.000000000000838e-05	6.000000000000867e-05	5.999999999999513e-05	0.9824624027097764	3.0452528519686604e-20	-7.164543481055774e-19	1.030737452854813e-19	1.0480000000000054	1.1690409924824952e-18	3.92752236982874e-20	-6.284306842269104e-20	0.9721161932669105	6045.610156170298	303987.742454412	-1278241.4499589293	324267.6199176119	186733763.25805315	1098818.649486409	-1264779.7640448539	1019253.5229098295	4263.179595141456	1599.565890624997	5934.179495243327	318289.23834199394	-1241468.4131148818	318290.8277872498	195518894.2825656	1067207.330135289	-1241467.7671754006	1067205.6210720914	4140.534487419463	-0.017693202932979307	0.0	0.0	0.0	0.046883585898855544	0.0	0.0	0.0	-0.02827994126802598	195535195.54290858	0.046979419845461584
136	518.75	nan	nan	1	1	6.000000000000838e-05	6.000000000000867e-05	5.999999999999513e-05	0.9810608019897351	2.603575991952378e-19	8.214051184021743e-19	-1.4133930571064158e-19	1.0518750000000188	-3.2409513441022943e-19	-1.2067170179763664e-19	-1.4960634727584354e-19	0.9699363249980042	5965.841408633598	308274.61935815116	-1296691.371296741	330527.78168366855	189815579.91426745	1130101.040808627	-1281987.1654112206	1042066.8505260709	4209.142877563747	1599.565890624997	5847.420777102125	323965.3944110544	-1256540.7099596048	323966.8783735282	199476944.7459629	1095108.6708656724	-1256540.0039222245	1095106.6907040766	4078.8112705694975	-0.019120841735253687	0.0	0.0	0.0	0.05057428596295145	0.0	0.0	0.0	-0.03052485397134621	199493661.01056123	0.05069414346633228
140	557.5	nan	nan	1	1	6.000000000000838e-05	6.000000000000867e-05	5.999999999999513e-05	0.9796637681419007	-1.0421893383016912e-20	-3.927359739502867e-18	-9.65346509326781e-20	1.0557500000000133	-2.8479009515219867e-18	-2.2822455730819868e-20	-1.4943016442281465e-19	0.9677711045178746	5893.9273369946995	311844.2848204425	-1313515.8583098971	336065.3038507642	192694266.58199045	1159905.450540511	-1297569.7364449992	1063244.7894724095	4159.767738884649	1599.565890624997	5768.608112299594	328918.34154674265	-1269980.8841186562	328919.7384378422	203244637.3875613	1121461.7168511932	-1269980.2491538238	1121459.4264982184	4021.8970158109914	-0.020545859920394257	0.0	0.0	0.0	0.05425141483192828	0.0	0.0	0.0	-0.03275968194209513	203261725.17705688	0.05439514014356364
144	596.25	nan	nan	1	1	6.000000000000838e-05	6.000000000000867e-05	5.999999999999513e-05	0.9782713233782553	-9.540979117872439e-20	1.6897832959272829e-18	2.0887154852933244e-19	1.0596250000000123	-2.2343238370581276e-18	2.168404344971009e-19	-3.725589715203315e-20	0.9656203914963485	5827.058708596452	315068.5235776683	-1328652.1355519318	341271.2429322553	195386018.31013328	1188482.5091889987	-1311469.5038455036	1083043.649852461	4115.372792317963	1599.565890624997	5694.961194414215	333533.350701483	-1281739.5069661308	333534.7355264305	206836762.45156685	1146519.050852221	-1281738.9193349644	1146516.235228452	3970.0654164201146	-0.021968220655877124	0.0	0.0	0.0	0.05791507194644393	0.0	0.0	0.0	-0.03498449146783151	206854183.0697172	0.05808249425582578
148	635.0	nan	nan	1	1	6.000000000000838e-05	6.000000000000867e-05	5.999999999999513e-05	0.9768834813238747	-2.979929671076409e-19	3.69319917530031e-18	1.0149487587179928e-19	1.0634999999999948	-5.224499218664524e-19	1.1145598333150986e-19	4.0653515710059595e-19	0.9634840485540654	5758.552379936175	318173.8589161048	-1342249.8189151296	346386.66554606427	197905237.5324194	1215980.2970009544	-1323838.27243215	1101621.166438359	4067.888994296019	1599.565890624997	5619.935076023293	338047.0889747478	-1291971.9770012342	338048.6002613478	210266455.16572976	1170432.2445583479	-1291971.4281223547	1170428.7389796115	3915.514468409477	-0.02338789574670865	0.0	0.0	0.0	0.06156535565814972	0.0	0.0	0.0	-0.03719934699484639	210284182.3152239	0.06175629090756934
152	673.75	nan	nan	1	1	6.000000000000838e-05	6.000000000000867e-05	5.999999999999513e-05	0.9755002432258678	2.866901594594795e-19	-4.309459690141071e-18	-7.413232354369636e-20	1.0673750000000166	4.420753043146708e-18	1.5406512871019018e-19	-3.347474207548995e-20	0.9613619463896098	5693.783509839109	321244.7711745583	-1354597.7471049882	351502.0981403761	200264825.085723	1242271.9396689916	-1334964.3691069023	1118884.0249331505	4022.1075931177156	1599.565890624997	5548.773486408276	342548.2538466604	-1300965.981196306	342549.9967126973	213545471.53934887	1193087.4212349092	-1300965.3218812735	1193083.2915861262	3862.862729943656	-0.024804869584437585	0.0	0.0	0.0	0.06520236324564894	0.0	0.0	0.0	-0.03940430576017819	213563476.6048205	0.06541661477513627
156	712.5	nan	nan	1	1	6.000000000000838e-05	6.000000000000867e-05	5.999999999999513e-05	0.9741216055207228	1.656118818471608e-20	-6.714057478388046e-19	-7.844202717932625e-20	1.071250000000007	-1.491455613525372e-18	-1.528725063204561e-20	-6.314393452555578e-19	0.959253957039762	5636.35730149766	324265.2280034196	-1365804.1124654538	356599.40580891824	202476378.26826125	1266944.9045119907	-1344957.5924082724	1134485.4466906437	3981.3229472799576	1599.565890624997	5484.96779428958	347019.2805889597	-1308833.5086453017	347021.33872971404	216684371.48052493	1214097.9291967521	-1308832.7592511633	1214093.5553690635	3815.2534719873906	-0.026219131468935838	0.0	0.0	0.0	0.06882619092985937	0.0	0.0	0.0	-0.04159942472439943	216702616.832937	0.06906355096437075
160	751.25	nan	nan	1	1	6.000000000000838e-05	6.000000000000867e-05	5.999999999999513e-05	0.9727475516552488	2.249719507907422e-19	1.7239221118334203e-18	-9.508453052697874e-20	1.0751250000000012	7.311154719830126e-18	-1.689186984732416e-19	3.1859280838486547e-19	0.957159962678022	5580.727112576527	327020.08659359673	-1375887.2065250573	361440.00906258967	204550384.96003544	1289416.1926227552	-1353838.7616941356	1147934.3692410525	3939.2442722387054	1599.565890624997	5423.096120448586	351228.50790527463	-1315599.577664338	351230.91872830834	219692702.21081743	1232917.4880057017	-1315598.7720149807	1232912.8766416642	3766.6373204841066	-0.02763068405176587	0.0	0.0	0.0	0.0724369338895083	0.0	0.0	0.0	-0.043784751363435216	219711145.00755495	0.07269718346093078
164	790.0	nan	nan	1	1	6.000000000000838e-05	6.000000000000867e-05	5.999999999999513e-05	0.9713780530148688	-5.973411869308887e-19	-3.7019405553159746e-19	2.0237988802157547e-19	1.0790000000000068	-7.997996796099694e-18	-8.315830662963819e-20	3.893098950852325e-19	0.9550798553459116	5507.605017817067	329252.7311558128	-1384728.0435807928	365734.14033227804	206496391.15314898	1309465.9173400984	-1361493.451422568	1159072.7242279407	3880.255705963076	1599.565890624997	5344.433250204941	354896.2531018457	-1321157.9912608312	354898.67083853914	222579157.48199216	1249350.9963905255	-1321156.9907754667	1249345.95214149	3702.1210466800608	-0.029039542474919924	0.0	0.0	0.0	0.07603468627600415	0.0	0.0	0.0	-0.04596032383395237	222597764.2211329	0.07631759500218675
168	828.75	nan	nan	1	1	6.000000000000838e-05	6.000000000000867e-05	5.999999999999513e-05	0.9700130877966272	-9.576215688478218e-20	-3.0688816830652665e-18	-9.299744134494414e-20	1.082874999999996	-2.4586994766540025e-18	-3.1523178165016044e-19	3.229838271834318e-19	0.9530135194791126	5444.0443532665495	330953.29722828546	-1392272.7633372087	369462.2560001832	208323130.47229668	1327200.2436784978	-1367871.7903484271	1168033.23104381	3825.427314618658	1599.565890624997	5275.264814525438	358005.79507623304	-1325465.4319627897	358007.9648328919	225351699.41534048	1263515.3761622296	-1325464.2060506493	1263509.592010077	3641.8665950625987	-0.03044571500189002	0.0	0.0	0.0	0.07961954122816324	0.0	0.0	0.0	-0.04812618919654161	225370413.8294878	0.0799248694969586
172	867.5	nan	nan	1	1	6.000000000000838e-05	6.000000000000867e-05	5.999999999999513e-05	0.9686526451497017	-3.091602494842416e-19	-1.318511814486778e-18	-2.588532686809142e-19	1.0867500000000128	-4.490304612511653e-18	-3.0205872525446154e-19	5.106592232406726e-19	0.9509608272887495	5380.168281376437	332485.0324999414	-1398680.6796732354	373023.39997710456	210038546.5512316	1342870.3192412683	-1373133.4252420256	1175073.003700444	3769.565153572405	1599.565890624997	5205.993042969717	360945.31003121723	-1328681.4087469643	360947.30193994864	228017567.38765043	1275664.169430592	-1328680.1982800278	1275657.6933430685	3580.9110767027723	-0.0318491986939144	0.0	0.0	0.0	0.08319159088677615	0.0	0.0	0.0	-0.05028240835899243	228036348.960727	0.08351909290770301
176	906.25	nan	nan	1	1	6.000000000000838e-05	6.000000000000867e-05	5.999999999999513e-05	0.9672967208235648	6.429318882839041e-20	2.0898284865860164e-18	2.4324075739712293e-19	1.0906250000000082	1.2981071296006007e-17	9.920449878242366e-20	2.0391132359021124e-19	0.9489216438433445	5313.9886171653925	334310.4298053226	-1404296.1762869144	376936.26877267257	211649909.84943005	1356884.9864112479	-1377618.7713793223	1180580.5892028029	3710.118132655667	1599.565890624997	5134.696973891848	364216.7023303466	-1331139.4337268218	364218.60452714784	230583389.99104497	1286198.127534363	-1331138.5187631943	1286191.30813554	3516.8397048699553	-0.0332499838298122	0.0	0.0	0.0	0.08675092640866222	0.0	0.0	0.0	-0.05242905085867174	230602214.87825674	0.08710035226653536
180	945.0	nan	nan	1	1	6.000000000000838e-05	6.000000000000867e-05	5.999999999999513e-05	0.9659453074974574	-3.1552993724759393e-19	-8.756978974421014e-18	1.6859343782149594e-20	1.094499999999998	3.4616949064203428e-18	-1.83772268236293e-20	-1.5468854495936934e-19	0.9468958365731431	5242.615961389461	336585.7165127469	-1409448.8748462202	381382.5446945894	213163859.2381753	1369734.4007204277	-1381652.434058579	1185005.7834982423	3641.7536470440155	1599.565890624997	5058.596887857522	367994.1697704351	-1333156.1617920308	367995.78071019176	233055217.6073802	1295591.410889727	-1333155.576243489	1295584.4472238175	3444.6274717236856	-0.03464806386990613	0.0	0.0	0.0	0.09029763798077838	0.0	0.0	0.0	-0.054566184904722606	233074079.58010727	0.09066873421358232
184	983.75	nan	nan	1	1	6.000000000000838e-05	6.000000000000867e-05	5.999999999999513e-05	0.9645984058763034	-2.33211887301632e-19	-6.560693692958183e-18	1.9084668741176093e-19	1.0983749999999832	-2.4177166345340504e-18	-8.478460988836645e-20	1.2948084444908137e-19	0.9448832648248746	5176.189070731335	339046.7829580648	-1414340.6323479586	386069.1365674497	214586490.37092856	1381682.75559686	-1385432.945102776	1188593.5898662324	3572.318615578352	1599.565890624997	4987.481926502993	371993.13993382745	-1334924.9158024103	371994.3021205589	235438607.1562723	1304100.7901461518	-1334924.5322496728	1304093.3694812467	3371.731687580543	-0.03604342397531224	0.0	0.0	0.0	0.09383181483385553	0.0	0.0	0.0	-0.05669388840461118	235457497.00344017	0.09422432650308406
188	1022.5	nan	nan	1	1	6.000000000000838e-05	6.000000000000867e-05	5.999999999999513e-05	0.96325602814873	2.7714918034160706e-19	3.594746841775048e-18	-1.131364966988624e-19	1.1022500000000042	8.288346137891312e-18	1.100465205072787e-19	-4.862917794140608e-19	0.9428837764643655	5111.285738539154	341368.7992073363	-1418991.7740650275	390627.68367651256	215923390.08645925	1392992.3755531579	-1388980.5647001786	1191582.9868766335	3500.0414411635293	1599.565890624997	4918.0381068372935	375858.1101242562	-1336466.3696382807	375858.8214744862	237738649.57185873	1311979.0382971019	-1336465.9493296572	1311971.4822901802	3296.48681828158	-0.03743603736025357	0.0	0.0	0.0	0.09735354525591394	0.0	0.0	0.0	-0.05881225265665792	237757562.82487902	0.09776721854590129
192	1061.25	nan	nan	1	1	6.000000000000838e-05	6.000000000000867e-05	5.999999999999513e-05	0.9619181776820303	5.198749417067994e-19	-4.526151046839455e-18	-5.319909009843249e-19	1.1061250000000062	2.178704265609621e-18	-2.3787395664331967e-19	-1.9396376865765673e-19	0.9408972282318291	5018.523556282274	343352.14135317306	-1423194.907581459	394826.7806767474	217179735.05499503	1404013.290083141	-1392092.8090112857	1194281.9631733766	3410.3499091717117	1599.565890624997	4822.0262444245645	379366.9031020355	-1337587.0060561756	379367.5723692967	239960068.92406884	1319559.1996157414	-1337586.2411413894	1319552.1309816816	3205.2108255255594	-0.038825886318343786	0.0	0.0	0.0	0.10086291660538324	0.0	0.0	0.0	-0.060921360842786564	239979022.6949942	0.10129749814410854
196	1100.0	nan	nan	1	1	6.000000000000838e-05	6.000000000000867e-05	5.999999999999513e-05	0.9605848355134095	-9.906897351086296e-20	-9.826097184181815e-18	-1.369347343849192e-19	1.1100000000000103	3.4993709319142145e-18	-1.8323016715005024e-19	3.8031101705360283e-19	0.9389234999849332	4920.414095989382	344978.85938745015	-1426795.3133886452	398640.3820817113	218360377.2513422	1414875.7075761547	-1394619.8809563215	1196804.798803705	3319.3269424543087	1599.565890624997	4721.157252910839	382495.69072435197	-1338144.3634241691	382497.0611116377	242107309.0446325	1326965.3574500466	-1338143.4240255004	1326958.6402873222	3113.0874882523035	-0.04021297634967319	0.0	0.0	0.0	0.10436001532425226	0.0	0.0	0.0	-0.06302127275731542	242126301.0585938	0.10481524900341185
200	1138.75	nan	nan	1	1	6.000000000000838e-05	6.000000000000867e-05	5.999999999999513e-05	0.9592559719477425	-5.908901840045999e-21	5.3450353951906005e-18	6.174802422848069e-19	1.113875000000013	-5.332919435913075e-18	1.8745855562274373e-19	-3.04118709382184e-20	0.9369624824863786	4842.522353952945	346401.1728932242	-1429849.4944957064	402238.97223331785	219469751.3827585	1425713.0639947194	-1396618.3253843961	1199266.4484273929	3242.6669435903423	1599.565890624997	4639.946533038556	385409.7000487446	-1338194.8613791766	385412.2269861005	244184424.5033041	1334323.5797777341	-1338193.999570419	1334316.8509114645	3034.809088495814	-0.04159732423177276	0.0	0.0	0.0	0.10784492695075876	0.0	0.0	0.0	-0.06511203758122071	244203436.25761673	0.10832055284871016
204	1177.5	nan	nan	1	1	6.000000000000838e-05	6.000000000000867e-05	5.999999999999513e-05	0.9579315575453574	2.531612072753653e-20	4.623403981711405e-18	4.4425184017593545e-20	1.1177500000000031	-3.3007450939148696e-18	2.8145888397723696e-19	3.581932927348985e-19	0.9350140661376811	4762.659988496683	347805.6839674569	-1432428.221428451	405835.9215730733	220511902.70408052	1436552.5171882017	-1398158.3331622542	1201690.6703689217	3166.333721578943	1599.565890624997	4557.081072800218	388314.8955191272	-1337807.7565048898	388318.1250246785	246195103.7788989	1341659.617823297	-1337807.2111426892	1341652.562395384	2957.178411485861	-0.04297894662675495	0.0	0.0	0.0	0.11131773613195596	0.0	0.0	0.0	-0.06719370580908969	246214136.1615234	0.11181349131127251
208	1216.25	nan	nan	1	1	6.000000000000838e-05	6.000000000000867e-05	5.999999999999513e-05	0.9566115484799051	-1.651782009781666e-19	-8.13897018357712e-18	-2.717823795878038e-19	1.1216250000000154	9.091685737594445e-18	-2.634611279139776e-19	-4.779705277402346e-19	0.9330781561580909	4660.475070253016	349291.56692272244	-1434547.584487279	409547.42353942967	221490640.4375367	1447248.4604085246	-1399256.226498886	1203957.6281384833	3079.1727615605005	1599.565890624997	4453.120897727595	391322.1747711585	-1337000.7727841076	391325.8118286451	248142833.4244595	1348838.0106041478	-1337000.4236841346	1348831.068342716	2869.7942168391487	-0.04435787538574543	0.0	0.0	0.0	0.11477852663609907	0.0	0.0	0.0	-0.06926631298500095	248161900.47093636	0.11529414334479975
212	1255.0	nan	nan	1	1	6.000000000000838e-05	6.000000000000867e-05	5.999999999999513e-05	0.9552958917108019	-3.924269763311283e-19	-1.0032122702008373e-18	3.496552006265752e-19	1.125500000000016	-4.852780503827869e-18	-2.774473359390406e-19	-6.807705441036482e-19	0.9311546679182862	4557.633391063252	350737.63860662974	-1436277.1519663413	413232.0793937552	222409554.462299	1457823.189683861	-1399980.6504779307	1206088.308794209	2987.557968478728	1599.565890624997	4348.8263269523195	394296.2429376418	-1335841.2265357655	394299.93415718165	250030912.18354824	1355880.5938766391	-1335840.8164115017	1355874.1248809388	2778.64414642784	-0.04573415223797804	0.0	0.0	0.0	0.11822738136466503	0.0	0.0	0.0	-0.07132988454916744	250050015.01866657	0.11876258583559247
216	1293.75	nan	nan	1	1	6.000000000000838e-05	6.000000000000867e-05	5.999999999999513e-05	0.9539845521591872	-4.02997947512862e-19	6.917914591869634e-18	1.7477339020466333e-19	1.1293749999999945	8.683375199436405e-19	4.2067044292437573e-20	-1.0950441942103595e-19	0.9292434998560546	4466.488613132012	351899.58907761605	-1437690.6861143443	416599.95006165863	223271948.6340133	1468601.4159912583	-1400404.485389424	1208351.8194811682	2898.342994664257	1599.565890624997	4255.96971965246	396961.040791263	-1334399.7351022311	396964.3552785983	251862371.71110412	1363089.6822222546	-1334399.2566239936	1363083.7056688454	2690.11141385929	-0.04710780037020829	0.0	0.0	0.0	0.12166438236435098	0.0	0.0	0.0	-0.07338446487249696	251881506.787567	0.12221889794842744
220	1332.5	nan	nan	1	1	6.000000000000838e-05	6.000000000000867e-05	5.999999999999513e-05	0.9526775225842958	1.885969679038535e-19	1.1973386691843668e-18	-1.5655879370690683e-19	1.1332499999999759	2.090233368334804e-18	-3.9042120231203014e-19	1.57968256531138e-19	0.9273445239331197	4382.584789876077	352698.3180118724	-1438844.706592136	419552.5701498701	224080859.24292123	1480359.2298025344	-1400583.3880266545	1211380.8884087794	2818.0192999735036	1599.565890624997	4170.263410903125	399223.7393599778	-1332730.3165813412	399226.670134965	253639991.96317273	1371183.155450909	-1332729.869938569	1371177.5286761806	2610.19117391841	-0.04847881393043776	0.0	0.0	0.0	0.12508961083880013	0.0	0.0	0.0	-0.0754301277345093	253659166.5982901	0.1256631625949559
224	1371.25	nan	nan	1	1	6.000000000000838e-05	6.000000000000867e-05	5.999999999999513e-05	0.95137480090999	5.072981965059676e-19	2.3332030751888055e-18	3.119249650240796e-19	1.1371250000000208	-1.6510230682609261e-18	9.063930161978817e-20	6.60821224129915e-20	0.9254576079257604	4320.353065256293	353375.7104147335	-1439777.8992335484	422373.45085303154	224839044.68153277	1493791.2492884719	-1400555.274549416	1215728.5120770668	2758.491323303056	1599.565890624997	4105.3907712842265	401354.8547560956	-1330870.0476852686	401357.9540783768	255366284.2750197	1380797.7134742101	-1330869.6330973431	1380792.5276326279	2549.8331936738728	-0.049847181660150494	0.0	0.0	0.0	0.128503147160107	0.0	0.0	0.0	-0.07746695252789698	255385505.31986773	0.12909546295372712
228	1410.0	nan	nan	1	1	6.000000000000838e-05	6.000000000000867e-05	5.999999999999513e-05	0.9500763890351869	8.187894806610529e-19	4.295527692224632e-18	-1.9022327116258175e-19	1.1409999999999907	-1.0460490980357395e-17	1.1069704181077e-19	2.236709081837596e-19	0.9235826162575101	4252.172598591339	354025.4979816639	-1440496.326695239	425172.7026930446	225549029.25183654	1508779.9607747525	-1400326.4915837205	1221278.0011902223	2690.7677256276534	1599.565890624997	4035.0552911202344	403459.7982865664	-1328825.5974938658	403463.2470492393	257043536.02911958	1391815.7205321726	-1328825.36824413	1391810.982037086	2482.1729597376793	-0.05121288810949892	0.0	0.0	0.0	0.13190507087993023	0.0	0.0	0.0	-0.07949502340098268	257062835.36072025	0.13251588243852877
232	1448.75	nan	nan	1	1	6.000000000000838e-05	6.000000000000867e-05	5.999999999999513e-05	0.9487823179787839	-2.723515857283587e-19	2.109694797330919e-18	-3.297058806528419e-19	1.1448750000000159	-1.271443887673751e-17	1.0625181290357944e-20	-3.408731630294426e-19	0.9217193869252476	4157.368916329553	354584.55820550467	-1440875.6757428804	427872.9962634225	226213299.02357218	1524955.9921837682	-1399776.4842514975	1227712.1675506688	2605.148273441981	1599.565890624997	3939.6874617202434	405466.0665397705	-1326483.5099695981	405469.3996403699	258674029.73852572	1403888.6290575864	-1326483.6427086343	1403884.1001397488	2398.323661036813	-0.05257588710669983	0.0	0.0	0.0	0.1352954607410288	0.0	0.0	0.0	-0.08151445432584112	258693445.55510336	0.13592450787610202
236	1487.5	nan	nan	1	1	6.000000000000838e-05	6.000000000000867e-05	5.999999999999513e-05	0.947492639873706	-5.221517662690189e-19	1.0577855865528952e-17	-3.2748326619924663e-19	1.1487500000000026	-1.46056669363126e-17	-1.2262326570811055e-19	5.455705331947058e-19	0.919867739597644	4057.0548512789105	354989.6500188303	-1440671.5326381729	430396.17148593307	226834287.3748848	1542259.9976179525	-1398667.9739633377	1234969.0462227399	2522.9855025461916	1599.565890624997	3839.369998246662	407300.04484338796	-1323620.867036185	407302.885649283	260260025.65119225	1416955.543991437	-1323621.2113450994	1416951.023445434	2317.9997541039993	-0.05393610999904445	0.0	0.0	0.0	0.13867439468776221	0.0	0.0	0.0	-0.08352538058060717	260279571.45578182	0.13932142818243412
240	1526.25	nan	nan	1	1	6.000000000000838e-05	6.000000000000867e-05	5.999999999999513e-05	0.9462074043126398	-4.607859233063394e-20	-7.728952026997416e-18	1.3880498313245672e-19	1.1526249999999894	-4.393187202911264e-19	-1.433315272025837e-19	-7.534662997688013e-19	0.9180274976020351	3956.765210950099	355081.638195431	-1439631.7394562203	432545.86284405296	227414271.5694327	1560322.5746854327	-1396757.1845583112	1242740.9309930697	2449.7016949530525	1599.565890624997	3739.353780916987	408776.74664236547	-1320009.435946445	408778.8689532894	261803641.9586178	1430671.7928315422	-1320009.9021915258	1430667.0355369227	2246.150361906746	-0.05529349050114363	0.0	0.0	0.0	0.142041949877159	0.0	0.0	0.0	-0.08552793499540062	261823316.2765058	0.14270673126231445
244	1565.0	nan	nan	1	1	6.000000000000838e-05	6.000000000000867e-05	5.999999999999513e-05	0.9449266386925903	1.1872013788716274e-20	-7.214172835501298e-18	3.712308238590367e-19	1.156499999999992	-2.1163626406917046e-18	-2.419939248987646e-19	-4.354698025788028e-19	0.9161985067568934	3840.540476003542	354737.5175668542	-1437616.2114934002	434166.11203821684	227955396.01576665	1578368.2028327805	-1393909.917534574	1250404.6520899972	2374.0294562198387	1599.565890624997	3624.57532716992	409750.4606012061	-1315525.3821953912	409751.64496236807	263306878.71600038	1444323.8860806199	-1315526.1679863103	1444318.2825600298	2172.412903227098	-0.05664798551496931	0.0	0.0	0.0	0.14539820268935016	0.0	0.0	0.0	-0.08752222735303106	263326678.67958778	0.146080501176652
248	1603.75	nan	nan	1	1	6.000000000000838e-05	6.000000000000867e-05	5.999999999999513e-05	0.9436503468333576	1.308469391864131e-18	-5.785248582274027e-18	2.190088388420719e-20	1.1603750000000033	-2.4175540042081776e-18	1.962405932198763e-19	1.8767539605724083e-19	0.9143806369331338	3713.272907847201	354271.489061042	-1434722.3572314696	435635.8154513621	228459676.00091863	1595897.4057104404	-1390221.8610801066	1257568.169243634	2296.918827782502	1599.565890624997	3499.705376541771	410580.27198800887	-1310262.7625867594	410580.381077669	264771619.52647945	1457456.1643036047	-1310263.7599100354	1457449.1510451408	2097.6652336660395	-0.05799957675356669	0.0	0.0	0.0	0.1487432287379622	0.0	0.0	0.0	-0.08950834243316637	264791535.16285825	0.1494428178287389
252	1642.5	nan	nan	1	1	6.000000000000838e-05	6.000000000000867e-05	5.999999999999513e-05	0.9423785137465315	-1.395910297075087e-19	-5.952812028031662e-18	2.453007415248454e-19	1.1642499999999805	-1.3226778613345536e-17	3.2656169435263394e-19	9.806608650131387e-20	0.9125737770509393	3574.1767888145923	354141.2857229078	-1431231.0667941924	437519.33602878713	228928933.7890754	1612675.3514892273	-1385966.373050338	1264055.8022530961	2216.3492418348737	1599.565890624997	3364.0450140089542	411797.0194882078	-1304482.1247766656	411796.8494189379	266199554.83732086	1469857.8153405408	-1304483.1138278407	1469849.5567158589	2020.0707176597737	-0.05934826584968132	0.0	0.0	0.0	0.15207710288033277	0.0	0.0	0.0	-0.09148634523112867	266219580.27051947	0.15279375783126395
256	1681.25	nan	nan	1	1	6.000000000000838e-05	6.000000000000867e-05	5.999999999999513e-05	0.941111117469934	-4.974861668449737e-19	-6.406279586673724e-18	2.7907363919776882e-19	1.1681250000000107	-7.734860928837461e-18	-9.416295868036607e-19	2.4074709240040625e-19	0.9107778239626074	3394.268430201643	354467.03365797	-1427317.0328075648	439971.14050598536	229364889.7653673	1628708.8989947382	-1381313.9391590822	1269883.4167134387	2120.575884877543	1599.565890624997	3190.3947239023287	413544.73821725964	-1298345.3471292595	413544.66631155426	267592284.4372998	1481539.5404329472	-1298346.549239791	1481530.171400723	1928.9616602904175	-0.060694061915537806	0.0	0.0	0.0	0.15539989922770017	0.0	0.0	0.0	-0.09345629295610762	267612435.80727357	0.1561333961098331
260	1720.0	nan	nan	1	1	6.000000000000838e-05	6.000000000000867e-05	5.999999999999513e-05	0.9398481324286215	1.1736488517155586e-19	-7.376369480505129e-19	-4.32542456713092e-19	1.172	9.884020685246853e-18	-4.023474262093707e-19	1.3173056395698879e-20	0.9089926797170531	3184.3098485815185	355308.88403525855	-1422935.842776683	443073.47058150044	229769199.3940516	1644203.5935935988	-1376222.0649212787	1275220.8491815494	2017.144564458482	1599.565890624997	2989.0096873569805	415899.1167361534	-1291814.1122759369	415898.8788006692	268951358.5921942	1492692.3209090629	-1291815.583158952	1492682.1384108819	1831.267255017849	-0.06203697801665877	0.0	0.0	0.0	0.1587116911548212	0.0	0.0	0.0	-0.09541823795363773	268971646.26331306	0.1594618061721852
264	1750.0	nan	nan	1	1	6.000000000000838e-05	6.000000000000867e-05	5.999999999999513e-05	0.9388733018082814	-1.312968830879946e-19	5.0771019333151205e-18	-3.4092737313806685e-19	1.1749999999999956	1.0217738113937891e-17	2.190088388420719e-20	3.4206578541917665e-20	0.9076178859635585	1676.0752822676782	356297.10993533436	-1418985.8786577748	445905.5310249403	230061189.4275071	1656119.1466323687	-1371748.0976099125	1279249.61233152	1181.0067066845968	1599.565890624997	1571.6383191634472	418121.27347474487	-1286273.1893414692	418120.9678944497	269981077.079189	1501228.2283480335	-1286273.8907088074	1501223.1704523405	1070.551360720927	-0.06307473772926103	0.0	0.0	0.0	0.16126814759611816	0.0	0.0	0.0	-0.09693181939143238	270002440.08533067	0.1620310362088883
268	1780.0	nan	nan	1	1	6.000000000000838e-05	6.000000000000867e-05	5.999999999999513e-05	0.9379011639755269	-5.14291300518499e-19	1.2802855563903703e-17	-4.63659059063426e-19	1.1780000000000161	2.119550195078812e-17	2.461138931542095e-20	6.190252303805988e-19	0.9062495539734914	1522.0751159017886	357445.3032655493	-1414457.8436649104	448949.46994606423	230336653.29214254	1667742.493289774	-1366724.71001676	1283010.1590202337	1115.1332838460844	1599.565890624997	1425.7487173046425	420537.4861177963	-1280228.9479405438	420537.14972599933	270993061.7393007	1509477.4490330566	-1280229.8532162018	1509472.5319054585	1009.3096214820571	-0.06411070442363123	0.0	0.0	0.0	0.16381808522940886	0.0	0.0	0.0	-0.09844056498055531	271014506.4191958	0.16459355467906728
272	1810.0	nan	nan	1	1	6.000000000000838e-05	6.000000000000867e-05	5.999999999999513e-05	0.9369316137421148	4.2896458954388984e-19	-4.382345181186409e-18	8.191147413127985e-20	1.1810000000000034	6.5036951518715466e-18	6.787105599759258e-20	-1.6832238727837456e-19	0.904887569336235	1315.0003753941621	358796.80631920067	-1409266.2685291672	452262.4182653049	230595286.2410236	1679194.01426942	-1361069.0853547058	1286602.0081205193	1015.3598133769135	1599.565890624997	1230.4992602405036	423200.38428550836	-1273606.4983924853	423200.3134928586	271986851.70237994	1517550.2716511902	-1273607.6232397787	1517545.4593503515	917.6185405140515	-0.06514498367388255	0.0	0.0	0.0	0.16636153721522792	0.0	0.0	0.0	-0.09994457577738272	272008410.92770636	0.16714945185005559
276	1840.0	nan	nan	1	1	6.000000000000838e-05	6.000000000000867e-05	5.999999999999513e-05	0.935964622466355	2.0990154059319365e-19	-7.993551567192503e-18	6.643448811904929e-20	1.184000000000008	-8.113084856709029e-19	6.429318882839041e-19	4.9873299934333206e-20	0.9035319045235195	1065.5000232731663	360438.01562741323	-1403461.817952309	455956.3220454383	230837720.92517075	1690611.9078124277	-1354830.8160812226	1290132.4710418563	880.9215413908769	1599.565890624997	995.9975466184658	426213.95377213537	-1266454.133745878	426214.3296133961	272963043.4348197	1525572.275512956	-1266455.3162135626	1525567.3306696117	794.9248873959576	-0.06617759972915555	0.0	0.0	0.0	0.16889853646182082	0.0	0.0	0.0	-0.10144385742774607	272984748.68435526	0.16969875837461287
280	1870.0	nan	nan	1	1	6.000000000000838e-05	6.000000000000867e-05	5.999999999999513e-05	0.9350001606048783	1.5417354892743872e-19	1.5462349282902021e-18	5.233985987673772e-19	1.1870000000000154	-2.1780537443061297e-18	-3.7882023906643527e-19	3.336090084737897e-19	0.9021825320388756	631.6549875261604	362332.68209008226	-1397199.4685460653	459989.4617216402	231064491.07351682	1702129.4680715522	-1348160.4265383428	1293703.55301964	628.627048653272	1599.565890624997	589.8407819377608	429537.8205591799	-1258913.838012734	429539.1458043162	273922124.0872193	1533663.8681049445	-1258915.0974351966	1533658.5190390532	566.4096704261077	-0.06720857792354144	0.0	0.0	0.0	0.17142911562754376	0.0	0.0	0.0	-0.10293841571281795	273944114.37191975	0.1722415050933066
284	1900.0	nan	nan	1	1	6.000000000000838e-05	6.000000000000867e-05	5.999999999999513e-05	0.9340382054137443	1.1120661683183819e-18	1.671080808451908e-18	-2.5299857694949245e-19	1.1900000000000193	2.9132512374685505e-18	-6.06069014419397e-19	7.040808908120866e-19	0.9008394210263078	198.14582732778712	364333.8385696119	-1390662.905814155	464177.462762383	231276251.68966925	1713721.5972777335	-1341235.4180207099	1297296.164659164	359.47924301966106	1599.565890624997	184.83771325756845	432999.5908136713	-1251152.558671253	433001.804376973	274864730.4892394	1541802.2241910284	-1251153.7131533811	1541796.695763783	323.416532369464	-0.06823793643598564	0.0	0.0	0.0	0.1739533071234544	0.0	0.0	0.0	-0.10442826031367747	274887013.92368495	0.17477772238410874
288	1930.0	nan	nan	1	1	6.000000000000838e-05	6.000000000000867e-05	5.999999999999513e-05	0.9330787385402497	-1.3337855125916675e-18	1.420814420977079e-17	-3.9421590991572943e-19	1.1930000000000052	-1.5878140816050212e-18	2.211772431870429e-19	-9.812029660993815e-20	0.8995025363636869	-103.97280593145749	366279.1513673612	-1383992.7471706583	468313.95000192773	231473602.92095557	1725214.7059812443	-1334191.862350572	1300779.2164186276	161.16805184216926	1599.565890624997	-96.88954770453364	436406.8044292525	-1243297.5475176338	436409.562990091	275791442.0827759	1549831.2525646097	-1243298.6196352944	1549825.860920745	144.78388272135558	-0.0692656888336665	0.0	0.0	0.0	0.17647114311578338	0.0	0.0	0.0	-0.10591340584712323	275813924.50281036	0.17730744123748868
292	1960.0	nan	nan	1	1	6.000000000000838e-05	6.000000000000867e-05	5.999999999999513e-05	0.9321217411185111	-8.242104915234805e-19	-6.892273210490352e-19	-2.417770844642675e-20	1.1959999999999869	-1.734723475976807e-17	2.448128505472269e-19	5.186823193170653e-19	0.8981718412819276	-417.70474708989263	368008.46184065327	-1377261.627321756	472193.1536562265	231656973.51655918	1736469.3688212212	-1327099.94695275	1304048.8324842653	-57.024229872960596	1599.565890624997	-388.8470387571176	439567.6588512293	-1235414.3174491306	439571.03863388544	276702641.5531902	1557626.436035465	-1235415.4174748962	1557620.9564740637	-51.15117464178594	-0.07029184930933895	0.0	0.0	0.0	0.17898265552842918	0.0	0.0	0.0	-0.10739386898478065	276725334.1842301	0.17983069347359687
296	1990.0	nan	nan	1	1	6.000000000000838e-05	6.000000000000867e-05	5.999999999999513e-05	0.9311671996526963	-1.1218239878707514e-18	2.7945310995813875e-18	4.514075745143398e-19	1.1989999999999668	-2.7809785724253187e-18	4.568827954853916e-19	-5.001424621675632e-19	0.896847296242434	-671.6123700505858	369450.70405650913	-1370477.1885560628	475720.61297512887	231826884.51765606	1747481.8861862991	-1319967.1388903172	1307104.8711451557	-248.46400025335967	1599.565890624997	-624.5698279483715	442395.118053216	-1227509.7729544088	442399.14963893354	277598826.63103783	1565185.5508915957	-1227511.1144425906	1565179.8939047302	-222.5443743866234	-0.07131642636599535	0.0	0.0	0.0	0.18148787604534947	0.0	0.0	0.0	-0.10886966971827476	277621686.0897973	0.18234751059193255
300	2020.0	nan	nan	1	1	6.000000000000838e-05	6.000000000000867e-05	5.999999999999513e-05	0.9302151006165587	-9.894429026102713e-19	-2.5912431922403554e-18	8.154826640349721e-19	1.202000000000012	-4.148699613015783e-18	1.5222198501696481e-19	4.787836793695988e-19	0.8955288611093456	-921.5909318193042	370591.1508873101	-1363618.3570072623	478873.2115007089	231983790.60626304	1758359.2083990506	-1312773.1020500516	1310029.7445247923	-447.56372757841496	1599.565890624997	-856.1584320022926	444868.9272685614	-1219565.0951855793	444873.450606757	278480421.95180404	1572605.3439673716	-1219566.861847478	1572599.6849662175	-400.2828923656641	-0.07233942859292486	0.0	0.0	0.0	0.1839868361130256	0.0	0.0	0.0	-0.11034082895621997	278503447.5477335	0.18485792432315293
