6	header
postResults v2.0.3	--cr f,p,texture --time RVE_1_40_D_tensionX.spectralOut
addCauchy v2.0.3	RVE_1_40_D_tensionX.txt
addStrainTensors v2.0.3	--left --logarithmic RVE_1_40_D_tensionX.txt
addMises v2.0.3	-s Cauchy RVE_1_40_D_tensionX.txt
addMises v2.0.3	-e ln(V) RVE_1_40_D_tensionX.txt
inc	time	elem	node	ip	grain	1_pos	2_pos	3_pos	1_f	2_f	3_f	4_f	5_f	6_f	7_f	8_f	9_f	1_p	2_p	3_p	4_p	5_p	6_p	7_p	8_p	9_p	texture	1_Cauchy	2_Cauchy	3_Cauchy	4_Cauchy	5_Cauchy	6_Cauchy	7_Cauchy	8_Cauchy	9_Cauchy	1_ln(V)	2_ln(V)	3_ln(V)	4_ln(V)	5_ln(V)	6_ln(V)	7_ln(V)	8_ln(V)	9_ln(V)	Mises(Cauchy)	Mises(ln(V))
0	0.0	nan	nan	1	1	6.000000000000838e-05	6.000000000000867e-05	5.999999999999513e-05	1.0	0.0	0.0	0.0	1.0	0.0	0.0	0.0	1.0	2.7716487604837305e-06	-1.193192284640359e-09	-2.8066754232013673e-08	-1.19319228464005e-09	2.7018729684353462e-06	-1.6832583398956398e-08	-2.8066754232013544e-08	-1.6832583398956544e-08	2.6991213888906947e-06	1599.565890624997	2.7716487604837305e-06	-1.193192284640359e-09	-2.8066754232013673e-08	-1.19319228464005e-09	2.7018729684353462e-06	-1.6832583398956398e-08	-2.8066754232013544e-08	-1.6832583398956544e-08	2.6991213888906947e-06	0.0	0.0	0.0	0.0	0.0	0.0	0.0	0.0	0.0	9.102600058541354e-08	0.0
36	12.0	nan	nan	1	1	6.000000000000838e-05	6.000000000000867e-05	5.999999999999513e-05	1.0005700000000002	3.6968355936219913e-23	-1.9863716706501396e-21	-7.313930976193871e-24	1.0006299999999975	-6.204436929298945e-21	-2.5199230180815434e-23	-1.700418641613008e-22	0.9993953438779447	61369139.41239536	2789.765546092595	-15428.916956648836	2789.932811284229	64427892.11589951	14854.090231788026	-15410.803602417682	14835.76209887362	183.6040400370329	1599.565890624997	61367607.49621009	2789.863193469425	-15410.418920063361	2789.8631680845638	64430147.221052915	14836.281366439694	-15410.41891298432	14836.281380235545	183.38391348768474	0.0005698376117048034	0.0	0.0	0.0	0.0006298016333068831	0.0	0.0	0.0	-0.0006048390002911621	62954598.41853244	0.0008038516060938385
72	24.0	nan	nan	1	1	6.000000000000838e-05	6.000000000000867e-05	5.999999999999513e-05	1.0011400000000148	-3.717204089025497e-21	3.5294168846192186e-20	9.639234939753937e-22	1.0012599999999965	7.232899039899196e-20	5.238369383175813e-22	-2.763233232180341e-21	0.9983404799895187	75574912.60636629	10222.265315757111	79012.35481826444	10223.491451086684	80488809.45812911	-217922.7168478245	78791.40971425697	-217287.28716525753	-23.522319847268548	1599.565890624997	75605276.51750457	10227.598106742813	78823.06623784041	10227.598967393857	80530799.1721768	-217400.64303026575	78823.06592503532	-217400.64243930977	-23.465967817988936	0.0011393506934409237	0.0	0.0	0.0	0.0012592068661590066	0.0	0.0	0.0	-0.0016608985391556176	78185539.06606619	0.0019080401140055166
108	36.0	nan	nan	1	1	6.000000000000838e-05	6.000000000000867e-05	5.999999999999513e-05	1.001709999999997	5.98005260761536e-21	-1.7426855856809977e-20	-5.029681640796035e-21	1.001890000000013	2.6432510152017696e-20	3.692640133555122e-21	-5.632769099241098e-22	0.9971853459482738	79698583.08531097	45176.612011540135	159461.03536217049	45184.72929223849	84910492.85708298	-349865.7177519746	158740.76145876717	-348222.82459836104	13.862062865143379	1599.565890624997	79772769.66689615	45226.78964715167	158888.52316694986	45226.789018726406	85004802.89009498	-348609.5965330969	158888.52361456671	-348609.5954788302	13.812293966909495	0.0017085396145993267	0.0	0.0	0.0	0.0018882161972506428	0.0	0.0	0.0	-0.0028186226389913358	82515979.76302123	0.0030797479541548735
144	48.0	nan	nan	1	1	6.000000000000838e-05	6.000000000000867e-05	5.999999999999513e-05	1.0022800000000083	4.180107594699972e-21	2.371692252312041e-22	-1.1594186982016864e-20	1.0025200000000174	3.0491830848439204e-19	-2.6139436752267707e-21	-1.7830043539703022e-22	0.9960194767457281	82718025.29290251	76833.72511452869	195336.72942599113	76852.12353625914	87691507.62897772	-411872.5410746158	194116.6024463479	-409201.8835158954	4.68509897587428	1599.565890624997	82839845.77378383	76965.30491108549	194402.48056040387	76965.30518696691	87841681.66669853	-409902.65320254874	194402.48182721235	-409902.65261831007	4.662691267829628	0.0022774047440487152	0.0	0.0	0.0	0.002516830124291741	0.0	0.0	0.0	-0.003988466623144644	85454339.48458523	0.00425929974096224
180	60.0	nan	nan	1	1	6.000000000000838e-05	6.000000000000867e-05	5.999999999999513e-05	1.0028499999999965	4.741690438729573e-21	-2.0152607881074315e-20	-9.788312738470694e-21	1.0031500000000093	-5.882135598912763e-20	-1.1621292036329002e-21	6.606009955636289e-21	0.9948521010649839	85319081.73918283	94332.39065498623	213963.72377632538	94360.61043986697	90112019.95790686	-446186.9150405813	212257.3281636169	-442496.1267669888	-2.274708187348035	1599.565890624997	85491270.9747475	94551.04661111053	212685.7001893148	94551.04710477067	90320893.38669817	-443521.8025085455	212685.70158647228	-443521.8021793019	-2.261121161165806	0.0028459464499152416	0.0	0.0	0.0	0.003145049144082146	0.0	0.0	0.0	-0.0051611950176279255	88009807.87087911	0.00544053651310338
240	117.0	nan	nan	1	1	6.000000000000838e-05	6.000000000000867e-05	5.999999999999513e-05	1.0055575000000059	4.399743237923012e-20	-4.4276106218876786e-20	-1.5280474368467577e-20	1.0061425000000235	-5.713745448998609e-20	-1.5124620306172788e-20	2.5578700941185362e-20	0.9893234160754965	95949707.35049327	121694.47407757404	263591.77851740003	121765.26895935289	100661293.76017106	-532128.5762463711	259336.26895976733	-523233.31598549755	-250.5198969111322	1599.565890624997	96393083.22634791	122327.93940808704	260534.6294962937	122327.93646782497	101185273.5070329	-525956.9256542154	260534.64098784333	-525956.9414250132	-247.6143561468592	0.005542114075409076	0.0	0.0	0.0	0.006123711745546115	0.0	0.0	0.0	-0.01073398759566803	98882015.15330729	0.011049703550934644
300	174.0	nan	nan	1	1	6.000000000000838e-05	6.000000000000867e-05	5.999999999999513e-05	1.0082649999999838	1.759965057804985e-20	1.0935534162231919e-18	-2.9680034471790683e-20	1.0091349999999877	-5.968397434261141e-19	2.507217523872729e-21	-1.2356516634545733e-20	0.9838297384824884	105115834.61471796	131326.2262914807	290478.14312076033	131439.53541870147	110080948.77286515	-573392.6981765847	283438.4266371276	-559014.2224797803	-212.0802655936206	1599.565890624997	105876341.92843936	132390.50144921348	285489.07850804715	132390.49326786335	110973051.00123943	-563544.4762452304	285489.088150089	-563544.5053227827	-208.4377121926645	0.008231031923242677	0.0	0.0	0.0	0.009093528259057545	0.0	0.0	0.0	-0.016302426898771986	108520468.92921942	0.016650585842741532
360	231.0	nan	nan	1	1	6.000000000000838e-05	6.000000000000867e-05	5.999999999999513e-05	1.010972499999995	4.570928596563106e-20	1.043517485962986e-18	-2.4001525593397853e-20	1.0121275000000107	-1.1688648096294663e-18	-4.119968255444917e-21	2.8151987034943924e-20	0.9783727752663763	113207736.41513781	139636.79105442914	306683.31155719666	139796.30867225985	118448948.4810417	-604887.6348818752	296794.0370293038	-584714.4923347565	-158.92152198206645	1599.565890624997	114323766.03685059	141174.4675131614	299719.8984770773	141174.45495823649	119753305.00675054	-591153.3288077954	299719.9054139324	-591153.3520589983	-155.31312151428943	0.010912738877085385	0.0	0.0	0.0	0.012054551071737432	0.0	0.0	0.0	-0.021864520766579687	117138989.00870632	0.02224188201074225
420	288.0	nan	nan	1	1	6.000000000000838e-05	6.000000000000867e-05	5.999999999999513e-05	1.0136799999999864	-7.070353417321095e-20	-5.715100701714215e-19	-7.817097663620487e-20	1.015120000000016	1.3901640255609137e-18	5.4074583352714537e-20	4.7449091639291397e-20	0.9729537297494344	120424744.44901797	147941.13433523205	319760.60292755737	148151.27988848987	125920551.33861865	-630510.5576994303	306913.6925764526	-604320.2919366625	-132.2148376818347	1599.565890624997	121928761.30731589	150001.5957388621	310746.819166296	150001.58086733092	127674319.397265	-612736.9928066266	310746.8198111371	-612737.0087785409	-128.4878120696009	0.013587273508502334	0.0	0.0	0.0	0.015006832106538066	0.0	0.0	0.0	-0.027418752141222857	124906759.84782296	0.027822610648986904
480	345.0	nan	nan	1	1	6.000000000000838e-05	6.000000000000867e-05	5.999999999999513e-05	1.0163875000000016	1.1663982496870618e-19	1.1863882272422632e-19	-8.673617379884036e-22	1.0181124999999938	1.4453228110861138e-18	-2.1141942363467337e-20	4.108109794183356e-21	0.967573477823273	126912571.05493243	156084.8054182508	331143.7912112058	156349.6975437224	132635998.81107648	-652564.2319944961	315239.9526992321	-620171.0116557428	-119.80815483327967	1599.565890624997	128832346.62897728	158714.77459341995	320008.5130346837	158714.76136568075	134870864.5781585	-630620.639983518	320008.5107398149	-630620.655614471	-115.77940005275141	0.016254674080495836	0.0	0.0	0.0	0.017950422827956843	0.0	0.0	0.0	-0.03296391089139062	131961358.13410985	0.03339199521021104
540	402.0	nan	nan	1	1	6.000000000000838e-05	6.000000000000867e-05	5.999999999999513e-05	1.0190949999999828	1.3816801435612148e-19	-3.7990444123892075e-19	6.86842076269567e-20	1.0211049999999888	2.1620075521533443e-18	-8.687169907040104e-20	-1.047991513990383e-19	0.9622325994626938	132783112.57777414	164416.64551069305	341260.25661784585	164740.91352068676	138707431.96283767	-673358.7832529636	322218.97341327276	-634535.9077422862	-113.13746078134758	1599.565890624997	135142632.87986884	167668.33290243245	327944.71727071126	167668.31537542195	141450665.20575637	-647085.1835610309	327944.7181614493	-647085.1992352653	-108.72298156364027	0.018914978550594475	0.0	0.0	0.0	0.020885374247406736	0.0	0.0	0.0	-0.038499070159031236	138410620.26213253	0.038949447823484716
600	459.0	nan	nan	1	1	6.000000000000838e-05	6.000000000000867e-05	5.999999999999513e-05	1.0218024999999897	3.7933523509836585e-20	5.576051773092949e-19	8.023096076392733e-20	1.0240975000000005	5.025819170556556e-19	-4.0332320816460765e-20	7.174538469833375e-20	0.9569314494122829	138123901.80182946	171814.26049343904	351891.397183717	172200.1360935666	144223842.91528976	-692953.9019756436	329550.9163238906	-647506.114481469	-110.10896475880547	1599.565890624997	140944036.22141686	175716.04451544807	336279.4920476938	175716.0194745027	147499067.4761818	-662210.5230017246	336279.49747463875	-662210.534268169	-105.22390440723711	0.02156822457430943	0.0	0.0	0.0	0.02381173692842084	0.0	0.0	0.0	-0.044023520802953034	144339392.2090569	0.044494525507953346
660	516.0	nan	nan	1	1	6.000000000000838e-05	6.000000000000867e-05	5.999999999999513e-05	1.0245099999999874	5.885862543880682e-20	-4.655022027566513e-19	1.507583120841094e-19	1.0270900000000232	2.1907389097242102e-18	-2.7267684638010437e-20	1.7714169432518634e-19	0.9516702196295586	143005188.2490695	177835.0368890549	362900.1041780272	178282.8527923487	149256855.5622896	-711406.1165992941	337098.9403248597	-659167.1776392143	-109.27126524394471	1599.565890624997	146304206.80020258	182395.72213957383	344875.5374027087	182395.69964715303	153084636.36189905	-676071.9105591561	344875.5508892407	-676071.9118090103	-103.84396667241616	0.024214449508123785	0.0	0.0	0.0	0.026729560991921152	0.0	0.0	0.0	-0.04953671215601051	149815751.68418786	0.05002689066327811
720	573.0	nan	nan	1	1	6.000000000000838e-05	6.000000000000867e-05	5.999999999999513e-05	1.0272174999999713	1.4552703660186683e-19	2.1027559034270117e-18	5.139118297581291e-20	1.030082499999989	-1.0108016854082358e-18	-3.333921680392926e-20	4.13240269911061e-19	0.9464489845362557	147484568.01577225	183468.011961979	373131.370911874	183979.70266778406	153865463.51200414	-728085.2378541041	343792.64417533117	-668971.1962145867	-108.17315769519051	1599.565890624997	151278553.0231086	188712.52945955793	352636.5672120209	188712.51127933408	158263778.5481371	-688094.0572945232	352636.5805625893	-688094.0455135193	-102.23158374728551	0.026853690412771764	0.0	0.0	0.0	0.02963889612131207	0.0	0.0	0.0	-0.05503820884901556	154895580.151782	0.055546282287231206
780	630.0	nan	nan	1	1	6.000000000000838e-05	6.000000000000867e-05	5.999999999999513e-05	1.0299249999999838	1.6439215440311462e-19	1.5689489638037735e-18	-3.3501847129802087e-20	1.0330750000000033	9.855397747893236e-20	-7.849623728795052e-20	-5.816067029026928e-20	0.9412677295111994	151609250.12729615	189961.58367034246	382648.5346319359	190542.56960574395	158099457.3533613	-742947.8196156499	349709.6688206315	-676923.5479120681	-109.31637623643921	1599.565890624997	155912407.68570036	195950.78688146532	359635.5394062792	195950.77984297078	163084095.61211973	-698265.9429630376	359635.5526527131	-698265.9299269249	-102.7419429988075	0.029485984056368368	0.0	0.0	0.0	0.03253979156778496	0.0	0.0	0.0	-0.06052766391135483	159625392.13244244	0.061052498047237364
840	687.0	nan	nan	1	1	6.000000000000838e-05	6.000000000000867e-05	5.999999999999513e-05	1.0326324999999739	3.6640612419147624e-19	2.452465314162211e-19	2.181414771040835e-19	1.036067499999959	-1.8513836297362474e-18	2.883977778811442e-20	-4.321900910070342e-20	0.9361263706371316	155420001.0939632	196791.78474039535	391973.0853382946	197446.3990052669	161999469.6744706	-759484.0762671018	355340.7058675689	-686222.7182168585	-109.98846511203074	1599.565890624997	160244959.43434304	203576.05564584487	366372.11131986993	203576.05183600183	167584297.77215058	-709879.8232425848	366372.13097620493	-709879.8075003291	-102.80477841775345	0.03211136691734633	0.0	0.0	0.0	0.0354322961549479	0.0	0.0	0.0	-0.06600480025330223	164044132.44999623	0.06654538194010734
900	744.0	nan	nan	1	1	6.000000000000838e-05	6.000000000000867e-05	5.999999999999513e-05	1.035339999999985	2.178839790881182e-19	1.3902724457781624e-18	-1.0852863746579898e-19	1.0390600000000092	7.894563908844576e-18	5.903480829183571e-20	6.532318089225165e-20	0.9310247710407238	158952464.6752161	202848.03753919364	402690.7938866446	203576.8780577076	165599175.24065354	-776679.8044532128	362117.88187446404	-695925.285054516	-108.74796324022044	1599.565890624997	164310532.7937319	210439.17050042163	374324.3520921223	210439.1735384147	171796353.0530275	-721968.7387907462	374324.37569625233	-721968.7283829169	-101.08751304777103	0.034729875187672156	0.0	0.0	0.0	0.038316458284213616	0.0	0.0	0.0	-0.07146939514095708	168184834.95849836	0.07202481394774803
960	801.0	nan	nan	1	1	6.000000000000838e-05	6.000000000000867e-05	5.999999999999513e-05	1.038047499999986	-3.070325027207388e-19	1.5298092653770467e-18	-1.7856809780836258e-19	1.0420524999999718	7.074310755250667e-18	-1.0489656018797256e-19	2.0487355301829214e-19	0.9259627498018418	162235435.072755	208315.6388883687	415003.3624117096	209119.38300671065	168928864.67152718	-789135.2928961094	370192.7666032399	-701221.7555590719	-106.26452500419644	1599.565890624997	168136731.9992793	216726.05821353834	383658.4684215242	216726.07861954469	175749104.3596945	-729532.4936416702	383658.489642091	-729532.4913043791	-98.23844480133425	0.03734154477567527	0.0	0.0	0.0	0.041192325939082564	0.0	0.0	0.0	-0.07692127214093616	172075684.51015052	0.07749070467079794
1020	858.0	nan	nan	1	1	6.000000000000838e-05	6.000000000000867e-05	5.999999999999513e-05	1.040754999999996	-4.601489545300042e-19	-2.6996634094889063e-19	1.566672139241554e-19	1.04504499999999	1.1977181399447368e-18	-5.66495635123676e-20	1.3590474232105799e-19	0.9209400916925771	165293167.1286541	213313.75110023338	426870.55782406055	214193.0698820897	172015121.9732974	-795600.3616031929	377727.94113367115	-701118.4057237289	-104.78526200214495	1599.565890624997	171746750.8400943	222555.82573388328	392475.637802284	222555.86509562994	179467883.86602032	-731495.188957585	392475.67045970407	-731495.2032780485	-96.34223251705666	0.03994641130912415	0.0	0.0	0.0	0.04405994669057132	0.0	0.0	0.0	-0.08236029186465471	175740978.7913672	0.08294298916315085
1080	915.0	nan	nan	1	1	6.000000000000838e-05	6.000000000000867e-05	5.999999999999513e-05	1.0434624999999906	-2.4493482329163153e-19	2.2799687485197673e-18	-9.486769009248164e-20	1.0480374999999906	-3.1567630454087947e-18	5.93058588349571e-20	2.6953266007989643e-19	0.9159565577725505	168148007.67360935	217502.71624071986	438359.71937888	218456.39591323573	174880336.40311995	-799425.6927747825	384794.3954290209	-698676.5556613228	-101.74593945323001	1599.565890624997	175162053.13595897	227568.92743094	400845.462445865	227568.981388829	182973947.50681883	-731011.8775636132	400845.5245535207	-731011.9024767563	-93.03865375657051	0.04254451013805121	0.0	0.0	0.0	0.04691936770141366	0.0	0.0	0.0	-0.08778634144515492	179202097.80918616	0.08838161992151905
1140	972.0	nan	nan	1	1	6.000000000000838e-05	6.000000000000867e-05	5.999999999999513e-05	1.0461699999999923	-1.97362064842041e-19	-3.0560406635848915e-18	-2.528359466236196e-19	1.0510299999999693	3.0436807588185566e-18	-1.870248747537495e-20	7.947201924318747e-20	0.9110118860298272	170819281.28553945	220641.90509700397	448774.50944604416	221666.9428571288	177543897.6768806	-801680.5696267873	390795.93142238376	-694880.7784298254	-95.54628070695955	1599.565890624997	178401184.89543682	231505.7026400454	408141.5470948831	231505.7466595755	186285668.45934424	-729094.7704834449	408141.6143036488	-729094.7872786605	-86.89532494846165	0.04513587633771905	0.0	0.0	0.0	0.04977063573098321	0.0	0.0	0.0	-0.09319933457367384	182477494.54052222	0.09380656691232883
1200	1029.0	nan	nan	1	1	6.000000000000838e-05	6.000000000000867e-05	5.999999999999513e-05	1.0488774999999755	-8.057909130524884e-19	1.6885364634289246e-18	6.548581121812447e-20	1.0540224999999581	3.0178767471134017e-18	-1.325437155863529e-19	8.689880412471318e-20	0.9061057950539151	173323547.31216708	222804.5207496225	457297.3646842945	223897.4399133144	180022675.22261822	-802641.3674211648	395050.75332742097	-690002.3756550335	-88.35862143249018	1599.565890624997	181480003.58191785	234433.8507942594	413641.44596687384	234433.85983941337	189418997.60709503	-726017.1640003372	413641.50019255286	-726017.1985638256	-79.92346065280121	0.04772054471137004	0.0	0.0	0.0	0.05261379713985864	0.0	0.0	0.0	-0.09859920817374031	185583073.3451563	0.09921781535777083
1260	1086.0	nan	nan	1	1	6.000000000000838e-05	6.000000000000867e-05	5.999999999999513e-05	1.051584999999956	-1.230298415227926e-19	-3.3121292167259674e-18	3.751339516799845e-20	1.0570150000000194	-1.560600607075635e-18	1.513546232789764e-19	-2.759294528975609e-20	0.901237991484896	175676193.54005855	224764.69762699335	463803.985034451	225925.28056526274	182331137.89967868	-803761.8609603044	397493.12092017266	-685307.9439263997	-79.00982967094448	1599.565890624997	184413313.5745873	237161.52086211825	417262.1032190045	237161.50019955926	192387552.05486158	-723105.827921263	417262.1348109881	-723105.8789765976	-71.08133773586431	0.05029854979311664	0.0	0.0	0.0	0.055448897894332425	0.0	0.0	0.0	-0.10398591476035067	188533023.45688766	0.10461536064645754
1320	1143.0	nan	nan	1	1	6.000000000000838e-05	6.000000000000867e-05	5.999999999999513e-05	1.0542924999999805	-1.5108831612035968e-18	2.8291171488836754e-18	1.0039712117215772e-19	1.0600074999999538	3.106022383736473e-18	9.020562075079396e-20	3.2320066761792886e-19	0.8964081741603428	177887929.7161793	225172.8404285758	469178.9097430926	226393.42025705636	184485384.92019853	-804468.4540414832	398917.61780598527	-680308.5194878664	-67.2128891209655	1599.565890624997	187211160.12519372	238258.871838503	419825.1255990839	238258.85724038046	195206844.65372264	-719844.9519894234	419825.1682561723	-719844.986841189	-60.14264288336791	0.05286992585069952	0.0	0.0	0.0	0.05827598357059928	0.0	0.0	0.0	-0.1093594182210574	191340292.18744364	0.10999920552427594
1380	1200.0	nan	nan	1	1	6.000000000000838e-05	6.000000000000867e-05	5.999999999999513e-05	1.0569999999999593	-8.5825443973952535e-19	2.941765754604919e-18	8.456776945386935e-20	1.0629999999999828	1.7568520423172362e-17	-1.243037790754631e-19	-1.6154612370034016e-19	0.8916160347130332	179968473.80205828	223978.04377148396	475819.18226150825	225249.37528169673	186499563.10566378	-806747.4926995271	401369.96930572035	-676678.2850732655	-57.45602497907053	1599.565890624997	189882656.51482177	237658.08300780944	423480.7703706547	237658.0122796119	197890507.04767823	-718008.1477152908	423480.8153169492	-718008.1642627463	-51.136067287005325	0.05543470688806208	0.0	0.0	0.0	0.06109509935979495	0.0	0.0	0.0	-0.11471969343178554	194016429.03567913	0.11536935984094004
1392	1201.4666666666667	nan	nan	1	1	6.000000000000838e-05	6.000000000000867e-05	5.999999999999513e-05	1.0569303333333	7.737137753399681e-19	-2.334287277361291e-19	-2.271403551357132e-19	1.062922999999982	-1.0040904739605506e-17	-1.8154965378269773e-19	-4.342229700804445e-19	0.8916660464449881	171802903.76117784	222869.79825430943	474282.06652547565	224133.52779777837	178016221.1078629	-801384.5915629148	400122.1841635023	-672266.4283601602	90.4472266288402	1599.565890624997	181270221.6169971	236484.47136886217	422171.135682196	236484.5608906613	188890878.32232305	-713333.8302601748	422171.19390495756	-713333.848619444	80.50949230472644	0.05536879490829057	0.0	0.0	0.0	0.061022660235672814	0.0	0.0	0.0	-0.11466360389609621	185204117.06497547	0.11528577655441176
1404	1202.9333333333334	nan	nan	1	1	6.000000000000838e-05	6.000000000000867e-05	5.999999999999513e-05	1.0568606666666276	-8.019775707239496e-19	2.263705715932485e-18	1.8930169931596907e-19	1.0628459999999849	1.6189740520422548e-17	-1.6734660532313762e-19	4.582380482009984e-19	0.8917276273995541	164927351.61214483	220827.6040947978	474862.2733869033	222078.2338689646	170879437.54998004	-801006.9420736647	400665.69146040495	-672044.7005838993	1.0164292438086122	1599.565890624997	174016376.2733866	234316.786911547	422746.08070296317	234316.80148452183	181317552.75837332	-713096.3320423813	422746.0820990729	-713096.3338901778	0.9048760097681842	0.055302878583831205	0.0	0.0	0.0	0.06095021586374946	0.0	0.0	0.0	-0.1145945434799987	177785704.47949666	0.11519354628464099
1416	1204.4	nan	nan	1	1	6.000000000000838e-05	6.000000000000867e-05	5.999999999999513e-05	1.0567909999999745	-4.791902551842808e-19	-2.6324428747948047e-19	-5.453536927602087e-20	1.0627689999999634	4.2294726748659526e-19	4.466912950640278e-20	-1.3834419720915037e-19	0.8917893289536388	158073219.78933895	218955.74005810687	475846.14356531494	220194.31967663957	163754927.3986887	-802950.5215963732	401550.0845037013	-673770.7895007305	0.14947104697977193	1599.565890624997	166785061.81122124	232329.8208965432	423680.59175940807	232329.82327234792	173757275.98357224	-714925.5210823861	423680.5940532111	-714925.5224297163	0.13308499499617868	0.055236957914141877	0.0	0.0	0.0	0.060877766243233995	0.0	0.0	0.0	-0.11452535259971097	170384751.49757874	0.11510122587380749
1428	1205.8666666666666	nan	nan	1	1	6.000000000000838e-05	6.000000000000867e-05	5.999999999999513e-05	1.0567213333333034	6.685326120817181e-19	-2.8926513961913258e-18	5.999974822534781e-19	1.0626919999999542	-2.1432508545693452e-18	1.5829351718288364e-19	1.509751525186065e-19	0.8918510418856095	151225167.27417248	217152.6522631257	476785.9148937081	218379.6059331516	156632123.4399408	-805600.7576511025	402397.49429162306	-676090.4150639345	0.03343428911757655	1599.565890624997	159560114.15858176	230415.84397831562	424576.08756770566	230415.84599093944	166198858.45464358	-717384.4846094849	424576.08930854447	-717384.4849191335	0.029773110363997525	0.05517103289861435	0.0	0.0	0.0	0.06080531137340345	0.0	0.0	0.0	-0.11445615374886138	162987808.54599205	0.11500889695117976
1440	1207.3333333333333	nan	nan	1	1	6.000000000000838e-05	6.000000000000867e-05	5.999999999999513e-05	1.0566516666666346	-8.452711187240114e-20	1.3806230464430413e-18	-3.546425306200085e-19	1.0626149999999832	1.5241497300366725e-17	-1.0657707355532508e-19	3.268327448957553e-19	0.8919127574839879	144380527.79894152	215315.10722549332	477617.7508205956	216530.26447502742	149511419.19501847	-808621.0524650152	403154.0196438514	-678721.298787389	0.006086467264220119	1599.565890624997	152338721.69398263	228465.31930036712	425375.69782240357	228465.32147410174	158642719.34095207	-720173.7035008034	425375.6994423823	-720173.7037477187	0.005420726627551713	0.05510510353669471	0.0	0.0	0.0	0.060732851253520286	0.0	0.0	0.0	-0.11438695669662265	155593781.45754457	0.11491656602653912
1452	1208.8	nan	nan	1	1	6.000000000000838e-05	6.000000000000867e-05	5.999999999999513e-05	1.0565819999999706	-3.3457801416544863e-19	6.580022984814526e-19	-1.0885389811754465e-19	1.0625379999999844	-4.959140736948697e-19	-2.9110828331235796e-20	-5.667124755581732e-19	0.8919744739950078	137538397.16324866	213409.00107673847	478340.38197221793	214611.9997096871	142393212.26985747	-811910.8140219612	403818.55096874974	-681579.1263359472	0.004240414709318429	1599.565890624997	145119930.5425224	226442.0610112643	426078.2519981427	226442.0636987303	151089280.66631368	-723203.7132021993	426078.253615318	-723203.7136721859	0.003777118878868642	0.055039169827812345	0.0	0.0	0.0	0.06066038588276092	0.0	0.0	0.0	-0.1143177634091149	148202451.3383144	0.11482423440968222
1464	1210.2666666666667	nan	nan	1	1	6.000000000000838e-05	6.000000000000867e-05	5.999999999999513e-05	1.0565123333332886	-2.6962075150641086e-19	7.09295903261742e-18	-3.729655473350135e-20	1.06246099999997	-8.243080697190041e-18	-4.4614919397778505e-20	-5.936006894358137e-20	0.8920361911923119	130698415.62024361	211429.25118547623	478954.59475547477	212619.70136461666	135277759.1404929	-815422.4672282669	404391.71516902547	-684624.0496773041	0.007880036429967732	1599.565890624997	137903360.99131083	224340.67681580217	426684.4103522449	224340.67996925255	143538814.395555	-726432.2305852328	426684.41246361856	-726432.2311497281	0.007020057296667925	0.05497323177137234	0.0	0.0	0.0	0.060587915260376185	0.0	0.0	0.0	-0.11424857413964182	140813790.33066878	0.11473190226900397
1476	1211.7333333333333	nan	nan	1	1	6.000000000000838e-05	6.000000000000867e-05	5.999999999999513e-05	1.056442666666643	7.044061514638322e-19	2.6981455264474263e-18	-1.137328078937294e-19	1.0623839999999691	9.636280488833915e-18	-1.7070763205784267e-19	2.5186016466838268e-19	0.8920979095415098	123860457.89780974	209381.31360149305	479465.41339998634	210558.85741041225	128165258.74387218	-819122.0308565042	404877.7176543203	-687827.6137506012	0.012293190549593418	1599.565890624997	130688880.61520748	222166.95652494032	427198.6093683496	222166.95986452085	135991531.32428595	-729829.0610859042	427198.61208601925	-729829.0613059446	0.010953102686031078	0.0549072893668528	0.0	0.0	0.0	0.0605154393856335	0.0	0.0	0.0	-0.11417938836577225	133427855.5075627	0.11463956925597826
1488	1213.2	nan	nan	1	1	6.000000000000838e-05	6.000000000000867e-05	5.999999999999513e-05	1.0563729999999774	1.394961620174162e-19	5.95443833129039e-19	7.632783294297951e-20	1.0623069999999821	-1.1244152310629918e-17	2.7663418430967644e-19	-8.608565249534906e-20	0.8921596298582471	117024501.85215911	207273.21743150798	479888.1782391185	208437.54344336977	121055894.37193593	-822987.7262773274	405289.47824510897	-691171.596264756	0.01652167959068902	1599.565890624997	123476465.76822624	219929.41995828468	427634.4808041048	219929.42324431322	128447625.61062133	-733374.8672995903	427634.4833321857	-733374.8669597404	0.014722679562108048	0.05484134261362666	0.0	0.0	0.0	0.060442958257769165	0.0	0.0	0.0	-0.11411020517287729	126044748.04560046	0.11454723476067369
1500	1214.6666666666667	nan	nan	1	1	6.000000000000838e-05	6.000000000000867e-05	5.999999999999513e-05	1.0563033333333045	7.66015939915321e-19	-1.8667793005855415e-18	-1.951563910473908e-20	1.0622299999999762	5.99260224776188e-18	-1.8041124150158793e-19	-1.8675382421062813e-19	0.8922213530002037	110190552.3715256	205107.82747713148	480246.9462965095	206258.64173137693	113949837.01939416	-827023.3194009513	405647.2874382628	-694659.2210815224	0.021495590548496694	1599.565890624997	116266121.34757897	217631.1071978461	428013.4326008805	217631.1104029279	120907278.38414569	-737073.0673198834	428013.4342787879	-737073.0667313067	0.019157647055171104	0.054775391511132705	0.0	0.0	0.0	0.0603704718759934	0.0	0.0	0.0	-0.11404102359946361	118664578.2911883	0.11445489814193942
1512	1216.1333333333334	nan	nan	1	1	6.000000000000838e-05	6.000000000000867e-05	5.999999999999513e-05	1.056233666666627	3.71088522323898e-19	2.6667036634453467e-18	-4.154662724964453e-19	1.062152999999995	-6.474204852779941e-18	1.8875959822972633e-19	2.0713682505335563e-19	0.8922830796895815	103358615.18384829	202881.5929127143	480567.5730232961	204018.58273768224	106847230.6567075	-831258.8286453043	405972.9659064398	-698315.7676584779	0.025058399836998434	1599.565890624997	109057853.18092982	215268.25100099188	428358.4876063005	215268.25415385875	113370642.1442808	-740950.4815478389	428358.4878967096	-740950.481470884	0.02233604358373473	0.05470943605879954	0.0	0.0	0.0	0.06029798023958398	0.0	0.0	0.0	-0.1139718428361426	111287445.41395888	0.11436255886000732
1524	1217.6	nan	nan	1	1	6.000000000000838e-05	6.000000000000867e-05	5.999999999999513e-05	1.0561639999999417	-6.291692969569163e-19	2.0150981577815584e-18	4.281514379145257e-19	1.0620759999999776	-3.618307910235874e-18	-6.120321263680673e-20	-6.76379525305082e-19	0.8923448105725275	96528718.14346837	200589.2754901749	480871.48011592793	201712.1004478035	99748182.80469656	-835732.2646900883	406284.60082808486	-702173.2437427354	0.031210164406336845	1599.565890624997	101851690.47467077	212835.29375753496	428688.7288061142	212835.29725599632	105837830.74712662	-745041.0701958825	428688.72812196676	-745041.0707923732	0.02782332963928967	0.05464347625605039	0.0	0.0	0.0	0.060225483347722784	0.0	0.0	0.0	-0.11390266215897443	103913443.61302324	0.11427021643201668
1536	1219.0666666666666	nan	nan	1	1	6.000000000000838e-05	6.000000000000867e-05	5.999999999999513e-05	1.0560943333332777	3.627808231772278e-19	1.954491256339619e-18	-1.8474805019152995e-19	1.061998999999971	-1.0214702347854931e-17	3.2959746043559334e-20	3.2542328207152416e-19	0.8924065465809969	89700948.75340253	198232.62538191484	481162.8830743868	199340.9545984746	92652805.15633665	-840472.9983279896	406585.74952460127	-706256.4152555921	0.044847367950715124	1599.565890624997	94647725.36434095	210334.092907889	429007.90860310977	210334.09553526397	98308962.46459833	-749371.1088981327	429007.9078633989	-749371.1097099502	0.039986200531207515	0.05457751210233886	0.0	0.0	0.0	0.06015298119969103	0.0	0.0	0.0	-0.11383348052395634	96542704.87933947	0.11417787016186025
1548	1220.5333333333333	nan	nan	1	1	6.000000000000838e-05	6.000000000000867e-05	5.999999999999513e-05	1.0560246666666144	7.966243224973025e-19	-2.1412992906588713e-18	-1.3856103764364747e-19	1.0619219999999656	6.633148891266316e-18	2.1618991319360958e-19	-2.770136550700464e-19	0.8924682892216507	82875466.74347168	195823.5321474959	481415.4467110437	196917.10219629327	85561263.09426674	-845482.739407486	406854.1514607079	-710566.8159498909	0.06612307952181436	1599.565890624997	87446126.1707284	207777.26407344264	429292.53851858596	207777.26437586214	90784212.50723058	-753942.2217412649	429292.538066101	-753942.2220626805	0.05896392576651368	0.05451154359707133	0.0	0.0	0.0	0.060080473794717704	0.0	0.0	0.0	-0.11376429624342295	89175434.89181913	0.11408551892445903
1560	1222.0	nan	nan	1	1	6.000000000000838e-05	6.000000000000867e-05	5.999999999999513e-05	1.055954999999973	-7.686315776564423e-20	-1.273612292018722e-18	1.627387460900742e-19	1.0618449999999557	-1.2103165691890184e-17	-1.6555767173853652e-19	5.271933063710765e-19	0.8925300404140992	76052484.02437323	193372.9158561955	481576.4452642	194451.52598155072	78473759.47284243	-850734.756928824	407045.2281079603	-715082.075866491	0.09712268742080778	1599.565890624997	80247116.28729114	205176.39396692903	429495.58053960983	205176.3912495206	83263795.8546359	-758730.6686312542	429495.5802324385	-758730.6684964169	0.08661919707112807	0.05444557073969383	0.0	0.0	0.0	0.060007961132034784	0.0	0.0	0.0	-0.11369510716750286	81811897.41117309	0.1139931612867313
1572	1223.4666666666667	nan	nan	1	1	6.000000000000838e-05	6.000000000000867e-05	5.999999999999513e-05	1.0558853333333011	1.9972359269898599e-19	1.3613242477727993e-18	5.247538514829841e-19	1.0617679999999625	-5.265536270893101e-18	6.944314914769655e-20	-3.415236843329339e-21	0.8925918022597122	69232243.59774692	190897.4059612773	481579.95327577996	191960.950624275	71390505.14262491	-856189.337991927	407103.2187018362	-719768.8988139019	0.13762834259262308	1599.565890624997	73050951.96338393	202549.1269983036	429558.1967709684	202549.1224056732	75747936.017212	-763701.1167525237	429558.19612488546	-763701.116634653	0.12276130321982882	0.054379593529582236	0.0	0.0	0.0	0.059935443210901246	0.0	0.0	0.0	-0.11362591094328842	74452393.4967961	0.11390079568027729
1584	1224.9333333333334	nan	nan	1	1	6.000000000000838e-05	6.000000000000867e-05	5.999999999999513e-05	1.0558156666666085	-1.5529163241781442e-19	-2.660632131279428e-19	-2.996734804749934e-19	1.0616909999999875	8.168704428157536e-18	-8.440513912799652e-20	1.8978959029358755e-19	0.8926535773219553	62415031.425940916	188435.00464638614	481357.8229049612	189483.59237228095	64311769.170099184	-861789.33804069	406970.45414632803	-724579.3131216005	0.18655883243773133	1599.565890624997	65857934.81589053	199935.7844472147	429419.53413388226	199935.7813340447	68236918.30687988	-768802.6629122552	429419.5329047403	-768802.6629396726	0.16642921980662637	0.05431361196617161	0.0	0.0	0.0	0.059862920030553116	0.0	0.0	0.0	-0.11355670470085948	67097305.13953262	0.11380842019216784
1596	1226.4	nan	nan	1	1	6.000000000000838e-05	6.000000000000867e-05	5.999999999999513e-05	1.055745999999954	6.587273586843023e-19	4.221991679875803e-18	-1.3227266504323154e-19	1.0616139999999692	8.208494647887754e-19	1.5558301175166987e-20	-1.6864764793012023e-19	0.8927153695739557	55601274.56407749	186030.3111478432	480848.62438746187	187064.2948918476	57237988.60449322	-867447.198401721	406594.91650330514	-729439.7460485329	0.24538845965079964	1599.565890624997	58668515.33173593	197383.68646038198	429024.6998685663	197383.68479727712	60731206.25677776	-773957.2394954968	429024.6991584559	-773957.2397498167	0.21894148160882498	0.054247626048943176	0.0	0.0	0.0	0.05979039159017166	0.0	0.0	0.0	-0.11348748399201684	59747221.44220608	0.11371603185769796
1608	1227.8666666666666	nan	nan	1	1	6.000000000000838e-05	6.000000000000867e-05	5.999999999999513e-05	1.055676333333301	-3.909633033982729e-19	-3.1955774831837758e-18	3.6244878626190413e-19	1.0615369999999813	-6.266254876097221e-18	-1.2235221516498918e-19	3.9985376121265405e-19	0.8927771852458892	48791636.05494724	183716.9694264645	480009.4336323183	184736.8844503003	50169859.450965956	-873053.1793585464	405940.20984877815	-734257.9313959478	0.32284157505771144	1599.565890624997	51483393.00817505	194928.52828746906	428335.28430269606	194928.5245231344	53231538.151843786	-779066.942418395	428335.2855380757	-779066.9441001344	0.28808691693929217	0.05418163577728739	0.0	0.0	0.0	0.05971785788906286	0.0	0.0	0.0	-0.11341824184167398	52403066.90475044	0.11362362602824917
1620	1229.3333333333333	nan	nan	1	1	6.000000000000838e-05	6.000000000000867e-05	5.999999999999513e-05	1.0556066666666257	-8.235599702199892e-19	1.6837659738699883e-18	-2.222614453595284e-20	1.061459999999994	-1.0590486820838408e-18	-1.620882247865829e-20	-8.250778532614689e-20	0.8928390325150759	41986939.62591546	181523.74613650574	478797.2309303626	182530.28723488402	43108345.039820895	-878482.2558228184	404969.8373510291	-738928.694133626	0.42372148990654385	1599.565890624997	44303437.005089715	192600.82942141232	427312.7711566077	192600.82192416512	45738936.01452178	-784020.1715831427	427312.77482697833	-784020.1758859373	0.37815925480348467	0.054115641150607234	0.0	0.0	0.0	0.05964531892643483	0.0	0.0	0.0	-0.11334896909583282	45066127.30760679	0.11353119660313427
1632	1230.8	nan	nan	1	1	6.000000000000838e-05	6.000000000000867e-05	5.999999999999513e-05	1.0555369999999717	4.257797456622137e-19	-2.9057702424784003e-18	-2.9598719308854273e-20	1.0613829999999724	5.86770215749155e-19	9.025983085941825e-20	-8.846547626395473e-19	0.8929009203338163	35187987.86704074	179470.65634775194	477192.79175239406	180464.62909062332	36054599.28762262	-883622.7435447783	403667.41339794395	-743358.020239035	0.5668180819621775	1599.565890624997	37129494.42023876	190421.8232589665	425939.8622781677	190421.81281263084	38254624.309822634	-788717.1730092071	425939.8698790003	-788717.1776639343	0.5059389411174292	0.05404964216836908	0.0	0.0	0.0	0.05957277470149217	0.0	0.0	0.0	-0.11327965573509778	37738044.71685667	0.11343873690497416
1644	1232.2666666666667	nan	nan	1	1	6.000000000000838e-05	6.000000000000867e-05	5.999999999999513e-05	1.0554673333332996	-1.1001467206846194e-18	2.837357085394565e-19	1.9212062496443139e-19	1.0613059999999899	4.757479132866394e-18	-2.934393179832018e-19	3.1973122066597524e-19	0.8929628596539307	28395700.82033289	177576.90803970618	475224.05586285004	178559.2223391803	29010096.89366636	-888435.7010761996	402056.44354490907	-747513.0528533243	0.7737006355519407	1599.565890624997	29962536.51448183	188411.8862176133	424241.3543891203	188411.87450123474	30780168.07156728	-793123.0762884432	424241.3648044562	-793123.080107293	0.6906969490888692	0.053983638829960504	0.0	0.0	0.0	0.05950022521353975	0.0	0.0	0.0	-0.11321028950365998	30421274.811053425	0.11334623876603873
1656	1233.7333333333333	nan	nan	1	1	6.000000000000838e-05	6.000000000000867e-05	5.999999999999513e-05	1.0553976666666458	-1.471533398605951e-19	-2.371909092746538e-18	-2.1998462079730884e-19	1.0612289999999882	-6.533619131832147e-18	4.46528664738155e-19	-2.1152784385192192e-19	0.8930248648040507	21611343.636552658	175862.5746372989	472914.77951173193	176834.2490885942	21976709.491102576	-892976.7154284276	400156.90545120917	-751440.4659188709	0.986162170268828	1599.565890624997	22803898.976978313	186592.31203873176	422238.32275722054	186592.3016959333	23317553.739933994	-797287.3907071397	422238.3300321829	-797287.3943443678	0.8804873071867282	0.05391763113484115	0.0	0.0	0.0	0.059427670461759036	0.0	0.0	0.0	-0.11314085436780122	23120148.09036675	0.11325369150095561
1668	1235.2	nan	nan	1	1	6.000000000000838e-05	6.000000000000867e-05	5.999999999999513e-05	1.055327999999938	-7.062018613120113e-19	6.148510520165296e-19	1.4203048459560109e-19	1.061151999999977	-1.3311834273777024e-18	1.9716216506648898e-19	-9.465084965798454e-20	0.8930869541139932	14836602.852143366	174287.42015166537	470290.5631765718	175249.24873312	14956766.130105967	-897356.1287361683	397990.35628053476	-755233.0433212807	1.2662288690640124	1599.565890624997	15655362.539691245	184920.40460452423	419953.5011840907	184920.39930348127	15869253.45471075	-801308.5474782682	419953.5012809581	-801308.5500958513	1.1306993771512792	0.05385161908236725	0.0	0.0	0.0	0.05935511044539493	0.0	0.0	0.0	-0.11307132981809517	15844323.444447117	0.11316108144170045
1680	1236.6666666666667	nan	nan	1	1	6.000000000000838e-05	6.000000000000867e-05	5.999999999999513e-05	1.0552583333333079	1.448087526625952e-20	1.5370734199326996e-18	2.5955800009302978e-19	1.0610749999999665	-1.077122332299174e-17	-1.555830117516699e-19	2.8172993452035833e-19	0.8931491528846254	8073819.710956906	172797.43776860417	467349.363320802	173749.90826473013	7953473.047278038	-901589.9371665379	395554.9746487961	-758904.2153095905	1.662101917031454	1599.565890624997	8519399.311254075	183338.85612186644	417384.94750469713	183338.85345398213	8438670.558510967	-805200.7729744323	417384.942843451	-805200.7746043263	1.4844062618553322	0.053785602672088026	0.0	0.0	0.0	0.05928254516369363	0.0	0.0	0.0	-0.11300168754581866	8629450.211089158	0.113068389722812
1692	1238.1333333333334	nan	nan	1	1	6.000000000000838e-05	6.000000000000867e-05	5.999999999999513e-05	1.055188666666622	8.426825860372023e-19	-1.5626605912033576e-18	-2.2898349882893855e-19	1.0609979999999597	1.7455654977016623e-18	7.312943653414727e-20	-4.296693209560054e-19	0.8932114952270332	1326230.3168844245	171397.4192689524	464037.8475670478	172341.0324138726	971077.3273325504	-905571.6598062986	392805.522367709	-762364.3213125298	2.116504543154733	1599.565890624997	1399426.4644387597	181852.74328736277	414484.906604514	181852.72844255838	1030313.505727174	-808868.9032725407	414484.90234367596	-808868.9071656604	1.8904905979052307	0.05371958190330183	0.0	0.0	0.0	0.05920997461589385	0.0	0.0	0.0	-0.11293188938664032	2038504.0955812573	0.11297559091090613
1704	1239.6	nan	nan	1	1	6.000000000000838e-05	6.000000000000867e-05	5.999999999999513e-05	1.0551189999999386	-5.397090651997061e-19	6.2560633756758575e-18	-8.088148206741863e-20	1.060920999999963	3.933919162646404e-18	-1.6967763999398144e-20	2.0724524527060417e-19	0.8932740265989212	-5401666.092078293	170125.48723403024	460273.71513679135	171060.97601151254	-5984945.745670417	-909112.5196067146	389672.2084302326	-765454.3590910891	3.0018080705648753	1599.565890624997	-5699804.791999357	180502.50443329386	411179.7183519986	180502.48833862462	-6350005.008390098	-812144.2034791632	411179.71438050515	-812144.2065600501	2.6816273804267143	0.05365355677548846	0.0	0.0	0.0	0.05913739880123727	0.0	0.0	0.0	-0.11286188448467017	6261011.577280625	0.11288265111491722
1716	1241.0666666666666	nan	nan	1	1	6.000000000000838e-05	6.000000000000867e-05	5.999999999999513e-05	1.0550493333332942	-3.0489797969365793e-19	-1.5175577808279605e-18	2.5522119140308775e-19	1.0608439999999701	-1.19598341646876e-17	-9.698188432882837e-20	-1.4409046872332353e-19	0.8933368030107849	-12104269.49297784	168965.4036120141	455928.85624523886	169893.39915233466	-12907911.634067101	-911910.4297682393	386046.42344454315	-767919.8409896393	3.9392143328995446	1599.565890624997	-12772380.082992263	179270.89908476494	407354.7532208217	179270.8819664006	-13695187.739493974	-814756.6072850729	407354.7480724872	-814756.6151196043	3.5195352531034456	0.053587527288106576	0.0	0.0	0.0	0.059064817718952244	0.0	0.0	0.0	-0.11279161018559045	13355056.086849194	0.11278952858120246
1728	1242.5333333333333	nan	nan	1	1	6.000000000000838e-05	6.000000000000867e-05	5.999999999999513e-05	1.0549796666666131	-1.0701956356697073e-18	3.899983634647608e-18	3.3285006695304984e-19	1.0607669999999756	-3.4454860839416845e-18	2.6243113585011636e-19	-3.420115753105524e-19	0.8933998891087559	-18774904.778267484	167677.66542830146	450881.77716165804	168597.47010007632	-19790319.92903492	-913643.4980216558	381825.1098868536	-769489.4483284747	5.303561531898333	1599.565890624997	-19811248.62433315	177903.80431309328	402901.2301509423	177903.77299023553	-20997269.940247416	-816418.2007745116	402901.22758640244	-816418.214594925	4.739183470298226	0.053521493440508855	0.0	0.0	0.0	0.058992231368270066	0.0	0.0	0.0	-0.11272099418685323	20493182.49378557	0.11269617512641139
1740	1244.0	nan	nan	1	1	6.000000000000838e-05	6.000000000000867e-05	5.999999999999513e-05	1.0549099999999514	-2.3405214398530826e-19	-3.6718674975566576e-18	4.391018798566293e-20	1.0606899999999784	2.164501217150061e-18	-2.698037106230178e-19	1.4409046872332353e-19	0.8934633731543193	-25404370.666253872	166007.90194868646	445216.16501537856	166917.46668627474	-26621989.509487167	-914213.4929521782	377078.92968897347	-770080.1007881737	7.245938593196915	1599.565890624997	-26806691.273108743	176131.32329134963	397893.67976166715	176131.30655081058	-28245440.04178654	-817040.7981164481	397893.6769015877	-817040.7890226948	6.475760308645837	0.05345545523217246	0.0	0.0	0.0	0.058919639748425644	0.0	0.0	0.0	-0.11264993777539624	27600866.606507536	0.1126025249670808
1752	1246.6	nan	nan	1	1	6.000000000000838e-05	6.000000000000867e-05	5.999999999999513e-05	1.0551806653626001	1.2453823779526307e-18	-1.5549627557787105e-18	-1.9049432170570312e-19	1.0609499999999645	-9.404152803704768e-18	-2.01498973756431e-19	-2.793446897408902e-19	0.8932412720539962	-3.432652814670233	164711.7255547845	438503.43923436094	165612.30679455542	-1623949.2207323543	-909703.2635756162	371205.97581187787	-765902.7229141064	-1.4659303532999475	1599.565890624997	-3.6221479186173706	174754.71849141773	391697.9169705686	174754.71733976388	-1722966.5220102859	-812602.231868596	391697.9156525376	-812602.2253961938	-1.309458066769169	0.0537119990561666	0.0	0.0	0.0	0.059164733167938355	0.0	0.0	0.0	-0.11289855312663832	2345521.6247459785	0.11293516615832909
1764	1249.2	nan	nan	1	1	6.000000000000838e-05	6.000000000000867e-05	5.999999999999513e-05	1.0550936680615148	-5.988590699723684e-19	-2.882026214900968e-18	6.288372600415926e-21	1.0612099999999824	-8.904877703275193e-18	-5.51316804708879e-20	1.5650458359828257e-19	0.8931692459832117	-28.24805293322145	163660.1855751824	441565.72077619063	164608.70533606515	14687440.071674919	-911307.4720925817	373798.9915427599	-767003.5398846909	4.3476800761471965	1599.565890624997	-29.80254989670016	173667.38372511676	394369.21029796836	173667.16091216306	15585521.193824308	-813902.8715273583	394369.23752317356	-813902.8903794463	3.8829806698862073	0.053629547879315655	0.0	0.0	0.0	0.05940976653141575	0.0	0.0	0.0	-0.112979190886097	15666947.717145199	0.11304850030964057
1776	1251.8	nan	nan	1	1	6.000000000000838e-05	6.000000000000867e-05	5.999999999999513e-05	1.055003824552869	-4.0990296009887905e-19	3.3304522334409725e-18	1.7314708694593506e-19	1.0614699999999713	9.506935169656395e-18	-9.974659986866641e-20	-2.3201926491189796e-19	0.8930986956583096	-34.656588367099644	163608.121195708	445664.9380108743	164610.8670729955	30805905.364079002	-918814.0669987719	377271.4257102324	-773070.9758539131	3.4798882715895307	1599.565890624997	-36.55768013433687	173640.63617202724	397966.677800178	173640.61809394622	32694935.717006885	-820475.9912045163	397966.6999777074	-820475.9951544806	3.1074456535473765	0.053544392090055126	0.0	0.0	0.0	0.05965473986822559	0.0	0.0	0.0	-0.11305818275880933	32734462.626086578	0.1131601696108601
1788	1254.4	nan	nan	1	1	6.000000000000838e-05	6.000000000000867e-05	5.999999999999513e-05	1.0549101745809089	5.899008495222069e-19	4.070420216162329e-18	-1.3010426069826053e-20	1.06172999999997	-1.0793991568613937e-17	-1.0733601507606494e-19	-6.862457650747001e-19	0.893030025024431	-42.11875374211231	167514.9857426735	447407.53454198444	168597.7919297511	46636846.74607544	-924922.9157027696	378751.0579322896	-777960.3805555176	0.003637712576892227	1599.565890624997	-44.42171921644659	177816.52667370954	399460.391739492	177816.36701487572	49504837.23372745	-825802.0746425106	399460.37462117005	-825802.0149471293	0.0032478713008470958	0.05345562072585725	0.0	0.0	0.0	0.05989965320780526	0.0	0.0	0.0	-0.11313507602312776	49531308.45616814	0.11326959317188841
1800	1257.0	nan	nan	1	1	6.000000000000838e-05	6.000000000000867e-05	5.999999999999513e-05	1.0548124090630142	-5.880373770382474e-19	1.985607858689953e-18	-4.846383711010205e-19	1.061989999999975	7.82880704708333e-18	-1.2977900004651489e-19	-1.5308934675495322e-19	0.8929631855433885	-49.49982364614401	174757.64554833906	441891.6450753178	175946.5494733576	62108659.04431322	-926392.7427238444	374088.2234945769	-778947.6878810376	-4.8677244246120095	1599.565890624997	-52.1974960232783	185535.66287303538	394475.58849069156	185535.39467328342	65939153.56197999	-826988.530858526	394475.5176867141	-826988.571292297	-4.345405663150788	0.05336293980304534	0.0	0.0	0.0	0.06014450657953393	0.0	0.0	0.0	-0.1132099245507461	65959059.53118242	0.11337672461456745
1812	1259.6	nan	nan	1	1	6.000000000000838e-05	6.000000000000867e-05	5.999999999999513e-05	1.0547102530558992	-3.2487440472170335e-19	6.904199434387692e-18	1.5449880957918439e-19	1.0622499999999457	-1.324775792538313e-17	2.122325752640375e-19	-1.441988889405721e-20	0.8928980263686543	-59.2931929861356	184858.24640852612	420653.6429032394	186179.543039041	77132860.88549227	-917420.8030265006	356117.66415706545	-771158.624982906	-12.150720175448573	1599.565890624997	-62.51384841155964	196292.54147316163	375460.92576270096	196292.34225247503	81903867.36034068	-818858.1504749352	375461.0698567044	-818858.1754817603	-10.845313532223022	0.053266087553928185	0.0	0.0	0.0	0.060389300012732815	0.0	0.0	0.0	-0.11328289682241922	81919470.14053956	0.11348160527011893
1824	1262.2	nan	nan	1	1	6.000000000000838e-05	6.000000000000867e-05	5.999999999999513e-05	1.0546034035567486	2.779420031802371e-19	1.4396036446262528e-18	4.790005198040959e-19	1.0625099999999568	4.7651769682910406e-18	5.637851296924623e-20	1.5216777490834054e-19	0.8928343210341393	-70.50771763811866	198320.688938154	376087.4892807702	199807.3296291057	91597881.75114758	-895504.4072821372	318398.11590075685	-752498.4204604909	-21.72812348263245	1599.565890624997	-74.32462967850633	210624.05874176818	335634.57428530575	210623.83352068605	97280408.46304065	-799181.7039262606	335634.4928950606	-799181.7311787597	-19.390991944609787	0.053164775452802834	0.0	0.0	0.0	0.060634033536809864	0.0	0.0	0.0	-0.11335424607544083	97292723.78059891	0.11358432578630236
1836	1264.8	nan	nan	1	1	6.000000000000838e-05	6.000000000000867e-05	5.999999999999513e-05	1.0544917340401463	-3.478256094605059e-19	2.1145194969984793e-18	7.090682208055199e-20	1.0627699999999685	-6.150895764944764e-18	1.6653345369377348e-19	1.0061396160665482e-19	0.8927716832046273	-78.5329395594201	213433.64946020173	305808.0296747328	215109.27237224235	105389349.23211291	-862867.8780977775	258908.50295142632	-724845.3471152285	-33.09515588802379	1599.565890624997	-82.76984849942934	226714.5033772781	272876.67733239837	226714.57333647498	111947174.36937378	-769948.780621024	272876.80411210627	-769948.662322819	-29.53125915015132	0.05305888215788591	0.0	0.0	0.0	0.06087870718104362	0.0	0.0	0.0	-0.11342440469877567	111956859.85136244	0.11368514930571193
1848	1267.4	nan	nan	1	1	6.000000000000838e-05	6.000000000000867e-05	5.999999999999513e-05	1.0543752934898063	-3.094516288180971e-19	-1.7047994960162072e-18	-2.732189474663471e-19	1.0630299999999597	9.33367966249321e-18	-1.235990476633475e-19	-4.473418163675192e-19	0.8927095855450332	-91.35356329543586	228396.5442664497	207676.55095453042	230271.42445049563	118394418.0631675	-816967.5478390867	175834.0685581915	-686071.8375940231	-54.86062855739449	1599.565890624997	-96.26530093708405	242652.1309898282	185287.75558416225	242652.25320494286	125784117.84905581	-728893.4770365269	185288.00535131156	-728893.6614123352	-48.94631911313633	0.05294845267234864	0.0	0.0	0.0	0.06112332097470954	0.0	0.0	0.0	-0.11349396315419717	125791637.48416802	0.11378449628280556
1860	1270.0	nan	nan	1	1	6.000000000000838e-05	6.000000000000867e-05	5.999999999999513e-05	1.0542542265754038	-1.054183324834812e-19	-1.434724734850068e-18	-1.0028870095490916e-19	1.0632899999999528	-1.6093897048374827e-18	1.0364972768961422e-19	5.731634784844619e-19	0.8926471011431937	-107.77846409482927	244924.2942372638	84597.31692971801	247023.24442282756	130427129.50167383	-760610.6173546402	71629.54843899343	-638543.216772351	-98.66968406658259	1599.565890624997	-113.55348356689511	260259.5745569483	75467.42103548764	260259.3213940071	138593475.7533951	-678524.1398572112	75467.6253728649	-678523.8942953047	-88.02107278505844	0.05283362271916484	0.0	0.0	0.0	0.06136787494710167	0.0	0.0	0.0	-0.11356395970147666	138599354.0166878	0.11388311324437661
1872	1272.6	nan	nan	1	1	6.000000000000838e-05	6.000000000000867e-05	5.999999999999513e-05	1.054129314429664	-1.3140530330524313e-19	-3.552388418148755e-18	-1.7564075194265173e-19	1.0635499999999611	-1.245043564773729e-17	-5.854691731421724e-21	1.6843080749562312e-19	0.8925822988860851	-119.40170476199826	260907.30563816513	-49776.3387264979	263238.844554354	141194875.0447607	-693354.36908783	-42147.8969695107	-581896.7323355075	-168.62432034424018	1599.565890624997	-125.77790179263526	277296.30276854686	-44398.791216563535	277296.1207242502	150064087.79552355	-618448.3764740034	-44398.646203286524	-618448.8091472277	-150.40712484169467	0.05271513180566962	0.0	0.0	0.0	0.06161236912748571	0.0	0.0	0.0	-0.1136365579425047	150068837.27365875	0.11398268090003497
1884	1275.2	nan	nan	1	1	6.000000000000838e-05	6.000000000000867e-05	5.999999999999513e-05	1.0540027398969218	-3.965604971137293e-19	-3.616464766542649e-18	-1.973247953923618e-20	1.0638099999999504	-3.49069731453433e-18	8.153200337090993e-20	-1.439278383974507e-19	0.8925119328996746	-115.89278639151424	271509.1928237394	-183440.66500427393	274034.9981815532	150375218.0520113	-605619.5710930811	-155334.651604191	-508101.27302391885	-262.3225561786229	1599.565890624997	-122.06138820044261	288621.55848408927	-163602.45178976745	288621.0033862424	159852892.4202284	-540124.7683025298	-163602.61756402155	-540125.2891761791	-233.9536511687951	0.05259504963848807	0.0	0.0	0.0	0.06185680354505892	0.0	0.0	0.0	-0.11371539522200963	159856840.7495515	0.11408626476392088
1896	1277.8	nan	nan	1	1	6.000000000000838e-05	6.000000000000867e-05	5.999999999999513e-05	1.0538777357703277	-2.8265150636697103e-19	1.813870234568249e-19	-1.57968256531138e-19	1.0640699999999896	2.4629820752353203e-18	9.134403303190375e-20	5.773376568485311e-20	0.8924323575761554	-101.56363983745186	268557.92800288735	-303555.5774040329	271155.2234052962	157756760.0999353	-492555.597789663	-257053.91690779576	-413104.9926030012	-310.7156893052743	1599.565890624997	-106.95294541678366	285543.60580139246	-270693.47547979886	285543.62422178814	167734516.17483604	-439232.86724937777	-270694.05535495485	-439232.9432968752	-277.07845312358484	0.05247644317271958	0.0	0.0	0.0	0.06210117822909439	0.0	0.0	0.0	-0.1138045580311755	167737817.8564187	0.1141975237477618
1908	1280.4	nan	nan	1	1	6.000000000000838e-05	6.000000000000867e-05	5.999999999999513e-05	1.0537568146673264	1.8584580489117152e-19	2.0210612697302286e-18	1.942890293094024e-19	1.0643299999999514	1.222307845216708e-17	1.588356182691264e-20	6.986598799496591e-19	0.8923419720525203	-77.57327911081771	258953.25911566807	-411314.2615643116	261551.45912077246	163455274.46323073	-368917.34359538456	-348309.3844064399	-309302.6580869203	-280.4739120349649	1599.565890624997	-81.67789289565246	275390.94999246433	-366738.97616968176	275390.8602245587	173830997.4140986	-328936.7316534332	-366739.38397599966	-328936.4000925893	-250.07816395864398	0.05236169737572276	0.0	0.0	0.0	0.06234549320866143	0.0	0.0	0.0	-0.11390584313171917	173833911.9465444	0.11431837100094884
1920	1283.0	nan	nan	1	1	6.000000000000838e-05	6.000000000000867e-05	5.999999999999513e-05	1.0536408025964583	-2.628919217734227e-19	3.4466787063314184e-19	-1.369347343849192e-19	1.064589999999959	1.269058642894283e-18	1.5758878577076807e-19	4.2928985019563546e-19	0.8922417288309421	-54.940381811823116	247863.77069543768	-511680.7506544564	250439.34077984787	167843955.35765952	-246878.26565710132	-433300.4788767704	-206910.35189206127	-223.52792162509215	1599.565890624997	-57.83979701444871	263656.1712440335	-456167.2646206884	263655.9877714838	178537970.72437397	-220093.84366141915	-456167.4112556386	-220093.44494984185	-199.2768351040136	0.05225159753501409	0.0	0.0	0.0	0.06258974851304167	0.0	0.0	0.0	-0.1140181866677878	178540838.54578725	0.11444832048020322
1932	1285.6	nan	nan	1	1	6.000000000000838e-05	6.000000000000867e-05	5.999999999999513e-05	1.0535293565010748	-1.4520177595012119e-19	-4.492500121910936e-18	3.1105760328609125e-19	1.0648499999999235	-1.0714519549370749e-17	-1.8431436932253575e-19	8.223673478302551e-20	0.8921334933230353	-38.6652009781783	237224.90063860326	-605146.6179240476	239774.10026031194	171279276.5743872	-131634.63514664478	-512441.2069641248	-110283.53500433796	-164.6664319003781	1599.565890624997	-40.70071065957954	252396.76682491094	-539418.1230164785	252396.8848335831	182233549.32433358	-117337.03157484076	-539418.4115702634	-117336.78713400297	-146.7810527046043	0.05214581956069508	0.0	0.0	0.0	0.06283394417129609	0.0	0.0	0.0	-0.1141395014077543	182236675.7745376	0.11458586728581717
1944	1288.2	nan	nan	1	1	6.000000000000838e-05	6.000000000000867e-05	5.999999999999513e-05	1.053421657268946	-8.681748896177677e-19	6.95450641519102e-18	-2.892651396191326e-19	1.065109999999955	3.681733737326276e-18	-9.828292693581097e-20	-8.548934130048202e-20	0.8920191700206893	-27.84069921921042	229051.1642987977	-689986.7423610686	231592.78193662266	174035660.34527972	-29456.652033672715	-584269.1127104878	-24669.438595198895	-121.06181391912094	1599.565890624997	-29.302959746181855	243756.42580556523	-614955.9971958145	243756.59221630823	185208884.0427667	-26253.467948429115	-614956.3326655362	-26253.23559041656	-107.89727386096469	0.05204358725294929	0.0	0.0	0.0	0.06307808021265082	0.0	0.0	0.0	-0.1142676555784729	185212502.2015397	0.11472934288073634
1956	1290.8	nan	nan	1	1	6.000000000000838e-05	6.000000000000867e-05	5.999999999999513e-05	1.0533169373583011	-2.8301742460018485e-19	-3.199155350352978e-18	2.4687283467494937e-19	1.0653699999999637	-2.6156377411212794e-18	2.2058093199217587e-19	-8.695301423333746e-20	0.8919002292241676	-22.694970366738037	223756.00976203382	-766098.2575936157	226316.58305069106	176298872.15518138	58592.81550099224	-648696.8638117613	49052.35619170597	-87.62718984875188	1599.565890624997	-23.884320003376533	238176.7502987794	-682692.2043166258	238176.90018120562	187661071.07432806	52213.74409222139	-682692.3864670962	52213.70726383544	-78.08711063228834	0.05194417301048153	0.0	0.0	0.0	0.0633221566661257	0.0	0.0	0.0	-0.11440100330342992	187665322.58935577	0.1148774204528352
1968	1293.4	nan	nan	1	1	6.000000000000838e-05	6.000000000000867e-05	5.999999999999513e-05	1.0532145302977156	-1.0399125137394716e-18	8.003580437287993e-19	1.393199791643873e-19	1.065629999999954	3.45405128110432e-18	-2.9436088982981444e-19	2.336455681706262e-19	0.8917777695872181	-19.318361438271705	221058.1819487633	-834267.7371644872	223664.0538745688	178189772.4006905	134216.55934407198	-706391.3507794742	112319.69259789982	-66.5946427472888	1599.565890624997	-20.328587662543455	235360.2463163417	-743330.8687347309	235360.2473313897	189718328.2408426	119586.68328096347	-743331.0813790782	119586.57346663924	-59.3356921779909	0.051846944877658875	0.0	0.0	0.0	0.06356617356080536	0.0	0.0	0.0	-0.11453831467602435	189723287.69372162	0.11502908197280415
1980	1296.0	nan	nan	1	1	6.000000000000838e-05	6.000000000000867e-05	5.999999999999513e-05	1.0531139344255944	-3.4897757426877176e-20	-3.846424047326824e-18	2.439454888092385e-19	1.0658899999999347	-6.0527754683348254e-18	-6.228741480929223e-20	2.921382753762192e-19	0.8916525732757972	-17.282427697850274	219524.60102608308	-894158.6689334649	222187.80613141804	179789231.04609782	198636.35898991537	-757068.0558191685	166165.80066833657	-51.01050430893746	1599.565890624997	-18.184304437666707	233782.59230891228	-796575.3158575245	233782.59001970568	191466433.86081675	176958.3250721181	-796575.356641777	176958.16984409004	-45.44351018864525	0.05175142713303125	0.0	0.0	0.0	0.06381013092575652	0.0	0.0	0.0	-0.1146787141170537	191472110.1892744	0.11518359456720507
1992	1298.6	nan	nan	1	1	6.000000000000838e-05	6.000000000000867e-05	5.999999999999513e-05	1.0530147570420771	2.6495190590114516e-20	-5.355741891643895e-18	-5.687724596858957e-19	1.0661499999999777	-3.981081957149524e-18	-4.4614919397778505e-20	-1.1823224690954426e-19	0.8915252568786303	-15.26170654195355	217338.34567132947	-946742.2733094895	220049.37955659532	181161588.7358901	252364.59546690102	-801550.6031426283	211029.76020230394	-39.4263019386105	1599.565890624997	-16.056509331552622	231509.1968317775	-843293.9811875868	231509.1635749464	192973650.25700277	224789.31217272035	-843293.9464335877	224789.28024012662	-35.11828304559711	0.05165724733861282	0.0	0.0	0.0	0.06405402879008498	0.0	0.0	0.0	-0.11482151131341882	192980012.91121382	0.11534038140313907
2004	1301.2	nan	nan	1	1	6.000000000000838e-05	6.000000000000867e-05	5.999999999999513e-05	1.0529166631715625	2.813504637599884e-20	1.259626083993659e-18	2.1662359406260379e-19	1.0664099999999583	-7.022377471188612e-18	1.5330618718945032e-19	-4.941793502188929e-19	0.891396318601194	-13.799662476957367	214278.6652425209	-993470.0364380907	217024.60514948214	182355475.2086423	298108.7374449835	-841068.9859942355	249184.74074281307	-30.974609621870798	1599.565890624997	-14.516884421848152	228304.30328447899	-884782.5839932002	228304.2150424131	194291576.6742312	265495.0923061478	-884782.6010865131	265495.16051923943	-27.585930258831276	0.051564087732707306	0.0	0.0	0.0	0.06429786718269227	0.0	0.0	0.0	-0.11496614838487991	194298588.00048023	0.11549897157586485
2016	1303.8	nan	nan	1	1	6.000000000000838e-05	6.000000000000867e-05	5.999999999999513e-05	1.0528194000935673	4.401725295019587e-19	8.254031139132146e-19	4.5644911461639735e-20	1.066669999999939	6.947350680852616e-18	-1.2939952928614495e-19	6.684648494459377e-19	0.8912661259114046	-12.4714722358227	210746.84899996105	-1036384.0121344009	213519.24998254218	183405643.96672076	338250.3115655911	-877352.7973579477	282628.28025354637	-23.842594632201596	1599.565890624997	-13.118381080316322	224594.8585987248	-922861.9600074899	224594.7259705683	195457084.49914393	301199.49926831195	-922862.0422665915	301199.56213228	-21.23095624431907	0.05147170855968452	0.0	0.0	0.0	0.06454164613263114	0.0	0.0	0.0	-0.11511221382808455	195464720.88200632	0.11565901594777972
2028	1306.4	nan	nan	1	1	6.000000000000838e-05	6.000000000000867e-05	5.999999999999513e-05	1.052722756411645	7.082279641218437e-19	9.3718435789647e-19	6.722053469410127e-20	1.0669299999999466	-9.236426727621261e-18	-1.524930355600862e-19	-2.8124204354273984e-19	0.8911349780548506	-11.70477697575069	207411.82604827217	-1076781.7104825797	210210.94930318053	184339342.64203423	374191.4250819937	-911501.098985309	312537.0746492361	-18.231159599687555	1599.565890624997	-12.31072770992796	221093.51965962842	-958688.9737694497	221093.4701172103	196499085.19191256	333153.1264070333	-958689.0771310718	333153.239980837	-16.231712999116937	0.05137990922743977	0.0	0.0	0.0	0.06478536566890288	0.0	0.0	0.0	-0.11525937246313969	196507335.64906842	0.11582022870119982
2040	1309.0	nan	nan	1	1	6.000000000000838e-05	6.000000000000867e-05	5.999999999999513e-05	1.0526265745629488	-1.1136111564141738e-19	1.6940658945086007e-18	3.403310619431998e-19	1.0671899999999368	-9.414994825429623e-18	-7.578573185673676e-20	-6.554544233761117e-19	0.8910031018148598	-10.762015934028256	203254.9743639887	-1114594.4120087852	206067.09577690432	185177735.41432536	407146.0471090976	-943456.269922248	339928.66953852284	-14.842528412048821	1599.565890624997	-11.318077611772512	216714.33382127035	-992203.5677339622	216714.3588647511	197440036.55714244	362438.3508278725	-992203.6309692349	362438.4367285803	-13.212707228709517	0.05128854021105085	0.0	0.0	0.0	0.06502902582041917	0.0	0.0	0.0	-0.1154073702436949	197448882.65848514	0.11598239380921735
2052	1311.6	nan	nan	1	1	6.000000000000838e-05	6.000000000000867e-05	5.999999999999513e-05	1.0525307496216898	3.2370211112270344e-19	1.696884820157063e-18	-9.71445146547012e-20	1.0674499999999518	-2.1790295262613667e-18	3.4862520856271395e-19	1.8892222855559914e-19	0.890870655658197	-9.685518283062207	198016.50564758302	-1149603.2558875491	200823.35378223928	185936589.23971993	437491.0985783585	-973033.7094902667	365120.7387235913	-11.969579762065434	1599.565890624997	-10.18499147302123	211179.59166668548	-1023212.0616872325	211179.62777812022	198296666.54871383	389391.8764178952	-1023212.1549395766	389392.02699554217	-10.6536044701939	0.05119750194020586	0.0	0.0	0.0	0.06527262661615103	0.0	0.0	0.0	-0.11555602966061622	198306080.72969088	0.1161453613813799
2064	1314.2	nan	nan	1	1	6.000000000000838e-05	6.000000000000867e-05	5.999999999999513e-05	1.0524351827979876	7.535205098774256e-21	4.131243958038766e-18	9.421716878899033e-20	1.0677099999999369	-9.190564975725124e-18	-1.8518173106052415e-19	1.7943545954635099e-19	0.8907377800381238	-8.782778583162347	192307.5055338222	-1181996.6097605983	195098.629790586	186628804.25887835	465374.2305499118	-1000393.2744769327	388238.86640181334	-9.609795589743765	1599.565890624997	-9.234826720708138	205140.3081157097	-1051883.3057124203	205140.32347539515	199082663.480336	414146.1828078869	-1051883.3481766984	414146.2937449132	-8.551956468138568	0.05110670063810786	0.0	0.0	0.0	0.06551616808495853	0.0	0.0	0.0	-0.11570519332380703	199092618.18066737	0.11630899702479255
2076	1316.8	nan	nan	1	1	6.000000000000838e-05	6.000000000000867e-05	5.999999999999513e-05	1.05233979949129	6.307346138434422e-20	7.240085267423702e-18	8.901299836105991e-20	1.0679699999999437	-1.5995234650678647e-18	-9.958396954279358e-20	2.190088388420719e-20	0.8906045858274398	-7.819217726413364	186468.26249697385	-1211594.5572376081	189237.8317519395	187265238.17588583	490993.44733516773	-1025383.3205520826	409450.7155711356	-7.692251809210633	1599.565890624997	-8.220899253143562	198959.1887049701	-1078058.3426452454	198959.18033580127	199809551.2941345	436878.4746694935	-1078058.3517489685	436878.5395103076	-6.844448241459931	0.05101606547989325	0.0	0.0	0.0	0.06575965025578205	0.0	0.0	0.0	-0.11585473696402328	199820013.4389066	0.11647319543382391
2088	1319.4	nan	nan	1	1	6.000000000000838e-05	6.000000000000867e-05	5.999999999999513e-05	1.0522445547959907	-1.437652080715779e-19	1.247374599444573e-18	-1.7932703932910242e-19	1.0682299999999545	-5.789422760638097e-18	-8.033938098117588e-20	-5.998348519276053e-19	0.8904711476289848	-7.00114253030825	180578.8375106876	-1238132.32720927	183322.10097396743	187854221.80079907	514158.2110266527	-1047780.2965746124	428599.7051949143	-6.162362222546537	1599.565890624997	-7.360109851935927	192721.5649226413	-1101502.8002239359	192721.51589754826	200486170.48291853	457420.17776122806	-1101502.797592948	457420.18859578646	-5.482337465034246	0.05092555383547253	0.0	0.0	0.0	0.06600307315747062	0.0	0.0	0.0	-0.1160045769693625	200497097.68307212	0.11663788679700211
2100	1322.0	nan	nan	1	1	6.000000000000838e-05	6.000000000000867e-05	5.999999999999513e-05	1.0521494106765443	-3.2008358637203303e-19	2.3124948136943325e-18	1.302126809155091e-19	1.0684899999999482	6.47431327299719e-18	1.923374653989285e-19	2.7083370268687903e-19	0.8903375269040474	-6.657895034584886	174925.9597890192	-1262009.2310670612	177642.61723455306	188402429.9266545	534583.9076528603	-1067922.6129642143	445451.1403086791	-5.154636334882118	1599.565890624997	-6.998610163994197	186733.47117407812	-1122573.157598614	186733.4074925471	201119603.74702293	475519.1407814579	-1122573.1277863882	475519.11545099627	-4.585114153110177	0.05083512958880368	0.0	0.0	0.0	0.06624643681885593	0.0	0.0	0.0	-0.11615464443825863	201130954.3951686	0.11680301314978793
2200	1385.25	nan	nan	1	1	6.000000000000838e-05	6.000000000000867e-05	5.999999999999513e-05	1.0498293580840128	2.931682674400804e-19	-4.129292394128292e-18	2.248635305734936e-19	1.0748149999999421	-3.1275980069689348e-18	-7.860465750519907e-21	-2.4334917761437146e-19	0.8870940542042585	2.480315397332539	131476.19679743785	-1528295.9953165445	134605.15416280142	196612542.60504398	742593.2435747731	-1291392.6762762703	612896.1865757052	0.3676279576790403	1599.565890624997	2.6013783539182302	141175.31028352716	-1354425.2540546204	141175.16455393677	211116821.02171358	658110.1080355088	-1354424.9082509046	658110.0717776611	0.3258037654372521	0.04862763485179397	0.0	0.0	0.0	0.07214855374661343	0.0	0.0	0.0	-0.1198042659870661	211133071.82971722	0.120893363341012
2300	1448.5	nan	nan	1	1	6.000000000000838e-05	6.000000000000867e-05	5.999999999999513e-05	1.0475011539325458	3.627740469136498e-19	-3.206636345343128e-18	5.074066167232161e-20	1.0811399999999376	4.071179157683069e-18	-3.8706017557732507e-20	1.7265919596831658e-19	0.8838927058841705	12.224766830282023	118376.9073449378	-1651001.3803186116	122178.50668378064	202074124.3757463	803946.02269561	-1393132.7533004065	657271.0564664204	6.671613079107774	1599.565890624997	12.792608192453681	127853.5907303182	-1457843.788038351	127853.70774290514	218251202.65932438	709888.9977177096	-1457843.8771439341	709889.0023159165	5.891073017574339	0.046407474419797985	0.0	0.0	0.0	0.07801603998458309	0.0	0.0	0.0	-0.1234195971450415	218269375.2620149	0.12509254490546876
2400	1511.75	nan	nan	1	1	6.000000000000838e-05	6.000000000000867e-05	5.999999999999513e-05	1.045184994109738	5.673358918073524e-19	1.9984014443252816e-18	2.1651517384535525e-19	1.0874649999999486	7.88117401201438e-18	3.274290560906223e-20	1.034870973637414e-18	0.8807236356895699	16.393191805030735	112730.91408596897	-1722002.9126406566	117291.15183443409	206630182.39078963	840738.8360905035	-1451043.3188798144	680903.3662157403	11.937596624814613	1599.565890624997	17.11624840339752	122464.49928018854	-1515044.6345446154	122464.52760365432	224471361.98473927	739694.9525009352	-1515044.6713141226	739694.9672404383	10.502881024777084	0.04419389760540102	0.0	0.0	0.0	0.083849299554696	0.0	0.0	0.0	-0.127011396140616	224490442.27105466	0.12939692294085847
2500	1575.0	nan	nan	1	1	6.000000000000838e-05	6.000000000000867e-05	5.999999999999513e-05	1.0428838176928614	-5.382250634761165e-19	1.0899484439996777e-18	-6.353424730765056e-20	1.0937899999999108	4.3576253716537394e-18	1.5417354892743872e-19	7.33896450555438e-19	0.8775848445224718	20.566904827806347	113289.74703155823	-1773100.3421063717	118819.75769657524	210560824.6506982	869132.4597544878	-1492060.783692754	697334.5746767643	16.8932609047922	1599.565890624997	21.426235564012437	123784.2996551191	-1554402.3224482636	123784.3097627381	230066046.54991895	761931.7879960684	-1554402.3806638457	761931.897752569	14.80960967665226	0.041989777381498235	0.0	0.0	0.0	0.0896487294494584	0.0	0.0	0.0	-0.13058163940169024	230085665.62596977	0.13379394187172555
2600	1638.25	nan	nan	1	1	6.000000000000838e-05	6.000000000000867e-05	5.999999999999513e-05	1.04059872830271	-1.2831532711365946e-18	-2.9282132274488503e-18	-5.222601864862675e-19	1.1001149999999105	1.0126881971883605e-17	-9.82287168271867e-20	6.880346986593011e-19	0.8744751976629864	25.223614650944306	113353.68626495097	-1811856.750674244	119836.98696391088	213977401.83046892	898092.421764042	-1522607.9006215897	713888.7434889986	22.819033300331355	1599.565890624997	26.21933909592429	124567.53222788443	-1582714.1361578999	124567.657765196	235145744.0585904	784512.1149744755	-1582714.1910062619	784512.2817958692	19.933146792346385	0.039796247792510245	0.0	0.0	0.0	0.09541471979429375	0.0	0.0	0.0	-0.13413134666040297	235165724.49679878	0.138271567869428
2700	1701.5	nan	nan	1	1	6.000000000000838e-05	6.000000000000867e-05	5.999999999999513e-05	1.0383294213380005	8.662775358159181e-20	-1.4261595376874325e-18	2.23562487966511e-19	1.106439999999907	6.950278026718326e-19	-2.690989792109022e-19	1.9179536431268572e-19	0.871394605681633	28.626861771286276	115750.48116939771	-1839402.3296233916	123343.37165170583	216954871.77953744	925676.2767546072	-1543677.0489886866	729031.3961760363	27.26741718099764	1599.565890624997	29.691422563517126	127930.11134132219	-1601082.4760167352	127930.20057101634	239783546.66344514	805742.1920736984	-1601082.5052816374	805742.375685065	23.734548506129496	0.037613095992460384	0.0	0.0	0.0	0.10114765400476254	0.0	0.0	0.0	-0.13766035572232457	239803718.89425856	0.14281821269451142
2800	1764.75	nan	nan	1	1	6.000000000000838e-05	6.000000000000867e-05	5.999999999999513e-05	1.036075149762386	6.19079440489223e-20	-8.699638232023687e-19	3.9128856405001855e-19	1.112764999999917	-2.8821346351182163e-18	1.6035350131060612e-19	3.4558944247975454e-19	0.8683432969057717	32.75014523636951	125617.2722152094	-1858688.5639664514	134915.45600599822	219551343.1495274	951725.1717440924	-1557782.5338907212	742676.3842477145	33.72035205529557	1599.565890624997	33.893648162577584	139626.1120344531	-1612173.9978638364	139626.15935158244	244035711.77211836	825499.5509974064	-1612174.0143877033	825499.6642074719	29.248081597032485	0.035439679587191575	0.0	0.0	0.0	0.10684790893972394	0.0	0.0	0.0	-0.14116813916495655	244055963.58529392	0.14742336388112426
2900	1828.0	nan	nan	1	1	6.000000000000838e-05	6.000000000000867e-05	5.999999999999513e-05	1.033835535768876	-1.2235221516498918e-19	-1.1363522969820572e-18	-4.464744546295308e-19	1.1190899999999162	1.2720564619012053e-17	-6.613633252161577e-21	1.2083433212350947e-19	0.8653211641768571	36.81545740874406	135655.28280171106	-1872605.3743716076	146842.06609912976	221815797.37816238	975969.1789832396	-1567372.1878603506	754654.9963035648	40.06105689890252	1599.565890624997	38.017876872278556	151637.9586101269	-1618563.694036065	151638.03417260986	247949759.1779583	843567.09706152	-1618563.6970234287	843567.1706326061	34.62628759304707	0.03327570711907251	0.0	0.0	0.0	0.11251585504990196	0.0	0.0	0.0	-0.1446545528948839	247970014.53480014	0.15207804808732
3000	1891.25	nan	nan	1	1	6.000000000000838e-05	6.000000000000867e-05	5.999999999999513e-05	1.0316103415436715	-2.1285599151321665e-19	2.4919302732406836e-18	7.676151381197371e-19	1.1254149999999001	2.82017248096067e-18	4.0549161250957866e-20	-3.6109353354629723e-19	0.8623279625894684	40.95037504186478	141939.2870949721	-1880218.7962655395	154845.96115462919	223789349.80835792	995977.9926503496	-1571683.7612092996	763149.3319754502	46.2423574259096	1599.565890624997	42.19613908175109	159556.48610742943	-1619496.4616793718	159556.5780887009	251565602.55087245	857869.7533560694	-1619496.4395985336	857869.7855778385	39.83011678200259	0.031121019736022104	0.0	0.0	0.0	0.11815185652240588	0.0	0.0	0.0	-0.14811961363652865	251585739.37039143	0.156774478524005
3100	1954.5	nan	nan	1	1	6.000000000000838e-05	6.000000000000867e-05	5.999999999999513e-05	1.0293994216894407	1.0630602301220371e-19	-8.174884380540703e-19	-3.8749385644631927e-19	1.1317399999999025	-9.100088304431208e-18	3.8673491492557945e-19	-4.2067044292437573e-20	0.8593633565622835	44.84899304791716	148607.7662405954	-1885028.439502276	163382.03615017163	225507010.98871005	1015425.0352441628	-1573659.647094326	771041.9619466916	52.31672079651221	1599.565890624997	46.11361820958382	167988.96523897618	-1618032.799708884	167988.98537774588	254917292.6049901	871600.1192557187	-1618032.763420177	871600.0826871442	44.9065745895688	0.02897554644253828	0.0	0.0	0.0	0.12375627142116158	0.0	0.0	0.0	-0.15156344694651022	254937287.73520213	0.16150587280925624
3200	2017.75	nan	nan	1	1	6.000000000000838e-05	6.000000000000867e-05	5.999999999999513e-05	1.0272016585460504	2.92897216896959e-19	-1.236749418154215e-18	-2.736526283353413e-19	1.138064999999901	5.80340896866316e-18	2.0903417885520525e-19	4.370418957289068e-19	0.8564278148726138	49.73136515595272	159507.67591832945	-1888030.105217184	176722.89360401616	226999942.97453076	1034975.9702519955	-1574142.1632370935	778850.2144485629	60.29854637945088	1599.565890624997	51.023770677037994	181315.5749855728	-1615050.6085585046	181315.52126825467	258035388.8623716	885334.7020155877	-1615050.5520648926	885334.6627198284	51.58032372271043	0.026838268580420484	0.0	0.0	0.0	0.1293294518233354	0.0	0.0	0.0	-0.15498524396099692	258055247.3279411	0.16626556976006063
3300	2081.0	nan	nan	1	1	6.000000000000838e-05	6.000000000000867e-05	5.999999999999513e-05	1.0250163908498728	5.921166877122241e-19	1.2105117255800656e-18	1.3834419720915037e-19	1.144389999999892	-2.824780340193733e-18	2.445960101127298e-19	-6.773553072603189e-19	0.8535214124245021	61.14747419522713	171018.249930434	-1889013.1607223612	190935.09722367302	228293867.56597868	1050068.6867939716	-1572963.2158736351	783173.6245374213	79.3956157790634	1599.565890624997	62.602265123912986	195477.70290596137	-1610386.4931413159	195477.73207597013	260945020.99903473	895185.0973007533	-1610386.3907100463	895185.0528431055	67.68487902770704	0.024708603535562326	0.0	0.0	0.0	0.1348717439521198	0.0	0.0	0.0	-0.15838464927732987	260964688.6524236	0.17104799125261075
3400	2144.25	nan	nan	1	1	6.000000000000838e-05	6.000000000000867e-05	5.999999999999513e-05	1.022843843273247	-1.792999342747903e-20	-3.012238895816477e-18	-2.7246000594560725e-19	1.150714999999902	-1.6423548718919046e-17	6.873841773558098e-20	5.754403030466815e-20	0.8506434813393987	65.78395521975261	179775.46784616512	-1886562.094473725	202250.2191500284	229411344.61698085	1059325.1519412736	-1568950.789389237	783085.2821939555	87.07842932194684	1599.565890624997	67.20547098496895	206620.55034380173	-1602854.1074688497	206620.6142422461	263668334.99459183	900020.0289764603	-1602854.0150999166	900019.974424435	73.9832622098526	0.022586829446218776	0.0	0.0	0.0	0.1403834883058113	0.0	0.0	0.0	-0.16176217903576642	263687730.5819478	0.17584880757189722
3500	2207.5	nan	nan	1	1	6.000000000000838e-05	6.000000000000867e-05	5.999999999999513e-05	1.0206835985435374	-2.5533299975212533e-19	9.235234105231528e-19	9.139824314052802e-20	1.1570399999998793	9.376044862383082e-18	-1.24683249835833e-19	-9.846724130513352e-19	0.8477938916809197	73.66678775689583	186141.90074933544	-1881586.8768767004	211009.2550771284	230372533.511315	1064649.6082143153	-1562871.967464572	780096.976199101	100.7826368414064	1599.565890624997	75.0988136583502	215111.05241381523	-1593253.0778222152	215111.11329462784	266225271.85638407	901503.0270116132	-1593253.0008476856	901502.9977640469	85.3387363145021	0.020472597466563113	0.0	0.0	0.0	0.14586501978323552	0.0	0.0	0.0	-0.16511772499528835	266244333.21594235	0.1806637729878481
3600	2270.75	nan	nan	1	1	6.000000000000838e-05	6.000000000000867e-05	5.999999999999513e-05	1.0185352983892009	3.498098900185675e-19	-6.129265931603678e-18	-4.0158848468863086e-19	1.1633649999999116	2.932623219785435e-17	-2.9446931004706303e-19	1.0668549377257363e-18	0.8449724613714558	79.16305029546257	188470.67368815432	-1876759.5968862409	215270.0969129837	231194514.94115585	1068675.5821142634	-1556951.5901692468	776197.8609759279	110.60341110986256	1599.565890624997	80.53116301625266	218990.43355559828	-1583859.1831341353	218990.4406452005	268632705.9371153	901890.4911056078	-1583859.1596501693	901890.4786285061	93.34185830884378	0.018365613314613293	0.0	0.0	0.0	0.15131666780604835	0.0	0.0	0.0	-0.1684512422489833	268651435.7127526	0.18548916513072314
3700	2334.0	nan	nan	1	1	6.000000000000838e-05	6.000000000000867e-05	5.999999999999513e-05	1.0163986380989523	-1.3291641008314481e-20	-2.9201359212638332e-18	-3.107323426343456e-19	1.1696899999998656	6.345835315557657e-19	-1.8886801844697487e-19	1.1803438001306565e-18	0.8421789610027072	83.11232355383454	187208.09181009	-1871766.2225734787	215442.39443058625	231892265.20793504	1073614.1350392313	-1550928.9725395474	773004.0929229313	117.40665482785428	1599.565890624997	84.37042933445952	218703.7120126861	-1574406.0659598396	218703.6354864696	270905486.49709713	903053.2693244162	-1574406.0289163722	903053.1901085945	98.75472017594481	0.016265632536717138	0.0	0.0	0.0	0.1567387564372148	0.0	0.0	0.0	-0.1717627445652631	270923899.4203615	0.1903217190238384
3800	2397.25	nan	nan	1	1	6.000000000000838e-05	6.000000000000867e-05	5.999999999999513e-05	1.014273541593646	1.1756376850757117e-18	-2.894060859015557e-18	-9.21029745526436e-19	1.1760149999998553	2.2021352298097484e-17	1.7780915628762273e-20	1.6356816075202562e-18	0.8394129767344874	87.95323123913565	185805.57128870973	-1864587.2953379264	215435.05935613293	232479221.63051194	1080080.6126988789	-1543132.746177778	770937.1183756767	125.63429541001283	1599.565890624997	89.09703655676832	218236.78571391528	-1563200.7796727763	218236.72750434335	273057033.33879924	905499.4958411673	-1563200.7233972123	905499.4289726083	105.32713004621294	0.014172633674239692	0.0	0.0	0.0	0.16213160449700767	0.0	0.0	0.0	-0.17505246866618016	273075124.8765685	0.19515867936835005
3900	2460.5	nan	nan	1	1	6.000000000000838e-05	6.000000000000867e-05	5.999999999999513e-05	1.0121599761780178	-7.793448503733147e-19	-2.752789315940696e-19	9.465084965798454e-20	1.1823399999998727	-1.9443878473447694e-18	-7.58941520739853e-20	-2.586364282464171e-19	0.8366740635140022	92.84415854844586	187276.09831633078	-1855329.0432986734	218763.92516797173	232967094.24831167	1087278.8210284766	-1533656.3370298157	769404.7929067442	132.7398969739315	1599.565890624997	93.85467187944518	221144.87874233144	-1550348.739557292	221144.94586092705	275099066.41409135	908551.157444193	-1550348.6114601016	908551.2308342084	110.92001858420244	0.012086637599359644	0.0	0.0	0.0	0.16749552567517473	0.0	0.0	0.0	-0.17832069471010795	275116836.74880743	0.1999976294146906
4000	2523.75	nan	nan	1	1	6.000000000000838e-05	6.000000000000867e-05	5.999999999999513e-05	1.0100584554589516	4.471791860416463e-19	4.2735454931774885e-18	-6.022200967070734e-19	1.1886649999998753	1.0346487121920545e-17	-1.3162214373974023e-19	-3.6873715886232004e-19	0.8339613341605578	98.58684117979487	189922.4291382942	-1844880.497912944	223506.15819729134	233366325.22998014	1095656.2476636164	-1523237.4104668067	768706.9732701397	142.07824424226	1599.565890624997	99.4520090876582	225467.4392278466	-1536605.0502801652	225467.57975182944	277042095.50364965	912574.5138698806	-1536604.8752099078	912574.6420060969	118.33728411383389	0.010008205870408215	0.0	0.0	0.0	0.17283082864051177	0.0	0.0	0.0	-0.1815682396159333	277059554.4148808	0.2048367591424683
4100	2587.0	nan	nan	1	1	6.000000000000838e-05	6.000000000000867e-05	5.999999999999513e-05	1.0079692120872672	-1.2605205507859596e-19	-4.3932956231285126e-18	3.906922528551515e-19	1.1949899999998639	-1.1974304875558491e-17	-2.0946785972419945e-19	1.2148485342700078e-19	0.8312741436129566	103.43428305184713	190351.94657070198	-1834543.1466247404	225670.2632964662	233685719.3220548	1104376.0669820253	-1512951.0651711605	768240.232492788	149.73399572962697	1599.565890624997	104.12522798549436	227177.74436630652	-1523057.8254680184	227177.74921406625	278894939.41415405	916865.1138956442	-1523057.6356667483	916865.2398536638	124.31080422075938	0.007937625618493666	0.0	0.0	0.0	0.17813781714750967	0.0	0.0	0.0	-0.1847956424859515	278912099.7557836	0.20967430508197807
4200	2650.25	nan	nan	1	1	6.000000000000838e-05	6.000000000000867e-05	5.999999999999513e-05	1.0058924779784406	6.894306089563762e-19	1.3704315460216777e-18	1.1933813312547947e-18	1.201314999999861	7.726404151892074e-18	1.5634195327240973e-19	6.478650081687132e-19	0.828611846512726	107.98393051972877	189176.97482315448	-1825731.4659007485	225929.88889254958	233932783.24893248	1114256.9752812162	-1503960.5343307473	768563.3087314913	158.6618009443247	1599.565890624997	108.4803539335153	226968.49489724857	-1510874.6697253762	226968.53312582755	280665085.0124274	922097.6200279412	-1510874.5373593722	922097.7213485142	131.29975605778498	0.005875185228257895	0.0	0.0	0.0	0.1834167901401092	0.0	0.0	0.0	-0.18800345241867886	280681984.120477	0.21450871217372608
4300	2713.5	nan	nan	1	1	6.000000000000838e-05	6.000000000000867e-05	5.999999999999513e-05	1.0038278916010974	-6.205160083677663e-19	6.4815232174442185e-18	-3.9118014383277e-19	1.2076399999998468	1.6287173026279314e-19	-4.662069341687669e-20	-7.250602028496811e-19	0.8259742911552618	111.67534996898297	185205.7193678865	-1817681.5013634716	222808.99048292547	234114334.89370862	1126221.3373332482	-1495632.9529155535	770287.4659346457	166.6165035249294	1599.565890624997	111.9575285108225	223371.93463689522	-1499412.1974162885	223371.9787884316	282359379.01875204	929024.1491269282	-1499412.0816661315	929024.233590745	137.4425703781071	0.003820583866915391	0.0	0.0	0.0	0.18866804185269162	0.0	0.0	0.0	-0.1911916304549049	282376047.4130984	0.21933825582325148
4400	2776.75	nan	nan	1	1	6.000000000000838e-05	6.000000000000867e-05	5.999999999999513e-05	1.001774984831138	-2.0183778693533273e-19	7.219214375603355e-18	3.1561125241053034e-19	1.2139649999998587	1.3273781742138097e-17	4.724953067691828e-19	6.157726238631422e-19	0.8233614231006199	114.30773346334999	178035.88129868606	-1809785.7624015303	215746.43509626653	234236949.1565375	1140179.8693597426	-1487467.4236439194	773317.3886249815	170.95266823809186	1599.565890624997	114.3612602518579	215847.40946640688	-1488164.0837107326	215847.4625023366	283984544.62070405	937555.5746994034	-1488163.9587934227	937555.6983931462	140.57223024500757	0.0017734114071565254	0.0	0.0	0.0	0.19389186190857424	0.0	0.0	0.0	-0.19436002148394055	284001003.3165347	0.22416132458494512
4500	2840.0	nan	nan	1	1	6.000000000000838e-05	6.000000000000867e-05	5.999999999999513e-05	0.9997335814724095	-3.2244172609718904e-19	9.209972194612615e-18	-4.786752591523502e-20	1.2202899999998449	-1.0125109555441477e-17	5.986964396464956e-19	2.0429079435058117e-19	0.8207729538186558	117.68782451143272	169390.5753606192	-1801311.5904232278	206760.82375893992	234306242.9377605	1154901.8350864814	-1478861.6667169414	776792.6484825725	175.7318562470387	1599.565890624997	117.5020505012259	206434.33167033838	-1476527.4001214248	206434.44515911958	285546303.6480692	946668.0906411359	-1476527.2360867285	946668.200958319	144.04665034214662	-0.00026645402331100195	0.0	0.0	0.0	0.19908853541573293	0.0	0.0	0.0	-0.1975087561091914	285562556.41942364	0.22897663597032236
