6	header
postResults v2.0.3	--cr f,p,texture --time RVE_1_40_D_tensionX.spectralOut
addCauchy v2.0.3	RVE_1_40_D_tensionX.txt
addStrainTensors v2.0.3	--left --logarithmic RVE_1_40_D_tensionX.txt
addMises v2.0.3	-s Cauchy RVE_1_40_D_tensionX.txt
addMises v2.0.3	-e ln(V) RVE_1_40_D_tensionX.txt
inc	time	elem	node	ip	grain	1_pos	2_pos	3_pos	1_f	2_f	3_f	4_f	5_f	6_f	7_f	8_f	9_f	1_p	2_p	3_p	4_p	5_p	6_p	7_p	8_p	9_p	texture	1_Cauchy	2_Cauchy	3_Cauchy	4_Cauchy	5_Cauchy	6_Cauchy	7_Cauchy	8_Cauchy	9_Cauchy	1_ln(V)	2_ln(V)	3_ln(V)	4_ln(V)	5_ln(V)	6_ln(V)	7_ln(V)	8_ln(V)	9_ln(V)	Mises(Cauchy)	Mises(ln(V))
0	0.0	nan	nan	1	1	6.000000000000838e-05	6.000000000000867e-05	5.999999999999513e-05	1.0	0.0	0.0	0.0	1.0	0.0	0.0	0.0	1.0	2.7716487604837305e-06	-1.193192284640359e-09	-2.8066754232013673e-08	-1.19319228464005e-09	2.7018729684353462e-06	-1.6832583398956398e-08	-2.8066754232013544e-08	-1.6832583398956544e-08	2.6991213888906947e-06	1599.565890624997	2.7716487604837305e-06	-1.193192284640359e-09	-2.8066754232013673e-08	-1.19319228464005e-09	2.7018729684353462e-06	-1.6832583398956398e-08	-2.8066754232013544e-08	-1.6832583398956544e-08	2.6991213888906947e-06	0.0	0.0	0.0	0.0	0.0	0.0	0.0	0.0	0.0	9.102600058541354e-08	0.0
36	12.0	nan	nan	1	1	6.000000000000838e-05	6.000000000000867e-05	5.999999999999513e-05	1.0005699999999775	9.542686418656749e-23	9.363816882998282e-22	-2.185080306120078e-23	1.0006300000000192	-3.0004024574115455e-21	-5.9027608511784056e-24	-1.3483705729104394e-22	0.9994039189162333	62208119.69676018	1933.1994348861429	-17019.656545309037	1933.3153607743043	65409083.87898872	18854.945272931363	-16999.821551690067	18831.84213613695	-0.10766135983230014	1599.565890624997	62206033.09583217	1933.2505130079728	-16999.251339270813	1933.250513007717	65410812.08824373	18832.339702595124	-16999.2513392548	18832.339702559515	-0.10753228247848368	0.0005698376116821677	0.0	0.0	0.0	0.0006298016333288516	0.0	0.0	0.0	-0.0005962588107261379	63868769.408896156	0.0007981368251847287
72	24.0	nan	nan	1	1	6.000000000000838e-05	6.000000000000867e-05	5.999999999999513e-05	1.0011400000000046	-1.4992483166401116e-21	1.1241397759485447e-20	-2.219226321806267e-22	1.0012600000000076	7.112959174567987e-22	-2.7512688918003743e-22	-4.31563286626066e-22	0.9986312432577628	106281750.10857601	9958.488893020445	-3721.405164095202	9959.683194814172	111667447.81531318	-67867.03580196301	-3712.080182871813	-67688.85416623065	306.5470356799477	1599.565890624997	106293493.55997512	9960.7830319303	-3712.489855820758	9960.783675897981	111693172.6657146	-67704.44787638991	-3712.4903439123736	-67704.4476599599	305.8126460601149	0.0011393506934307212	0.0	0.0	0.0	0.0012592068661698731	0.0	0.0	0.0	-0.0013696943454117236	109093361.35426256	0.0017140461610106298
108	36.0	nan	nan	1	1	6.000000000000838e-05	6.000000000000867e-05	5.999999999999513e-05	1.0017099999999968	6.0359567821341445e-21	-3.01950305037213e-20	-2.5207700510287978e-21	1.0018899999999997	-7.53808501079492e-20	4.2891630866589635e-22	3.9480205671522935e-21	0.9975078583137807	112964757.12167601	23262.716688057444	109361.9000840873	23266.897385330398	120386354.04158603	-329061.26693107246	108903.12998122128	-327621.9936870791	-14.896253201079904	1599.565890624997	113033351.61840956	23281.024961715888	108969.25857546923	23281.025518363775	120481100.77061562	-327879.83983282116	108969.25817539537	-327879.83945794846	-14.84277125421238	0.0017085396145991051	0.0	0.0	0.0	0.0018882161972377885	0.0	0.0	0.0	-0.0024952522403469007	116936798.41990714	0.0028642992230933882
144	48.0	nan	nan	1	1	6.000000000000838e-05	6.000000000000867e-05	5.999999999999513e-05	1.0022799999999907	-6.2511031507367364e-21	-9.147955830346444e-22	-4.8246996675604945e-21	1.002520000000011	-2.73198618675613e-19	1.1195657980333715e-21	-1.5807222982541345e-20	0.9963550139753354	117066789.27352342	52001.78036954598	200254.21853900375	52014.2319218957	124969014.37183173	-475743.388813186	199070.41375058025	-472817.8091703872	0.9788310561147519	1599.565890624997	117199713.83580604	52073.2924446366	199296.45049892258	52073.29195979023	125140869.90208955	-473468.0219499584	199296.45008227968	-473468.02119069285	0.9741495412431864	0.0022774047440312136	0.0	0.0	0.0	0.002516830124285318	0.0	0.0	0.0	-0.0036516451728174967	121368594.26265411	0.004034876975135705
180	60.0	nan	nan	1	1	6.000000000000838e-05	6.000000000000867e-05	5.999999999999513e-05	1.002850000000002	1.8566962203814265e-20	2.263949661421294e-20	3.2424421220894616e-21	1.0031499999999873	2.21583819001725e-19	-6.074920297707842e-21	1.102243974262021e-20	0.9951923515950931	120221678.18997905	88305.39757573436	254148.43690936486	88331.81348493378	127940196.60947973	-561964.7430548937	252207.78908693607	-557506.8669642418	-0.2165260427488829	1599.565890624997	120423121.08344032	88479.82229135734	252630.38660046904	88479.82186712394	128192909.72807725	-558608.0796728274	252630.38730343123	-558608.0791143224	-0.21523271421192952	0.002845946449920777	0.0	0.0	0.0	0.0031450491440602325	0.0	0.0	0.0	-0.0048192423210736985	124494622.5370738	0.005212687936568841
240	117.0	nan	nan	1	1	6.000000000000838e-05	6.000000000000867e-05	5.999999999999513e-05	1.0055575000000074	-8.397145825900231e-20	-4.3015721193362386e-19	-8.199278929421627e-21	1.006142500000016	-9.106823910427775e-19	-1.4043806265476298e-20	-3.7386340225910307e-20	0.9896603490567732	131050122.64612533	162919.2079395608	339599.99983914307	163013.99394277114	137944548.3405151	-714050.8549906143	334231.18559259875	-702353.6235463821	-138.1935958506807	1599.565890624997	131610872.12054439	163711.50837432634	335661.3041297589	163711.51340769522	138615393.27651718	-705769.2618216927	335661.32512906904	-705769.2740908003	-136.59082045816226	0.005542114075410621	0.0	0.0	0.0	0.006123711745538391	0.0	0.0	0.0	-0.010393476480348591	135256444.4536181	0.010822803180734029
300	174.0	nan	nan	1	1	6.000000000000838e-05	6.000000000000867e-05	5.999999999999513e-05	1.0082649999999844	1.74116092637594e-20	3.6381759150466707e-19	-1.1438332919722071e-20	1.0091350000000077	-3.162888787683338e-19	-7.054090384733813e-21	2.6551941797580554e-20	0.9841601461426854	139834730.644784	178738.23185198635	381374.24358387885	178892.45814174385	146642701.38631135	-775855.2799875443	372256.64160412515	-756653.8254952127	-167.76578676935017	1599.565890624997	140799141.53454006	180126.24329874493	374824.00637007307	180126.2420088247	147781471.45245117	-762529.6917680965	374824.0178009515	-762529.7042041995	-164.88435017999564	0.008231031923243336	0.0	0.0	0.0	0.009093528259077787	0.0	0.0	0.0	-0.015966645027245728	144424956.28832218	0.01642683275666926
360	231.0	nan	nan	1	1	6.000000000000838e-05	6.000000000000867e-05	5.999999999999513e-05	1.0109725000000347	-1.6785143695970116e-19	-1.1249139640623352e-18	-2.4923097440010533e-20	1.0121275000000034	-1.699486905371028e-19	-7.361732751176576e-20	2.768018968332328e-20	0.9786977848154254	147562517.0595258	186110.43177760785	405392.6188796958	186323.05129372576	154485027.9362393	-806623.8866695109	392450.7017486329	-779981.8013555753	-142.16721661066728	1599.565890624997	148967738.34555885	188097.38985406896	396187.95674610534	188097.38479639264	156134345.87623003	-788309.0481650641	396187.965728708	-788309.0677258348	-138.93923185112612	0.0109127388771247	0.0	0.0	0.0	0.012054551071730191	0.0	0.0	0.0	-0.021532381947810424	152685377.05853885	0.022020554388477324
420	288.0	nan	nan	1	1	6.000000000000838e-05	6.000000000000867e-05	5.999999999999513e-05	1.013680000000006	1.5569143196891843e-19	-4.228388472693467e-21	-4.765068548073792e-20	1.015119999999992	-5.697482416411326e-19	-1.6425662913155392e-20	-5.887895422954093e-20	0.9732741521172317	154460978.68009287	191516.50685038438	417492.1060863772	191788.56190499096	161542315.47557816	-825650.0826279614	400850.64638323843	-791614.6891154828	-118.93907977248682	1599.565890624997	156338596.26344737	194119.93814721517	405723.3530510067	194119.93115563458	163738284.51651406	-802375.6978565488	405723.3606983989	-802375.7169274837	-115.58628666408958	0.01358727350852161	0.0	0.0	0.0	0.015006832106514224	0.0	0.0	0.0	-0.027089476855756026	160174730.34455922	0.027603189811879068
480	345.0	nan	nan	1	1	6.000000000000838e-05	6.000000000000867e-05	5.999999999999513e-05	1.0163874999999827	-2.507556337051631e-19	-1.162102098578588e-18	5.1553813301685733e-20	1.0181124999999993	-1.5626334861490455e-18	3.08455518072126e-20	3.855355162722673e-20	0.967889843120684	160668340.10363922	197381.60795799896	423678.00547834224	197716.5936832874	167906571.89965174	-838655.9745095001	403461.9119738819	-797285.7789239646	-105.72519835578825	1599.565890624997	163045420.39057806	200641.80903960057	409431.1055711519	200641.80108221906	170679926.4840958	-810454.7283487177	409431.1113622936	-810454.7463150226	-102.17000715122678	0.016254674080477267	0.0	0.0	0.0	0.01795042282796186	0.0	0.0	0.0	-0.03263699661013794	167001480.021583	0.033174146667884465
540	402.0	nan	nan	1	1	6.000000000000838e-05	6.000000000000867e-05	5.999999999999513e-05	1.019095000000015	-2.0450763478507826e-20	-6.087795198506108e-19	8.844379222050502e-20	1.0211050000000037	-1.524117203971498e-19	-4.1660468477755506e-20	-1.5506801571973927e-19	0.9625452685746969	166285433.25925055	203666.67024656132	427688.4525641378	204068.36087085475	173666874.7095364	-847709.6107154554	403955.9610486552	-799094.015978735	-98.40624555534566	1599.565890624997	169185305.52238607	207627.14337322977	411000.595399403	207627.1342875876	177043976.07544446	-814633.0644211152	411000.5990786559	-814633.0846546945	-94.56655954067777	0.018914978550626068	0.0	0.0	0.0	0.02088537424742087	0.0	0.0	0.0	-0.03817418164078163	173256046.36058745	0.0387329483981844
600	459.0	nan	nan	1	1	6.000000000000838e-05	6.000000000000867e-05	5.999999999999513e-05	1.021802500000007	-2.374673808286376e-19	7.526531481394372e-19	1.1530490104383338e-19	1.0240974999999788	-1.7401444868392346e-19	-7.887570804832044e-21	1.0015317568334847e-20	0.957240683483108	171392311.98465818	210668.41629094988	430834.5629194691	211141.57476649532	178899595.5360227	-855029.4893322089	403612.61109126266	-799210.0699885724	-93.7212286536824	1599.565890624997	174835203.37573516	215382.95016723976	411720.2896537702	215382.94068101235	182903177.17611197	-817095.5148651194	411720.29321518773	-817095.5367119247	-89.56322154500394	0.02156822457432638	0.0	0.0	0.0	0.023811736928400242	0.0	0.0	0.0	-0.04370042125699118	179013097.47232616	0.044279217545997965
660	516.0	nan	nan	1	1	6.000000000000838e-05	6.000000000000867e-05	5.999999999999513e-05	1.0245100000000051	-2.1682688196994483e-19	1.3515122181118056e-18	2.076247160309741e-20	1.0270899999999887	3.5020272272368035e-18	-3.713392440762853e-21	8.207749258894171e-20	0.9519762166684789	176054663.53467068	217850.02305356666	434579.8098497328	218398.620903399	183668201.7378947	-861843.4032526596	403812.2126606815	-798814.5545470861	-89.85063433713209	1599.565890624997	180058212.44566542	223365.0963065386	412995.04668307194	223365.08724587312	188317930.8158533	-819037.2596529603	412995.05344311654	-819037.2780617127	-85.38792203760806	0.024214449508141122	0.0	0.0	0.0	0.02672956099188786	0.0	0.0	0.0	-0.04921522699393322	184334256.80913106	0.04981265791651818
720	573.0	nan	nan	1	1	6.000000000000838e-05	6.000000000000867e-05	5.999999999999513e-05	1.027217500000001	1.1590121223870042e-19	-1.8527930925604784e-18	1.0028870095490916e-20	1.030082499999971	4.517165721334981e-18	9.305165145356841e-20	-2.6068285984698346e-19	0.9467519001895663	180327039.41690457	224708.61809968803	440108.05566554907	225335.34335514953	188026195.90468258	-868277.461449396	405632.8378669236	-798036.4211400559	-86.31178226249315	1599.565890624997	184906704.34066054	231058.0660193112	415934.45647031674	231058.0589910463	193339132.04624173	-820586.0114222192	415934.4680911517	-820586.0266551559	-81.57097735474262	0.026853690412800727	0.0	0.0	0.0	0.029638896121294608	0.0	0.0	0.0	-0.054718205136425904	189271069.28903008	0.05533303623803349
780	630.0	nan	nan	1	1	6.000000000000838e-05	6.000000000000867e-05	5.999999999999513e-05	1.02992499999998	-3.533956981216502e-19	-2.1815231912580833e-18	-2.231288070975168e-19	1.0330749999999975	-7.6983775257333245e-19	1.0299920638612292e-20	-9.24959978401696e-21	0.9415676914003624	184255263.672923	231232.85034520284	446394.27589599806	231940.0702891726	192019228.8069876	-874742.9615122526	408098.10843312764	-797260.3360555125	-82.7697557863486	1599.565890624997	189424654.3849584	238447.28651256743	419547.52643742523	238447.28653472872	198010204.8602019	-822134.7485569394	419547.54292569257	-822134.7593680196	-77.79187184757453	0.029485984056364704	0.0	0.0	0.0	0.03253979156777959	0.0	0.0	0.0	-0.06020903607126905	193867178.2045079	0.06084016839123338
840	687.0	nan	nan	1	1	6.000000000000838e-05	6.000000000000867e-05	5.999999999999513e-05	1.032632499999973	4.743384504624082e-19	3.400058012914542e-19	1.175275154974287e-19	1.0360674999999782	-3.897164708999146e-18	-7.166576360129185e-20	-2.211230330784186e-19	0.9364234875804385	187878205.1925344	237172.80370304428	452570.2962723205	237961.75572392176	195686236.20165363	-881748.8593258081	410404.93263446953	-796946.4840153632	-79.15409942762227	1599.565890624997	193649354.54274854	245271.3377923457	423011.53106684267	245271.34669278696	202368164.44107527	-824159.1153287196	423011.54742446553	-824159.124619082	-73.98430048300847	0.03211136691734547	0.0	0.0	0.0	0.0354322961549659	0.0	0.0	0.0	-0.06568746083027277	198159699.16784003	0.06633391043729413
900	744.0	nan	nan	1	1	6.000000000000838e-05	6.000000000000867e-05	5.999999999999513e-05	1.0353399999999853	-1.5361789531403992e-19	-3.144186300207963e-21	-2.0111950299606107e-19	1.0390600000000003	7.69349861595714e-19	7.518942066186973e-20	4.093269776947461e-19	0.931319137323902	191229167.38677782	242728.34947531638	460092.22074764024	243600.50288705953	199060347.44636774	-891004.3654979373	413866.659867367	-798615.5041142029	-75.58605383460666	1599.565890624997	197612758.4759105	251732.32234870733	427682.29383080377	251732.3481530741	206444462.12621132	-828240.0215986962	427682.3113086289	-828240.030259819	-70.26160284360586	0.03472987518767237	0.0	0.0	0.0	0.03831645828420485	0.0	0.0	0.0	-0.0711532706224862	202180324.95893157	0.07181415164137693
960	801.0	nan	nan	1	1	6.000000000000838e-05	6.000000000000867e-05	5.999999999999513e-05	1.0380474999999763	2.465204689688916e-19	-2.2183860651225905e-18	2.249719507907422e-19	1.0420524999999643	9.435432036380975e-18	-9.231981498714071e-20	9.242823520438926e-20	0.926254450641782	194336395.58238515	248013.7965304635	469926.8918019989	248970.71810747575	202170540.8102811	-901851.5082038875	419317.8975956845	-801633.2894593205	-70.44624842154607	1599.565890624997	201341933.96127114	257945.70792686497	434433.6646602509	257945.74265547053	210266622.26373217	-833735.3373968428	434433.6849177512	-833735.3374691289	-65.12549589571829	0.037341544775665855	0.0	0.0	0.0	0.041192325939075104	0.0	0.0	0.0	-0.07660629737201384	205956345.8388189	0.0772808081676008
1020	858.0	nan	nan	1	1	6.000000000000838e-05	6.000000000000867e-05	5.999999999999513e-05	1.0407549999999879	-2.5009833613809374e-19	1.891824370769957e-18	1.870790848623738e-19	1.045045000000018	-1.172412861238925e-17	-3.2471855065940857e-20	1.4377876059873396e-19	0.9212292077117432	197224161.84600353	252079.99219047074	480981.7884389119	253119.10150447412	205042470.96222433	-911059.9673556277	425743.32957445655	-803118.5755361094	-64.58144014551327	1599.565890624997	204860122.69466683	262919.1210981627	442226.87821596436	262919.1560771292	213859044.44351804	-837651.6843576671	442226.90524683543	-837651.6842241654	-59.37781710807712	0.039946411309116255	0.0	0.0	0.0	0.04405994669059873	0.0	0.0	0.0	-0.08204640538132872	209511561.957003	0.08273381752516404
1080	915.0	nan	nan	1	1	6.000000000000838e-05	6.000000000000867e-05	5.999999999999513e-05	1.0434624999999818	-5.545152011177112e-19	8.294146619514109e-20	1.1031757105040008e-19	1.0480374999999726	-2.540936211437028e-18	-2.069741947274828e-19	-9.131692797759162e-20	0.9162431631047208	199913467.32792673	253510.2785090857	493372.4362446224	254621.8112024423	207698586.4766647	-916877.0095632015	433220.3222537862	-801576.5562379754	-58.22712365090754	1599.565890624997	208187419.54359207	265159.9810986043	451150.26226575335	265160.0141915355	217243078.22250852	-838411.8628078033	451150.3011246106	-838411.8614485615	-53.24412183631331	0.0425445101380427	0.0	0.0	0.0	0.046919367701396285	0.0	0.0	0.0	-0.08747348763206653	212866704.34145084	0.08817313610483615
1140	972.0	nan	nan	1	1	6.000000000000838e-05	6.000000000000867e-05	5.999999999999513e-05	1.0461699999999705	-1.484747112583118e-19	-3.4156705241983333e-18	1.9190378452993429e-19	1.05102999999999	2.697495005143935e-18	2.339166187137476e-19	1.236532577719718e-19	0.9112960512473987	202423286.11525747	253021.732948603	507467.8727940696	254197.17938265664	210158013.87558943	-920001.0010056732	442044.32307919976	-797687.302372576	-50.584541120226724	1599.565890624997	211342027.7358999	265397.0403746789	461520.69322917494	265397.0714855796	220436854.35089454	-836702.2279023672	461520.734010353	-836702.2339426756	-46.00451326297156	0.04513587633769825	0.0	0.0	0.0	0.049770635731002856	0.0	0.0	0.0	-0.09288746058787634	216039945.48218715	0.09359873571799415
1200	1029.0	nan	nan	1	1	6.000000000000838e-05	6.000000000000867e-05	5.999999999999513e-05	1.0488774999999635	1.913549071801135e-19	5.042624304230081e-19	-4.336808689942018e-21	1.0540224999999621	-5.0370948731504054e-18	2.4340338772299576e-19	2.3191084469464938e-19	0.9063875908363631	204769722.80361816	252233.50399136345	521740.08841373835	253470.79671292644	212438282.92805907	-920991.7549792825	450861.7881140571	-791990.2214715823	-41.6635749549421	1599.565890624997	214339350.10170704	265316.3736887568	471932.1414400377	265316.4007518528	223457050.57908827	-833069.2251336427	471932.18473387026	-833069.2403376771	-37.68615942147266	0.047720544711358615	0.0	0.0	0.0	0.05261379713986243	0.0	0.0	0.0	-0.09828825996624664	219047367.72881547	0.09901060078100228
1260	1086.0	nan	nan	1	1	6.000000000000838e-05	6.000000000000867e-05	5.999999999999513e-05	1.051585000000002	-2.1213770757394502e-19	5.116350051959095e-18	-7.28583859910259e-20	1.0570150000000071	3.5876249887545345e-18	1.3248950547772864e-19	-4.263625043299246e-20	0.9015174871845582	206965618.04196855	251300.57339618244	534114.0278761963	252598.21920622318	214556067.63071564	-920198.1736145328	457892.7677792315	-784827.7971426334	-32.360243038315794	1599.565890624997	217191537.13015553	265078.76682557154	480516.66182608216	265078.7895340887	226319650.02654478	-827857.9695087221	480516.6916883076	-827857.9782984272	-29.11295182132243	0.05029854979316035	0.0	0.0	0.0	0.055448897894321086	0.0	0.0	0.0	-0.1036758386516287	221903149.06412375	0.10440872692700212
1320	1143.0	nan	nan	1	1	6.000000000000838e-05	6.000000000000867e-05	5.999999999999513e-05	1.0542924999999994	-9.705642322818675e-20	-4.781331580661075e-19	1.1319070680748667e-19	1.060007499999965	6.245004513516505e-19	-3.0335976786144415e-19	-7.15573433840433e-20	0.8966854358638595	209023861.1266192	249507.64161789813	542833.6452505785	250860.1674195182	216524701.58867714	-917993.9329529904	461685.00875344354	-776552.8221594795	-20.981135264143813	1599.565890624997	219910928.30539775	263926.2689033502	485731.9853134795	263926.2904949192	229037300.20111546	-821428.4789830096	485732.00357327843	-821428.5046739677	-18.774091427731776	0.052869925850717425	0.0	0.0	0.0	0.058275983570610174	0.0	0.0	0.0	-0.1090501630832588	224619779.64689562	0.10979311860088868
1380	1200.0	nan	nan	1	1	6.000000000000838e-05	6.000000000000867e-05	5.999999999999513e-05	1.0569999999999937	-4.356896076286153e-19	8.109832250191574e-19	1.1579279202145188e-19	1.062999999999996	1.2072374350191595e-17	-1.0131869301877039e-19	-4.432218481120742e-19	0.8918911243229325	210956618.650225	246440.06800385404	549310.0027696777	247838.96474093114	218355410.19077632	-917265.0083870876	463504.9498150446	-769614.8292121231	-8.941998477496206	1599.565890624997	222509239.35820478	261411.380505514	488887.8629053482	261411.3739624575	231620570.79908752	-816369.1311047319	488887.87885394203	-816369.1748320332	-7.9584105581977465	0.05543470688809464	0.0	0.0	0.0	0.06109509935980686	0.0	0.0	0.0	-0.11441121178573592	227208403.05884907	0.11516378808270067
1392	1201.4666666666667	nan	nan	1	1	6.000000000000838e-05	6.000000000000867e-05	5.999999999999513e-05	1.0569303333332964	-2.6820758291303544e-19	-2.486075581509262e-19	-6.023827270329463e-19	1.0629229999999728	1.1501216645726232e-18	1.44578359700942e-19	-2.918130147244735e-19	0.8919288791497827	201409956.7092032	245841.51131937944	548281.7633466566	247235.47116506431	208408480.53716514	-912285.1085465354	462687.63708105206	-765524.560627454	345.32497367084864	1599.565890624997	212446169.8213549	260782.6109290262	488040.2423848862	260782.68299729936	221074575.25196558	-812049.342625447	488040.50170907495	-812049.570389157	307.38298283563233	0.0553687949082872	0.0	0.0	0.0	0.06102266023566445	0.0	0.0	0.0	-0.11436888147574661	216895504.1640404	0.11508937385189608
1404	1202.9333333333334	nan	nan	1	1	6.000000000000838e-05	6.000000000000867e-05	5.999999999999513e-05	1.056860666666614	-2.811768220058013e-20	-3.4436429402484592e-18	-5.262717345244639e-19	1.0628459999999846	6.895092136138814e-18	-2.260019428546034e-19	4.76669485133252e-19	0.8919860759670587	194025829.6069081	244630.1378039177	547088.5566094118	246015.59064672646	200735118.05090517	-906762.461547646	461740.54657420085	-760994.1001519231	59.635252539306414	1599.565890624997	204659133.7596229	259498.0806173277	487045.52049270406	259498.11824089417	212935243.0339366	-807245.1702970259	487045.56746400427	-807245.2156684845	53.09027626665663	0.05530287858381839	0.0	0.0	0.0	0.06095021586374905	0.0	0.0	0.0	-0.11430475642636378	208926979.57186845	0.11500043244798756
1416	1204.4	nan	nan	1	1	6.000000000000838e-05	6.000000000000867e-05	5.999999999999513e-05	1.0567909999999436	1.2543679152153413e-19	1.4874169604328635e-18	-3.0943130002736298e-19	1.0627689999999672	-1.0125364088842126e-18	-2.1206994493816466e-19	2.4958334010616313e-19	0.8920468045100665	187037033.4896161	243035.63320210346	546867.2359507831	244410.44279261847	193478407.606132	-903515.8783042303	461615.56840546464	-758375.9613390805	11.29142807202437	1599.565890624997	197288188.86705783	257806.10973069325	486915.85983119905	257806.12908100034	205237046.62002033	-804466.2064838688	486915.86764611327	-804466.2164560766	10.053583478726697	0.05523695791411267	0.0	0.0	0.0	0.060877766243237756	0.0	0.0	0.0	-0.11423667635486336	201387382.0765851	0.11490885222392012
1428	1205.8666666666666	nan	nan	1	1	6.000000000000838e-05	6.000000000000867e-05	5.999999999999513e-05	1.0567213333332683	5.1747360330133346e-21	-3.3211280947575973e-18	5.594483210025203e-20	1.0626919999999636	6.736473358304185e-18	1.0739022518468922e-19	-1.3948260949026014e-19	0.8921083012224427	180137351.1053212	241255.7645277496	547248.8308656819	242618.91319249204	186314188.93092987	-902111.6780081962	461999.97136279714	-757304.3920110463	2.3988976842144036	1599.565890624997	190011016.1231316	255917.29894628757	487323.0527096348	255917.3094503968	197636827.78691715	-803327.1009762407	487323.0535969041	-803327.1033461068	2.136209484011585	0.05517103289858115	0.0	0.0	0.0	0.060805311373412434	0.0	0.0	0.0	-0.11416773984569642	193943733.0313934	0.11481669807073158
1440	1207.3333333333333	nan	nan	1	1	6.000000000000838e-05	6.000000000000867e-05	5.999999999999513e-05	1.0566516666666392	7.656721504178542e-19	-5.712986507477868e-18	-1.1600963245594898e-19	1.0626149999999612	3.171399774737349e-18	-9.75781955236954e-20	-2.7115896333862465e-19	0.8921699779698474	173261701.6300542	239401.16987061134	547927.5359681048	240752.26304020482	179172859.55819803	-902000.5160475876	462635.429625526	-757318.2962180121	0.6837792851624545	1599.565890624997	182759107.40429413	253949.18362810512	487994.96578194597	253949.1894910459	190060898.35613275	-803339.2776769715	487994.9658609204	-803339.2784802793	0.6089871871027245	0.055105103536699125	0.0	0.0	0.0	0.06073285125349876	0.0	0.0	0.0	-0.11409860629388656	186524850.91778526	0.1147244094078793
1452	1208.8	nan	nan	1	1	6.000000000000838e-05	6.000000000000867e-05	5.999999999999513e-05	1.056581999999972	1.0775074358286433e-19	-3.142017895862992e-19	-2.273571955702103e-19	1.062537999999966	-1.1112096486021183e-17	-2.0182423440817664e-19	-6.462929150186092e-19	0.8922317065482175	166395674.45328435	237523.98389363094	548726.0525967821	238862.92028089784	172039178.39040568	-902776.0732167687	463372.2535832101	-758076.8282521975	0.2666015467275865	1599.565890624997	175517291.78192404	251957.10450230452	488773.7814489197	251957.1077347636	182493121.48458102	-804141.2887534448	488773.78154830204	-804141.2892529212	0.23747340866671773	0.05503916982781361	0.0	0.0	0.0	0.06066038588274336	0.0	0.0	0.0	-0.11402941942981835	179115068.16301715	0.11463208201666832
1464	1210.2666666666667	nan	nan	1	1	6.000000000000838e-05	6.000000000000867e-05	5.999999999999513e-05	1.0565123333333237	1.814404924116203e-19	9.795766628406533e-19	-5.312590645178972e-19	1.0624609999999723	-1.0536710393083126e-17	2.856872724499304e-19	-2.697495005143935e-19	0.8922934549452419	159535373.3202023	235641.98156387973	549550.5312404489	236968.75937805432	164909486.40235746	-904174.7598162288	464131.2050385829	-759358.9041581312	0.1252569036267232	1599.565890624997	168281466.58291495	249959.92606484442	489575.93673529587	249959.92758568423	174929623.129783	-805498.6390610185	489575.9369555302	-805498.6394204667	0.11158712882577457	0.05497323177140554	0.0	0.0	0.0	0.06058791526037828	0.0	0.0	0.0	-0.11396021514132583	171710408.69473386	0.11453973981231558
1476	1211.7333333333333	nan	nan	1	1	6.000000000000838e-05	6.000000000000867e-05	5.999999999999513e-05	1.0564426666666307	3.9159561349339824e-19	-2.666595243228098e-18	-2.076247160309741e-19	1.0623839999999556	-4.395355607256235e-19	-1.3639263329867646e-19	6.559423143537302e-20	0.8923552123231591	152679248.0415323	233757.8327281644	550354.6836638877	235072.46547381513	157782708.36618897	-906032.34519228	464873.1883480738	-761026.7909054481	0.06368575957114808	1599.565890624997	161049998.90768492	247960.4835179574	490360.19898361096	247960.4844365383	167369265.02373078	-807265.2314255692	490360.19914968085	-807265.2318884126	0.056743337819471426	0.05490728936684103	0.0	0.0	0.0	0.060515439385619915	0.0	0.0	0.0	-0.11389100557747807	164309506.41671264	0.11444739089051507
1488	1213.2	nan	nan	1	1	6.000000000000838e-05	6.000000000000867e-05	5.999999999999513e-05	1.0563729999999742	-5.458273959359607e-19	-7.202355031821206e-19	-7.318364664277155e-20	1.0623069999999977	6.865168156178214e-19	-7.627362283435524e-20	-5.853607529249238e-19	0.8924169739996434	145826485.47047287	231869.6788874009	551120.3547427708	233172.1692667864	150658492.3143328	-908246.7243325405	465582.85707863036	-762994.8724739414	0.0331705564444419	1599.565890624997	153822031.8760915	245956.8067691469	491110.3824765661	245956.80776271195	159811674.64454034	-809350.2486915602	491110.3826678447	-809350.2493098945	0.029558706228914357	0.054841342613623716	0.0	0.0	0.0	0.06044295825778379	0.0	0.0	0.0	-0.11382179598649245	156911766.6668771	0.1143550387483209
1500	1214.6666666666667	nan	nan	1	1	6.000000000000838e-05	6.000000000000867e-05	5.999999999999513e-05	1.056303333333278	1.624653662063479e-19	9.607115450394055e-19	-1.8485647040877851e-19	1.0622299999999896	-5.956931996287107e-18	-5.654114329511905e-20	-1.6057034174510322e-19	0.8924787377410802	138976601.11898884	229973.88671904014	551841.6971721982	231264.2168175694	143536747.4960143	-910756.2494642729	466255.2565220071	-765211.4782501091	0.019800293552922087	1599.565890624997	146597054.72267216	243945.04239401198	491821.2617080161	243945.04380758607	152256755.98461246	-811698.8803406899	491821.2620307859	-811698.8809697436	0.017646737112004936	0.05477539151110769	0.0	0.0	0.0	0.060370471876005936	0.0	0.0	0.0	-0.11375258887141562	149516905.262599	0.1142626850532988
1512	1216.1333333333334	nan	nan	1	1	6.000000000000838e-05	6.000000000000867e-05	5.999999999999513e-05	1.0562336666666325	-6.270564791491088e-19	-9.719872476332547e-19	-6.895525817007808e-20	1.0621529999999675	-2.947837286770838e-18	1.0316183671199575e-19	1.507583120841094e-19	0.8925405025868173	132129294.15968488	228063.98837573075	552516.8998262049	229342.10354679436	136417507.36298624	-913528.1491485344	466888.8403839832	-767649.1747118942	0.014323596430709585	1599.565890624997	139374750.13600653	241918.32993730073	492491.20596617274	241918.33144033822	144704544.50306773	-814282.0246760338	492491.20631163067	-814282.0251748726	0.012767474229502437	0.0547094360588048	0.0	0.0	0.0	0.06029798023955847	0.0	0.0	0.0	-0.11368338530837638	142124800.15773734	0.11417033052221556
1524	1217.6	nan	nan	1	1	6.000000000000838e-05	6.000000000000867e-05	5.999999999999513e-05	1.0561639999999828	5.639055142500908e-19	7.198560324217506e-18	-3.794707603699265e-20	1.0620759999999707	-4.199873955557099e-18	1.4062102177136992e-19	-1.0771548583643487e-19	0.8926022683209391	125284376.12457015	226131.54655943174	553146.9249244883	227397.34565288076	129300872.87718068	-916547.2329445202	467484.40622417495	-770295.2891973169	0.014160486079752446	1599.565890624997	132154919.18037696	239867.71974007753	493121.0560287663	239867.7214683845	137155147.12273726	-817086.2370274318	493121.05654111406	-817086.2374468533	0.012623831996469246	0.05464347625608929	0.0	0.0	0.0	0.0602254833477163	0.0	0.0	0.0	-0.11361418553886378	134735424.68003637	0.1140779753155919
1536	1219.0666666666666	nan	nan	1	1	6.000000000000838e-05	6.000000000000867e-05	5.999999999999513e-05	1.0560943333332942	-9.268658025330182e-21	8.364511340508418e-18	-1.3227266504323154e-20	1.0619989999999724	-4.043206741632943e-18	-1.1758172560605296e-19	-3.5014309160419364e-19	0.892664035156418	118441728.75490385	224166.4997413379	553735.7592274166	225419.8254506046	122186978.94815496	-919806.8120674303	468045.30815466784	-773144.2879692636	0.017644459286704658	1599.565890624997	124937436.91029882	237782.5392543819	493714.34984144307	237782.54097291228	129608706.70523408	-820105.6453952006	493714.3502839499	-820105.6456494741	0.015731912920546626	0.05457751210235442	0.0	0.0	0.0	0.06015298119969208	0.0	0.0	0.0	-0.11354498932384248	127348808.30812731	0.11398561927371134
1548	1220.5333333333333	nan	nan	1	1	6.000000000000838e-05	6.000000000000867e-05	5.999999999999513e-05	1.0560246666666202	1.627122763104725e-19	1.2810932870088721e-18	-1.255506115738214e-19	1.0619219999999745	7.201053989214224e-18	-1.9927635930283572e-19	4.646348410186629e-19	0.8927258035310747	111601283.05544321	222157.97320968047	554288.0318728873	223398.6082502066	115075967.38980691	-923302.9921110986	468575.4461882676	-776192.983759646	0.02124895656830631	1599.565890624997	117722230.32142983	235651.25343786075	494275.20013914985	235651.25502053983	122065373.41060302	-823336.8663450517	494275.2008660849	-823336.8665098327	0.018948329490009446	0.0545115435970768	0.0	0.0	0.0	0.06008047379472649	0.0	0.0	0.0	-0.11347579617247182	119965011.81391603	0.11389326206909021
1560	1222.0	nan	nan	1	1	6.000000000000838e-05	6.000000000000867e-05	5.999999999999513e-05	1.0559549999999587	2.9569771957881856e-19	5.080354539832576e-18	-2.3950025990204794e-19	1.0618449999999895	-3.3247059619267993e-18	1.619255944607101e-19	-7.600257229123386e-20	0.8927875739684795	104763011.85684529	220095.65606875982	554803.9661576238	221323.3268525556	107967962.03521642	-927032.8355455117	469074.9965991778	-779438.9921122573	0.025197518605040388	1599.565890624997	110509270.53217746	233462.9254356557	494803.7925729844	233462.92712214042	114525278.32804069	-826777.3679492534	494803.7936317853	-826777.3682925277	0.022472492141007962	0.05444557073968016	0.0	0.0	0.0	0.06000796113206699	0.0	0.0	0.0	-0.1134066054980056	112584110.64057785	0.11380090331031874
1572	1223.4666666666667	nan	nan	1	1	6.000000000000838e-05	6.000000000000867e-05	5.999999999999513e-05	1.0558853333332734	4.8792485893636716e-20	4.61111183958085e-19	3.1257548632757093e-19	1.0617679999999605	-1.2095359436248288e-18	5.908901840046e-20	-3.1252127621894664e-19	0.8928493470359693	97926924.13952051	217969.01544553402	555275.5741900947	219183.39035871916	100863064.03979807	-930993.5736953486	469537.19247770606	-782880.0688210587	0.02968247834360227	1599.565890624997	103298566.80523981	231206.38306714277	495292.98870851466	231206.38466404882	106988528.50275196	-830424.7674797425	495292.9898584329	-830424.768022603	0.026476085199088336	0.05437959352955595	0.0	0.0	0.0	0.05993544321089915	0.0	0.0	0.0	-0.113337416664836	105206190.88814859	0.11370854257339352
1584	1224.9333333333334	nan	nan	1	1	6.000000000000838e-05	6.000000000000867e-05	5.999999999999513e-05	1.0558156666666232	-7.945401979305832e-20	-4.95740601347272e-18	6.1886260005472595e-19	1.0616909999999815	-5.785628053034397e-18	-2.5131806358213993e-19	1.378020961229076e-19	0.8929111234205636	91093058.50250505	215765.50289757657	555689.0704543311	216966.18187528977	93761373.73620994	-935178.6215135611	469950.36060956866	-786510.7589764358	0.03535993478330784	1599.565890624997	96090159.65239054	228868.31629875765	495730.4740945295	228868.3177214087	99455230.11179163	-834273.2762891125	495730.47520882316	-834273.2769623692	0.03154461400441689	0.05431361196618549	0.0	0.0	0.0	0.05986292003054705	0.0	0.0	0.0	-0.11326822890349718	97831360.29242356	0.11361617934518446
1596	1226.4	nan	nan	1	1	6.000000000000838e-05	6.000000000000867e-05	5.999999999999513e-05	1.0557459999999497	4.978791901324997e-19	-4.636156909765266e-18	6.2005522244446e-19	1.061613999999952	2.938404727870214e-18	7.627362283435524e-20	3.703634621210483e-19	0.8929729040481694	84261477.78164682	213472.95575516147	556028.5574973873	214659.47230346565	86663020.72157152	-939571.70749113	470301.03526077257	-790317.457239863	0.04669490138441324	1599.565890624997	88884115.1509194	226435.82440995847	496102.04313791	226435.82520472544	91925520.37108281	-838308.4600166684	496102.0441872687	-838308.4608663059	0.04166231332623019	0.054247626048938964	0.0	0.0	0.0	0.05979039159015577	0.0	0.0	0.0	-0.11319904117721705	90459765.25858219	0.11352381293432995
1608	1227.8666666666666	nan	nan	1	1	6.000000000000838e-05	6.000000000000867e-05	5.999999999999513e-05	1.0556763333333163	-4.356447148824108e-19	2.3784143057814512e-18	-5.789639601072594e-20	1.0615369999999704	3.8839374424948226e-18	-2.618348246552493e-20	7.09285061240017e-19	0.8930346900775089	77432264.06740674	211086.34432694796	556280.5932363716	212258.20670607116	79568166.46423097	-944144.7612625947	470577.82054524723	-794276.624361055	0.06240624005068093	1599.565890624997	81680519.69865553	223903.57288968907	496395.6734202193	223903.573566749	84399570.31056726	-842505.3476096612	496395.67438369145	-842505.348340991	0.05568806090292376	0.0541816357773019	0.0	0.0	0.0	0.0597178578890524	0.0	0.0	0.0	-0.11312985218880783	83091594.41544873	0.11343144247602636
1620	1229.3333333333333	nan	nan	1	1	6.000000000000838e-05	6.000000000000867e-05	5.999999999999513e-05	1.0556066666666275	8.359649794907652e-19	-5.184654788825682e-19	-1.7206288477344955e-19	1.0614599999999543	-6.039765042265e-18	-1.0885389811754465e-19	3.7854918852331385e-19	0.8930964828764314	70605524.33911486	208617.82285637112	556436.5928461115	209774.6078517713	72476993.18926124	-948870.0096641775	470773.4242413891	-798364.9586592846	0.08451576824882068	1599.565890624997	74479485.96907231	221284.45454489294	496603.67082741886	221284.45484127846	76877572.99615496	-846839.2194105714	496603.67193072574	-846839.2200905404	0.07542789474051485	0.05411564115060892	0.0	0.0	0.0	0.05964531892639738	0.0	0.0	0.0	-0.11306066040728245	75727082.9051116	0.11333906694955874
1632	1230.8	nan	nan	1	1	6.000000000000838e-05	6.000000000000867e-05	5.999999999999513e-05	1.055536999999974	3.3674821845543254e-19	-6.570265165262156e-19	5.421010862427522e-20	1.061382999999955	-4.310679417585117e-18	1.32164244825983e-19	2.81079413216867e-19	0.8931582841301607	63781414.43709113	206105.78482314607	556486.8464576636	207247.283883235	65389703.80762736	-953734.8393203439	470879.5981914742	-802571.9021348605	0.11324309156183153	1599.565890624997	67281178.19943795	218619.19426778684	496717.3327772785	218619.19434305627	69359743.45455305	-851298.8736024122	496717.334289415	-851298.8742030886	0.10108020837152819	0.05404964216837118	0.0	0.0	0.0	0.05957277470147523	0.0	0.0	0.0	-0.11299146394673772	68366536.95810503	0.11324668509779356
1644	1232.2666666666667	nan	nan	1	1	6.000000000000838e-05	6.000000000000867e-05	5.999999999999513e-05	1.0554673333332738	-6.66413388587247e-19	-1.6405063071878168e-18	-2.980471772162652e-19	1.0613059999999361	1.7082147328595366e-17	1.041376186672327e-19	1.0446287931897835e-19	0.8932200960661772	56960171.05837825	203606.297878978	556412.3133283214	204732.6131960936	58306539.262750454	-958735.0436268247	470880.19363404874	-806893.9665393366	0.1480712884038221	1599.565890624997	60085845.94079604	215967.26349199782	496719.622024634	215967.26321185508	61846337.0703283	-855880.6070330141	496719.6243541832	-855880.6073144386	0.13218599345630944	0.0539836388299361	0.0	0.0	0.0	0.0595002252134887	0.0	0.0	0.0	-0.11292226031471193	61010380.31089165	0.11315429525930332
1656	1233.7333333333333	nan	nan	1	1	6.000000000000838e-05	6.000000000000867e-05	5.999999999999513e-05	1.055397666666626	-5.509030291141452e-19	-2.9800380912936576e-18	4.98732999343332e-19	1.061228999999974	-1.054093878155582e-17	-5.133697286718863e-20	6.2612675461037885e-19	0.8932819217943597	50142135.30578205	201166.05823428437	556180.1102636821	202277.54984699463	51227829.46777457	-963845.3957533084	470747.336867477	-811309.9694229414	0.19292576527246275	1599.565890624997	52893848.90237828	213378.19235461188	496581.1327595541	213378.19166860371	54337703.61674821	-860561.9467430143	496581.13591732184	-860561.9468525174	0.1722522853465359	0.05391763113482243	0.0	0.0	0.0	0.059427670461745644	0.0	0.0	0.0	-0.11285304603161614	53659230.82370891	0.11306189511492544
1668	1235.2	nan	nan	1	1	6.000000000000838e-05	6.000000000000867e-05	5.999999999999513e-05	1.0553279999999396	4.899276683401499e-19	7.845503760539607e-18	2.2150250383878857e-19	1.0611519999999615	-3.9872619095326915e-18	-1.3812735677465327e-19	1.299416303723877e-19	0.8933437656253589	43327760.09170477	198808.23308063403	555741.0173774441	199905.38699836133	44154055.6694322	-968999.1079602627	470439.3105736404	-815763.7281564926	0.2502805953016505	1599.565890624997	45705664.782746054	210876.55280014913	496257.8547672116	210876.55090117376	46834353.424082294	-865283.2948285076	496257.8583382976	-865283.2944965003	0.22349207172125465	0.05385161908236872	0.0	0.0	0.0	0.05935511044537965	0.0	0.0	0.0	-0.1127838162746969	46314010.22548015	0.11296948145028807
1680	1236.6666666666667	nan	nan	1	1	6.000000000000838e-05	6.000000000000867e-05	5.999999999999513e-05	1.0552583333332777	1.3209381403641879e-18	-9.212465859609331e-19	-3.9725167599868884e-19	1.0610749999999591	2.4649336391457943e-18	-1.177443559319258e-19	3.5106466345080633e-19	0.8934056333703866	36517611.53396253	196546.1394238455	555032.854854816	197629.51364271986	37085914.37676004	-974101.3294805352	469903.40461038187	-820175.4020101104	0.323961596470559	1599.565890624997	38521890.779345006	208476.46805957914	495694.1790631007	208476.464355823	39337025.22314153	-869959.957536988	495694.18340540875	-869959.9569935314	0.2893267960727486	0.05378560267205941	0.0	0.0	0.0	0.05928254516368631	0.0	0.0	0.0	-0.11271456454293458	38976134.07357817	0.1128770499327167
1692	1238.1333333333334	nan	nan	1	1	6.000000000000838e-05	6.000000000000867e-05	5.999999999999513e-05	1.055188666666604	-6.767382966978034e-19	1.0770464381471e-18	2.7712207528729494e-19	1.0609979999999672	5.145515090398956e-18	1.0831179703130189e-19	7.459853047786513e-19	0.8934675326416128	29712378.88167155	194395.80342660524	553994.6265281704	195466.0429912239	30024372.958978504	-979058.692814192	469087.8821127453	-824466.3566161651	0.4250277356132865	1599.565890624997	31343254.110653654	206194.9344121686	494835.5230933098	206194.92905218416	31846745.16587723	-874508.5190336724	494835.5279071138	-874508.5198904208	0.3796405448895784	0.05371958190328478	0.0	0.0	0.0	0.05920997461590096	0.0	0.0	0.0	-0.11264528232142229	31647915.20270913	0.11278459488741986
1704	1239.6	nan	nan	1	1	6.000000000000838e-05	6.000000000000867e-05	5.999999999999513e-05	1.0551189999999366	7.324828584455889e-19	-8.315830662963819e-20	-3.7177292494527945e-19	1.0609209999999794	-1.0510906381377971e-17	9.990923019453923e-20	-7.945575621060019e-19	0.8935294726886112	22912869.596624434	192380.2587559236	552582.9291894664	193438.13488748585	22970638.6680171	-983800.8864311045	467955.8786074329	-828577.3317506701	0.5542837955288124	1599.565890624997	24170606.905920483	204056.3804140048	493642.9905034182	204056.37535983927	24364794.04230565	-878866.1139968884	493642.99584724335	-878866.1180908707	0.4951624379967065	0.05365355677548657	0.0	0.0	0.0	0.05913739880125234	0.0	0.0	0.0	-0.11257595926510112	24333572.03394738	0.11269210941999373
1716	1241.0666666666666	nan	nan	1	1	6.000000000000838e-05	6.000000000000867e-05	5.999999999999513e-05	1.05504933333327	-3.6254863027056175e-20	-1.1301723445988898e-18	1.8594067258126402e-19	1.0608439999999921	7.235965299168256e-18	-6.792526610621685e-20	1.632266370676927e-19	0.8935914637367066	16119978.611283718	190519.0149300464	550785.707428072	191565.400496419	15926044.13672999	-988303.1321524997	466497.05928645114	-832487.386500346	0.702415121606784	1599.565890624997	17004893.855051063	202081.49611306575	492105.6714300949	202081.49032292888	16892585.90537439	-883010.524538502	492105.6763255742	-883010.531106387	0.6275806731713469	0.053587527288083636	0.0	0.0	0.0	0.059064817718973386	0.0	0.0	0.0	-0.11250658393984246	17042809.616070017	0.11259958591026062
1728	1242.5333333333333	nan	nan	1	1	6.000000000000838e-05	6.000000000000867e-05	5.999999999999513e-05	1.054979666666602	1.4618377830356454e-19	8.988036009904831e-20	-8.749511531958021e-20	1.0607669999999583	-6.590865006539381e-19	-3.924811864397526e-20	-2.472523054353193e-19	0.8936535174351536	9334756.484863918	188807.5002989145	548615.6617652539	189843.239722543	8892077.284341777	-992602.4493639615	464722.0541719074	-836227.6314705333	0.8798174693568144	1599.565890624997	9847224.140867487	200265.42845791244	490234.77151095774	200265.4205503435	9431699.823419644	-886974.7418428103	490234.7734571725	-886974.7475055918	0.7861917661514845	0.05352149344049833	0.0	0.0	0.0	0.058992231368254364	0.0	0.0	0.0	-0.11243714332132014	9810718.077813465	0.11250701567830626
1740	1244.0	nan	nan	1	1	6.000000000000838e-05	6.000000000000867e-05	5.999999999999513e-05	1.0549099999999425	-1.4164001696529563e-18	-4.934204086981531e-19	-2.209604027525458e-19	1.0606899999999777	4.0940558235225136e-18	6.91178884959509e-20	3.273206358733738e-19	0.8937156487064611	2558585.3779231897	187227.67805535716	546077.5817173268	188253.51647550962	1870610.387536039	-996767.307845817	462634.8000262579	-839855.7013476073	1.1124431304116733	1599.565890624997	2699057.1275101397	198589.04152599294	488034.43248148094	198589.03275469493	1984122.9020610554	-890819.8829016163	488034.4291886224	-890819.8856231538	0.9942004030102892	0.05345545523216404	0.0	0.0	0.0	0.058919639748424804	0.0	0.0	0.0	-0.11236762072631348	3013289.4291810407	0.11241438760595607
1752	1246.6	nan	nan	1	1	6.000000000000838e-05	6.000000000000867e-05	5.999999999999513e-05	1.0547858198265565	3.070725299905802e-19	8.456776945386935e-21	-4.1188840532724313e-19	1.0609499999999723	-1.895705814547455e-17	8.234515500027406e-20	-1.9499376072151797e-19	0.8936598627245702	-12.800092939346563	184932.76638422319	545800.6868563424	186013.36527635006	17349381.445118494	-1001090.2423594472	462425.7715783097	-843238.745020079	-4.155790667569498	1599.565890624997	-13.50037876305247	196190.20946446096	487724.84353120317	196190.05097231487	18405493.230576634	-894569.3795799259	487724.82322481414	-894569.3575487006	-3.713594361273025	0.053337731935409693	0.0	0.0	0.0	0.05916473316794568	0.0	0.0	0.0	-0.11243004295550066	18493035.424153622	0.1125044950494603
1764	1249.2	nan	nan	1	1	6.000000000000838e-05	6.000000000000867e-05	5.999999999999513e-05	1.0546958296579116	-1.5693138232458032e-19	-2.542020413609514e-18	-1.0234868508263161e-19	1.0612099999999576	1.889872806859483e-18	-1.0446287931897835e-19	-9.871660780480518e-20	0.893589546143041	-21.70990030124015	183257.9056650314	547357.1204908458	184389.7032177356	33516638.686978284	-1007690.7253220459	463747.5371822293	-848523.729129632	-0.9868124029876199	1599.565890624997	-22.893828008041446	194445.28236932083	489037.55285171716	194445.21132504888	35562734.660257414	-900323.7336182729	489037.5454555	-900323.7023196182	-0.88166994566181	0.053252412237348855	0.0	0.0	0.0	0.05940976653139252	0.0	0.0	0.0	-0.11250872988214493	35608588.71768196	0.11261600306425064
1776	1251.8	nan	nan	1	1	6.000000000000838e-05	6.000000000000867e-05	5.999999999999513e-05	1.0546033751196606	-1.1910977304289972e-18	-1.560166926206641e-18	2.4470443032997836e-19	1.0614699999999635	3.834280982994987e-18	1.8458541986565712e-19	4.620327558046977e-19	0.8935203638603465	-26.113183899464783	184346.79882467058	548992.475852018	185546.9796845207	49485774.89941107	-1014181.1263814534	465137.8521932105	-853713.6565275934	-2.3462181454114615	1599.565890624997	-27.53262680519217	195632.94324322412	490421.51100943715	195632.81774264938	52515410.37851678	-905980.0676964361	490421.5030502766	-905980.0136387122	-2.095904586387763	0.053164748488080074	0.0	0.0	0.0	0.05965473986821785	0.0	0.0	0.0	-0.1125861535283818	52546823.30186044	0.11272622377093176
1788	1254.4	nan	nan	1	1	6.000000000000838e-05	6.000000000000867e-05	5.999999999999513e-05	1.0545078965183339	7.076782397390756e-19	3.0050831614780725e-18	-7.058156142880634e-20	1.061729999999971	-4.47124975933022e-19	-2.0350474777552918e-19	-2.3950025990204794e-19	0.8934525053668739	-31.45473789371783	189168.41021446526	546170.5199213772	190463.72298899235	65190262.360001974	-1018003.4286007199	462753.71043828665	-856656.3101984733	-5.074804420341039	1599.565890624997	-33.15893021883724	200783.17005564645	487825.31076283683	200782.89385694216	69192882.2500597	-909254.19956073	487825.33317489777	-909254.1900353195	-4.532683389374068	0.05307420930916059	0.0	0.0	0.0	0.05989965320780652	0.0	0.0	0.0	-0.11266210151245423	69216852.38254683	0.11283485533321884
1800	1257.0	nan	nan	1	1	6.000000000000838e-05	6.000000000000867e-05	5.999999999999513e-05	1.0544090579208114	8.592458918042865e-19	-5.35162192338845e-19	1.360673726469308e-19	1.061989999999952	-1.0712459565243027e-17	1.594861395726177e-19	2.9539088189367567e-19	0.8933859815993631	-36.30805858990411	198346.79060410612	533289.1656539354	199772.6979654541	80566345.86983791	-1016848.352782566	451848.40040011867	-855411.1288654682	-8.797836534900357	1599.565890624997	-38.268678620678244	210560.5062201454	476248.0442307104	210560.34039097757	85527426.57944074	-908085.2762086163	476248.02569278056	-908085.2771636947	-7.856811488135212	0.05298047532178211	0.0	0.0	0.0	0.060144506579511973	0.0	0.0	0.0	-0.11273656125576874	85546665.29184248	0.11294179737248541
1812	1259.6	nan	nan	1	1	6.000000000000838e-05	6.000000000000867e-05	5.999999999999513e-05	1.0543065854031985	7.650206762022972e-19	4.356432749264005e-18	2.1705727493159796e-19	1.0622499999999855	4.045483566195163e-18	2.815130940858612e-19	4.494560106038659e-19	0.8933207038304818	-43.475602555704306	210776.15551165002	504658.3526051733	212364.06196994055	95539431.62609409	-1008014.4805352263	427600.27944875765	-847710.2649948746	-14.689128076751484	1599.565890624997	-45.81539874266688	223793.34116613332	450613.09327729745	223793.19907756321	101439788.40877552	-900063.4207230797	450613.12906061584	-900063.4444798264	-13.116028707425507	0.052883285814018986	0.0	0.0	0.0	0.06038930001277044	0.0	0.0	0.0	-0.1128096317484716	101455539.02951577	0.11304704344530155
1824	1262.2	nan	nan	1	1	6.000000000000838e-05	6.000000000000867e-05	5.999999999999513e-05	1.0542002445706549	-5.903269070946758e-19	-2.9189975089827234e-18	1.1481701006621491e-19	1.0625099999999663	7.913483236754449e-18	-2.0225791527717085e-19	1.8220017508618903e-19	0.8932564940100669	-49.20707227939903	225556.07283362502	457201.8614784731	227333.923667292	110021855.02372278	-990835.5122628558	387401.2579549222	-832999.4813625964	-21.032549182774265	1599.565890624997	-51.84636557119933	239527.41612201429	408180.1219765944	239527.31116099545	116836803.9029563	-884596.9238759027	408180.0910370708	-884596.9469814963	-18.77741368580986	0.05278241743538996	0.0	0.0	0.0	0.06063403353681885	0.0	0.0	0.0	-0.11288151201261061	116849760.316412	0.11315066646130867
1836	1264.8	nan	nan	1	1	6.000000000000838e-05	6.000000000000867e-05	5.999999999999513e-05	1.0540899626669864	-8.045254458292906e-19	7.720603670269278e-19	1.5406512871019018e-19	1.0627699999999305	-1.8244954158586068e-18	1.0408340855860842e-19	-4.3145825454060647e-19	0.8931930576814383	-54.4264425901426	243127.83330182312	388280.55825511157	245129.95645170222	123930476.79393235	-963832.7902469289	329013.20683601947	-810042.3820795567	-29.13438283518143	1599.565890624997	-57.33572698813635	258232.95384072833	346600.0977737935	258233.01305152872	131630067.43723163	-860368.9580503892	346600.1176063978	-860368.9434475589	-26.006916196453496	0.05267780005075244	0.0	0.0	0.0	0.060878707181007685	0.0	0.0	0.0	-0.11295253145852241	131640672.95425746	0.1132528744992909
1848	1267.4	nan	nan	1	1	6.000000000000838e-05	6.000000000000867e-05	5.999999999999513e-05	1.0539758392308574	-1.9480063720954398e-19	-6.7630363115300796e-18	3.271037954388767e-19	1.0630299999999726	7.028340583137283e-18	-1.9483113039564514e-19	2.892651396191326e-19	0.8931299866500167	-59.405225521576355	261527.95652515962	295664.9318822066	263774.5981016673	137189414.0660525	-924386.4887590925	250544.02995511598	-776645.3623177132	-41.91309258023696	1599.565890624997	-62.56975536420752	277825.9410093197	263890.42980018206	277825.9307932173	145738828.7119947	-825044.5741644563	263890.56727947237	-825044.6012860002	-37.408778730851125	0.052569526925560814	0.0	0.0	0.0	0.06112332097472186	0.0	0.0	0.0	-0.11302314694058531	145747395.64449993	0.11335401117066088
1860	1270.0	nan	nan	1	1	6.000000000000838e-05	6.000000000000867e-05	5.999999999999513e-05	1.053858048159598	-1.2363462304713218e-19	2.124710997419843e-18	-4.70760583293206e-19	1.063289999999962	8.604228440844963e-18	7.92009687000661e-20	4.3422297008044455e-20	0.8930666331150594	-69.95824951835908	279520.5083818379	179795.36165022117	282022.1381034693	149682071.37476328	-875745.4905476151	152363.4648849165	-735546.286372219	-66.45150460025854	1599.565890624997	-73.67214948299866	296994.01497697784	160451.8163114392	296993.95366405277	159039061.58804765	-781527.1389385383	160452.04158236532	-781527.0731143439	-59.30222288204579	0.05245776188365066	0.0	0.0	0.0	0.061367874947111274	0.0	0.0	0.0	-0.11309408373923656	159045963.36759955	0.11345462013277464
1872	1272.6	nan	nan	1	1	6.000000000000838e-05	6.000000000000867e-05	5.999999999999513e-05	1.0537369122332305	-1.5775649829432443e-19	-8.010194070540155e-18	-1.5298092653770468e-19	1.0635499999999785	1.2767673203406548e-17	1.7141236346995825e-19	-1.8669961410200386e-19	0.8930018775134555	-80.07769950762182	296735.61715895607	48087.704408429054	299498.83310030116	161212162.65375414	-821138.5145528617	40752.72988229317	-689462.8753005619	-105.76208231198555	1599.565890624997	-84.31431271300391	315344.3921454251	42908.55999132991	315344.202274379	171322040.55998045	-732700.211963269	42908.80522706805	-732700.2177902545	-94.37128907522431	0.05234281007480941	0.0	0.0	0.0	0.0616123691275022	0.0	0.0	0.0	-0.11316659562917464	171327716.94265547	0.11355563944402176
1884	1275.2	nan	nan	1	1	6.000000000000838e-05	6.000000000000867e-05	5.999999999999513e-05	1.0536133991440424	-7.516841424477783e-19	3.6148384632839205e-18	1.3476633003994821e-19	1.0638099999999766	-4.316642529533787e-18	-2.846030702774449e-20	1.830675368241774e-19	0.8929338104847894	-81.36212637444609	312173.77471377136	-87987.31393034931	315194.8274117541	171527184.46520996	-756488.6341173514	-74568.76321781713	-634976.7621301365	-160.96422549354727	1599.565890624997	-85.65228514791636	331814.8840977454	-78500.91272618079	331814.79439675546	182319199.89153862	-674927.391148718	-78500.71347527968	-674927.7415252338	-143.60977796763711	0.052225588852820144	0.0	0.0	0.0	0.061856803545083335	0.0	0.0	0.0	-0.1132428212504627	182324018.76888686	0.11365878139032115
1896	1277.8	nan	nan	1	1	6.000000000000838e-05	6.000000000000867e-05	5.999999999999513e-05	1.0534896046297058	1.2207269429239525e-19	5.904131350487063e-18	-2.0166160408230384e-19	1.0640699999999692	5.50341022753642e-18	-1.620882247865829e-20	5.296327612591689e-20	0.8928595850568481	-75.94911946580932	319481.8459454549	-217707.60869518138	322690.47138669266	180378473.57655716	-672311.0431696554	-184512.9617804384	-564135.378124098	-219.14489406251838	1599.565890624997	-79.94096359504105	339650.8965612628	-194210.7001631396	339650.90585681814	191765857.89819673	-599749.3574246379	-194210.86201194473	-599749.5300389939	-195.49286112755303	0.05210808675229885	0.0	0.0	0.0	0.062101178229075404	0.0	0.0	0.0	-0.11332595004707458	191770006.55508247	0.11376677873245428
1908	1280.4	nan	nan	1	1	6.000000000000838e-05	6.000000000000867e-05	5.999999999999513e-05	1.0533680397216607	-2.9216876856232034e-19	4.0773591100662365e-18	-7.372574772901431e-20	1.0643299999999734	5.4638368482407e-18	1.8144123356544917e-19	4.185020385794047e-20	0.8927765506659796	-64.0260606801192	315989.11598211044	-337881.9666021719	319277.57489530346	187642603.63881275	-567576.321957037	-286370.32622261567	-476091.6857103872	-237.87634618761064	1599.565890624997	-67.38103901110696	336007.68611488346	-301375.9360895741	336007.7834067293	199530154.2880331	-506253.2548044546	-301376.18834982725	-506253.0878536278	-212.1752966776948	0.05199268749074373	0.0	0.0	0.0	0.062345493208682295	0.0	0.0	0.0	-0.11341895263507844	199533752.3156593	0.11388232883903765
1920	1283.0	nan	nan	1	1	6.000000000000838e-05	6.000000000000867e-05	5.999999999999513e-05	1.0532504613374314	1.0945190337830619e-18	3.2351508624794965e-18	2.1911725905932044e-19	1.0645899999999526	2.5437551370854905e-18	-4.1400259956358984e-19	3.1403915926042637e-19	0.8926837602486589	-49.99617325306171	307755.07835960883	-448972.6043674618	311068.37758252793	193439912.62330222	-450322.83226811694	-380527.568624053	-377606.0244589741	-219.59036488995864	1599.565890624997	-52.608600381664324	327322.5575704185	-400410.81705812074	327322.4909590332	205739080.8091621	-401615.0015710659	-400411.101278092	-401614.72018175834	-195.83902574090203	0.051881059890119985	0.0	0.0	0.0	0.06258974851303582	0.0	0.0	0.0	-0.11352289268553688	205742331.03087646	0.11400663326667533
1932	1285.6	nan	nan	1	1	6.000000000000838e-05	6.000000000000867e-05	5.999999999999513e-05	1.0531374313118405	-4.886160378213267e-19	9.996344030316351e-20	1.9038590148845458e-19	1.0648499999999539	4.0802864559319474e-18	2.404218317486606e-19	9.141992718397774e-19	0.8925819882195908	-35.25582314124098	297207.0285359281	-554030.8655835303	300512.368395957	198053579.3034558	-330315.25761763105	-469566.60795919696	-276877.81213015615	-180.40559586302726	1599.565890624997	-37.093200316469876	316173.8210712821	-494038.1378688927	316173.74054298125	210692718.99015003	-294547.3707700754	-494038.33747342153	-294547.2597410849	-160.87054021336044	0.0517737387019439	0.0	0.0	0.0	0.06283394417132465	0.0	0.0	0.0	-0.11363690599617833	210695884.95811918	0.11413926238816494
1944	1288.2	nan	nan	1	1	6.000000000000838e-05	6.000000000000867e-05	5.999999999999513e-05	1.0530286758368743	4.727731335758823e-19	-2.8717262942623554e-18	-2.5348646792711095e-19	1.0651099999999594	-7.918904247616876e-18	1.6165454391758872e-19	-1.0912494866066602e-19	0.8924727336141314	-24.154155444299338	286005.9728449063	-653093.3082064202	289287.20532721083	201771298.52920198	-214032.0821850951	-553515.9674744003	-179340.69026240995	-139.48834480777103	1599.565890624997	-25.409869703091356	304326.6240200742	-582291.6651951381	304326.5251433707	214696139.01677716	-190828.93052909794	-582291.8811854225	-190828.69589784875	-124.36645660402158	0.051670465294691104	0.0	0.0	0.0	0.06307808021265583	0.0	0.0	0.0	-0.11375931636742273	214699484.27313575	0.1142790066927928
1956	1290.8	nan	nan	1	1	6.000000000000838e-05	6.000000000000867e-05	5.999999999999513e-05	1.0529235741362224	6.509753131510309e-19	-2.644694359343891e-18	-3.729655473350135e-20	1.065369999999957	4.07334756202804e-18	8.46761896711179e-20	4.451192019139239e-19	0.8923575215945858	-17.54817350233253	276899.9039054886	-744595.1630484936	280173.01185189397	204820088.2734113	-105031.96750149914	-631047.9439812434	-87974.93620462168	-106.90918228021054	1599.565890624997	-18.45833687610171	294704.7033871767	-663778.0671328015	294704.62186092994	217990120.29615426	-93631.97591811337	-663778.229308607	-93631.7677038201	-95.30544098912561	0.05157065134996323	0.0	0.0	0.0	0.06332215666612007	0.0	0.0	0.0	-0.11388841774204292	217993866.89470425	0.1144245400098151
1968	1293.4	nan	nan	1	1	6.000000000000838e-05	6.000000000000867e-05	5.999999999999513e-05	1.0528214631180228	9.894700076645836e-19	1.842059491052872e-19	-1.4875253806501122e-19	1.0656299999999495	-4.104355744161126e-18	-3.4098158324669115e-20	1.9640322354574914e-19	0.8922376318134322	-13.710020319476607	270892.94649917126	-828081.8729534305	274188.6347918274	207363007.41496122	-5583.958096278185	-701777.0411226857	-4675.285835771314	-81.73825407414068	1599.565890624997	-14.419530618615797	288378.20253564086	-738094.7384413792	288378.2315800528	220747613.11990902	-4977.152894121881	-738094.8602632383	-4977.0602855626485	-72.85580959082377	0.0514736680813594	0.0	0.0	0.0	0.06356617356080098	0.0	0.0	0.0	-0.11402277850291943	220751923.833216	0.1145747096545246
1980	1296.0	nan	nan	1	1	6.000000000000838e-05	6.000000000000867e-05	5.999999999999513e-05	1.0527217521188263	-7.847794137628983e-19	-1.4474099002681484e-19	-3.1441863002079626e-20	1.0658899999999458	3.539594832513426e-18	7.448468924975416e-20	1.361215827555551e-19	0.8921140767981459	-11.75317987817165	267640.2880836755	-904431.7107514126	270988.2058153077	209516341.5195753	82953.4831126225	-766447.9328476256	69429.27181266373	-63.54662766237767	1599.565890624997	-12.360117602786358	284982.0457339853	-806027.3834089243	284982.1178237851	223091956.9264608	73927.94629278661	-806027.5333659571	73927.94282454171	-56.632603003949335	0.05137895523144071	0.0	0.0	0.0	0.06381013092576672	0.0	0.0	0.0	-0.11416126579204211	223096942.42229396	0.11472858498341441
1992	1298.6	nan	nan	1	1	6.000000000000838e-05	6.000000000000867e-05	5.999999999999513e-05	1.0526239587570336	2.1799578743715573e-19	-1.8409752888803866e-18	5.533767888366015e-19	1.066149999999949	6.955156936494512e-18	-4.754226526348937e-20	4.844757407751476e-19	0.8919876236902556	-10.252759106728016	266293.950008371	-974347.6587242385	269715.8409418399	211361418.2477992	161000.83812394194	-825656.8306580718	134700.29016265844	-50.18914564286778	1599.565890624997	-10.781113389157365	283615.0156850274	-868205.202496381	283615.07705162425	225109402.40916035	143461.8988549809	-868205.3112919821	143461.858243716	-44.72169350008034	0.051286055180529484	0.0	0.0	0.0	0.06405402879005853	0.0	0.0	0.0	-0.1143030212850921	225115125.97942922	0.11488545087882672
2004	1301.2	nan	nan	1	1	6.000000000000838e-05	6.000000000000867e-05	5.999999999999513e-05	1.0525277078919917	-9.51339972510984e-19	8.805131103406526e-18	1.0093922225840047e-19	1.0664099999999523	-3.645304544330763e-18	-2.6617163334519133e-20	4.625748568909404e-19	0.8918588482089966	-8.919453467839631	265767.9549672098	-1038305.816178382	269273.334021434	212956704.76632404	229729.97386210182	-879807.9779451785	192127.4515104599	-40.28053060624667	1599.565890624997	-9.378165872835297	283121.5659706532	-925054.9690351975	283121.60612611065	226861947.087754	204672.699070149	-925055.0140942555	204672.62482530452	-35.887023275887266	0.051194612015997565	0.0	0.0	0.0	0.06429786718268665	0.0	0.0	0.0	-0.11444740084186569	226868434.63073975	0.11504476670770572
2016	1303.8	nan	nan	1	1	6.000000000000838e-05	6.000000000000867e-05	5.999999999999513e-05	1.0524327081100784	-4.821040485228356e-19	5.875725253567943e-18	-2.8232624571522536e-19	1.0666699999999294	-1.0005017647696235e-18	1.120522945263769e-19	7.032677391827225e-19	0.8917282004042948	-7.9514669597353205	264931.5937102485	-1096928.330942007	268515.5988822877	214348294.0272402	290025.56664994615	-929429.4545552135	242459.17406193653	-31.912064678285155	1599.565890624997	-8.359584205296988	282297.42321127205	-977133.3489413572	282297.43903321057	228398471.56847897	258352.0228490292	-977133.3802398246	258351.97347763611	-28.426964416123244	0.051104349243115375	0.0	0.0	0.0	0.06454164613262198	0.0	0.0	0.0	-0.11459390090199761	228405722.1227825	0.11520611023556537
2028	1306.4	nan	nan	1	1	6.000000000000838e-05	6.000000000000867e-05	5.999999999999513e-05	1.052338705481597	4.013072697501424e-19	-4.0310636773011055e-18	1.702197410802242e-20	1.066929999999942	6.699285223787932e-18	-1.7840546748248975e-19	-2.358681826242215e-19	0.8915960596427085	-7.387778713286273	263292.9106258346	-1151016.5316165576	266943.575611595	215573501.87175116	343013.04579480016	-975201.0945528304	286643.9820579984	-25.400586831751976	1599.565890624997	-7.7662221855747395	280617.9714369409	-1025156.3124504081	280617.9231497983	229758555.39375347	305505.59396007354	-1025156.3656471027	305505.57771770784	-22.623108543839567	0.05101502588197797	0.0	0.0	0.0	0.06478536566889892	0.0	0.0	0.0	-0.1147420969029021	229766555.08510816	0.11536912337674955
2040	1309.0	nan	nan	1	1	6.000000000000838e-05	6.000000000000867e-05	5.999999999999513e-05	1.0522454860961923	-1.0158127323241922e-18	5.8579443379391806e-18	1.1470858984896637e-19	1.0671899999999488	-1.2552567492385425e-17	2.386871082726838e-19	1.4609624274242171e-19	0.8914627346303194	-7.048820921863604	260998.35991659344	-1201263.0324942032	264705.10382573813	216661295.92665577	389940.89104205795	-1017710.5181863892	325731.85815061716	-20.636859636793844	1599.565890624997	-7.409203733714261	278238.685948099	-1069742.6073291323	278238.59697068605	230972923.7138102	347248.16647480504	-1069742.6782103395	347248.17509283614	-18.37743061909794	0.05092643889568524	0.0	0.0	0.0	0.06502902582042977	0.0	0.0	0.0	-0.11489164330380197	230981654.00521874	0.11553351271422616
2052	1311.6	nan	nan	1	1	6.000000000000838e-05	6.000000000000867e-05	5.999999999999513e-05	1.0521528841089938	-7.877745222643895e-20	3.909958294634475e-18	2.0252896582029224e-19	1.0674499999999467	3.807392769117346e-18	3.0520291155466947e-20	1.507041019754851e-19	0.891328462846083	-6.80019938295451	258228.895407005	-1248107.9752488404	261983.17576703723	217633681.39711404	431732.713872207	-1057331.3515369687	360499.96186965564	-16.253927452815812	1599.565890624997	-7.147206495510175	275351.9855036151	-1111285.8045129632	275351.90515866026	232064913.53612828	384404.5914171689	-1111285.8723743912	384404.6194688344	-14.472112352536234	0.0508384308563621	0.0	0.0	0.0	0.06527262661614584	0.0	0.0	0.0	-0.1150422742746979	232074351.74323732	0.11569905197468534
2064	1314.2	nan	nan	1	1	6.000000000000838e-05	6.000000000000867e-05	5.999999999999513e-05	1.0520607542761882	-4.5539879376180206e-20	-1.3515664282204298e-18	9.475926987523309e-20	1.0677099999999344	5.4241550487277305e-18	-5.778797579347739e-20	2.99781900692242e-20	0.8911934476245945	-6.4144853664598775	254875.49533650817	-1291907.0880908724	258666.67090406502	218508903.0497232	469242.30404604285	-1094365.692332772	391666.00594632997	-12.703117415205925	1599.565890624997	-6.741189313994204	271841.19955081976	-1150104.0972037313	271841.1373892865	233053876.91015962	417737.0814353115	-1150104.161018448	417737.1258824113	-11.308791105154658	0.05075086386108764	0.0	0.0	0.0	0.06551616808495665	0.0	0.0	0.0	-0.11519376214248052	233063998.02140865	0.1158655465913379
2076	1316.8	nan	nan	1	1	6.000000000000838e-05	6.000000000000867e-05	5.999999999999513e-05	1.051968977072577	3.4394958669387023e-19	-4.548228113576691e-19	-1.1763593571467723e-19	1.0679699999999301	-4.358275892957231e-18	-6.602791230436722e-20	4.195862407518902e-20	0.8910578581532747	-5.934168417090026	250868.9530691619	-1332919.4167837822	254684.75370649135	219302431.5979644	503229.74966743187	-1129033.6569672048	419868.4166037587	-10.15431654693582	1599.565890624997	-6.235839232685242	267632.02513317333	-1186429.4234889862	267631.9692167914	233956227.61263558	447923.98869922623	-1186429.4840137765	447924.0386280225	-9.038340784152496	0.050663624405958396	0.0	0.0	0.0	0.06575965025576833	0.0	0.0	0.0	-0.11534591742063062	233967005.46272525	0.11603283502461502
2088	1319.4	nan	nan	1	1	6.000000000000838e-05	6.000000000000867e-05	5.999999999999513e-05	1.0518774645622235	4.426357013125742e-19	6.387034998112107e-19	2.9479457069880864e-19	1.068229999999944	8.294688720600351e-18	-1.8230859530343757e-19	2.1125679330880053e-19	0.8909218228860278	-5.498115114691143	246250.32721254427	-1371215.5268816734	250078.50041167825	220026563.02448073	534098.9186319035	-1161395.6278111844	445447.54336198245	-8.182028740197303	1599.565890624997	-5.777094358558668	262767.75365225377	-1220325.8219159148	262767.70562052605	234785010.70119038	475326.2263198706	-1220325.8734168413	475326.2733255788	-7.281671445208267	0.050576628978345195	0.0	0.0	0.0	0.06600307315746168	0.0	0.0	0.0	-0.11549859622943831	234796415.7461833	0.1162007951761461
2100	1322.0	nan	nan	1	1	6.000000000000838e-05	6.000000000000867e-05	5.999999999999513e-05	1.0517861476916506	7.490278471251888e-19	-2.7540903585476785e-18	-1.9916793908558716e-19	1.0684899999999282	1.0174261606821222e-17	1.5395670849294162e-20	-1.702197410802242e-20	0.8907854432143121	-5.107273034703278	241111.9703724729	-1406808.7843147025	244941.13766881562	220691080.872002	562094.3037714083	-1191463.518705818	468610.3406990788	-6.523847722819424	1599.565890624997	-5.365936173054607	257346.4691419611	-1251806.3860282262	257346.43555503577	235550604.74930584	500162.67090192984	-1251806.4239882054	500162.71027947025	-5.805049223430375	0.050489811989071445	0.0	0.0	0.0	0.06624643681883682	0.0	0.0	0.0	-0.11565168498265538	235562603.6888363	0.11636933058818737
2200	1385.25	nan	nan	1	1	6.000000000000838e-05	6.000000000000867e-05	5.999999999999513e-05	1.0495576517237566	-2.8812672733802282e-19	-2.3601997092836944e-18	4.9439619065339004e-20	1.0748149999999388	-3.0899761915836877e-19	1.0256552551712871e-19	-2.1716569514884655e-19	0.8874662499684501	-6.212847951074131	164927.87962816076	-1790384.9354649875	168896.9351781291	229402008.29143316	819286.4447348098	-1513881.7088046346	676478.3367630878	12.621876018793555	1599.565890624997	-6.513361164488194	177066.30738445924	-1587107.6940719774	177066.41898435936	246285628.64157248	726266.0639790223	-1587107.6207584785	726266.0587541345	11.188809817508117	0.04836879133175323	0.0	0.0	0.0	0.07214855374661011	0.0	0.0	0.0	-0.11938478656021992	246304370.4457845	0.12054668108722888
2300	1448.5	nan	nan	1	1	6.000000000000838e-05	6.000000000000867e-05	5.999999999999513e-05	1.04729502830671	3.4088671555659865e-19	-7.148144923196931e-19	-8.250778532614689e-20	1.081139999999932	-9.136571707535345e-19	-2.824346659324739e-19	-8.407987847625087e-20	0.8842070891404936	8.579200767127041	154058.2111684754	-1922344.0515911255	159036.84675682467	234360480.72134906	888890.5184001094	-1622990.8604567735	726976.4792750691	20.22320302860375	1599.565890624997	8.974513246573446	166364.94331628823	-1697775.0249693668	166364.94781437874	253082051.2263848	785049.9606574932	-1697775.0459046867	785050.0135601993	17.86072009244673	0.04621067663273996	0.0	0.0	0.0	0.07801603998457816	0.0	0.0	0.0	-0.12306398004636707	253102937.80196184	0.12480977969820699
2400	1511.75	nan	nan	1	1	6.000000000000838e-05	6.000000000000867e-05	5.999999999999513e-05	1.0450245875513944	5.2468608884720385e-19	-2.156044440204674e-18	2.1998462079730884e-19	1.0874649999999257	2.1890041862482336e-19	2.715384340989946e-19	-3.03142927426947e-19	0.8809971342394095	13.908029659994005	142300.11415426608	-1998123.5561345005	148079.22319925463	238404754.552357	937666.7754139764	-1684497.3352156957	759639.8884175697	24.123150739286036	1599.565890624997	14.516964819483293	154562.5392628965	-1758249.663406899	154562.5747306807	258948803.06289047	825100.2733028587	-1758249.6695540394	825100.3224910835	21.22717663652183	0.04404041389729265	0.0	0.0	0.0	0.08384929955467456	0.0	0.0	0.0	-0.12670090590095376	258970773.86787727	0.12915858872042785
2500	1575.0	nan	nan	1	1	6.000000000000838e-05	6.000000000000867e-05	5.999999999999513e-05	1.0427571653748355	-1.001775702322294e-18	6.689527404235563e-18	3.0845551807212603e-19	1.093789999999902	-1.7222985190801234e-17	2.203640915576788e-19	1.818207043258191e-19	0.8778279390084877	17.64798029072522	134895.5617032276	-2039894.6152560792	141497.43665424868	241884842.10570905	979384.210079587	-1717251.6960062562	786010.9231352429	27.4274458494485	1599.565890624997	18.380260503857222	147368.64109416108	-1788506.8186379287	147368.69055219207	264250654.59763864	858689.13261177	-1788506.8434656665	858689.1975174325	24.04740595552907	0.041868325684672365	0.0	0.0	0.0	0.08964872944945028	0.0	0.0	0.0	-0.13030467379012572	264273098.72102782	0.13358809688220774
2600	1638.25	nan	nan	1	1	6.000000000000838e-05	6.000000000000867e-05	5.999999999999513e-05	1.040497260063603	1.6073297207097602e-20	-2.3311430910610832e-18	-1.7271340607694085e-19	1.1001149999998847	8.688633579972959e-18	-3.1008182133085425e-19	5.372763865751917e-19	0.8746954453121918	21.066048391100384	135571.69705000808	-2067923.3274953985	143339.65669744843	244909569.09459814	1020348.2983180151	-1738402.6212535524	811273.4667322265	31.172010546894395	1599.565890624997	21.89213542799285	148960.53603717632	-1806572.5420419828	148960.59851203728	269096437.43345803	891393.406395378	-1806572.59046884	891393.5069544342	27.232391832665677	0.03969873355986112	0.0	0.0	0.0	0.09541471979427055	0.0	0.0	0.0	-0.13387951571268625	269119157.3413	0.13808976643981766
2700	1701.5	nan	nan	1	1	6.000000000000838e-05	6.000000000000867e-05	5.999999999999513e-05	1.0382473836434096	8.018217166616548e-19	1.3115593680557147e-18	2.1380466841414147e-19	1.1064399999999377	2.5035854465949026e-18	1.818207043258191e-19	-4.655022027566513e-19	0.8715971086794473	23.668861194394644	143416.2266564932	-2087874.7569446482	152835.95593574055	247541155.48967442	1056718.7770884987	-1752747.641529739	832429.3592034343	34.080920779764945	1599.565890624997	24.543342832933025	158482.62850603287	-1817505.485090821	158482.7099589685	273546263.9063095	919879.0143750599	-1817505.536593858	919879.1236373663	29.667613082698526	0.03753408355772953	0.0	0.0	0.0	0.10114765400479044	0.0	0.0	0.0	-0.13742799317343032	273569127.5153623	0.14265479239183607
2800	1764.75	nan	nan	1	1	6.000000000000838e-05	6.000000000000867e-05	5.999999999999513e-05	1.0360087175855754	-3.786576087405624e-20	-1.091791587692903e-18	-2.198762005800603e-19	1.1127649999999008	2.0501829400831895e-17	-1.7574917215990027e-19	1.113475631142613e-19	0.8685314729504816	25.909886017603316	154672.27124087446	-2100949.6228516684	166131.76590471735	249828404.82489195	1087533.74849092	-1761318.0977739044	848838.1773385574	36.96363760232128	1599.565890624997	26.808745050142303	171895.09820332364	-1822421.254346557	171895.16595492495	277646910.0558849	943356.5643420309	-1822421.2875092363	943356.6901278063	32.06327180420487	0.03537555845977964	0.0	0.0	0.0	0.10684790893970977	0.0	0.0	0.0	-0.14095145567261505	277669790.19115835	0.14727452664873747
2900	1828.0	nan	nan	1	1	6.000000000000838e-05	6.000000000000867e-05	5.999999999999513e-05	1.0337819159664694	-9.370217275705972e-19	2.633852337619036e-18	-6.329572282970375e-19	1.119089999999914	-2.71695643414005e-18	6.938893903907229e-20	-7.361732751176575e-19	0.8654975172792686	28.355153360636034	166521.35760380566	-2109320.644089585	180262.83402354922	251813147.70584327	1113643.7278827901	-1765954.4771328238	861285.5219303485	40.576251932057694	1599.565890624997	29.275286850124104	186112.3469354222	-1823260.2234245753	186112.4186964497	281438588.91803527	962614.3459053524	-1823260.2456703752	962614.478854656	35.07340923755341	0.033223840849155306	0.0	0.0	0.0	0.11251585504989978	0.0	0.0	0.0	-0.1444507729092498	281461396.728923	0.15194102640674292
3000	1891.25	nan	nan	1	1	6.000000000000838e-05	6.000000000000867e-05	5.999999999999513e-05	1.03156716397742	-7.881878743426496e-19	-6.550749526157418e-18	-6.94323071259717e-19	1.125414999999916	2.045726869154274e-18	-1.0256552551712871e-19	4.84529950883772e-19	0.8624946081560265	30.41839786680626	176319.21587574313	-2114662.86755049	192360.07575719172	253531391.54262578	1139849.716662101	-1768072.3103235275	873557.1798738687	43.58396105698764	1599.565890624997	31.337709330400475	198173.57656271153	-1821507.3603111447	198173.62397735522	284956023.55860686	981832.4615278267	-1821507.3778256665	981832.5802313001	37.54192078323003	0.031079164329841823	0.0	0.0	0.0	0.11815185652241988	0.0	0.0	0.0	-0.14792638150946472	284978734.6550272	0.15664699729082568
3100	1954.5	nan	nan	1	1	6.000000000000838e-05	6.000000000000867e-05	5.999999999999513e-05	1.0293644347940836	-8.805754519655706e-19	-5.395803161917234e-18	-1.6057034174510322e-19	1.131739999999903	-1.1437140297332338e-17	3.6971294081755704e-20	-2.3863289816405953e-19	0.8595222864395167	32.11787409068421	183932.60953469164	-2116428.6413016045	202225.66188304636	255014536.73493302	1166130.1040273448	-1767224.05868186	885640.6184932477	46.003890880285354	1599.565890624997	33.017408542317256	207889.44100577963	-1816719.1970130766	207889.45361945452	288229638.1500199	1000993.3266157445	-1816719.2064625265	1000993.4267574672	39.48923675882087	0.028941558187644194	0.0	0.0	0.0	0.12375627142116177	0.0	0.0	0.0	-0.15137852495552942	288252216.70056576	0.16138588566094794
3200	2017.75	nan	nan	1	1	6.000000000000838e-05	6.000000000000867e-05	5.999999999999513e-05	1.027173782585119	-1.348259611594349e-18	6.976624139509724e-18	-3.642919299551295e-20	1.138064999999922	4.942606653818293e-18	2.4795703684743486e-19	-5.263801547417124e-20	0.8565800226574094	33.98994338102559	191175.1592491335	-2114726.5765564777	211813.94588001995	256290202.83770803	1189171.2756592266	-1763511.2633705824	895045.9079247621	48.82484252986684	1599.565890624997	34.86706829494591	217279.92022801316	-1809019.4237662351	217279.8946451483	291286352.5079078	1017263.3945686644	-1809019.4199381913	1017263.4574394027	41.76667067885454	0.026811130443568823	0.0	0.0	0.0	0.12932945182335318	0.0	0.0	0.0	-0.15480753574290115	291308737.5880003	0.1661519878699466
3300	2081.0	nan	nan	1	1	6.000000000000838e-05	6.000000000000867e-05	5.999999999999513e-05	1.024995161489303	-1.553106059558329e-18	-1.7623706313751873e-18	3.7838655819744107e-19	1.1443899999998826	9.148335301106814e-18	-2.896988204881268e-19	-3.947851160562843e-19	0.8536673663178012	36.21293382606413	198765.2103262996	-2109856.6030454007	221918.02320106202	257382394.84427744	1208136.2020579716	-1757194.3507329721	901219.4205677095	52.61668682492594	1599.565890624997	37.06815558300545	227158.96309127822	-1798693.1051494386	227158.9440999257	294149654.43296194	1029959.2178854542	-1798693.0828471212	1029959.2607670537	44.85673181352477	0.02468789208098886	0.0	0.0	0.0	0.13487174395211202	0.0	0.0	0.0	-0.15821366186753394	294171783.5671347	0.170940220060444
3400	2144.25	nan	nan	1	1	6.000000000000838e-05	6.000000000000867e-05	5.999999999999513e-05	1.0228283289090268	-4.6168039009864e-19	4.262432420909512e-18	3.471615356298585e-19	1.1507149999998714	4.09110137260249e-18	1.1633489310769462e-19	-3.4789337209628626e-19	0.850784027988674	39.87635093631331	205185.56718224083	-2103411.1714667715	230840.4012246033	258312075.84251994	1222066.845979537	-1749607.964662769	903538.2043789637	58.49047365392413	1599.565890624997	40.731303324260345	235789.6473472103	-1787119.747833817	235789.63924738302	296840143.80181634	1038303.7911223338	-1787119.70965078	1038303.8022651275	49.69521981486329	0.022571661459449957	0.0	0.0	0.0	0.14038348830578426	0.0	0.0	0.0	-0.16159696876518587	296861965.4577324	0.1757459703071967
3500	2207.5	nan	nan	1	1	6.000000000000838e-05	6.000000000000867e-05	5.999999999999513e-05	1.0206732560735872	1.4143053115906087e-18	-1.77863366396247e-18	4.551480720094148e-19	1.1570399999998804	5.3955050063198006e-18	-3.1225022567582525e-20	2.8046954949484393e-19	0.8479295412358808	42.316476199109225	209640.94037802384	-2095213.7871990814	237649.96522619657	259097641.88633847	1231632.235496258	-1740609.554766363	902593.9712628386	62.237170793789616	1599.565890624997	43.13217479154504	242230.93061523623	-1774161.8429500787	242230.9407595651	299375984.4864735	1042907.8550909434	-1774161.7994550678	1042907.8272233236	52.70049973426294	0.020462464529808877	0.0	0.0	0.0	0.14586501978323668	0.0	0.0	0.0	-0.1649577348074814	299397450.4659714	0.180565307334574
3600	2270.75	nan	nan	1	1	6.000000000000838e-05	6.000000000000867e-05	5.999999999999513e-05	1.0185300042317171	-3.5601133586277143e-19	-1.1747872639966683e-18	2.841693894084507e-19	1.1633649999998827	-5.338503077101375e-18	5.019856058607886e-20	1.445377021194738e-19	0.8451033665298706	44.77060413222386	212283.0547976222	-2084396.183737407	242469.70246820315	259754693.69406512	1239415.1880566147	-1729482.863918186	900348.4818565652	66.15187696318434	1599.565890624997	45.53728451723075	246621.9172795934	-1759099.6750365582	246621.90832835258	301772558.5411229	1045988.7000159826	-1759099.6317431517	1045988.6637062117	55.82803604079909	0.018360415486662528	0.0	0.0	0.0	0.15131666780602354	0.0	0.0	0.0	-0.1682963318520465	301793629.05473834	0.18539481948192246
3700	2334.0	nan	nan	1	1	6.000000000000838e-05	6.000000000000867e-05	5.999999999999513e-05	1.0163986573503463	4.1082453194549175e-19	3.696370466654831e-18	-4.021305857748736e-19	1.1696899999998773	-1.6085982372515683e-17	2.4958334010616313e-19	-4.212125440106185e-20	0.8423049479210433	46.68350696119413	213842.41798319548	-2072195.867831963	246093.7019765677	260296803.90484226	1246914.1476278976	-1717260.0382273616	897914.7502340353	69.32479624475212	1599.565890624997	47.3830862684537	249781.5877754802	-1742994.206772285	249781.55819728156	304043274.4140763	1048821.7689246293	-1742994.1714607382	1048821.7170183044	58.31143673049227	0.01626565147750782	0.0	0.0	0.0	0.15673875643722524	0.0	0.0	0.0	-0.17161315938026542	304063943.8022953	0.19023150890274676
3800	2397.25	nan	nan	1	1	6.000000000000838e-05	6.000000000000867e-05	5.999999999999513e-05	1.0142792587875484	7.824144977741643e-19	-1.5441207340538555e-18	4.752058122003966e-19	1.1760149999998704	1.4360501720059315e-17	2.274656157874588e-19	-2.6741846584354966e-19	0.8395337679874679	48.01434219142323	215210.2837166897	-2061040.147211971	249527.43639709047	260736214.76675075	1254325.9298293681	-1705953.0316976325	895438.3291734755	71.71171660917491	1599.565890624997	48.6317561760182	252736.11555568856	-1727889.8191920214	252736.0970126344	306200321.68905115	1051574.3747313952	-1727889.7949803073	1051574.307354671	60.120102567333305	0.01417827039604596	0.0	0.0	0.0	0.16213160449702013	0.0	0.0	0.0	-0.17490857934560694	306220622.3698628	0.19507269946326777
3900	2460.5	nan	nan	1	1	6.000000000000838e-05	6.000000000000867e-05	5.999999999999513e-05	1.0121716687272495	7.082821742304679e-19	6.0477339282327684e-18	-1.7412286890117202e-19	1.1823399999998563	-4.271322878723893e-18	1.8214596497756476e-20	9.067047243224714e-19	0.8367894674692377	49.11052334255507	215859.68270720905	-2051032.5384352184	252150.4433336578	261083776.2204385	1261320.1148287675	-1695643.573969429	892686.8091111166	73.59534639702015	1599.565890624997	49.63819427593573	254859.69098990608	-1713862.5567200559	254859.68874041605	308254555.4385572	1053971.244401662	-1713862.5170081155	1053971.1791822545	61.49698075239998	0.012098189608894526	0.0	0.0	0.0	0.16749552567516066	0.0	0.0	0.0	-0.1781827724270331	308274514.1775719	0.1999159058474556
4000	2523.75	nan	nan	1	1	6.000000000000838e-05	6.000000000000867e-05	5.999999999999513e-05	1.0100758434247668	-4.395220081984674e-19	-1.5535532929544794e-18	-1.5547459153442133e-19	1.188664999999871	1.0774394614346262e-18	8.239936510889833e-21	3.2311935245499244e-19	0.8340716139213243	50.209384426792674	216103.79915373982	-2040855.7825622177	254312.6000060294	261349049.5497064	1269430.4850231037	-1685239.5970726793	890743.7335825837	75.42651894925692	1599.565890624997	50.64330972695382	256510.4579870239	-1699804.036842015	256510.44952263695	310215575.3716116	1057293.259704796	-1699803.9679835446	1057293.2264267695	62.82183312038101	0.01002542053363652	0.0	0.0	0.0	0.17283082864050803	0.0	0.0	0.0	-0.18143601229865666	310235212.38775074	0.20475897796626655
4100	2587.0	nan	nan	1	1	6.000000000000838e-05	6.000000000000867e-05	5.999999999999513e-05	1.0079918318802428	-1.0294635153021425e-18	7.175466817943566e-18	-1.8930169931596907e-19	1.1949899999998577	-4.152331690293609e-18	-4.677248172102466e-19	2.9196209252319027e-19	0.8313797054614269	50.97498023895945	215899.9476885416	-2031265.2500107547	255952.72711902743	261540651.37384474	1281076.362255822	-1675363.4028435836	891271.796429093	76.80308601684568	1599.565890624997	51.3089794150782	257629.80532596062	-1686340.8285168386	257629.78514996968	312092095.52691627	1063539.7686778635	-1686340.748860215	1063539.7639734254	63.76133284691103	0.007960066322935066	0.0	0.0	0.0	0.1781378171475043	0.0	0.0	0.0	-0.18466866253919892	312111460.67303425	0.2096000613663019
4200	2650.25	nan	nan	1	1	6.000000000000838e-05	6.000000000000867e-05	5.999999999999513e-05	1.0059196213728225	1.8558830687520623e-19	-6.717174559633943e-19	3.119249650240796e-19	1.201314999999855	1.8055489828944227e-17	-1.459336124165489e-19	-5.509441102120872e-19	0.8287132965615926	51.51535274603439	214183.43357087008	-2024647.8216051976	255787.57667590436	261666248.52134138	1294573.236423623	-1667978.6681269733	893046.4276226951	77.93220865267652	1599.565890624997	51.74584353978131	256932.05461251957	-1675441.6644414433	256932.02543604246	313891909.0728502	1071288.5050079036	-1675441.5642671299	1071288.519789032	64.49065757772996	0.005902169253647068	0.0	0.0	0.0	0.1834167901401042	0.0	0.0	0.0	-0.18788102617127939	313911064.52140874	0.21443747384735604
4300	2713.5	nan	nan	1	1	6.000000000000838e-05	6.000000000000867e-05	5.999999999999513e-05	1.0038592242664512	4.176888869500406e-19	-5.2942134183553425e-18	-6.852157730108388e-20	1.2076399999998462	-1.1462483523114187e-17	-2.996734804749934e-19	2.4722520038100716e-19	0.826071925831805	52.301962013795446	210609.19453324302	-2020019.2597534677	253362.29009041484	261732378.34133047	1307091.0703700513	-1662266.0181592645	894100.2736508267	78.94935037793869	1599.565890624997	52.427920064950904	253972.4744676537	-1666269.3535580682	253972.45879278463	315621641.8897115	1078190.6075157113	-1666269.2291301296	1078190.6242249287	65.12357859109414	0.0038517965644604734	0.0	0.0	0.0	0.1886680418526909	0.0	0.0	0.0	-0.1910734319739511	315640609.0452741	0.21926973555530566
4400	2776.75	nan	nan	1	1	6.000000000000838e-05	6.000000000000867e-05	5.999999999999513e-05	1.0018107928774367	4.646077359643507e-19	-5.31156065311511e-18	5.145081409529961e-19	1.213964999999838	1.0365108294232982e-18	-5.204170427930421e-20	-1.2634411203880924e-18	0.8234550228172135	52.88335024534658	205804.36505189954	-2014734.061271915	249387.7144033872	261744738.02798733	1317888.461196175	-1656044.001841774	893948.2569149939	79.6954566836305	1599.565890624997	52.90209997828509	249476.12667106107	-1656631.2780824937	249476.13453975963	317287067.27520967	1083644.3815633345	-1656631.150398116	1083644.4043509893	65.53022992018104	0.0018091553685091893	0.0	0.0	0.0	0.19389186190855687	0.0	0.0	0.0	-0.19424634795714743	317305827.7664165	0.2240956127756286
4500	2840.0	nan	nan	1	1	6.000000000000838e-05	6.000000000000867e-05	5.999999999999513e-05	0.9997744006549897	-3.469446951953614e-20	-1.0126448291014612e-19	4.566117449422702e-19	1.2202899999998222	2.9438298044907885e-17	-9.73613550891983e-20	4.296151108473811e-19	0.8208620890594965	53.505818408467896	200418.5430378744	-2006769.0128096836	244623.9457953035	261708284.54508334	1329825.7412305519	-1647652.2178428401	894544.4007882625	80.69322403307847	1599.565890624997	53.41555687213497	244211.263017652	-1644872.8095309623	244211.27790556502	318893200.9093589	1090007.9626513242	-1644872.7141374706	1090008.0133832076	66.1411897822592	-0.00022562479637049885	0.0	0.0	0.0	0.19908853541571492	0.0	0.0	0.0	-0.19740016286087417	318911736.2990431	0.2289139677225016
