6	header
postResults v2.0.3	--cr f,p,texture --time RVE_1_40_D_tensionX.spectralOut
addCauchy v2.0.3	RVE_1_40_D_tensionX.txt
addStrainTensors v2.0.3	--left --logarithmic RVE_1_40_D_tensionX.txt
addMises v2.0.3	-s Cauchy RVE_1_40_D_tensionX.txt
addMises v2.0.3	-e ln(V) RVE_1_40_D_tensionX.txt
inc	time	elem	node	ip	grain	1_pos	2_pos	3_pos	1_f	2_f	3_f	4_f	5_f	6_f	7_f	8_f	9_f	1_p	2_p	3_p	4_p	5_p	6_p	7_p	8_p	9_p	texture	1_Cauchy	2_Cauchy	3_Cauchy	4_Cauchy	5_Cauchy	6_Cauchy	7_Cauchy	8_Cauchy	9_Cauchy	1_ln(V)	2_ln(V)	3_ln(V)	4_ln(V)	5_ln(V)	6_ln(V)	7_ln(V)	8_ln(V)	9_ln(V)	Mises(Cauchy)	Mises(ln(V))
0	0.0	nan	nan	1	1	6.000000000000838e-05	6.000000000000867e-05	5.999999999999513e-05	1.0	0.0	0.0	0.0	1.0	0.0	0.0	0.0	1.0	2.7716487604837305e-06	-1.193192284640359e-09	-2.8066754232013673e-08	-1.19319228464005e-09	2.7018729684353462e-06	-1.6832583398956398e-08	-2.8066754232013544e-08	-1.6832583398956544e-08	2.6991213888906947e-06	1599.565890624997	2.7716487604837305e-06	-1.193192284640359e-09	-2.8066754232013673e-08	-1.19319228464005e-09	2.7018729684353462e-06	-1.6832583398956398e-08	-2.8066754232013544e-08	-1.6832583398956544e-08	2.6991213888906947e-06	0.0	0.0	0.0	0.0	0.0	0.0	0.0	0.0	0.0	9.102600058541354e-08	0.0
2	4.0	nan	nan	1	1	6.000000000000838e-05	6.000000000000867e-05	5.999999999999513e-05	0.9998663539893813	1.8070587661833443e-23	-9.917564672265781e-23	3.0572595439959904e-24	1.0003999999999935	-5.049838377962728e-22	-2.6469779601696886e-25	4.039288367218945e-23	0.9998677425139979	-1.3458306160828215e-05	-988.3614003716767	5482.594259841679	-988.8889059889502	28326310.37550519	1455.4063112356744	5482.601873576179	1454.6319700676975	-2.723489495110698e-06	1599.565890624997	-1.345470447622146e-05	-988.6242615450544	5481.134630779182	-988.6242615449552	28333843.942862198	1455.018838946291	5481.1346307790445	1455.0188389461673	-2.7227644214994877e-06	-0.00013365494204256752	0.0	0.0	0.0	0.00039992002132045463	0.0	0.0	0.0	-0.00013226623279484798	28333845.697165977	0.000355254643916946
4	8.0	nan	nan	1	1	6.000000000000838e-05	6.000000000000867e-05	5.999999999999513e-05	0.999732636610824	2.2175057861321566e-23	6.202531105167623e-22	1.588186776101813e-24	1.0008000000000166	4.340911505780281e-22	-7.080666043453917e-24	2.6019793348468038e-23	0.9997354145986068	-1.0668285321116855e-05	-1976.8673654119827	10965.95718299764	-1978.9779655601887	56686614.83619495	2912.5953600981456	10965.98765443938	2909.49713217995	-1.4529269461490912e-05	1599.565890624997	-1.0662578677757182e-05	-1977.9193773136822	10960.12176515449	-1977.9193773135491	56716781.24721377	2911.0454533594484	10960.121765154201	2911.045453359492	-1.4521537864800479e-05	-0.0002673991371388652	0.0	0.0	0.0	0.0007996801705813279	0.0	0.0	0.0	-0.0002646204102856375	56716784.75176099	0.0007104617742037437
6	12.0	nan	nan	1	1	6.000000000000838e-05	6.000000000000867e-05	5.999999999999513e-05	0.9995988478357943	-1.0362918714064331e-22	1.4987189210480776e-21	-1.3023131564034868e-23	1.0012000000000039	1.3955661899402649e-21	-6.776263578034403e-24	2.556980709523919e-23	0.9996030162259613	8.1460768406032e-06	-2965.5174738589853	16450.086648787455	-2970.267624113243	85080926.96751814	4371.567667865792	16450.15524668488	4364.594712779039	4.59912440055632e-06	1599.565890624997	8.139544531817684e-06	-2967.885777520147	16436.963928194706	-2967.8857775200795	85148873.78375119	4368.0803390582005	16436.963928194506	4368.080339058054	4.5954555430136005e-06	-0.00040123264725977546	0.0	0.0	0.0	0.001199280575486179	0.0	0.0	0.0	-0.00039706259295774264	85148879.03447038	0.001065621516818039
8	16.0	nan	nan	1	1	6.000000000000838e-05	6.000000000000867e-05	5.999999999999513e-05	0.9994649875893206	2.159669317702449e-22	3.296811049391347e-22	-1.2546675531204323e-23	1.0016000000000058	1.4287857633403945e-21	-5.6115932755597396e-24	5.336307567702092e-23	0.9994705472145251	-3.999271299107932e-06	-3954.4248620585704	21935.44185893299	-3962.8721276079914	113509217.43784113	5832.727414635784	21935.56387704948	5820.326738078136	-8.414496958721429e-06	1599.565890624997	-3.9949978495420486e-06	-3958.6375726400693	21912.124475524444	-3958.637572639968	113630140.58041644	5826.527223077336	21912.124475524295	5826.527223077242	-8.405552345111982e-06	-0.0005351555808867293	0.0	0.0	0.0	0.0015987213637032808	0.0	0.0	0.0	-0.0005295929950926827	113630147.57364307	0.0014207340643226643
10	20.0	nan	nan	1	1	6.000000000000838e-05	6.000000000000867e-05	5.999999999999513e-05	0.9993308583187253	-3.404940099064279e-22	-2.323729011673766e-21	-2.4352197233561136e-23	1.0020000000000073	9.55082587588427e-22	-1.0482032722271967e-23	-3.0212606437376824e-22	0.9993370614193805	-1.7932460161155324	-5492.653737689595	25636.17322520206	-5507.324226963593	141725058.61853176	9380.213507980947	25636.332352178208	9355.284433099097	-2.401473382544136	1599.565890624997	-1.7908539088984814	-5499.977709648263	25602.134674204466	-5499.977711253218	141914036.55246565	9367.758884857014	25602.134670941363	9367.758884270712	-2.398284814832293	-0.0006693656564892271	0.0	0.0	0.0	0.001998002662679706	0.0	0.0	0.0	-0.0006631584215668464	141914046.82248348	0.0017761800832235305
12	24.0	nan	nan	1	1	6.000000000000838e-05	6.000000000000867e-05	5.999999999999513e-05	0.9991924513885542	-3.587184531621962e-22	1.9903686073699957e-21	-6.522153693858113e-23	1.0023999999999729	1.504542272560451e-21	-7.168016316139517e-23	1.257843926672636e-22	0.9991771216701457	1712.2809157009144	-8914.839429581023	-50208.95757724708	-8943.459937830847	163353268.23272052	68480.09132420683	-50208.18668855288	68259.91252601276	3526.423245353307	1599.565890624997	1709.5880635979672	-8929.392217513496	-50129.22637738579	-8929.394830475869	163619929.8467008	68371.34579131086	-50129.225800844746	68371.3415695897	3520.823329120468	-0.000807874854475649	0.0	0.0	0.0	0.0023971245996944265	0.0	0.0	0.0	-0.0008232170800736012	163617381.27331066	0.002141798694740679
14	28.0	nan	nan	1	1	6.000000000000838e-05	6.000000000000867e-05	5.999999999999513e-05	0.9990509901043201	1.060485249962384e-21	1.408202862722115e-20	-2.456395547037471e-23	1.0028000000000186	9.784077573734423e-21	-3.3034284942917714e-22	-3.2191487160399684e-21	0.9989699086785685	-4287.548361905913	2511.106798661693	-256744.27150917743	2520.568567068256	174117985.3162605	223792.1136490374	-256723.45391618225	222937.372293691	-815.67412579938	1599.565890624997	-4279.985522957244	2516.0839237773407	-256270.5981373264	2516.1225171295123	174463094.8903596	223379.23446601725	-256270.6174762334	223379.24405934062	-814.169269970551	-0.0009494604906729305	0.0	0.0	0.0	0.002796087302020009	0.0	0.0	0.0	-0.0010306222301174593	174466635.704221	0.002524520695482978
16	32.0	nan	nan	1	1	6.000000000000838e-05	6.000000000000867e-05	5.999999999999513e-05	0.9989120194972273	5.04831636563563e-22	-2.2378610466458616e-20	3.6930636500287495e-22	1.0032000000000203	-4.169604386154019e-20	3.8984691397379172e-22	3.542291785417484e-21	0.9987392221303478	-1564.8560105672364	19431.980148346604	-460885.21917167015	19515.411464824316	180293748.41168967	420966.1797249644	-460805.5120996842	419094.3183620271	969.0394049500965	1599.565890624997	-1561.833569545863	19477.70184603555	-459915.4699450659	19477.71842485006	180717963.3500107	420080.4242044282	-459915.4893287456	420080.40951594047	967.0004477989248	-0.0010885727831919114	0.0	0.0	0.0	0.0031948908965389873	0.0	0.0	0.0	-0.001261573318730721	180721484.29793707	0.0029150210055599157
18	36.0	nan	nan	1	1	6.000000000000838e-05	6.000000000000867e-05	5.999999999999513e-05	0.9987751620093487	-3.3779673936501497e-21	1.0435234151936167e-20	1.4365678785432933e-21	1.003600000000007	5.807935512733286e-20	-3.3521328887588935e-22	1.4001454618113585e-21	0.9984984221077104	-990.2134241381556	47136.6212134198	-627611.6376070981	47364.32741455763	184696751.461646	610253.2015069904	-627437.7616409211	607151.1072201338	1540.5398332602877	1599.565890624997	-988.1452199602157	47265.39941907617	-626127.2448181547	47265.40015558883	185201346.73452523	608809.8639436521	-626127.2669855367	608809.8563654338	1536.8962325324705	-0.0012255887177783369	0.0	0.0	0.0	0.003593535510137519	0.0	0.0	0.0	-0.0015027063901988944	185207267.5791253	0.0033089922613387186
20	40.0	nan	nan	1	1	6.000000000000838e-05	6.000000000000867e-05	5.999999999999513e-05	0.9986392184112144	-8.629571666626812e-21	-8.932428296917587e-20	1.7804632551285392e-21	1.0040000000000187	-2.203302102397886e-20	-9.431711867676634e-22	3.510104533421821e-21	0.998252684534294	-84.94395181595665	83275.19976001847	-766731.6495541898	83722.24174070827	188179881.07768586	771701.7522909703	-766434.9008486767	767284.215062835	1803.0583117160968	1599.565890624997	-84.75362100993156	83534.634891141	-764717.5553569783	83534.64837576504	188766135.71607405	769674.6023459134	-764717.5781985568	769674.6083794134	1798.3219358472086	-0.0013617082928417457	0.0	0.0	0.0	0.003992021269556034	0.0	0.0	0.0	-0.0017488438019577022	188774688.56517303	0.0037049464203364312
24	66.0	nan	nan	1	1	6.000000000000838e-05	6.000000000000867e-05	5.999999999999513e-05	0.9977408684658198	3.0831999280056533e-21	-8.258571235729428e-22	5.509102288941969e-21	1.0065999999999982	-3.4706497387387155e-19	-7.624990591183212e-21	2.0606617540802618e-20	0.9966275453464697	10721.324018151676	267637.3304737367	-1197521.767718732	270013.9274881876	200211225.7323896	1189465.4973493486	-1196185.4985521638	1177681.3280435987	13862.076390691676	1599.565890624997	10687.068893601223	269151.02706731093	-1192363.6524019933	269151.2205407243	201343575.4305801	1184342.0830064947	-1192363.6307335086	1184342.0289683172	13802.367924023183	-0.002261687221639517	0.0	0.0	0.0	0.006578315360120301	0.0	0.0	0.0	-0.003378154196633383	201352912.20161873	0.0062985612146537985
28	92.0	nan	nan	1	1	6.000000000000838e-05	6.000000000000867e-05	5.999999999999513e-05	0.9968088456955129	4.0826988057657275e-22	2.9443881686096187e-19	-7.420008617947671e-21	1.0092000000000079	-8.030549966328571e-20	8.795590124288655e-21	8.307699146670178e-21	0.9950170493995513	3631.09578416913	337468.75714845274	-1344550.339549625	341663.3565790427	205887872.99039537	1243625.6267386493	-1342132.8155987181	1226147.994951239	353.9091894510852	1599.565890624997	3616.0126495904888	340244.5413705585	-1336558.405835719	340244.1281438305	207581364.00923434	1236233.584000302	-1336557.757521665	1236233.4389701504	351.80557257662684	-0.003196256895713664	0.0	0.0	0.0	0.009157937784773645	0.0	0.0	0.0	-0.004995406895422327	207604167.4238901	0.008896693924789818
32	118.0	nan	nan	1	1	6.000000000000838e-05	6.000000000000867e-05	5.999999999999513e-05	0.9958597995847798	-1.7630143764151007e-20	-6.656493119292645e-19	-3.568041587014015e-20	1.0117999999999903	-4.021509145656077e-19	4.499439015814843e-20	-1.0875903042745216e-20	0.993427159005307	6872.326232076202	358740.794039468	-1413787.4113691375	364482.4332146333	210059686.5901525	1241514.7505803665	-1410333.494617496	1218970.205629297	4334.096360183599	1599.565890624997	6837.117813727269	362615.6426191172	-1403108.429971089	362615.1106289328	212328593.53285125	1232137.023193467	-1403108.050129974	1232136.6061290342	4301.358952822667	-0.004148794774742361	0.0	0.0	0.0	0.011730922875688823	0.0	0.0	0.0	-0.0065945372369547155	212348585.44783363	0.011488831070884777
36	144.0	nan	nan	1	1	6.000000000000838e-05	6.000000000000867e-05	5.999999999999513e-05	0.99490387090064	1.015761910347357e-20	7.502882321507032e-19	2.219226321806267e-21	1.0144000000000157	-1.2021633688519272e-18	3.57109090562413e-20	6.39747044402228e-20	0.9918516419073046	7591.206303691425	364749.0139825387	-1452510.388073555	371896.3985608838	213652982.00876704	1233237.9323299872	-1448054.301985556	1205824.5806179733	5145.631460585001	1599.565890624997	7544.923437965662	369629.21449525864	-1439225.635074714	369628.98144825466	216511576.1443861	1221958.65924917	-1439225.6520791743	1221958.04640128	5098.569185823854	-0.005109158650960412	0.0	0.0	0.0	0.014297304700840154	0.0	0.0	0.0	-0.00818173741058502	216530895.53567415	0.01407408093945195
40	170.0	nan	nan	1	1	6.000000000000838e-05	6.000000000000867e-05	5.999999999999513e-05	0.993945381797223	3.276662253158535e-20	4.585768613799002e-19	4.457087368452128e-20	1.0170000000000285	6.145122388376279e-19	1.7740258047294066e-20	-7.106267614284678e-20	0.9902872100072662	6323.060818225219	367728.4582302918	-1480610.84388556	376257.93724724394	216917410.1032867	1228860.568980611	-1475161.7141896095	1196582.3485269581	4194.742071290814	1599.565890624997	6278.345857792969	373597.14672819694	-1464729.581815461	373597.1438024242	220379259.95791855	1215679.6194933192	-1464729.773144375	1215678.9642726958	4149.748615768218	-0.006073021725371313	0.0	0.0	0.0	0.016857117066451183	0.0	0.0	0.0	-0.009760266809143828	220399656.91086888	0.01665247506262346
44	247.5	nan	nan	1	1	6.000000000000838e-05	6.000000000000867e-05	5.999999999999513e-05	0.9910882034014306	-8.671415094221174e-20	6.549529798713371e-19	-1.0340578220080499e-20	1.024749999999973	1.4430324339967382e-18	4.60514872763218e-20	-3.4247236123385873e-20	0.9856785944380104	6650.72900489436	377047.7949987592	-1550090.5080695034	389854.4024890337	225326982.57583666	1248693.1387522474	-1541628.447410945	1201082.1194791046	5834.602296737183	1599.565890624997	6584.396871299726	385965.75480898167	-1526254.0275587372	385966.1258370565	230656431.52481303	1229491.3892344956	-1526252.7639254662	1229490.1945623357	5744.8808364674505	-0.008951744171406163	0.0	0.0	0.0	0.02444868040228307	0.0	0.0	0.0	-0.014424946648793952	230676214.23831317	0.024297705365676058
48	325.0	nan	nan	1	1	6.000000000000838e-05	6.000000000000867e-05	5.999999999999513e-05	0.988241244705981	5.285485590866834e-21	-4.0465542158404925e-18	-2.0498197323554068e-19	1.0325000000000244	-2.297424403496784e-19	7.903833837419327e-20	-1.5875430310619e-19	0.9811379174691404	-10868.810105000852	384901.3764580504	-1605735.9317411736	402132.2149257274	232336612.37895578	1291714.4651167842	-1594196.331311418	1227462.108533133	-9261.679639381347	1599.565890624997	-10729.065107172673	396968.849673106	-1573696.9024890244	396961.8269109826	239620857.17059624	1265941.0632047867	-1573699.0587761025	1265945.644896463	-9076.882613279797	-0.01182843623646036	0.0	0.0	0.0	0.03198304585307418	0.0	0.0	0.0	-0.01904224064487483	239657278.97901714	0.03188543658900737
52	402.5	nan	nan	1	1	6.000000000000838e-05	6.000000000000867e-05	5.999999999999513e-05	0.9854096381970421	-1.1743942407091423e-19	-8.40459971583607e-19	1.0897587086194927e-19	1.0402500000000119	9.314922964909211e-19	-2.927345865710862e-20	1.0027514842775309e-19	0.976661791569498	-9440.748936495573	395458.07323270367	-1646829.139641892	417460.672621059	238264413.34515494	1344160.1428146658	-1632210.051636758	1261999.9300580365	-7972.822709552952	1599.565890624997	-9292.327891968243	410903.1233912453	-1606549.1354396185	410897.63938118785	247570092.162201	1311283.1582521526	-1606549.5534727369	1311288.7258600448	-7777.814420888222	-0.014697847920471229	0.0	0.0	0.0	0.039461068880925036	0.0	0.0	0.0	-0.02361485721865861	247605703.88563013	0.03941594087350012
56	480.0	nan	nan	1	1	6.000000000000838e-05	6.000000000000867e-05	5.999999999999513e-05	0.9825949059491164	-5.724587470723464e-20	3.1379250326618592e-18	5.774731821200918e-20	1.0479999999999747	-4.896799112030781e-18	-1.5932350924674488e-19	-3.272664257647495e-19	0.97224765695312	-8787.58295635517	406661.94698888715	-1677494.096026007	433724.8578307516	243288208.03725863	1398770.8914816068	-1659828.7320858662	1297671.713757564	-7412.020340600786	1599.565890624997	-8624.446848321324	425678.8984812456	-1629015.4728842613	425673.02086767927	254665225.4473331	1358347.2100687039	-1629015.025893832	1358355.43451447	-7197.817177881953	-0.017558343517982144	0.0	0.0	0.0	0.046883585898826304	0.0	0.0	0.0	-0.028144715871406142	254700699.88861287	0.04689013071494618
60	557.5	nan	nan	1	1	6.000000000000838e-05	6.000000000000867e-05	5.999999999999513e-05	0.9797978154569419	1.4509335573287262e-19	1.2739375526704677e-18	-8.477105736121038e-20	1.0557499999999957	1.4338031630034554e-18	-9.10187723801581e-20	-1.6756344575763472e-19	0.9678938164067408	-8301.603947683721	414994.31339437625	-1702647.0460484782	447157.22620705864	247556101.5899075	1450932.0238169234	-1681959.857617756	1330198.660388539	-6982.6189277990015	1599.565890624997	-8124.061546102994	437600.65519388666	-1645989.545045532	437594.09017632453	261041437.81372577	1402650.6241073366	-1645988.5929843523	1402659.7149317546	-6750.264406747139	-0.02040903936073409	0.0	0.0	0.0	0.05425141483191209	0.0	0.0	0.0	-0.0326328915170534	261076846.47823292	0.054308764734684004
64	635.0	nan	nan	1	1	6.000000000000838e-05	6.000000000000867e-05	5.999999999999513e-05	0.9770187596508563	4.214700420265838e-19	-4.135255506076962e-18	-8.725116983077097e-20	1.0635	6.394082312233262e-19	1.2696007439805257e-19	-2.293900746436206e-19	0.9635988589778092	-7831.052793112801	420077.0659317615	-1724248.0650583175	457250.7491044177	251186617.87045437	1498719.5752382176	-1700563.1738990508	1357943.645482022	-6549.562382177831	1599.565890624997	-7641.636593209377	446200.2324569826	-1659431.5788029304	446190.84418658586	266807060.83127734	1442380.9667063751	-1659430.2352501194	1442389.5504354602	-6303.356729565502	-0.023249425843393286	0.0	0.0	0.0	0.06156535565815515	0.0	0.0	0.0	-0.037080192366437524	266842328.37379628	0.061672578831623345
68	712.5	nan	nan	1	1	6.000000000000838e-05	6.000000000000867e-05	5.999999999999513e-05	0.9742579186047956	4.517463876932415e-19	2.4976223346462323e-18	1.3438685927957828e-19	1.0712500000000087	3.941942258722797e-18	9.812029660993815e-20	-1.444563869565374e-19	0.9593615319047176	-7311.036299394451	421012.9461792628	-1741985.2762379057	462915.87742456864	254276472.2699026	1542347.3424070457	-1715350.561148433	1381260.6449193743	-6040.914080676101	1599.565890624997	-7113.868040732341	450442.3400460119	-1669089.7903862507	450431.69409936666	272050753.3731069	1477805.9479358012	-1669089.9943441441	1477812.6961588245	-5788.124707019623	-0.026079206898176055	0.0	0.0	0.0	0.06882619092986082	0.0	0.0	0.0	-0.04148728671062024	272085722.6602639	0.06898229532848991
72	790.0	nan	nan	1	1	6.000000000000838e-05	6.000000000000867e-05	5.999999999999513e-05	0.9715155546793328	1.5693826446727676e-20	-2.1429798040262237e-18	2.46601784131828e-19	1.0790000000000144	-2.178487425175124e-18	9.204876444401932e-20	3.6885913160672466e-19	0.9551804315241194	-9868.538461432696	418241.9478273772	-1754518.5944057535	464504.3872445864	256903128.9657132	1579433.1492677762	-1725020.14860178	1398190.0066384801	-8386.057904397518	1599.565890624997	-9575.15861185608	450705.03887341736	-1673735.2863097116	450695.22717594245	276843428.37601703	1506711.3011658385	-1673737.3620279368	1506714.6769183306	-7999.9385998987	-0.02889799930019429	0.0	0.0	0.0	0.07603468627601116	0.0	0.0	0.0	-0.045855022813989996	276880793.100582	0.07623867541511012
76	867.5	nan	nan	1	1	6.000000000000838e-05	6.000000000000867e-05	5.999999999999513e-05	0.9687918009515407	-6.245546614602749e-19	2.8063489032614797e-18	3.1929753979698104e-20	1.0867499999999952	9.679269104972964e-18	-7.448468924975416e-20	2.199304106886846e-19	0.9510543789426098	-9076.634210853552	414718.95972107764	-1761764.4258570254	465205.939953209	259137764.86927688	1609422.6674783994	-1729511.5804917398	1408464.2492392363	-7610.07733819106	1599.565890624997	-8781.927254718865	450109.40366798814	-1673353.6402152511	450101.2851489589	281251536.924217	1528656.8622588809	-1673356.503439396	1528656.9095831302	-7228.180129694051	-0.031705549876155203	0.0	0.0	0.0	0.0831915908867602	0.0	0.0	0.0	-0.050184037269603195	281288016.92768735	0.08344241612293345
80	945.0	nan	nan	1	1	6.000000000000838e-05	6.000000000000867e-05	5.999999999999513e-05	0.9660864062320763	1.202922310372667e-19	-2.836164463004831e-18	3.2607380337501544e-19	1.0945000000000087	2.4317570526677377e-18	-2.323445255636436e-19	-1.6753634070332257e-19	0.946982442952195	-8412.444630523845	414035.133846626	-1766538.505145077	469060.6250462216	261032980.10644236	1635636.8824034897	-1731608.7996642895	1415183.637628551	-6940.445368934581	1599.565890624997	-8116.420247718206	452563.26319346856	-1670672.6810425585	452554.9137903146	285323460.79076594	1546874.776620119	-1670675.4504780725	1546873.8585369193	-6563.8039807092055	-0.03450200132458967	0.0	0.0	0.0	0.09029763798078873	0.0	0.0	0.0	-0.05447472561713327	285359128.6271352	0.09059420750203433
84	1022.5	nan	nan	1	1	6.000000000000838e-05	6.000000000000867e-05	5.999999999999513e-05	0.9633991428311341	4.1527653711626033e-19	3.787321476399208e-18	3.9085488318102435e-19	1.1022499999999922	1.2265579177328512e-18	4.2544093248331193e-19	-3.1447284012942057e-19	0.9429637104245294	-7667.061249741035	417339.08218584553	-1769965.8564564886	477478.31379253924	262635575.13470802	1659286.1775229482	-1732420.5886470843	1419501.6025589232	-6194.5434679384025	1599.565890624997	-7376.55943170306	459396.64757259085	-1666780.9401835515	459386.85557768197	289102813.27655697	1562553.6305780483	-1666779.8803997873	1562552.6227354286	-5833.4159090328585	-0.03728747451950966	0.0	0.0	0.0	0.09735354525590287	0.0	0.0	0.0	-0.058727480202079775	289137593.61390454	0.09769472242978475
88	1100.0	nan	nan	1	1	6.000000000000838e-05	6.000000000000867e-05	5.999999999999513e-05	0.9607300145434039	1.23897203260781e-19	3.122149891052195e-18	-1.463672932855431e-20	1.1099999999999908	-3.879166952935887e-18	1.7347234759768072e-19	-6.108123989240211e-19	0.9389970414915187	-6848.519519908214	423688.4744662196	-1772534.3950384355	489507.52043656167	263985054.884424	1679846.4341967634	-1732434.4913543477	1421054.2012079682	-5356.614924473431	1599.565890624997	-6570.667566239078	469657.28943721624	-1662150.4576672404	469647.6630624736	292626570.7018622	1575234.606011855	-1662147.722567703	1575233.9383872359	-5023.033670422865	-0.04006185168599148	0.0	0.0	0.0	0.10436001532423486	0.0	0.0	0.0	-0.06294295048009513	292660377.5186215	0.1047446659683228
92	1177.5	nan	nan	1	1	6.000000000000838e-05	6.000000000000867e-05	5.999999999999513e-05	0.9580789035737706	-1.8913906899009624e-19	1.9797531669585312e-19	-1.925543058334256e-19	1.1177500000000122	-5.9767728960435915e-18	2.354887118638516e-19	-2.3700659490533126e-19	0.9350814191938123	-6029.365027694479	430051.2144748135	-1774257.0711417955	501716.76486756274	265114231.76956457	1698327.4900103188	-1731665.1326526967	1420781.5852906373	-4517.840264835049	1599.565890624997	-5768.693591822174	480031.2091012149	-1656801.918908013	480025.71964165365	295925464.09082896	1585898.8475511915	-1656798.9345530288	1585902.9792270216	-4218.760934841102	-0.0428251415910376	0.0	0.0	0.0	0.1113177361319641	0.0	0.0	0.0	-0.06712167413296559	295958286.51397914	0.11174472036445403
96	1255.0	nan	nan	1	1	6.000000000000838e-05	6.000000000000867e-05	5.999999999999513e-05	0.9554454676886461	-1.0028870095490916e-20	-1.0675820308076594e-17	-5.101171221544298e-19	1.1255000000000093	1.4530043834781735e-17	4.59918561568351e-19	2.9327668765732897e-20	0.931216054820346	-5150.348058483573	435460.1779066686	-1773672.9195255046	512959.1191299049	266050489.9849418	1715741.7971059002	-1728689.8145223157	1419580.8702710324	-3617.395966997824	1599.565890624997	-4914.0619278575905	489431.6902942129	-1649385.344305298	489425.7338028956	299025140.8128576	1595513.6618512333	-1649381.499300168	1595525.6073839979	-3363.912154734518	-0.04557758894654773	0.0	0.0	0.0	0.11822738136465852	0.0	0.0	0.0	-0.0712639611523569	299056896.3367518	0.1186955273000362
100	1332.5	nan	nan	1	1	6.000000000000838e-05	6.000000000000867e-05	5.999999999999513e-05	0.9528293184293986	6.037921898571774e-19	2.671474153004283e-18	-1.256048216824457e-19	1.1332500000000014	-3.635655144995642e-18	5.529431079676073e-20	-4.594848806993568e-19	0.9274002156402801	-4195.497868567273	439501.28087358765	-1770020.699679968	522714.9469322069	266817043.47263774	1734249.3375552653	-1722775.4496118524	1419248.7730925183	-2608.093582241748	1599.565890624997	-3992.0004771038884	497368.00092271913	-1639220.9869318907	497361.31036464695	301947378.31097686	1606093.0311195347	-1639214.375084862	1606113.4649754986	-2415.362564215234	-0.04831949060274709	0.0	0.0	0.0	0.12508961083882325	0.0	0.0	0.0	-0.07537007450347485	301977972.5228675	0.1255977140624217
104	1410.0	nan	nan	1	1	6.000000000000838e-05	6.000000000000867e-05	5.999999999999513e-05	0.9502304498126579	4.942877704361415e-19	-1.850875409967895e-18	5.135865691063835e-19	1.1410000000000045	4.634801657049659e-18	-7.505931640117147e-19	-3.5534726203212406e-19	0.9236330159721183	17666.59684179608	442229.6826362982	-1764255.3787460977	531020.9566323826	267445003.19116795	1759271.8992971014	-1714867.5701158526	1424099.972940876	12769.338980057415	1599.565890624997	16763.619908713954	503871.1553450275	-1627222.2073645468	503879.35833158076	304723604.13676006	1622625.8045268152	-1627217.0807221194	1622602.2966501885	11777.519406789645	-0.05105074505485205	0.0	0.0	0.0	0.1319050708799421	0.0	0.0	0.0	-0.07944045509423915	304736577.74011683	0.13245186762643676
108	1487.5	nan	nan	1	1	6.000000000000838e-05	6.000000000000867e-05	5.999999999999513e-05	0.9476483088839879	-3.78386558197441e-20	-1.4960770252855916e-18	2.536490982529838e-19	1.148749999999992	-2.9033849976989323e-18	-3.305732423908303e-19	8.874194781793854e-20	0.9199133434137315	305.8761189490325	445363.6318083088	-1756624.9807720627	539867.725746408	267920500.74648997	1791721.647831208	-1705205.2491453716	1434824.9015017615	2268.614663419734	1599.565890624997	289.449716353877	510882.0449087327	-1613638.8380365542	510875.3197955513	307334868.67479974	1645878.6989472103	-1613630.9607501861	1645905.1153074314	2083.9534729970464	-0.053771827747917944	0.0	0.0	0.0	0.13867439468775294	0.0	0.0	0.0	-0.08347580531698648	307360884.6323521	0.13925882072627627
112	1565.0	nan	nan	1	1	6.000000000000838e-05	6.000000000000867e-05	5.999999999999513e-05	0.9450838817657448	-4.61111183958085e-19	2.3581939352645963e-18	-1.1097893437561624e-18	1.1564999999999923	-4.6281338136888725e-18	1.5720931501039814e-19	1.0237036912608133e-18	0.9162398312776499	13866.196138535539	448561.3755973059	-1747035.9705749727	548900.6241265889	268292362.41058984	1828455.5428599217	-1693723.940760349	1448561.5517009615	8814.343170298276	1599.565890624997	13085.86797088886	518015.0180431913	-1598401.408037732	518010.9256133486	309833794.2492408	1672893.9549423396	-1598408.651261464	1672851.652333736	8064.43529018793	-0.05648159165439003	0.0	0.0	0.0	0.14539820268935036	0.0	0.0	0.0	-0.08747712403915087	309850435.4190934	0.146019094787095
116	1642.5	nan	nan	1	1	6.000000000000838e-05	6.000000000000867e-05	5.999999999999513e-05	0.9425367495610909	-3.563772540959853e-19	7.009095994575664e-18	-1.9136168344369152e-20	1.1642500000000162	4.448915194577019e-18	4.488596994089988e-19	-4.1931519020876886e-19	0.9126114583302607	12671.222625225233	451119.4701442989	-1735534.812395903	557228.1584695422	268553617.53343487	1865441.1927980247	-1680441.8761071658	1462205.8585008993	7638.020845400213	1599.565890624997	11925.768025044754	524453.9513625398	-1581571.3546492911	524446.1368472342	312209991.3423435	1699953.42832636	-1581580.6088142858	1699903.663991619	6960.43368823159	-0.05918036884336872	0.0	0.0	0.0	0.15207710288036327	0.0	0.0	0.0	-0.09144505486936565	312227770.87130845	0.15273344292047825
120	1720.0	nan	nan	1	1	6.000000000000838e-05	6.000000000000867e-05	5.999999999999513e-05	0.9400069743104772	-2.9815559743351374e-20	9.249437153691088e-18	4.344940206235659e-19	1.1719999999999722	-1.9271205724952222e-17	1.4137996329210978e-19	-1.3534095719136552e-18	0.9090272789043387	11273.786540069288	453243.8452294632	-1721957.3296920883	565101.6598324241	268722055.6456956	1899864.6573516552	-1665218.302659813	1473529.135525298	6556.691855300118	1599.565890624997	10581.9396349276	530424.9247185166	-1563016.986566222	530422.6428884789	314481658.4633625	1724503.087511725	-1563027.6034669776	1724450.5115912813	5951.495178656381	-0.06186798426638061	0.0	0.0	0.0	0.15871169115479714	0.0	0.0	0.0	-0.09538017545919103	314500570.3607517	0.15940245142882586
124	1780.0	nan	nan	1	1	6.000000000000838e-05	6.000000000000867e-05	5.999999999999513e-05	0.9380599391759218	1.5829351718288364e-19	6.013364719364978e-18	-1.0364972768961422e-19	1.1779999999999917	3.5453411040276e-18	7.216449660063517e-19	3.977395669763073e-19	0.90628193384592	5215.436683615111	454940.9094899604	-1710687.6679803326	571309.1826673909	268794121.57853746	1924065.1794898682	-1652743.6707175313	1480237.5219477895	3251.146643498485	1599.565890624997	4885.196802938871	535132.1941956452	-1548085.1505057095	535134.0572160477	316173782.27971387	1741180.9231605525	-1548092.4390534884	1741155.2501152363	2942.1220104185304	-0.06394143097706854	0.0	0.0	0.0	0.16381808522938812	0.0	0.0	0.0	-0.09840483608685066	316196979.2143309	0.1645350242876253
128	1840.0	nan	nan	1	1	6.000000000000838e-05	6.000000000000867e-05	5.999999999999513e-05	0.9361232701865121	3.0487765090292383e-19	5.479611989850364e-18	-2.649790109554573e-19	1.1839999999999868	8.315830662963819e-20	5.353790327733421e-19	-1.109301452778544e-18	0.9035626741500462	591.6770389287777	456859.1393848012	-1698872.1101850679	577833.8526870449	268821572.68677074	1946328.5491591336	-1639788.8980526724	1485312.6549871939	808.7828479070588	1599.565890624997	553.0631611083942	540120.9143196995	-1532766.299980939	540123.4053988927	317813831.6855319	1756027.8910676385	-1532773.4081914306	1756008.2749851467	729.7047763880825	-0.06600811225887228	0.0	0.0	0.0	0.168898536461803	0.0	0.0	0.0	-0.1014098031763609	317840208.3977486	0.169640804715884
132	1900.0	nan	nan	1	1	6.000000000000838e-05	6.000000000000867e-05	5.999999999999513e-05	0.9341966559614061	-6.375108774214766e-20	-8.192882136603963e-18	7.786740002790893e-19	1.1899999999999795	7.078105462854368e-18	3.200564813177209e-19	-2.5256489608049825e-19	0.9008687633615539	-1561.0988872907255	459150.74827307864	-1686244.0065627662	584880.101759696	268807786.4322365	1968308.0084146273	-1626095.2443431339	1490062.0119785063	-598.8969095981267	1599.565890624997	-1456.2030095825423	545576.2540107477	-1516823.8519999331	545579.8933439424	319405218.70476824	1770548.345094836	-1516832.0264386763	1770534.9578466897	-538.7245937313725	-0.06806831049513885	0.0	0.0	0.0	0.173953307123421	0.0	0.0	0.0	-0.10439568862920251	319433139.55860674	0.1747202877193485
136	1960.0	nan	nan	1	1	6.000000000000838e-05	6.000000000000867e-05	5.999999999999513e-05	0.9322800824681059	-8.76143775585536e-19	1.0935588372340543e-17	7.595920420433444e-19	1.1959999999999946	-8.15786240643268e-18	-3.2417644957316585e-19	1.9136168344369152e-19	0.8981997544708554	-3920.7476298770584	460998.6258900621	-1672272.2740131235	591411.9756917435	268754874.9093615	1990824.3522807786	-1611148.7144610558	1495106.0388495622	-2197.9225429298813	1599.565890624997	-3649.7639478517663	550529.1164796207	-1499786.374489832	550536.3545358268	320949728.53287053	1785481.5175449266	-1499793.6740070258	1785470.4122425863	-1971.2186426194423	-0.07012199177329459	0.0	0.0	0.0	0.17898265552843587	0.0	0.0	0.0	-0.10736279168541063	320979366.0824081	0.1797737575865297
140	2020.0	nan	nan	1	1	6.000000000000838e-05	6.000000000000867e-05	5.999999999999513e-05	0.9303735268726304	-5.978290779085072e-19	6.019219411096399e-18	2.820009850634797e-19	1.2020000000000006	-7.375176858115395e-18	-3.9920323990916273e-19	2.7755575615628914e-19	0.8955552400282157	-6219.086430752239	461994.3556296916	-1656627.6683431412	596887.735219065	268665922.9727037	2014037.4803189402	-1594636.3466503017	1500557.0244076545	-3836.271364725386	1599.565890624997	-5777.364194196536	554481.3534662458	-1481368.4759812644	554492.6683053946	322450356.34064966	1800966.9220200593	-1481374.3199236202	1800954.6647226731	-3430.4216774898687	-0.07216913167278466	0.0	0.0	0.0	0.18398683611301653	0.0	0.0	0.0	-0.11031137314355823	322481685.5480383	0.18480148291151172
