6	header
postResults v2.0.3	--cr f,p,texture --time RVE_1_40_D_tensionX.spectralOut
addCauchy v2.0.3	RVE_1_40_D_tensionX.txt
addStrainTensors v2.0.3	--left --logarithmic RVE_1_40_D_tensionX.txt
addMises v2.0.3	-s Cauchy RVE_1_40_D_tensionX.txt
addMises v2.0.3	-e ln(V) RVE_1_40_D_tensionX.txt
inc	time	elem	node	ip	grain	1_pos	2_pos	3_pos	1_f	2_f	3_f	4_f	5_f	6_f	7_f	8_f	9_f	1_p	2_p	3_p	4_p	5_p	6_p	7_p	8_p	9_p	texture	1_Cauchy	2_Cauchy	3_Cauchy	4_Cauchy	5_Cauchy	6_Cauchy	7_Cauchy	8_Cauchy	9_Cauchy	1_ln(V)	2_ln(V)	3_ln(V)	4_ln(V)	5_ln(V)	6_ln(V)	7_ln(V)	8_ln(V)	9_ln(V)	Mises(Cauchy)	Mises(ln(V))
0	0.0	nan	nan	1	1	6.000000000000838e-05	6.000000000000867e-05	5.999999999999513e-05	1.0	0.0	0.0	0.0	1.0	0.0	0.0	0.0	1.0	2.7716487604837305e-06	-1.193192284640359e-09	-2.8066754232013673e-08	-1.19319228464005e-09	2.7018729684353462e-06	-1.6832583398956398e-08	-2.8066754232013544e-08	-1.6832583398956544e-08	2.6991213888906947e-06	1599.565890624997	2.7716487604837305e-06	-1.193192284640359e-09	-2.8066754232013673e-08	-1.19319228464005e-09	2.7018729684353462e-06	-1.6832583398956398e-08	-2.8066754232013544e-08	-1.6832583398956544e-08	2.6991213888906947e-06	0.0	0.0	0.0	0.0	0.0	0.0	0.0	0.0	0.0	9.102600058541354e-08	0.0
2	2.0	nan	nan	1	1	6.000000000000838e-05	6.000000000000867e-05	5.999999999999513e-05	0.9999331859138992	-4.5264150299514225e-23	-1.8872621983764859e-22	2.0514079191315086e-24	1.000200000000001	-3.148778806968857e-22	9.562207881113e-25	-3.44504181516085e-23	0.9999338800589289	2.7709417074675e-06	-494.1626033487303	2741.2009144907474	-494.2944617021197	14158906.776141964	727.4803459837323	2741.2028174089046	727.2867876685647	9.024557287375501e-06	1599.565890624997	2.77057081992036e-06	-494.2283009237405	2740.8359103804614	-494.22830092373636	14160789.164314773	727.3834784702887	2740.835910380487	727.3834784702624	9.023355624087688e-06	-6.681631826124158e-05	0.0	0.0	0.0	0.0001999800026671327	0.0	0.0	0.0	-6.61221270905273e-05	14160790.041964367	0.00017763326904600082
4	4.0	nan	nan	1	1	6.000000000000838e-05	6.000000000000867e-05	5.999999999999513e-05	0.9998663539893824	-3.2994580273515166e-23	-7.870855139013573e-22	1.3956191294994683e-23	1.0003999999999935	-5.211701080227104e-22	-2.421984833555265e-24	4.956466230417742e-23	0.9998677425139983	8.408746717577741e-06	-988.3614006101017	5482.594259824763	-988.8889062275978	28326310.375536136	1455.4063112460651	5482.601873559377	1454.6319700781567	7.38115680815099e-06	1599.565890624997	8.406496385826086e-06	-988.6242617835412	5481.134630762264	-988.6242617835384	28333843.94289311	1455.0188389566774	5481.134630762244	1455.0188389566272	7.3791917254764145e-06	-0.00013365494204145713	0.0	0.0	0.0	0.0003999200213202327	0.0	0.0	0.0	-0.00013226623279440384	28333845.69718091	0.000355254643916279
6	6.0	nan	nan	1	1	6.000000000000838e-05	6.000000000000867e-05	5.999999999999513e-05	0.9997995042228781	-4.528648417605316e-23	1.9806012586969694e-22	1.2705494208814505e-23	1.000599999999987	-1.6034598389319922e-21	-9.370301979000697e-24	5.2489572950164927e-23	0.9998015873617154	1.0305189184691698e-06	-1482.5963387154438	8224.17977106774	-1483.7833888222763	42502212.49606102	2183.777960925808	8224.196906611569	2182.0354505088767	1.6868965758476406e-08	1599.565890624997	1.030105363807093e-06	-1483.1879358621434	8220.896477162392	-1483.1879358621434	42519172.060161166	2182.906143301519	8220.89647716233	2182.90614330152	1.6862231254404516e-08	-0.00020051587908716245	0.0	0.0	0.0	0.0005998200719549005	0.0	0.0	0.0	-0.00019843232467615086	42519174.69008235	0.0005328641403786407
8	8.0	nan	nan	1	1	6.000000000000838e-05	6.000000000000867e-05	5.999999999999513e-05	0.999732636610824	5.388254510170422e-23	-3.3805879018307176e-22	-1.1514354126738144e-24	1.0008000000000166	8.319981124405365e-22	-2.3663982963917016e-23	-1.5654227656443537e-22	0.9997354145986062	-4.609597492162721e-06	-1976.8673654501422	10965.95718308932	-1978.9779655984667	56686614.83621048	2912.5953601369847	10965.987654531536	2909.497132218742	-5.575542156293523e-06	1599.565890624997	-4.6071317417580625e-06	-1977.9193773518632	10960.121765246122	-1977.9193773518077	56716781.24722936	2911.045453398267	10960.121765246315	2911.045453398307	-5.572575190653106e-06	-0.0002673991371388652	0.0	0.0	0.0	0.0007996801705813279	0.0	0.0	0.0	-0.00026462041028630387	56716784.75176907	0.0007104617742039651
10	10.0	nan	nan	1	1	6.000000000000838e-05	6.000000000000867e-05	5.999999999999513e-05	0.9996657486137108	1.0487988422682349e-22	1.6458908956335123e-22	-8.126222337720944e-24	1.0010000000000012	-1.7522994096323339e-22	-2.252578244104405e-23	8.07592975647772e-23	0.9996692150059092	0.00040340107569136307	-2474.367673951791	13686.839682147354	-2477.6702063265666	70877013.31315926	3663.934564909737	13686.887141965324	3659.0635268098026	0.00040641421253531006	1599.565890624997	0.00040313142744059457	-2476.014039605119	13677.738318626007	-2476.0140396047077	70924172.62644874	3661.498151452132	13677.738318626172	3661.4981514524143	0.00040614395851214425	-0.00033430726073488057	0.0	0.0	0.0	0.0009995003330851978	0.0	0.0	0.0	-0.0003308397155141794	70924176.99587442	0.0008880514707442179
12	12.0	nan	nan	1	1	6.000000000000838e-05	6.000000000000867e-05	5.999999999999513e-05	0.9995987773673674	-1.4460440596407009e-22	-4.272751823305911e-22	1.0932018975500813e-23	1.001199999999962	2.1370905957022013e-21	-2.2446373102238958e-23	1.0905549195899116e-23	0.9996027529366656	0.005654198160696978	-3040.2259392557885	15804.253824573936	-3045.0959718007844	85009607.98941252	5015.314093496148	15804.316680702987	5007.312999102436	0.00706794678623919	1599.565890624997	0.005649665568246766	-3042.6549220542624	15791.647417183865	-3042.6549220498437	85077526.25589564	5011.313582408845	15791.647417187329	5011.313582409206	0.007062308973939559	-0.00040130314396914947	0.0	0.0	0.0	0.001199280575444041	0.0	0.0	0.0	-0.00039732598685099564	85077531.25227913	0.0010657325675997999
14	14.0	nan	nan	1	1	6.000000000000838e-05	6.000000000000867e-05	5.999999999999513e-05	0.9995310529695357	-1.1527589016538995e-22	2.5044381970145507e-21	3.5416565107070435e-23	1.001399999999977	-3.490887473430989e-21	-1.2467266192399232e-23	1.3991925497456973e-22	0.9995333827134361	-3.8107197887481745	-4232.495759580687	10206.508418275274	-4240.409784205437	98374096.49871814	13257.521197636592	10206.532203733394	13232.809078842947	-4.757234926699617	1599.565890624997	-3.807168730355254	-4236.458311791092	10197.021146064948	-4236.458314774889	98466196.4122609	13245.197912603002	10197.021141820183	13245.197915086086	-4.752812926455413	-0.00046905702051066694	0.0	0.0	0.0	0.0013990209136845702	0.0	0.0	0.0	-0.0004667261862874264	98466205.22216268	0.001244609072231941
16	16.0	nan	nan	1	1	6.000000000000838e-05	6.000000000000867e-05	5.999999999999513e-05	0.9994608650985499	-1.4187801866509532e-22	-1.1779846016143165e-21	1.0122043719688889e-22	1.0015999999999796	-2.550522083301105e-21	-4.483980664527452e-23	9.169131654027801e-23	0.9994522603559605	90.13195277247928	-5645.391194683082	-30530.301889475457	-5657.473997149163	108702645.21613191	47677.20328381259	-30530.0390540259	47574.968622406916	209.17451687239205	1599.565890624997	90.03728900988607	-5651.532032062925	-30497.973961359483	-5651.532066913885	108820887.73361407	47626.71884359613	-30497.97397299668	47626.71882634964	208.95302614591236	-0.0005392802869283308	0.0	0.0	0.0	0.001598721363676678	0.0	0.0	0.0	-0.0005478897081984785	108820782.76636778	0.001428212890606171
18	18.0	nan	nan	1	1	6.000000000000838e-05	6.000000000000867e-05	5.999999999999513e-05	0.999388745956453	-3.604125190567048e-22	1.5202123820846556e-21	2.939204326972422e-22	1.0017999999999867	7.116982581067445e-21	3.6766523866756974e-23	5.5438306397793955e-22	0.9993547838648914	-87.83655220451926	-2904.3383223467763	-116461.04009169013	-2911.343602522003	115110610.03686583	116320.15254489073	-116457.08292027566	116036.23628994351	292.3869965742068	1599.565890624997	-87.7353387458171	-2907.990979406813	-116322.88971200965	-2907.988881189185	115255379.52849191	116182.16929121279	-116322.89021966419	116182.16990051615	292.04015633854897	-0.0006114409354627213	0.0	0.0	0.0	0.0017983819413663201	0.0	0.0	0.0	-0.0006454243766175474	115255629.26143362	0.0016179953640765331
20	20.0	nan	nan	1	1	6.000000000000838e-05	6.000000000000867e-05	5.999999999999513e-05	0.999316772514079	3.1763735522036263e-22	-2.2652096229303348e-20	7.267542687441897e-22	1.001999999999993	1.4211730547269465e-20	2.962630081919924e-22	-5.522654816098038e-22	0.9992456940274131	-168.60522652622734	4983.596646288982	-218701.24168669205	4996.980861671197	119051478.26624598	207404.88907254464	-218685.68772354577	206834.77255519194	206.1574998825931	1599.565890624997	-168.39571103852703	4990.768470894277	-218413.93866837572	4990.771416662686	119222803.59245637	207132.42582457888	-218413.94028451043	207132.42559903255	205.88667530241233	-0.0006834609921843936	0.0	0.0	0.0	0.0019980026626653016	0.0	0.0	0.0	-0.0007545906044792423	119223925.1449496	0.001811817776485788
22	22.0	nan	nan	1	1	6.000000000000838e-05	6.000000000000867e-05	5.999999999999513e-05	0.9992457322207084	2.134523027080837e-22	-5.00635647101102e-20	8.682087709356578e-22	1.0022000000000022	-1.7380692561184616e-20	6.2283391402792775e-22	1.2557263443045002e-21	0.9991300564763475	-97.24808337133835	17564.36307684299	-315123.4807700914	17616.29398038139	121777249.20603825	305872.8042873328	-315087.00274713925	304935.8528849258	239.90565415966023	1599.565890624997	-97.11909536345463	17592.926162410975	-314669.07570691954	17592.92806315147	121975282.80247945	305431.73861169646	-314669.0773404327	305431.73815105204	239.5597124873123	-0.0007545523823532681	0.0	0.0	0.0	0.002197583543489417	0.0	0.0	0.0	-0.0008703221441217097	121977580.25414841	0.002007793397431766
24	24.0	nan	nan	1	1	6.000000000000838e-05	6.000000000000867e-05	5.999999999999513e-05	0.9991755314785377	9.046311876675928e-22	4.502297752011827e-21	1.5890338090490673e-21	1.002400000000016	-3.456868512686888e-20	1.0587911840678754e-21	2.6766241133235892e-21	0.999010736063188	-61.446408507399504	34228.76875937429	-400336.03137518617	34339.23029617616	123881534.92658588	400915.1697749745	-400270.00476323575	399559.61617904005	228.53104938685837	1599.565890624997	-61.359991437584675	34290.93537361701	-399707.0712124457	34290.93625045443	124106529.7444748	400285.2997391434	-399707.0725791319	400285.30014099006	228.17200869416865	-0.0008248085825597426	0.0	0.0	0.0	0.0023971245997374004	0.0	0.0	0.0	-0.0009897535813318413	124110328.0658959	0.002204994537519574
26	26.0	nan	nan	1	1	6.000000000000838e-05	6.000000000000867e-05	5.999999999999513e-05	0.9991058887394251	3.932773974101716e-21	6.380042741132522e-20	1.796556881126371e-21	1.0026000000000217	-6.7634310288835e-20	1.7630990797098263e-21	-3.5109515663690745e-21	0.9988892167006881	-38.915873836293684	53328.32147661486	-475276.60188571026	53514.824204995915	125621589.40517202	486996.13578773715	-475173.53165436315	485193.6863840197	195.46182514744683	1599.565890624997	-38.85811790182203	53435.400750776804	-474468.3147218058	53435.40163586514	125873828.14511575	486167.91760096647	-474468.3157963727	486167.91895552	195.12940969995122	-0.0008945112164692201	0.0	0.0	0.0	0.002596625847288061	0.0	0.0	0.0	-0.0011114006763044183	125879283.22720431	0.0024029860930560145
28	28.0	nan	nan	1	1	6.000000000000838e-05	6.000000000000867e-05	5.999999999999513e-05	0.999036553705387	-5.946171289725188e-22	-1.0086182462284511e-19	1.1011428314305904e-23	1.0028000000000212	-1.3760473744619736e-20	1.3289946942419972e-21	2.371692252312041e-23	0.9987662922190504	-8.910981226987278	72856.65023658956	-541199.473328026	73131.10786588729	127113496.87198777	562043.9742905037	-541053.0676599136	559783.1847679736	156.05493441131415	1599.565890624997	-8.89707653913065	73016.99303159927	-540208.8081338423	73016.99414467317	127393248.04508902	561015.153254322	-540208.8088933404	561015.1546726242	155.76927598125096	-0.0009639107073093703	0.0	0.0	0.0	0.0027960873020224444	0.0	0.0	0.0	-0.001234469424888869	127400379.20705004	0.0026015454628477842
30	30.0	nan	nan	1	1	6.000000000000838e-05	6.000000000000867e-05	5.999999999999513e-05	0.9989673262286147	-2.952756854128491e-21	-5.789253142290409e-20	-1.6940658945086008e-22	1.0030000000000006	6.411107674473073e-20	-5.412540532954979e-22	9.363102198949036e-21	0.9986424299640947	30.547710875236373	91467.53917908426	-598608.5153052065	91836.78029520338	128414114.78627619	625558.1991572612	-598413.8287031987	622840.4395931461	124.85671150936308	1599.565890624997	30.49774467401947	91686.56388275015	-597435.016593584	91686.5649464302	128721610.36000663	624331.868889671	-597435.016709786	624331.8697107306	124.61194521161178	-0.0010332073463151792	0.0	0.0	0.0	0.0029955089797992565	0.0	0.0	0.0	-0.0013584923689554825	128730332.0264563	0.002800543333284263
32	32.0	nan	nan	1	1	6.000000000000838e-05	6.000000000000867e-05	5.999999999999513e-05	0.998898048444371	-1.3383120566617946e-21	4.994847410840202e-21	-1.7381116077658243e-21	1.0031999999999939	5.2818857008410035e-20	-1.812650507124203e-21	3.441494864694222e-21	0.9985179427945495	66.79091879891881	108600.795169054	-647836.5716363485	109068.50683193092	129556314.69493648	677888.0097763595	-647590.0529607683	674724.2236794992	100.5456099828686	1599.565890624997	66.67668828245213	108881.96931051691	-646482.4996892343	108881.97021752725	129891743.96595372	676471.1259857381	-646482.499006748	676471.1262138867	100.33545514468247	-0.0011025591506456493	0.0	0.0	0.0	0.0031948908965135337	0.0	0.0	0.0	-0.001483156538547643	129901907.92015094	0.002999891075214741
34	34.0	nan	nan	1	1	6.000000000000838e-05	6.000000000000867e-05	5.999999999999513e-05	0.9988286034846076	-6.454391058077769e-22	3.445454743722636e-20	-2.1023357750851736e-21	1.003400000000014	-5.901066785283897e-20	-1.9308116032661777e-21	-9.75781955236954e-22	0.9983930622952961	91.72767787523763	124052.29777340773	-689572.3479376031	124620.05582349072	130564435.67222913	720010.8275931124	-689271.6570699546	716417.9935165442	75.24249688988694	1599.565890624997	91.56399819045414	124397.68194869312	-688041.7160684813	124397.68268675188	130927950.82467414	718412.6319547244	-688041.714590512	718412.631602993	75.0754824149063	-0.0011720831365467056	0.0	0.0	0.0	0.0033942330680297797	0.0	0.0	0.0	-0.0016082302139371859	130939380.89083211	0.003199517562269584
36	36.0	nan	nan	1	1	6.000000000000838e-05	6.000000000000867e-05	5.999999999999513e-05	0.9987589147445513	-7.623296525288703e-22	-6.772663688008572e-21	-4.682398132421772e-21	1.0036000000000063	7.439066859260893e-20	-9.952637130238028e-23	-8.3907083755011e-21	0.9982679652578058	102.56863234644821	137796.41575229514	-724900.2084109699	138464.3298163756	131459809.93361291	753321.3047947524	-724543.8748339667	749318.9769140221	49.26924742513546	1599.565890624997	102.37803209963329	138207.02473113337	-723197.4783949752	138207.02565978977	131851536.94639778	751551.8159982542	-723197.4764447872	751551.8151069098	49.15351807993338	-0.0012418560395595923	0.0	0.0	0.0	0.0035935355101366345	0.0	0.0	0.0	-0.0017335364486239227	131864053.68098326	0.0033993612706358163
38	38.0	nan	nan	1	1	6.000000000000838e-05	6.000000000000867e-05	5.999999999999513e-05	0.998688940601459	-6.979551485375434e-22	-3.991092192520175e-20	-7.460666199415877e-21	1.0037999999999976	1.6415159704609438e-19	-2.5809093902838533e-21	-1.4907779871675685e-22	0.9981427835586577	101.87880271878785	150023.00883154184	-755059.2352970651	150790.79303493595	132261734.67390327	779352.3045322296	-754646.3108340045	774960.0291217437	25.67265545251197	1599.565890624997	101.68197426362757	150499.46619989694	-753188.346644269	150499.46728263603	132681784.09517285	777421.2224198359	-753188.3444701489	777421.221034448	25.609043648923674	-0.0013119195888368692	0.0	0.0	0.0	0.003792798238693608	0.0	0.0	0.0	-0.001858943206112677	132695221.9225515	0.0035993690896385967
40	40.0	nan	nan	1	1	6.000000000000838e-05	6.000000000000867e-05	5.999999999999513e-05	0.9986186644188546	-1.548376227580861e-21	1.1202646002148562e-20	-3.1882320134651863e-21	1.004000000000016	8.67446441283129e-20	-5.768294370801786e-22	1.795201628410764e-20	0.998017612880611	95.16170231256694	160987.85482165567	-781126.5100498257	161855.38373448123	132987171.99568805	799519.6174929326	-780656.360923843	794755.6354934279	6.864350717001012	1599.565890624997	94.97084099637631	161530.7571699481	-779090.6378598629	161530.75806237382	133435647.11854258	797435.8068250809	-779090.6354595262	797435.8047602711	6.846459964930658	-0.0013822905046204123	0.0	0.0	0.0	0.00399202126955338	0.0	0.0	0.0	-0.001984354649435419	133449860.51212507	0.003799496381994858
44	48.666666666666664	nan	nan	1	1	6.000000000000838e-05	6.000000000000867e-05	5.999999999999513e-05	0.9983105816518103	5.731024921122596e-21	1.5132582415876977e-19	4.63665835327004e-21	1.0048666666666732	-1.2635613990666026e-19	7.945169045245338e-21	2.6935647722686752e-21	0.9974767289724216	271.85593508160673	195262.85790739927	-860215.9217315975	196545.17250472328	135529570.79961735	842087.4011201926	-859497.3845309018	835894.5282961746	-595.3783433709862	1599.565890624997	271.2236812944794	196088.08018339635	-857498.4863197275	196088.06852566026	136102347.52776092	839427.2339855421	-857498.4563992333	839427.1959654207	-593.4975339685282	-0.0016908470246822238	0.0	0.0	0.0	0.004854862726188864	0.0	0.0	0.0	-0.0025264598412074483	136118801.20693713	0.00466734489751803
48	57.33333333333333	nan	nan	1	1	6.000000000000838e-05	6.000000000000867e-05	5.999999999999513e-05	0.9979982187835702	2.4048959438444095e-20	3.4089518588607123e-19	1.016947756473513e-20	1.0057333333333347	3.2063754591953734e-19	-3.642241673193491e-21	-2.1204622801564154e-20	0.9969390491687544	192.63661035729305	214142.30935240508	-909113.2836273579	215802.03413482482	137589253.31931108	852517.1118675971	-908148.4274227592	845062.545525491	-424.3431521619479	1599.565890624997	192.12654645186382	215230.64564542467	-905743.8483651467	215230.6327375195	138288523.71743894	849357.43829325	-905743.8287707104	849357.410192582	-422.7704144119643	-0.002003787458267612	0.0	0.0	0.0	0.005716960329231086	0.0	0.0	0.0	-0.003065645123019365	138305863.93980318	0.005535173321149782
52	66.0	nan	nan	1	1	6.000000000000838e-05	6.000000000000867e-05	5.999999999999513e-05	0.9976828191532304	-1.265128410019023e-20	-1.8279648628105604e-19	8.792201992499638e-21	1.0065999999999806	-1.24683249835833e-19	5.2431339435041194e-21	-3.625301014248406e-21	0.9964045116856922	154.90494711460167	224732.94940487988	-941562.8922118942	226741.57485735643	139420237.37418	851406.4617675708	-940356.465489096	842782.8513492843	-289.880437707152	1599.565890624997	154.4445815688318	226067.72963830017	-937561.8229810839	226067.71639897718	140248310.77186653	847788.5024944639	-937561.7986594241	847788.4808932632	-288.6486222761092	-0.00231986966476265	0.0	0.0	0.0	0.006578315360103536	0.0	0.0	0.0	-0.0036019676179195816	140266011.98678622	0.006402423732217342
56	74.66666666666666	nan	nan	1	1	6.000000000000838e-05	6.000000000000867e-05	5.999999999999513e-05	0.997365332561432	-1.774534024497759e-20	-1.87905789018894e-20	-2.6105555434377535e-21	1.0074666666666698	3.964791819507929e-20	-3.625301014248406e-21	5.000882520589389e-21	0.9958726517293145	150.0653932649644	230690.50272518312	-964654.6875064352	233026.9250308728	141129685.59039286	846470.1760393222	-963210.9446675677	836728.8990449724	-198.63763516039657	1599.565890624997	149.57053900769327	232258.51281422086	-960034.6866202961	232258.49759133166	142088948.18791765	842416.1938070884	-960034.6691369575	842416.1698254904	-197.68630401325436	-0.0026381442830525764	0.0	0.0	0.0	0.007438929097001293	0.0	0.0	0.0	-0.004135889281812122	142106762.19243145	0.0072689150725051485
60	83.33333333333333	nan	nan	1	1	6.000000000000838e-05	6.000000000000867e-05	5.999999999999513e-05	0.9970464385964739	-2.11648122530432e-20	1.5064650373507183e-19	-1.3417001884508118e-21	1.00833333333333	-2.0323369723240781e-19	-1.5632840074525367e-20	-3.4023619425310735e-20	0.9953429989546084	147.48668043029733	234023.89377435425	-981921.0878595907	236673.10444685532	142764653.07102665	840829.0113825649	-980243.4796690664	829996.6066652606	-139.55626390872186	1599.565890624997	146.95213850757563	235815.33754886992	-976690.7536598954	235815.32057146804	143857510.9191726	836350.22302706	-976690.7437011211	836350.1983002808	-138.81289877589376	-0.0029579317735672094	0.0	0.0	0.0	0.008298802814691541	0.0	0.0	0.0	-0.004667878659271976	143875325.6229814	0.008134601272611282
64	92.0	nan	nan	1	1	6.000000000000838e-05	6.000000000000867e-05	5.999999999999513e-05	0.9967265936606259	-1.05870648077315e-20	-3.61432346725199e-19	9.053088140253963e-21	1.00920000000002	1.1165351141480956e-18	6.969387090008383e-21	-3.8827990302137124e-21	0.9948151926462679	144.13613906326006	235842.54137168743	-995541.1575664881	238793.94508352573	144347224.12198094	835690.2608208768	-993632.0247226774	823778.5810476753	-98.34332694827748	1599.565890624997	143.56653990461942	237850.2931877184	-989705.3812405164	237850.2759170549	145576066.8900598	830791.5166525646	-989705.3761461368	830791.4928509758	-97.76684685515414	-0.00327877565440724	0.0	0.0	0.0	0.009157937784785306	0.0	0.0	0.0	-0.005198295108519345	145593830.5559021	0.008999479231724835
68	100.66666666666666	nan	nan	1	1	6.000000000000838e-05	6.000000000000867e-05	5.999999999999513e-05	0.9964061062297546	5.245675042345882e-21	-7.885063587308172e-19	6.447614794499734e-21	1.0100666666666627	-6.963288452788152e-20	1.1390899074675831e-20	-6.8152270936081e-20	0.9942889705744208	140.14213130096488	236864.60073937313	-1007178.6379911292	240111.95839374224	145888538.72171432	831622.9073051447	-1005038.611630282	818632.559032305	-68.99068305589917	1599.565890624997	139.5423578442491	239084.3551347454	-1000737.2979375815	239084.33894805587	147255719.48258406	826304.321564529	-1000737.2964109738	826304.2972972654	-68.54945800075316	-0.0036003673212852607	0.0	0.0	0.0	0.010016335275484164	0.0	0.0	0.0	-0.005727399711338652	147273421.607841	0.009863558606557916
72	109.33333333333333	nan	nan	1	1	6.000000000000838e-05	6.000000000000867e-05	5.999999999999513e-05	0.9960851909433435	1.1651785222430156e-20	-1.2270458087104697e-19	3.803177933171809e-21	1.0109333333333297	-1.3045527115160271e-18	4.1335207826009856e-21	3.9153250953882776e-20	0.9937641411859043	136.634171332413	237647.5026389452	-1017828.9914767671	241189.98109842802	147394552.47670385	828941.6822669582	-1015457.2753563748	814863.3216540997	-47.238210093044444	1599.565890624997	136.00456596691848	240078.59992367408	-1010778.0841895214	240078.58630807442	148902376.0066416	823199.2726901611	-1010778.08461836	823199.2477071842	-46.9109721753091	-0.0039224919796377105	0.0	0.0	0.0	0.010873996551874732	0.0	0.0	0.0	-0.006255382990662467	148920029.59799892	0.010726852047753714
76	118.0	nan	nan	1	1	6.000000000000838e-05	6.000000000000867e-05	5.999999999999513e-05	0.9957640001383145	4.150461441546072e-21	4.518005978018658e-19	-1.4748537677591877e-20	1.0118000000000156	-3.200497050541429e-19	4.228388472693467e-21	-1.7899500241377876e-20	0.9932405639168184	134.31571859866636	238540.84711179417	-1027963.9381483672	242382.35021614906	148868656.6633981	827783.8781138845	-1025358.902600938	812599.8224799003	-30.04512958628271	1599.565890624997	133.65269397078757	241185.8851949708	-1020297.4077750223	241185.87470879222	150519372.97062027	821610.2858227419	-1020297.4085931513	821610.260326776	-29.82105373109346	-0.004244997126363707	0.0	0.0	0.0	0.011730922875714062	0.0	0.0	0.0	-0.006782384542152194	150537001.01114684	0.011589371628627977
80	126.66666666666666	nan	nan	1	1	6.000000000000838e-05	6.000000000000867e-05	5.999999999999513e-05	0.9954426435760313	-4.8238526346132407e-20	1.5748781944345536e-18	-2.732528287842373e-20	1.012666666666673	8.237700343909082e-19	9.622294280808851e-21	9.971271855077624e-21	0.992718135137225	133.08296575749264	239693.08649814842	-1037785.7448462436	243840.45851974573	150312944.89533675	828144.1399670823	-1034945.3448790793	811830.4933987779	-15.7403888781399	1599.565890624997	132.38232372432276	242556.71967668453	-1029496.6662403123	242556.71139513422	152108746.11119318	821529.5262018434	-1029496.667007146	821529.4996163062	-15.614666086757602	-0.0045677728323283385	0.0	0.0	0.0	0.012587115505477281	0.0	0.0	0.0	-0.007308507056073377	152126374.12960166	0.012451127705102503
84	135.33333333333331	nan	nan	1	1	6.000000000000838e-05	6.000000000000867e-05	5.999999999999513e-05	0.9951212010024661	-1.0796281945703312e-20	-2.3523121384788625e-19	1.8068906830828735e-20	1.013533333333332	7.475167403472871e-19	1.780802068307441e-20	9.815417792782832e-21	0.9921967783432932	132.57316852435056	241124.1442734359	-1047373.8670001078	245585.5129017963	151728831.87748718	829901.637720839	-1044295.8869981348	812430.8067332075	-3.7457772746318367	1599.565890624997	131.83168017442227	244211.94800774858	-1038455.0872558446	244211.9408679163	153671851.12628922	822834.7152498446	-1038455.0879683887	822834.687632238	-3.7138805818308382	-0.004890739189056552	0.0	0.0	0.0	0.013442575696487826	0.0	0.0	0.0	-0.007833826103635536	153689503.20911616	0.013312128712314962
88	144.0	nan	nan	1	1	6.000000000000838e-05	6.000000000000867e-05	5.999999999999513e-05	0.9947997308248813	1.2258260812664234e-20	-3.3915199208062185e-20	2.6046263128069735e-20	1.0143999999999802	3.3587905677243124e-19	-1.2719046735970574e-20	1.5602346888424214e-20	0.9916764368360419	132.27458271013748	242792.6995394702	-1056761.17316803	247576.37161105793	153117360.7469538	832865.5173056533	-1053443.3442749304	814208.4783654066	6.0506719602436645	1599.565890624997	131.4913443236153	246110.40252825574	-1047205.5825038169	246110.39595746918	155209672.11524737	825334.4666162601	-1047205.5830334487	825334.4385252107	5.995959745257411	-0.0052138376350699496	0.0	0.0	0.0	0.014297304700804913	0.0	0.0	0.0	-0.00835839744741103	155227369.16935474	0.014172381368883442
92	152.66666666666666	nan	nan	1	1	6.000000000000838e-05	6.000000000000867e-05	5.999999999999513e-05	0.9944782764781621	-6.896203443365611e-20	2.076653736124423e-19	-1.4663834382866448e-20	1.0152666666666532	4.912316755624479e-19	-2.9009184377565276e-20	-1.3274700349369395e-20	0.9911570680671752	131.83312801071884	244639.06800345238	-1065970.148544887	249752.95169223179	154479366.3936159	836827.5364014659	-1062410.182561597	816955.3147698283	13.870328245174838	1599.565890624997	131.00924588999374	248192.1438545706	-1055770.7225697138	248192.1376950037	156722985.57802784	828820.5950033749	-1055770.7227574016	828820.5668084373	13.737614035137053	-0.005537024588665188	0.0	0.0	0.0	0.015151303767330076	0.0	0.0	0.0	-0.008882262693242451	156740744.88621318	0.015031891024356259
96	161.33333333333331	nan	nan	1	1	6.000000000000838e-05	6.000000000000867e-05	5.999999999999513e-05	0.9941568711819319	-8.378511101060637e-20	1.4815622687014419e-19	-3.2048338592313706e-20	1.0161333333333358	-7.223429211548893e-19	-1.1194387430912833e-20	-3.068292148133977e-20	0.9906386392690545	130.98075771228795	246604.29834155794	-1075021.1343983456	252055.63559166115	155815566.74843475	841595.6671209937	-1071216.7310308034	820480.0802026015	19.833188633564163	1599.565890624997	130.11924564927833	250397.77198159977	-1064170.916510612	250397.7663412121	158212452.16017923	833101.4188969847	-1064170.916424144	833101.3912558139	19.633011714993028	-0.005860266687053073	0.0	0.0	0.0	0.016004574141718488	0.0	0.0	0.0	-0.009405453663963469	158230287.79623735	0.015890662025606954
100	170.0	nan	nan	1	1	6.000000000000838e-05	6.000000000000867e-05	5.999999999999513e-05	0.9938355413043618	-6.707992722485706e-20	-5.82826430346739e-19	-1.7211709488207383e-21	1.01700000000001	-2.1427087534831026e-18	-1.5382118322138094e-20	-8.38901430960659e-21	0.9901211243089983	129.74177122157445	248637.49043745504	-1083931.1682733991	254432.76256331295	157126614.60416102	847007.0273548051	-1079880.022570847	824620.9663934496	24.25642438726296	1599.565890624997	128.84588216964647	252675.86641885535	-1072423.2671186505	252675.86095571012	159678668.78287628	838014.5069499318	-1072423.2668898613	838014.4795703376	23.998898316985922	-0.006183537418219027	0.0	0.0	0.0	0.01685711706643263	0.0	0.0	0.0	-0.009927995550514483	159696591.92786288	0.016748698016981308
104	208.75	nan	nan	1	1	6.000000000000838e-05	6.000000000000867e-05	5.999999999999513e-05	0.9924001672581251	1.0520488018077311e-19	-4.754158763713157e-19	2.937171447899012e-20	1.020874999999985	4.2142938444511557e-19	2.4801124695605915e-20	1.9399764997554692e-19	0.9878185049246254	9136.881230478315	257431.53570082955	-1122125.9660283627	264817.7784903737	162693607.13639307	875602.9150439966	-1116945.8118995596	847249.2406418192	6450.932397076063	1599.565890624997	9060.418400598099	262601.83776332665	-1107598.1321458274	262601.6265852332	165961175.3084213	864266.7423843031	-1107598.5482713745	864265.5494029582	6367.414078197933	-0.007628858625483673	0.0	0.0	0.0	0.020660102696288544	0.0	0.0	0.0	-0.012256297578085709	165971923.59750894	0.020575972670124024
108	247.5	nan	nan	1	1	6.000000000000838e-05	6.000000000000867e-05	5.999999999999513e-05	0.9909677304909409	8.379527540597342e-20	1.399088364693185e-18	1.0187773476395822e-19	1.0247500000000027	3.0564472393995736e-18	4.716279450311944e-21	2.2361669807513528e-20	0.9855321580661692	7693.349042235181	265979.8137444049	-1158019.952708806	275047.1802978249	167813901.18783173	909158.1562651369	-1151668.1725079706	874362.8635201373	5303.440919109638	1599.565890624997	7617.7498906830315	272344.34698527836	-1140351.1447329903	272344.4128355436	171829458.3737502	895286.4256052984	-1140351.23677124	895285.1712363418	5222.52221041931	-0.009073307754530116	0.0	0.0	0.0	0.024448680402312323	0.0	0.0	0.0	-0.01457352170290658	171842034.43982485	0.02438901528970209
112	286.25	nan	nan	1	1	6.000000000000838e-05	6.000000000000867e-05	5.999999999999513e-05	0.9895390465535009	2.171792476760026e-20	9.553582968127582e-19	1.0923336887791458e-20	1.0286250000000277	-1.8910112191405927e-18	-4.521123059264553e-20	-1.1817803680092e-19	0.9832618340201902	6975.427003710202	274447.8043591245	-1190906.948031713	285288.6176323683	172540060.91198227	945075.0674234089	-1183352.1715033168	903395.1899741315	4812.686104415216	1599.565890624997	6896.750910628669	282070.4833783519	-1170005.2698278246	282070.8370113386	177332292.73675933	928487.999079866	-1170005.0996260098	928486.6334155075	4728.218366262316	-0.010516053825201098	0.0	0.0	0.0	0.028222958943766613	0.0	0.0	0.0	-0.016879832125874943	177346024.19053805	0.028187745748999626
116	325.0	nan	nan	1	1	6.000000000000838e-05	6.000000000000867e-05	5.999999999999513e-05	0.9881144221935957	-1.3018557586119694e-19	1.1373822890459185e-18	-5.082875309883606e-20	1.0324999999999986	-5.25119769716198e-19	-6.713921953116486e-20	2.485533480423019e-20	0.9810071905752845	6554.487308671558	282900.57246249716	-1220479.951285707	295609.0114094643	176912143.0591732	982084.0400292621	-1211701.0826894913	933104.0957555936	4539.595562031795	1599.565890624997	6471.075633812868	291846.4382291321	-1196281.4025020383	291847.12408192863	182506448.75646856	962612.1851026199	-1196281.109780016	962610.6602502037	4449.5886556911955	-0.011956776003116126	0.0	0.0	0.0	0.03198304585304945	0.0	0.0	0.0	-0.01917548960134937	182521065.71937275	0.031972257142730144
120	363.75	nan	nan	1	1	6.000000000000838e-05	6.000000000000867e-05	5.999999999999513e-05	0.9866940528948982	2.6166541806579847e-19	-1.6798357409947285e-18	-4.683753385137379e-20	1.0363750000000418	-1.57575233243612e-18	-4.4831759832275606e-20	6.746448018291051e-20	0.9787679806851098	6288.425976527852	290913.62846008426	-1246925.356444601	305562.4356792609	180965130.3299154	1019283.9543479404	-1236908.4752303776	962625.3294372166	4366.1905102381415	1599.565890624997	6199.337369872148	301232.48404932	-1219385.4756431845	301233.5095310327	187384056.30614492	996771.8140177618	-1219385.0992647195	996770.1435306066	4269.7578203527655	-0.013395264404943175	0.0	0.0	0.0	0.03572904745428626	0.0	0.0	0.0	-0.021460660775514905	187399403.4914734	0.035742633620764894
124	402.5	nan	nan	1	1	6.000000000000838e-05	6.000000000000867e-05	5.999999999999513e-05	0.9852780706076354	-4.904659577781301e-20	1.960603446087006e-18	1.1647719464283335e-19	1.040250000000004	2.292084707797293e-18	1.0028870095490916e-19	4.8382521947165633e-20	0.9765440039005692	6106.613406466146	298199.5320100183	-1270735.6212580786	314838.42140343075	184729369.31950933	1055883.0948590916	-1259470.689515619	991218.079765314	4241.739932853146	1599.565890624997	6011.334357684206	309924.795291516	-1239820.0718024783	309926.12332352257	191992963.8546728	1030194.6625114325	-1239819.6716308596	1030192.9664000738	4138.5432344383435	-0.014831372465242422	0.0	0.0	0.0	0.03946106888091821	0.0	0.0	0.0	-0.02373546680249648	192008939.92782068	0.03949895696422633
128	441.25	nan	nan	1	1	6.000000000000838e-05	6.000000000000867e-05	5.999999999999513e-05	0.9838665729709103	-3.527316242910028e-19	2.358315908009001e-18	-1.8384003087207335e-20	1.0441249999999975	4.59132514993299e-19	9.939423416260861e-20	-4.058981883242607e-21	0.9743350795191361	5971.744346906377	304728.573724331	-1292394.912814421	323393.7248293511	188231241.52541167	1091182.1378101138	-1279873.973619101	1018245.3259310469	4144.264204361854	1599.565890624997	5870.030715205015	317883.97452866647	-1258075.021878093	317885.5268371072	196357349.93690768	1062205.5056754672	-1258074.5424287342	1062203.873093356	4034.2121652407054	-0.016264987698208395	0.0	0.0	0.0	0.04317921409393072	0.0	0.0	0.0	-0.026000010355383477	196373879.05583146	0.043241309694033336
132	480.0	nan	nan	1	1	6.000000000000838e-05	6.000000000000867e-05	5.999999999999513e-05	0.9824596225298793	7.254667786643631e-20	-4.66354656714768e-18	-2.0267126735543094e-19	1.0479999999999927	1.3869656291520815e-19	-3.0032400177848475e-20	-1.9660651145309016e-19	0.9721410497884289	5867.606439994847	310370.19595877995	-1312262.4493177542	331076.75278998644	191493794.2198832	1124703.6756913213	-1298479.369555503	1043290.9579528187	4069.253882295806	1599.565890624997	5759.309421285997	324964.5730435839	-1274514.2873765351	324966.1477830501	200498307.79313874	1092350.7751660086	-1274513.6441756766	1092349.0886876136	3952.198902471688	-0.017696032744912164	0.0	0.0	0.0	0.04688358589884368	0.0	0.0	0.0	-0.02825437209850506	200515321.01831862	0.046969773746503796
136	518.75	nan	nan	1	1	6.000000000000838e-05	6.000000000000867e-05	5.999999999999513e-05	0.9810572388033777	1.8878670328403846e-19	2.8776080910480895e-19	1.6479873021779667e-20	1.051875000000009	3.8738543622907073e-19	-1.7894756856873252e-19	-5.984795992119985e-20	0.9699617898441338	5782.746876904731	314956.46427398716	-1330574.9135709535	337693.15058905	194537287.90368178	1156362.8608856574	-1315525.7979436663	1066310.9513525767	4012.4937567346587	1599.565890624997	5667.811827766232	330979.84904596367	-1289379.7675825527	330981.32666127314	204434356.76925617	1120561.3916230933	-1289379.0504812307	1120559.435185032	3888.26530150051	-0.019124473714862804	0.0	0.0	0.0	0.05057428596294195	0.0	0.0	0.0	-0.03049860017385442	204451793.2705245	0.05068442829000171
140	557.5	nan	nan	1	1	6.000000000000838e-05	6.000000000000867e-05	5.999999999999513e-05	0.9796594273448138	1.8741789804127552e-19	6.20665086166483e-19	1.0459162832696101e-19	1.0557500000000046	-7.41759626811389e-18	-1.0831179703130189e-19	1.0294499627749865e-19	0.967797180688302	5709.219006902297	318722.4197651865	-1347328.103751586	343479.1441125917	197379625.15606505	1186454.6088673575	-1331013.2575325042	1087610.8907741844	3963.6139596155676	1599.565890624997	5587.67657286516	336165.4989441405	-1302678.2335713047	336166.8845608097	208181841.17979506	1147136.0166749903	-1302677.5795946606	1147133.7912894464	3832.2615086061915	-0.020550290835209022	0.0	0.0	0.0	0.05425141483192071	0.0	0.0	0.0	-0.03273273774112975	208199653.3359863	0.05438535338403613
144	596.25	nan	nan	1	1	6.000000000000838e-05	6.000000000000867e-05	5.999999999999513e-05	0.9782662061411744	-1.4243706041028314e-20	-1.6594120825705327e-18	-8.913497110546453e-20	1.0596250000000067	-5.27084886153828e-18	1.7726705520137998e-20	-3.0560948736935155e-20	0.9656470847186991	5642.475035036338	322037.78663361975	-1362416.301428808	348821.8679015521	200036710.7494879	1215237.4001972326	-1344841.2486704907	1107455.757540136	3920.3864594519832	1599.565890624997	5514.409534211097	340903.4121288248	-1314318.3880257513	340904.7664639342	211755266.23250002	1172335.400876215	-1314317.8051511126	1172332.7578221883	3781.9835291321638	-0.021973451567120744	0.0	0.0	0.0	0.05791507194643869	0.0	0.0	0.0	-0.03495684825146604	211773412.60275736	0.0580726333327222
148	635.0	nan	nan	1	1	6.000000000000838e-05	6.000000000000867e-05	5.999999999999513e-05	0.976877589727157	2.6652399905124913e-19	2.755581136534846e-18	1.032702569292443e-19	1.0635000000000003	-1.7232851430570851e-18	2.0312527701515925e-19	-8.009543549236664e-20	0.963511362566893	5577.3206800567195	325091.7382773833	-1375904.7212733629	353920.0126183073	202522723.4322245	1242876.8727191945	-1357078.255829896	1126020.440119185	3875.595501517739	1599.565890624997	5442.9116025222875	345389.35264673096	-1324374.2251509787	345390.8164063879	215167548.43774298	1196328.546457922	-1324373.7285179982	1196325.2986389694	3730.4463819056905	-0.023393926777631545	0.0	0.0	0.0	0.061565355658154935	0.0	0.0	0.0	-0.03717099818542866	215185997.43370134	0.06174635380850818
152	673.75	nan	nan	1	1	6.000000000000838e-05	6.000000000000867e-05	5.999999999999513e-05	0.9754935809354796	-2.271403551357132e-19	3.9044153110276425e-19	2.0982022543025724e-19	1.0673750000000115	-7.835854361204486e-18	2.53703308361608e-19	2.551940863487756e-20	0.9613898824566255	5513.894830275992	327908.0472825956	-1388065.5106968698	358795.3038676924	204850384.331048	1269291.0693152416	-1367996.2575199474	1143252.990561947	3831.270328114469	1599.565890624997	5373.3100930929895	349645.63564007723	-1333117.7806306183	349647.2977759241	218430268.58934012	1219045.1244986872	-1333117.2109928404	1219041.1973572443	3679.6062991635717	-0.024811699222036413	0.0	0.0	0.0	0.06520236324564353	0.0	0.0	0.0	-0.03937524733818359	218448990.36412382	0.06540660009355038
156	712.5	nan	nan	1	1	6.000000000000838e-05	6.000000000000867e-05	5.999999999999513e-05	0.9741141738804932	-3.613374790351065e-19	3.262770912823565e-18	1.6268453598144993e-19	1.0712500000000036	1.892258051638951e-18	1.8637435345025822e-19	-3.899197588072556e-19	0.9592825180307842	5457.577547793767	330513.26890729123	-1399060.5540045833	363473.08048417774	207031146.14372903	1294161.8245702037	-1377758.0466397917	1158891.4928518767	3791.140887735704	1599.565890624997	5310.831842416394	353697.9208929203	-1340712.9814376547	353699.8591026697	221553846.21382713	1240189.0349319566	-1340712.292434204	1240184.7372644437	3633.0320285977277	-0.02622676056630512	0.0	0.0	0.0	0.06882619092985605	0.0	0.0	0.0	-0.04156965099698226	221572803.5594287	0.06905345721433633
160	751.25	nan	nan	1	1	6.000000000000838e-05	6.000000000000867e-05	5.999999999999513e-05	0.9727393568585225	1.401060257394393e-19	1.0044875630062234e-17	-6.14742631799281e-20	1.0751249999999948	-1.0577313764442708e-17	5.88721779659629e-20	2.0017082609513627e-20	0.9571891461116724	5403.812070994553	332836.2924828638	-1408953.4739536424	367871.30815534765	209075371.58437207	1316990.337439599	-1386429.1785338987	1172518.8100107284	3750.6907311294226	1599.565890624997	5251.018049077263	357467.38443431794	-1347228.3209071287	357469.66280155577	224547706.83923087	1259294.0176944705	-1347227.5764965666	1259289.45154367	3586.3758948421305	-0.027639108469006097	0.0	0.0	0.0	0.0724369338895019	0.0	0.0	0.0	-0.043754262218567666	224566858.90733707	0.07268701013024996
164	790.0	nan	nan	1	1	6.000000000000838e-05	6.000000000000867e-05	5.999999999999513e-05	0.9713691112901396	2.4557179206796676e-20	-4.845231746201939e-19	-1.9943898962870853e-19	1.0790000000000313	-1.7876054369397874e-18	-2.90132501357121e-19	4.384107009716697e-19	0.9551096484175948	5333.908150517966	334739.04631211364	-1417657.2030076594	371831.6584315763	210992506.3757678	1337510.9299947144	-1393926.531673558	1183933.8795291702	3696.590038376869	1599.565890624997	5175.720982335353	360801.9308480454	-1352587.8906879793	360804.28498829267	227420447.46063036	1276120.2664054001	-1352586.995169046	1276115.3335313287	3526.9195628806415	-0.029048747712630274	0.0	0.0	0.0	0.076034686276027	0.0	0.0	0.0	-0.045929129995197646	227439761.7627531	0.07630734329639892
168	828.75	nan	nan	1	1	6.000000000000838e-05	6.000000000000867e-05	5.999999999999513e-05	0.9700034205071852	-5.7237743190941e-19	3.1811101604446724e-18	2.8189256484623116e-20	1.0828750000000054	3.5846976428888236e-18	2.5728117553081023e-19	-2.244298497044994e-20	0.9530439039065146	5270.015393152349	336188.19462389604	-1425123.6329479427	375309.9600303437	212791202.28240636	1355750.2100425013	-1400205.686922253	1193197.6710389166	3643.480671706039	1599.565890624997	5106.468398107822	363660.62893129664	-1356753.4948920526	363662.7803554989	230179951.8559486	1290708.2537610189	-1356752.4110859171	1290702.714813675	3468.6851165911316	-0.030455681194858652	0.0	0.0	0.0	0.07961954122817226	0.0	0.0	0.0	-0.048094307232197826	230199377.22668326	0.0799145415894354
172	867.5	nan	nan	1	1	6.000000000000838e-05	6.000000000000867e-05	5.999999999999513e-05	0.968642275333951	-1.8835302241504425e-19	5.633101136156421e-18	1.2026512598295459e-19	1.0867499999999883	-1.1275702593849246e-20	2.3874131838130807e-19	9.486769009248165e-22	0.9509917828863461	5207.875658763119	337450.31491995475	-1431495.3330835828	378598.0257726491	214479338.11753124	1371892.6204723537	-1405409.6247425692	1200508.3336325702	3590.107137482216	1599.565890624997	5039.1141142981	366327.61118286	-1359868.356890434	366329.5324853168	232833398.3013569	1303247.9537416152	-1359867.2357881682	1303241.7829245578	3410.470842117306	-0.03185990415299676	0.0	0.0	0.0	0.08319159088675407	0.0	0.0	0.0	-0.0502498569721346	232852892.81328592	0.08350869134041403
176	906.25	nan	nan	1	1	6.000000000000838e-05	6.000000000000867e-05	5.999999999999513e-05	0.9672856693369942	5.651403824080692e-19	-3.5703353522351795e-18	1.8743145056843158e-19	1.0906250000000084	1.5498399005137165e-18	2.1304572689340163e-20	4.138941793463413e-20	0.9489531523444671	5142.498281162713	338975.51889926	-1437033.205083128	382200.4389690485	216064134.56093913	1386295.8109285948	-1409796.8420485365	1206210.427330694	3534.3884491724702	1599.565890624997	4968.827658939525	369291.0716062242	-1362186.5917167873	369292.9017331344	235387369.7038091	1314091.8102103595	-1362185.6847120863	1314085.2847958459	3350.302928527615	-0.03326140902072356	0.0	0.0	0.0	0.08675092640866304	0.0	0.0	0.0	-0.0523958468757863	235406907.04851657	0.08708987934914496
180	945.0	nan	nan	1	1	6.000000000000838e-05	6.000000000000867e-05	5.999999999999513e-05	0.9659335922414116	2.995108501491206e-20	4.800584639552165e-19	-2.0537499652306668e-19	1.0945000000000098	3.9459538067609933e-19	-3.4049369226907265e-19	-4.594306705907325e-20	0.9469278824880089	5074.992652370318	341014.0860546325	-1441996.8216947757	386405.0048958718	217552188.75714844	1399414.0459370583	-1413623.4903451565	1210723.9727088006	3471.7553312344426	1599.565890624997	4896.691541655365	372827.6763098717	-1363958.8481781145	372829.3317317792	237847878.80422053	1323680.5667693797	-1363958.2680036882	1323673.7831567551	3283.8709014499314	-0.03466019222437757	0.0	0.0	0.0	0.09029763798078973	0.0	0.0	0.0	-0.0545323423516411	237867446.8203653	0.09065819186293612
184	983.75	nan	nan	1	1	6.000000000000838e-05	6.000000000000867e-05	5.999999999999513e-05	0.9645860411755781	-5.919743861770855e-20	-1.9098729488100515e-18	-2.1559360199874255e-19	1.0983750000000112	-5.30356466209303e-18	3.2742905609062234e-19	1.178256710948622e-19	0.9449158359940715	5011.750966748703	343387.39632102946	-1446613.791355835	391016.8168418043	218949551.95795542	1411629.6646690334	-1417113.4741948212	1214397.6042519922	3407.6643928901135	1599.565890624997	4828.872248410693	376747.3884208391	-1365403.4281682568	376748.6190029502	240220441.34361497	1332383.2490471508	-1365403.024569587	1332376.0010071243	3216.3640854952746	-0.03605624255338482	0.0	0.0	0.0	0.09383181483388019	0.0	0.0	0.0	-0.05665941789482516	240240030.65416074	0.09421371616842793
188	1022.5	nan	nan	1	1	6.000000000000838e-05	6.000000000000867e-05	5.999999999999513e-05	0.963243028665772	-5.5562650834450885e-19	-5.880577058289816e-18	9.646688829689776e-20	1.1022499999999968	-2.3383530355081116e-18	-1.255506115738214e-19	5.128818376942679e-19	0.9429168602835201	4949.078268676379	345731.91416076914	-1450975.2749036532	395625.7719541388	220261781.39575547	1423216.1286105034	-1420356.6409583185	1217479.7320363557	3338.225024844724	1599.565890624997	4761.796299983655	380653.8219693278	-1366608.2240935	380654.5855200698	242510122.69315338	1340463.135149409	-1366607.8066252514	1340455.6946811914	3144.1237157748646	-0.03744953280725333	0.0	0.0	0.0	0.09735354525590689	0.0	0.0	0.0	-0.05877716536427605	242529730.9613903	0.09775654176979456
192	1061.25	nan	nan	1	1	6.000000000000838e-05	6.000000000000867e-05	5.999999999999513e-05	0.961904565132504	-3.707700379357304e-19	5.41033147102854e-18	2.5885326868091417e-20	1.106124999999992	-1.987396792274554e-18	-1.0917915876929029e-19	4.396439809428721e-20	0.9409308051748739	4861.966827820202	347788.60320639017	-1454930.2365512853	399933.9638804021	221494036.17838463	1434413.248408315	-1423205.5968686747	1220184.387744574	3254.459002458904	1599.565890624997	4671.432696597782	384260.43790742004	-1367432.7453353927	384261.0740699935	244721634.2085824	1348149.6204696551	-1367432.0279503071	1348142.4717194769	3058.7403412981407	-0.03884003788150346	0.0	0.0	0.0	0.1008629166053702	0.0	0.0	0.0	-0.06088567538964997	244741274.82363257	0.101286757539477
196	1100.0	nan	nan	1	1	6.000000000000838e-05	6.000000000000867e-05	5.999999999999513e-05	0.9605706396525674	2.0843786766033823e-20	2.5172192889139078e-18	-2.505862271157122e-19	1.1099999999999894	-2.6349365397915215e-18	-1.4116312285761268e-19	-3.2870299364329282e-19	0.9389575425063136	4769.542829442302	349501.1621880808	-1458322.9267644621	403871.7241341151	222651138.74413142	1445349.3294073928	-1425509.3821940024	1222626.02486806	3169.4531891183215	1599.565890624997	4576.2297414008435	387501.4761522757	-1367733.2871653773	387502.505331205	246859393.51442432	1355565.597393871	-1367732.4357321942	1355558.8383526108	2972.5697575690256	-0.04022775481089179	0.0	0.0	0.0	0.10436001532423285	0.0	0.0	0.0	-0.06298501644436097	246879063.2883176	0.1048044484714625
200	1138.75	nan	nan	1	1	6.000000000000838e-05	6.000000000000867e-05	5.999999999999513e-05	0.9592412287846536	-1.5211356479971627e-19	5.4978943489839005e-18	-1.1728357000861944e-19	1.1138750000000033	3.75925419265899e-18	-1.0408340855860842e-19	-2.38524477946811e-19	0.9369969568563031	4694.516372340472	350993.4721153168	-1461220.033924615	407577.1374447615	223737510.50318456	1456142.9872558953	-1427334.3058821682	1224908.528636948	3097.130896014805	1599.565890624997	4497.9665452664	390510.77571319125	-1367575.5399153703	390512.7138640698	248927446.58804187	1362823.863454638	-1367574.7292299406	1362817.3105697038	2898.6465822877813	-0.04161269372314713	0.0	0.0	0.0	0.10784492695074999	0.0	0.0	0.0	-0.06507524450106636	248947128.0890598	0.10830969727943673
204	1177.5	nan	nan	1	1	6.000000000000838e-05	6.000000000000867e-05	5.999999999999513e-05	0.9579163067778951	-4.1687573532067646e-20	9.395831552030942e-18	-2.0296264668928644e-19	1.1177499999999987	5.097539144266472e-18	-3.6526771191036647e-19	-1.167414689223767e-19	0.9350489350568967	4622.092360183079	352391.4848843307	-1463709.1904915436	411192.7759001395	224757181.04820803	1466845.4301599162	-1428766.9875365081	1227077.0924909199	3028.4073149432284	1599.565890624997	4422.416085201292	393426.4003783048	-1367044.1942270275	393429.08028504305	250929470.46662113	1369973.3131108908	-1367043.6709827648	1369966.4838491823	2828.407899971931	-0.04299486727238309	0.0	0.0	0.0	0.11131773613195199	0.0	0.0	0.0	-0.0671564141037329	250949160.09892306	0.11180258615281266
208	1216.25	nan	nan	1	1	6.000000000000838e-05	6.000000000000867e-05	5.999999999999513e-05	0.9565958331090916	6.998525023393931e-20	4.071206262737381e-18	-2.5841958781192e-19	1.1216250000000274	-1.2233053112153946e-18	-5.063224145507306e-20	2.5766064629118013e-19	0.9331133790871848	4530.407159528916	353793.32189889613	-1465731.8563718419	414832.03988167224	225713939.620985	1477376.8184860747	-1429750.7531702023	1229067.8891015362	2951.7489467989776	1599.565890624997	4328.67657333567	396357.17999131046	-1366087.0091750424	396360.3423873197	252868935.2097736	1376940.3118425352	-1366086.6171685185	1376933.5156681417	2751.0802013606713	-0.04437430368407331	0.0	0.0	0.0	0.11477852663610917	0.0	0.0	0.0	-0.06922856452410406	252888643.28811672	0.11528319457181384
212	1255.0	nan	nan	1	1	6.000000000000838e-05	6.000000000000867e-05	5.999999999999513e-05	0.9552797534261258	-2.918672248330978e-19	3.0467978400644523e-18	1.426810058990924e-19	1.1255000000000155	-6.6570555491696216e-18	1.6750923564901043e-19	-1.780802068307441e-20	0.9311902055425686	4432.925407460822	355147.47398581676	-1467294.997495359	418434.2283147599	226611364.41806874	1487835.1634497999	-1430293.379078379	1230965.0717253527	2869.0456057215483	1599.565890624997	4229.670388873381	399245.2496850367	-1364713.1123003426	399248.5102987078	254749132.10891053	1383817.269170433	-1364712.6889858327	1383810.933241143	2668.464190636116	-0.04575104587390135	0.0	0.0	0.0	0.11822738136466306	0.0	0.0	0.0	-0.07129172016319188	254768862.6435482	0.1187515992750415
216	1293.75	nan	nan	1	1	6.000000000000838e-05	6.000000000000867e-05	5.999999999999513e-05	0.9539680262529816	2.067573542929857e-19	3.7830524303450465e-19	2.7633602871224295e-19	1.129375000000005	7.544583447566256e-18	-2.7798943702528334e-19	-7.627362283435524e-20	0.9292793191367719	4345.932437922625	356304.82602692646	-1468480.0235179607	421821.97136687476	227452756.02279696	1498550.5771497162	-1430475.2933894896	1233041.4816939358	2789.4690959587715	1599.565890624997	4140.936096096139	401921.84722029057	-1363000.6225017942	401924.7543099112	256573094.66002017	1390911.2393727463	-1363000.1988253912	1390905.4096960747	2589.1044163698975	-0.047125123553596604	0.0	0.0	0.0	0.12166438236436003	0.0	0.0	0.0	-0.07334591890431633	256592844.76482773	0.12220787846739047
220	1332.5	nan	nan	1	1	6.000000000000838e-05	6.000000000000867e-05	5.999999999999513e-05	0.9526606337543194	7.280417588240162e-19	-6.681558518267794e-18	8.40256683676266e-20	1.1332500000000048	8.95122734614895e-18	1.706534219492184e-19	5.009556137969273e-19	0.9273806020956434	4263.176128177115	357180.1330885528	-1469328.9697010396	424890.8655989212	228241139.7627042	1510204.512784908	-1430338.1202649605	1235851.7089158003	2714.7699777483185	1599.565890624997	4056.481877489329	404288.201839283	-1360990.5012118344	404290.61441328475	258343595.9399654	1398852.1557603998	-1360990.1371862574	1398846.7410467707	2514.601038215622	-0.048496541838652554	0.0	0.0	0.0	0.12508961083882617	0.0	0.0	0.0	-0.07539122368126407	258363375.01983833	0.1256521135009551
224	1371.25	nan	nan	1	1	6.000000000000838e-05	6.000000000000867e-05	5.999999999999513e-05	0.9513575660838548	-4.117799851099946e-19	6.93333736777324e-18	3.715018744021581e-19	1.1371249999999897	3.5415463964239004e-19	-9.215718466126788e-21	-3.5610620355286393e-19	0.925493929870127	4200.565688391434	357904.39454145683	-1469881.0678085764	427793.2661410206	228979286.81446236	1523440.3747608047	-1429920.5971502569	1239907.4995041485	2659.701217026675	1599.565890624997	3991.4068491187472	406489.8257053211	-1358720.7629789605	406492.14871248015	260063167.16672266	1408229.6273357554	-1358720.5363635463	1408224.6294010826	2458.5603189530834	-0.04986529753018528	0.0	0.0	0.0	0.12850314716007985	0.0	0.0	0.0	-0.07742770574738525	260082980.81799665	0.12908438634143493
228	1410.0	nan	nan	1	1	6.000000000000838e-05	6.000000000000867e-05	5.999999999999513e-05	0.9500588150494126	-1.4707202469765868e-19	3.702794364526807e-18	2.8172993452035833e-19	1.1410000000000082	8.323420078171217e-19	-3.9638431426070044e-19	-9.324680784461581e-19	0.9236191768362912	4141.180007338156	358618.73231118184	-1470219.0554356345	430696.0694003269	229669721.1996398	1538270.7303025553	-1429303.5657015012	1245198.6992882558	2606.005536823653	1599.565890624997	3929.5744628649722	408685.7901085793	-1356269.2365501309	408688.41068797465	261734100.91429645	1419046.5436299716	-1356269.1748511195	1419041.9194812612	2404.026207391219	-0.051231385725602256	0.0	0.0	0.0	0.131905070879946	0.0	0.0	0.0	-0.0794554385771448	261753973.0499208	0.1325047788281728
232	1448.75	nan	nan	1	1	6.000000000000838e-05	6.000000000000867e-05	5.999999999999513e-05	0.9487643979393986	-9.952975943416931e-20	-1.2216790079566665e-18	2.596664203102783e-19	1.1448749999999766	1.4896937849950832e-19	5.551115123125783e-20	-3.839159892771171e-19	0.9217561941415159	4060.140709931475	359336.66036204447	-1470290.581131128	433614.7535998558	230314895.54813933	1554359.1098595252	-1428436.4145692564	1251434.2443541158	2537.5673355670115	1599.565890624997	3847.396523149465	410891.42968731484	-1353588.7104511296	410894.1080060629	263358647.05458117	1430984.4394664445	-1353588.8747674946	1430980.087877059	2336.15214673454	-0.052594774693746286	0.0	0.0	0.0	0.13529546074099447	0.0	0.0	0.0	-0.08147452191051541	263378614.80358928	0.13591337580300727
236	1487.5	nan	nan	1	1	6.000000000000838e-05	6.000000000000867e-05	5.999999999999513e-05	0.9474743558882536	1.5298092653770468e-19	2.815293571184485e-18	2.7034581170926054e-19	1.1487500000000042	-4.016589578298424e-18	3.0769657655138617e-19	-7.610015048675756e-19	0.9199048118166223	3964.758034133084	359999.6675857774	-1469853.1967605816	436478.31595311227	230917210.97576818	1571600.9432380158	-1427083.8844504417	1258514.8658844465	2466.237998399132	1599.565890624997	3751.874241304569	413039.65082917805	-1350457.6599680663	413042.04100580217	264939034.05939436	1443940.481189784	-1350458.0153833316	1443936.1687587798	2265.906556915096	-0.05395540741740995	0.0	0.0	0.0	0.13867439468776338	0.0	0.0	0.0	-0.0834850797086814	264959120.1015673	0.13931026465237203
240	1526.25	nan	nan	1	1	6.000000000000838e-05	6.000000000000867e-05	5.999999999999513e-05	0.9461887344601699	-3.4049369226907265e-19	-6.409044302213562e-18	3.3610267347050637e-21	1.152625000000026	-2.809926770430682e-18	-2.205267218835516e-19	1.4864411784776266e-19	0.9180648569600633	3865.0387242999927	360433.00574328686	-1468672.954532704	439073.0513716647	231478925.5638348	1589667.688011089	-1425019.599546241	1266165.0182947183	2400.305695596524	1599.565890624997	3652.5187273909314	414928.6446819874	-1346664.1212094708	414930.5239155491	266477362.85575595	1457607.3137887109	-1346664.5861832686	1457602.7350806966	2200.9022159893	-0.0553132219432957	0.0	0.0	0.0	0.14204194987719082	0.0	0.0	0.0	-0.08548724057396714	266497572.16919196	0.14269553271211727
244	1565.0	nan	nan	1	1	6.000000000000838e-05	6.000000000000867e-05	5.999999999999513e-05	0.944907565259496	-3.217369946850734e-19	2.7285031872770205e-18	-2.781791724054683e-19	1.156500000000009	9.952759102982434e-18	2.3006770100142403e-19	5.005761430365574e-19	0.9162361712623169	3750.9517821197883	360440.9317702634	-1466635.4010284832	441155.23583882966	232002167.5538643	1607865.2603502385	-1422133.9606028255	1273825.385381533	2333.0654950565977	1599.565890624997	3539.8789523352116	416329.6531549193	-1342107.181931951	416330.63413462974	267975619.4017765	1471345.5791273601	-1342107.9147261328	1471340.3338271407	2134.9709373149603	-0.05666817081276424	0.0	0.0	0.0	0.14539820268936457	0.0	0.0	0.0	-0.08748111865117048	267995951.8025393	0.1460692646679211
248	1603.75	nan	nan	1	1	6.000000000000838e-05	6.000000000000867e-05	5.999999999999513e-05	0.9436308606059567	9.485684807075679e-19	-3.224579891297763e-18	-4.3183772530097643e-19	1.160374999999985	3.577379278224546e-18	3.5388358909926862e-19	-1.1202518947206474e-18	0.914418616317956	3626.758842500124	360193.2945946843	-1463806.281890592	442926.6870541693	232488938.63168797	1625659.539189491	-1418491.8197575952	1281074.6814845535	2266.2847840631493	1599.565890624997	3418.0251661150296	417434.5857789129	-1336851.314640192	417434.582458057	269435675.93367964	1484667.1441496613	-1336852.255254298	1484660.8391727938	2069.731377987301	-0.05802022680542412	0.0	0.0	0.0	0.1487432287379467	0.0	0.0	0.0	-0.08946680765589639	269456122.275636	0.1494315416906327
252	1642.5	nan	nan	1	1	6.000000000000838e-05	6.000000000000867e-05	5.999999999999513e-05	0.9423586137622997	7.612725554106969e-19	1.412281749879618e-18	-8.676598935858371e-19	1.1642500000000278	-9.200051744734373e-18	-2.1293730667615307e-19	-2.3635607360184e-19	0.9126120729847059	3482.6450066578864	360130.09997733345	-1460397.3329809443	444927.2673532559	232941061.30261245	1642751.1014211955	-1414299.4379340692	1287684.7867370038	2190.4662690700534	1599.565890624997	3277.756986702585	418752.1088494528	-1331093.5527763213	418751.6833767506	270859227.4409667	1497301.6935429354	-1331094.5718313698	1497294.2278732513	1996.5220851106526	-0.05936938283617465	0.0	0.0	0.0	0.15207710288037357	0.0	0.0	0.0	-0.09144438135794646	270879788.2976088	0.1527824416451085
256	1681.25	nan	nan	1	1	6.000000000000838e-05	6.000000000000867e-05	5.999999999999513e-05	0.9410908030196421	-3.1864701849348976e-19	-5.672708396770032e-18	5.080842430810195e-19	1.168125000000011	1.4296831947480105e-18	-3.6255720647915267e-19	7.9569597438711175e-19	0.9108164379245088	3296.3346656737235	360424.40740664833	-1456527.76061576	447375.06000138994	233360260.11934987	1659117.6264666517	-1409673.3546010766	1293648.3641098842	2097.4600386158404	1599.565890624997	3098.2119096856864	420486.2549421265	-1324945.2072583095	420486.04876997817	272247882.8111015	1509233.1275137847	-1324946.4083462444	1509224.5271360052	1907.9757356667433	-0.06071564775079978	0.0	0.0	0.0	0.15539989922769923	0.0	0.0	0.0	-0.0934138971682924	272268575.05672604	0.15612203947038805
260	1720.0	nan	nan	1	1	6.000000000000838e-05	6.000000000000867e-05	5.999999999999513e-05	0.9398273965889823	-7.407269242420966e-19	-6.7191261235444165e-18	5.947933118255477e-19	1.1720000000000006	-1.194335429166582e-17	5.984795992119985e-20	-8.700722434196173e-20	0.9090316190893215	3077.504493857005	361102.4345774269	-1452119.0067089857	450308.0460050014	233748172.463701	1674926.0785108968	-1404538.3566136085	1299105.2176417601	1993.241253196178	1599.565890624997	2888.631177978628	422671.8512153558	-1318337.1711516285	422671.6367047218	273603175.4786038	1520617.3171966942	-1318338.704518375	1520607.8793313552	1809.6065288180596	-0.06205904122844184	0.0	0.0	0.0	0.158711691154821	0.0	0.0	0.0	-0.09537540093292327	273624010.22680366	0.15945040780171987
264	1750.0	nan	nan	1	1	6.000000000000838e-05	6.000000000000867e-05	5.999999999999513e-05	0.9388522327378136	-4.607859233063394e-20	4.852455243176124e-18	-2.5644091884713394e-19	1.1749999999999996	1.1134322630557136e-17	5.603156827405087e-19	-7.576946882414948e-19	0.9076570840229397	1581.6250139084889	361946.8037937313	-1448135.544399231	452986.3082486455	234027683.105675	1687082.8638814162	-1400019.275384034	1303223.8837876455	1149.8878092285015	1599.565890624997	1483.0092391921662	424742.4823709853	-1312726.0494161386	424742.1951807622	274630133.5554335	1529330.3389355657	-1312726.7855424695	1529325.695608499	1042.3662943143404	-0.06309717878369747	0.0	0.0	0.0	0.16126814759612193	0.0	0.0	0.0	-0.09688863248031938	274652042.0766118	0.16201960452288888
268	1780.0	nan	nan	1	1	6.000000000000838e-05	6.000000000000867e-05	5.999999999999513e-05	0.9378797534395421	4.2609145378680326e-20	-1.2795754039673923e-18	-6.244191361887141e-19	1.1780000000000055	7.598847766299155e-18	3.340426893427839e-19	-5.860112742284152e-19	0.906289019636268	1434.0476001573486	362954.9029264099	-1443597.028741526	455879.89596790174	234290915.91429186	1698923.7510301042	-1394973.2404823566	1307055.5276453814	1085.5463031341885	1599.565890624997	1343.2336357324375	427010.73037439067	-1306632.7173116812	427010.37960741314	275639574.8287524	1537734.7785545238	-1306633.7389058608	1537730.2551906859	982.5528091231874	-0.06413353282089976	0.0	0.0	0.0	0.1638180852293998	0.0	0.0	0.0	-0.09839701758977706	275661562.2163152	0.16458208806734184
272	1810.0	nan	nan	1	1	6.000000000000838e-05	6.000000000000867e-05	5.999999999999513e-05	0.9369098577786172	2.3863289816405953e-19	-3.1529141276964712e-18	1.1622647289044608e-19	1.1810000000000185	-6.101347725662176e-18	-4.141652298894627e-20	4.805726129541999e-19	0.9049273068872532	1244.9178735226824	364131.9775128105	-1438410.8005749465	458997.8915220647	234537528.7232597	1710497.8875968512	-1389310.2402320725	1310645.1174360008	994.1553744111953	1599.565890624997	1164.8690623557773	429484.32476221846	-1299975.685221369	429484.10886546917	276630997.48377585	1545876.6456770378	-1299976.931234027	1545872.2881461184	898.4761610175101	-0.0651682043826022	0.0	0.0	0.0	0.16636153721524108	0.0	0.0	0.0	-0.09990066238983458	276653086.651179	0.16713794955872124
276	1840.0	nan	nan	1	1	6.000000000000838e-05	6.000000000000867e-05	5.999999999999513e-05	0.9359425221219676	-5.561957144850638e-19	5.140256709862401e-18	2.275198258960831e-19	1.1839999999999935	1.2554302215861402e-17	-1.6696713456276769e-19	-2.358139725155972e-19	0.903571913490698	1038.052247199238	365588.9746831477	-1432590.0861924314	462482.96952538606	234768158.26615226	1721923.3340572813	-1383043.7949797153	1314085.5418764737	882.4290536994666	1599.565890624997	970.2972212850572	432295.97134101624	-1292769.3896466247	432296.10208243923	277605004.651925	1553863.7318815705	-1292770.7201685768	1553859.4571759717	796.3040371091008	-0.06620121237944362	0.0	0.0	0.0	0.16889853646180863	0.0	0.0	0.0	-0.10139957777232596	277627206.97303283	0.16968722035955186
280	1870.0	nan	nan	1	1	6.000000000000838e-05	6.000000000000867e-05	5.999999999999513e-05	0.9349777200155642	9.107298248878237e-20	-6.561591547882273e-18	1.4755991567527715e-19	1.1870000000000052	3.554448402276478e-18	-5.815660453212246e-19	5.97015926279143e-19	0.902222809460535	729.9005234252653	367349.5402813287	-1426256.5959705422	466369.23524079367	234983367.7093311	1733358.233746292	-1376292.2912796163	1317498.6209355008	703.3070761311944	1599.565890624997	681.5522465390658	435476.211657173	-1285125.9255568716	435477.15037035436	278562120.1380474	1561839.3006967986	-1285127.3192874365	1561834.834117807	633.7135685944049	-0.06723257883772096	0.0	0.0	0.0	0.17142911562753532	0.0	0.0	0.0	-0.10289377228294128	278584511.3591307	0.17222993155437338
284	1900.0	nan	nan	1	1	6.000000000000838e-05	6.000000000000867e-05	5.999999999999513e-05	0.9340154257117659	7.675067179024886e-19	-1.878488684048385e-18	3.459147031315002e-19	1.1900000000000133	1.6832238727837457e-18	5.358127136423363e-19	-4.80409982628327e-19	0.9008799636842973	162.3311133734632	369288.3562869013	-1419587.546335323	470501.18851610034	235183629.75149354	1744834.2230360648	-1369227.1587729692	1320908.4908229988	344.8016226359504	1599.565890624997	151.42161643372944	438878.8352450244	-1277206.6481632984	438881.05624700227	279502767.2463165	1569831.9384087527	-1277207.9568589632	1569826.857652873	310.21892652198795	-0.06826232513832262	0.0	0.0	0.0	0.1739533071234488	0.0	0.0	0.0	-0.10438325590473316	279525549.0718682	0.1747661144817665
288	1930.0	nan	nan	1	1	6.000000000000838e-05	6.000000000000867e-05	5.999999999999513e-05	0.9330556257995978	9.249328733473839e-19	5.312644855287596e-18	4.73308458398547e-19	1.1929999999999896	8.080341951099968e-18	2.634611279139776e-19	-1.441988889405721e-20	0.8995433402945583	-90.99525680933876	371232.51818797353	-1412731.8651100174	474658.9229457105	235369775.6172698	1756256.2398302073	-1361992.4036244685	1324244.4553754309	173.94554111102934	1599.565890624997	-84.79226153664473	442299.43329344166	-1269146.5152145994	442302.2138334232	280427800.01618814	1577756.2194584059	-1269147.6473440463	1577751.256849649	156.26629708744355	-0.06929045954803173	0.0	0.0	0.0	0.1764711431157696	0.0	0.0	0.0	-0.10586804410131417	280450740.7589248	0.1772957990816704
292	1960.0	nan	nan	1	1	6.000000000000838e-05	6.000000000000867e-05	5.999999999999513e-05	0.9320983034726041	-1.1492543028346347e-20	3.282638917634362e-18	-7.513521055324545e-20	1.1959999999999924	1.5326065069820594e-17	-1.706534219492184e-19	-6.163689350580092e-19	0.8982128985328497	-396.4723123308351	373010.7046679799	-1405784.245376069	478623.54404792446	235542119.69548136	1767536.4323072897	-1354679.647008494	1327440.52332545	-41.45476334324223	1599.565890624997	-369.06460533673027	445533.4240894945	-1261031.034021981	445536.8102514885	281337467.7775938	1585533.6992396826	-1261032.0916021268	1585528.5498006432	-37.186177932931315	-0.07031699402975561	0.0	0.0	0.0	0.178982655528434	0.0	0.0	0.0	-0.10734815800759444	281360610.0762307	0.17981901837099903
296	1990.0	nan	nan	1	1	6.000000000000838e-05	6.000000000000867e-05	5.999999999999513e-05	0.9311434472461637	-1.8756697583999225e-20	-1.3361707573711356e-18	-2.352176613207302e-19	1.198999999999995	1.1914406093660457e-17	1.7217130499069811e-19	1.1568437180420332e-19	0.8968885972261184	-648.1718590453345	374511.5159090529	-1398778.2830616871	482249.2498939994	235701194.1057661	1778680.28043894	-1347321.3855354246	1330502.6574470196	-232.5414017583041	1599.565890624997	-602.7434313491219	448445.92557648226	-1252890.472063478	448449.8417977754	282232283.0145244	1593169.984975285	-1252891.6578448345	1593164.6167208694	-208.28812553877484	-0.07134193489925049	0.0	0.0	0.0	0.1814878760453728	0.0	0.0	0.0	-0.10882361947883668	282255589.0427684	0.18233580401416907
300	2020.0	nan	nan	1	1	6.000000000000838e-05	6.000000000000867e-05	5.999999999999513e-05	0.9301910445080274	4.980824780398408e-19	9.893453244147477e-18	2.44433379786857e-19	1.201999999999994	-2.4339037729692592e-17	2.669305748659312e-19	-1.9862583799934442e-19	0.895570395517471	-881.8362517009729	375688.5388456488	-1391695.447046785	485472.27480854746	235847456.5340516	1789758.212329146	-1339899.7135673524	1333485.0873943737	-421.69618977985067	1599.565890624997	-819.1883207344981	450978.7342664099	-1244708.2978513788	450983.0672037517	283112675.60753953	1600728.7390075421	-1244709.7680466624	1600723.3511143152	-377.1577665969367	-0.07236528972931776	0.0	0.0	0.0	0.18398683611301117	0.0	0.0	0.0	-0.1102944502778976	283136134.7754267	0.18484618780890913
