6	header
postResults v2.0.3	--cr f,p,texture --time RVE_1_40_D_tensionX.spectralOut
addCauchy v2.0.3	RVE_1_40_D_tensionX.txt
addStrainTensors v2.0.3	--left --logarithmic RVE_1_40_D_tensionX.txt
addMises v2.0.3	-s Cauchy RVE_1_40_D_tensionX.txt
addMises v2.0.3	-e ln(V) RVE_1_40_D_tensionX.txt
inc	time	elem	node	ip	grain	1_pos	2_pos	3_pos	1_f	2_f	3_f	4_f	5_f	6_f	7_f	8_f	9_f	1_p	2_p	3_p	4_p	5_p	6_p	7_p	8_p	9_p	texture	1_Cauchy	2_Cauchy	3_Cauchy	4_Cauchy	5_Cauchy	6_Cauchy	7_Cauchy	8_Cauchy	9_Cauchy	1_ln(V)	2_ln(V)	3_ln(V)	4_ln(V)	5_ln(V)	6_ln(V)	7_ln(V)	8_ln(V)	9_ln(V)	Mises(Cauchy)	Mises(ln(V))
0	0.0	nan	nan	1	1	6.000000000000838e-05	6.000000000000867e-05	5.999999999999513e-05	1.0	0.0	0.0	0.0	1.0	0.0	0.0	0.0	1.0	2.7716487604837305e-06	-1.193192284640359e-09	-2.8066754232013673e-08	-1.19319228464005e-09	2.7018729684353462e-06	-1.6832583398956398e-08	-2.8066754232013544e-08	-1.6832583398956544e-08	2.6991213888906947e-06	1599.565890624997	2.7716487604837305e-06	-1.193192284640359e-09	-2.8066754232013673e-08	-1.19319228464005e-09	2.7018729684353462e-06	-1.6832583398956398e-08	-2.8066754232013544e-08	-1.6832583398956544e-08	2.6991213888906947e-06	0.0	0.0	0.0	0.0	0.0	0.0	0.0	0.0	0.0	9.102600058541354e-08	0.0
2	2.0	nan	nan	1	1	6.000000000000838e-05	6.000000000000867e-05	5.999999999999513e-05	0.9999331859138993	-2.684780114163362e-23	1.162221847861506e-22	5.426304818347862e-25	1.000200000000001	2.8158551540285147e-22	1.1613615800244508e-24	1.5862015426316857e-23	0.9999338800589291	-5.212575556470256e-07	-494.16260335455735	2741.2009144848457	-494.294461707943	14158906.776143039	727.4803459857025	2741.2028174030215	727.2867876705222	5.689014667041192e-06	1599.565890624997	-5.211877858873866e-07	-494.22830092956826	2740.835910374561	-494.2283009295588	14160789.164315844	727.3834784722585	2740.8359103746043	727.3834784722201	5.688257147325681e-06	-6.681631826113055e-05	0.0	0.0	0.0	0.0001999800026671327	0.0	0.0	0.0	-6.61221270905273e-05	14160790.04196875	0.00017763326904596366
4	4.0	nan	nan	1	1	6.000000000000838e-05	6.000000000000867e-05	5.999999999999513e-05	0.9998663539893821	-5.89300011995028e-23	-5.855181422344355e-22	5.399835038746164e-24	1.0003999999999935	1.6229283618290403e-21	-6.140988867593678e-24	-4.5713309372130524e-23	0.9998677425139986	-1.4601724387830472e-06	-988.3614006098412	5482.594259821274	-988.8889062273079	28326310.375513993	1455.406311259539	5482.601873555826	1454.6319700916401	-2.47057085562119e-06	1599.565890624997	-1.459781670398709e-06	-988.6242617832808	5481.134630758777	-988.6242617832482	28333843.94287096	1455.018838970148	5481.134630758693	1455.018838970114	-2.469913116446927e-06	-0.00013365494204179026	0.0	0.0	0.0	0.0003999200213202327	0.0	0.0	0.0	-0.00013226623279418177	28333845.69716862	0.0003552546439163168
6	6.0	nan	nan	1	1	6.000000000000838e-05	6.000000000000867e-05	5.999999999999513e-05	0.9997995042228783	-1.0005576689441423e-23	1.4620582762997276e-22	1.9852334701272663e-24	1.000599999999987	-7.30049756304601e-22	-5.558653716356346e-24	-5.336307567702092e-23	0.9998015873617152	9.149800112027151e-07	-1482.5963387202237	8224.179771036592	-1483.7833888270761	42502212.496087745	2183.777960926152	8224.196906580244	2182.0354505091873	-1.387826614518417e-07	1599.565890624997	9.146128231357564e-07	-1483.187935866925	8220.896477131255	-1483.1879358669414	42519172.0601879	2182.906143301862	8220.896477131022	2182.90614330183	-1.387272560159364e-07	-0.00020051587908694035	0.0	0.0	0.0	0.0005998200719546787	0.0	0.0	0.0	-0.00019843232467615086	42519174.690109216	0.0005328641403784184
8	8.0	nan	nan	1	1	6.000000000000838e-05	6.000000000000867e-05	5.999999999999513e-05	0.9997326366108242	9.905322399199996e-23	8.356509420255707e-23	-1.9839099811471817e-23	1.0008000000000166	-7.968594800192839e-22	-2.3386050278099197e-23	-4.5713309372130524e-23	0.9997354145986066	8.798518938419875e-07	-1976.8673654820013	10965.957183063427	-1978.9779656303033	56686614.83613807	2912.595360121963	10965.987654505207	2909.4971322036968	-8.611443263362162e-08	1599.565890624997	8.793812464227703e-07	-1977.919377383738	10960.12176522024	-1977.9193773836266	56716781.247156866	2911.0454533832526	10960.121765219994	2911.0454533832517	-8.606860775175425e-08	-0.0002673991371386431	0.0	0.0	0.0	0.000799680170581106	0.0	0.0	0.0	-0.0002646204102860817	56716784.75169109	0.000710461774203669
10	10.0	nan	nan	1	1	6.000000000000838e-05	6.000000000000867e-05	5.999999999999513e-05	0.9996657486137103	-8.880941928614327e-23	2.0532608037036273e-22	-3.449012282101104e-23	1.0010000000000012	6.010228156361295e-22	-2.448454613156962e-23	-2.932851579868015e-23	0.9996692150059093	0.00040039353949305226	-2474.3676739568223	13686.839682138147	-2477.67020633161	70877013.31320097	3663.9345649187985	13686.88714195592	3659.063526818825	0.00040340946608921516	1599.565890624997	0.000400125901591101	-2476.0140396101547	13677.738318616814	-2476.0140396097477	70924172.6264905	3661.498151461189	13677.738318616772	3661.498151461444	0.00040314121013794376	-0.00033430726073543584	0.0	0.0	0.0	0.0009995003330851978	0.0	0.0	0.0	-0.0003308397155142905	70924176.9959192	0.0008880514707444407
12	12.0	nan	nan	1	1	6.000000000000838e-05	6.000000000000867e-05	5.999999999999513e-05	0.999598777367368	2.202020965065164e-22	7.355951751311564e-23	-7.316247081909019e-23	1.001199999999962	-1.4921014761476533e-22	-6.2998075452038585e-24	8.994431108656602e-23	0.9996027529366658	0.005640275895442756	-3040.225939259804	15804.253824526972	-3045.095971804799	85009607.98935135	5015.314093507442	15804.316680655827	5007.31299911396	0.007054021121497498	1599.565890624997	0.005635754463541328	-3042.6549220582783	15791.64741713693	-3042.6549220538545	85077526.25583434	5011.313582420125	15791.647417140202	5011.313582420735	0.007048394417131516	-0.00040130314396848307	0.0	0.0	0.0	0.0011992805754438192	0.0	0.0	0.0	-0.00039732598685121774	85077531.25223175	0.001065732567599503
14	14.0	nan	nan	1	1	6.000000000000838e-05	6.000000000000867e-05	5.999999999999513e-05	0.9995310529695357	-2.5575101051159533e-22	9.09501627114305e-23	-1.2726670032495862e-22	1.001399999999977	1.2270860427754641e-21	5.214546581534287e-24	-2.2991650562033915e-22	0.9995333827134356	-3.8107349028926527	-4232.495759518208	10206.508417986266	-4240.409784142854	98374096.49864836	13257.52119789303	10206.532203444312	13232.809079098803	-4.757249956804386	1599.565890624997	-3.807183830415463	-4236.458311728556	10197.021145776207	-4236.458314712366	98466196.41219111	13245.197912859201	10197.021141531375	13245.197915342187	-4.752827942589225	-0.00046905702051066694	0.0	0.0	0.0	0.0013990209136847918	0.0	0.0	0.0	-0.00046672618628809285	98466205.22210796	0.0012446090722323102
16	16.0	nan	nan	1	1	6.000000000000838e-05	6.000000000000867e-05	5.999999999999513e-05	0.9994608650985506	5.124549330888517e-23	2.5491985943210202e-21	-1.0672615135404184e-22	1.0015999999999796	4.458252038754603e-21	-2.684035651612064e-23	2.492394447295779e-22	0.9994522603559609	90.13195146316092	-5645.391194370073	-30530.30189064452	-5657.473996835916	108702645.21605696	47677.20328474977	-30530.039055194524	47574.96862334113	209.17451543682324	1599.565890624997	90.03728770194282	-5651.532031749569	-30497.973962527292	-5651.532066600966	108820887.73353893	47626.71884453229	-30497.97397416406	47626.718827284814	208.95302471186352	-0.0005392802869276643	0.0	0.0	0.0	0.0015987213636768996	0.0	0.0	0.0	-0.000547889708197812	108820782.76629399	0.0014282128906058745
18	18.0	nan	nan	1	1	6.000000000000838e-05	6.000000000000867e-05	5.999999999999513e-05	0.9993887459564518	-3.6930636500287495e-22	-1.0309502698828107e-20	-9.952637130238028e-23	1.0017999999999867	-4.8221585687187315e-21	-1.0852609636695724e-24	2.5622746654442585e-23	0.9993547838648904	-87.83654739730859	-2904.3383216139873	-116461.04009338033	-2911.3436017876343	115110610.0367226	116320.15254641384	-116457.08292196848	116036.23629146174	292.3870022246824	1599.565890624997	-87.73533394414584	-2907.9909786731087	-116322.889713698	-2907.9888804556654	115255379.52834876	116182.16929273424	-116322.89022135516	116182.16990203655	292.0401619823221	-0.0006114409354639433	0.0	0.0	0.0	0.001798381941365877	0.0	0.0	0.0	-0.0006454243766189917	115255629.26128525	0.0016179953640771277
20	20.0	nan	nan	1	1	6.000000000000838e-05	6.000000000000867e-05	5.999999999999513e-05	0.999316772514079	-1.6008922703106277e-22	1.5060034043944646e-20	-1.8211208365967457e-22	1.001999999999993	8.673193863410408e-21	1.9137650652026848e-23	-5.421010862427522e-22	0.9992456940274116	-168.6052125050563	4983.596647309063	-218701.24168814984	4996.980862695758	119051478.26604521	207404.88907417768	-218685.6877249956	206834.7725568208	206.15751371813315	1599.565890624997	-168.3956970347795	4990.768471915833	-218413.9386698316	4990.771417685982	119222803.5922555	207132.42582620977	-218413.9402859588	207132.42560066408	205.88668911977692	-0.0006834609921843936	0.0	0.0	0.0	0.001998002662665745	0.0	0.0	0.0	-0.0007545906044805756	119223925.14473484	0.0018118177764865453
22	22.0	nan	nan	1	1	6.000000000000838e-05	6.000000000000867e-05	5.999999999999513e-05	0.9992457322207084	-1.892271604166107e-21	-4.713314834996554e-21	-5.632769099241098e-22	1.0022000000000022	9.199624840128957e-21	-4.331514734021679e-22	2.490276864927643e-21	0.9991300564763469	-97.24810637297735	17564.363077880906	-315123.48077092326	17616.29398142295	121777249.2057804	305872.80428857915	-315087.0027479657	304935.85288617434	239.9056306699388	1599.565890624997	-97.11911833458475	17592.926163450586	-314669.0757077502	17592.928064191656	121975282.80222122	305431.73861294094	-314669.0773412582	305431.7381523028	239.55968903146282	-0.0007545523823532681	0.0	0.0	0.0	0.0021975835434898602	0.0	0.0	0.0	-0.0008703221441215985	121977580.25391342	0.0020077933974320217
24	24.0	nan	nan	1	1	6.000000000000838e-05	6.000000000000867e-05	5.999999999999513e-05	0.9991755314785379	9.385125055577649e-22	4.0563349052824375e-21	-1.2790197503539935e-22	1.0024000000000013	-1.1340077097840573e-20	-6.780498742770674e-22	-4.659104726372279e-21	0.9990107360631866	-61.446438393528155	34228.76876030029	-400336.03137564706	34339.23029710702	123881534.9263555	400915.16977610235	-400270.00476369873	399559.61618016625	228.5310191792936	1599.565890624997	-61.36002128168303	34290.935374544744	-399707.0712129117	34290.93625138454	124106529.74424417	400285.2997402753	-399707.07257960073	400285.3001421189	228.1719785340657	-0.0008248085825595204	0.0	0.0	0.0	0.00239712459972278	0.0	0.0	0.0	-0.0009897535813335084	124110328.06569529	0.0022049945375103644
26	26.0	nan	nan	1	1	6.000000000000838e-05	6.000000000000867e-05	5.999999999999513e-05	0.9991058887394245	-1.7694518268142334e-21	-9.106345336812577e-21	1.9727397341552656e-21	1.0026000000000082	-2.087682105097674e-20	-9.584177798182408e-22	-4.135214848495494e-21	0.9988892167006868	-38.9158887284462	53328.32147741952	-475276.6018856928	53514.82420580283	125621589.40490204	486996.1357886338	-475173.5316543358	485193.68638491235	195.46181080085907	1599.565890624997	-38.85813277187331	53435.4007515832	-474468.3147217951	53435.40163667167	125873828.1448455	486167.91760186845	-474468.3157963526	486167.9189564155	195.129395377765	-0.0008945112164697758	0.0	0.0	0.0	0.002596625847273887	0.0	0.0	0.0	-0.0011114006763061966	125879283.22694868	0.0024029860930473916
28	28.0	nan	nan	1	1	6.000000000000838e-05	6.000000000000867e-05	5.999999999999513e-05	0.9990365537053871	-1.0630263488041468e-21	1.5143043272775567e-20	3.904821886842325e-21	1.0028000000000212	-6.937877464370523e-20	-1.8183679795181692e-21	-1.2620790914089075e-22	0.9987662922190502	-8.910953867873657	72856.65023721989	-541199.4733275435	73131.10786651986	127113496.87179542	562043.9742911803	-541053.067659449	559783.184768653	156.05496223143226	1599.565890624997	-8.897049222708231	73016.99303223098	-540208.8081333605	73016.99414530476	127393248.04489625	561015.1532549972	-540208.8088928766	561015.1546733051	155.76930375044432	-0.0009639107073092591	0.0	0.0	0.0	0.0027960873020224444	0.0	0.0	0.0	-0.001234469424889536	127400379.20682974	0.0026015454628479963
30	30.0	nan	nan	1	1	6.000000000000838e-05	6.000000000000867e-05	5.999999999999513e-05	0.9989673262286158	-1.9651164376299767e-21	-2.3000015012388052e-20	4.21314187964289e-21	1.0029999999999772	-2.6827651021911827e-20	-1.8397555614363405e-21	-2.1277467635028025e-21	0.9986424299640951	30.54769532899084	91467.5391794796	-598608.5153041843	91836.78029560475	128414114.78600125	625558.1991576424	-598413.8287021733	622840.4395935087	124.85669576840921	1599.565890624997	30.49772915320326	91686.56388314631	-597435.016592577	91686.56494683302	128721610.35973084	624331.8688900655	-597435.016708776	624331.8697110933	124.61192950151889	-0.0010332073463140679	0.0	0.0	0.0	0.00299550897977579	0.0	0.0	0.0	-0.0013584923689552602	128730332.02619612	0.0028005433332682446
32	32.0	nan	nan	1	1	6.000000000000838e-05	6.000000000000867e-05	5.999999999999513e-05	0.9988980484443692	-1.2654672231979247e-21	-4.204068039195428e-20	3.008661028647275e-21	1.0031999999999939	-4.465472994629946e-20	-1.5297415027412665e-21	2.361527856944989e-21	0.9985179427945496	66.79092075182034	108600.79516915519	-647836.571635024	109068.50683203038	129556314.69471279	677888.0097765739	-647590.0529594572	674724.2236797006	100.54561122108926	1599.565890624997	66.6766902320137	108881.96931061854	-646482.4996879139	108881.97021762654	129891743.96572967	676471.1259859533	-646482.4990054391	676471.1262140898	100.33545638031526	-0.0011025591506474276	0.0	0.0	0.0	0.0031948908965135337	0.0	0.0	0.0	-0.0014831565385475317	129901907.9199253	0.002999891075215215
34	34.0	nan	nan	1	1	6.000000000000838e-05	6.000000000000867e-05	5.999999999999513e-05	0.998828603484606	-6.369687763352338e-21	-6.887944872129882e-20	-1.607668533888662e-21	1.003400000000014	-1.0895977723595143e-19	-1.959187206999197e-21	-1.5526113923171324e-20	0.9983930622952955	91.72765299790923	124052.29777314246	-689572.3479358295	124620.05582322612	130564435.67196016	720010.8275930046	-689271.657068197	716417.9935164222	75.24247212617539	1599.565890624997	91.56397335751721	124397.6819484274	-688041.7160667127	124397.68268648785	130927950.82440473	718412.631954618	-688041.7145887581	718412.6316028724	75.07545770616244	-0.0011720831365482618	0.0	0.0	0.0	0.0033942330680297797	0.0	0.0	0.0	-0.001608230213937853	130939380.89058748	0.0031995175622702822
36	36.0	nan	nan	1	1	6.000000000000838e-05	6.000000000000867e-05	5.999999999999513e-05	0.9987589147445498	-9.046311876675927e-21	-3.5900644436426266e-20	-3.0527067419044985e-21	1.0036000000000003	-3.940736083805907e-20	-5.069492189316988e-21	-2.275977529272305e-20	0.9982679652578025	102.56861808467805	137796.41575172354	-724900.208408941	138464.3298158097	131459809.93336776	753321.3047944541	-724543.8748319286	749318.9769137322	49.269233732316756	1599.565890624997	102.37801786436636	138207.02473056075	-723197.4783929564	138207.02565922626	131851536.94615254	751551.8159979624	-723197.4764427599	751551.8151066229	49.15350441927832	-0.0012418560395610373	0.0	0.0	0.0	0.0035935355101304393	0.0	0.0	0.0	-0.0017335364486272592	131864053.68075195	0.0033993612706333803
38	38.0	nan	nan	1	1	6.000000000000838e-05	6.000000000000867e-05	5.999999999999513e-05	0.9986889406014577	-1.062856942214696e-20	4.218224077326416e-21	-2.8104553189897686e-21	1.0037999999999936	4.501133081709352e-20	-7.984979593766289e-21	4.9161792258639594e-21	0.9981427835586563	101.87878907774697	150023.00883061418	-755059.2352947269	150790.79303400824	132261734.6736356	779352.3045317172	-754646.3108316783	774960.0291212511	25.672641643374636	1599.565890624997	101.68196064894151	150499.46619896675	-753188.3466419405	150499.46728171094	132681784.09490468	777421.2224193288	-753188.3444678312	777421.2210339558	25.609029874002815	-0.0013119195888380922	0.0	0.0	0.0	0.0037927982386902898	0.0	0.0	0.0	-0.0018589432061139003	132695221.92229699	0.0035993690896372055
40	40.0	nan	nan	1	1	6.000000000000838e-05	6.000000000000867e-05	5.999999999999513e-05	0.998618664418855	-9.90350921929728e-21	-1.6610887842896227e-19	-1.3095129364551484e-21	1.0040000000000073	1.0812290868406418e-19	-5.6615682194477436e-21	4.6044711012743766e-21	0.9980176128806104	95.1616744791264	160987.8548204062	-781126.5100474033	161855.38373323082	132987171.99541976	799519.6174922804	-780656.3609214289	794755.6354927932	6.864322343457607	1599.565890624997	94.970813218761	161530.75716869446	-779090.6378574532	161530.75806112742	133435647.1182734	797435.8068244371	-779090.6354571243	797435.8047596345	6.846431665338075	-0.0013822905046199676	0.0	0.0	0.0	0.003992021269544755	0.0	0.0	0.0	-0.0019843546494361978	133449860.51188391	0.003799496381989308
44	48.666666666666664	nan	nan	1	1	6.000000000000838e-05	6.000000000000867e-05	5.999999999999513e-05	0.9983105816518122	-6.920259179067634e-21	-6.321576291948295e-20	-1.9786689647860455e-21	1.0048666666666575	2.7807244625411426e-20	-5.366800753803247e-21	1.886003560356425e-20	0.9974767289724206	271.8559028202599	195262.8579046895	-860215.9217287855	196545.17250199054	135529570.79933912	842087.4011193848	-859497.3845280891	835894.528295362	-595.3783763691292	1599.565890624997	271.2236491081672	196088.0801806749	-857498.4863169362	196088.06852293716	136102347.52748138	839427.2339847483	-857498.4563964413	839427.1959646038	-593.4975668624378	-0.0016908470246803332	0.0	0.0	0.0	0.004854862726172291	0.0	0.0	0.0	-0.002526459841209118	136118801.20669007	0.004667344897507179
48	57.33333333333333	nan	nan	1	1	6.000000000000838e-05	6.000000000000867e-05	5.999999999999513e-05	0.9979982187835731	-9.998376909389761e-21	-8.554185734321179e-20	-2.320870275476783e-21	1.0057333333333414	-8.970248318012492e-20	-3.876022766635678e-21	2.4174320314637732e-21	0.9969390491687511	192.63663636133285	214142.30934888867	-909113.2836244302	215802.03413128338	137589253.31906217	852517.1118667211	-908148.4274198378	845062.5455246159	-424.3431266206018	1599.565890624997	192.12657238704978	215230.6456418905	-905743.8483622211	215230.6327339867	138288523.7171888	849357.4382923692	-905743.8287677937	849357.4101917029	-422.77038896527773	-0.00200378745826472	0.0	0.0	0.0	0.005716960329236605	0.0	0.0	0.0	-0.003065645123023151	138305863.9395273	0.005535173321154163
52	66.0	nan	nan	1	1	6.000000000000838e-05	6.000000000000867e-05	5.999999999999513e-05	0.997682819153229	6.899930388333531e-21	-5.443524998165542e-19	-1.7414997395548415e-21	1.0065999999999806	-8.923322692734603e-20	1.1834744339037084e-20	-3.4504734139351176e-20	0.9964045116856932	154.9049710887701	224732.94940122162	-941562.8922089024	226741.57485367838	139420237.3739525	851406.4617666741	-940356.4654860956	842782.8513483879	-289.8804140980286	1599.565890624997	154.44460547175106	226067.72963462025	-937561.8229781062	226067.71639530984	140248310.77163777	847788.5024935723	-937561.7986564316	847788.4808923618	-288.64859876731066	-0.0023198696647640966	0.0	0.0	0.0	0.006578315360103536	0.0	0.0	0.0	-0.003601967617918356	140266011.9865337	0.0064024237322172365
56	74.66666666666666	nan	nan	1	1	6.000000000000838e-05	6.000000000000867e-05	5.999999999999513e-05	0.9973653325614299	-1.2146452463626667e-20	-5.933296388926923e-20	1.850936396340097e-20	1.0074666666666392	-1.685256751857156e-20	-9.75781955236954e-22	9.361408133054527e-21	0.9958726517293175	150.06539415182203	230690.5027218366	-964654.6875032508	233026.92502749318	141129685.5901519	846470.1760386642	-963210.9446643632	836728.8990443072	-198.63763393778015	1599.565890624997	149.57053989163055	232258.51281085142	-960034.6866171584	232258.49758796958	142088948.18767497	842416.1938064613	-960034.66913379	842416.1698248201	-197.68630279649986	-0.0026381442830546915	0.0	0.0	0.0	0.007438929096971098	0.0	0.0	0.0	-0.004135889281808889	142106762.19218767	0.007268915072484425
60	83.33333333333333	nan	nan	1	1	6.000000000000838e-05	6.000000000000867e-05	5.999999999999513e-05	0.9970464385964745	2.019750062727879e-20	-1.0047674226919961e-19	-9.137791434979392e-21	1.0083333333333429	3.581255300991182e-19	-1.5260145577733473e-20	-3.272596495011715e-20	0.9953429989546089	147.48668234138057	234023.8937713778	-981921.0878560311	236673.10444384837	142764653.07078806	840829.0113820429	-980243.4796655003	829996.6066647093	-139.55626285466656	1599.565890624997	146.95214041173074	235815.33754587042	-976690.7536563418	235815.3205684689	143857510.91893205	836350.2230265298	-976690.743697555	836350.1982997245	-138.81289772745117	-0.002957931773566653	0.0	0.0	0.0	0.008298802814704534	0.0	0.0	0.0	-0.00466787865927086	143875325.6227393	0.00813460127261929
64	92.0	nan	nan	1	1	6.000000000000838e-05	6.000000000000867e-05	5.999999999999513e-05	0.9967265936606295	-8.839635837545878e-21	-2.1298812865298833e-19	-1.680343960763081e-20	1.0091999999999925	-3.042169652040655e-19	-1.6405334122421288e-20	-4.2050103633492485e-20	0.9948151926462678	144.13618176003044	235842.54136914026	-995541.1575629774	238793.94508094442	144347224.12177896	835690.2608201071	-993632.0247191862	823778.5810469209	-98.34328622869612	1599.565890624997	143.56658243266384	237850.29318514868	-989705.3812370495	237850.2759144903	145576066.88985556	830791.5166518189	-989705.3761426865	830791.4928502119	-97.76680637426975	-0.003278775654403564	0.0	0.0	0.0	0.009157937784758024	0.0	0.0	0.0	-0.005198295108519457	145593830.55565625	0.008999479231705874
68	100.66666666666666	nan	nan	1	1	6.000000000000838e-05	6.000000000000867e-05	5.999999999999513e-05	0.9964061062297515	1.1052085895774111e-20	3.089264683907994e-19	1.3713463416047124e-20	1.0100666666666627	-5.96426391347854e-19	2.288005397123316e-20	5.661907032626645e-20	0.99428897057442	140.14211162900062	236864.6007373097	-1007178.6379878462	240111.9583916668	145888538.7214486	831622.9073039298	-1005038.6116269896	818632.5590310822	-68.99070303941774	1599.565890624997	139.54233825647492	239084.35513266354	-1000737.2979343224	239084.33894598947	147255719.4823164	826304.3215633243	-1000737.2964076961	826304.2972960342	-68.54947785646867	-0.0036003673212883806	0.0	0.0	0.0	0.010016335275484385	0.0	0.0	0.0	-0.005727399711339434	147273421.60759303	0.009863558606559185
72	109.33333333333333	nan	nan	1	1	6.000000000000838e-05	6.000000000000867e-05	5.999999999999513e-05	0.9960851909433429	-3.6520672553816413e-20	4.347176373216411e-19	1.811125847819145e-20	1.0109333333333579	-1.3810702798391916e-19	6.0986372202309626e-21	-2.0467704137452915e-20	0.9937641411859045	136.63419321518518	237647.50263745448	-1017828.9914739192	241189.98109694335	147394552.47646987	828941.6822651973	-1015457.2753535158	814863.3216523551	-47.238191432942635	1599.565890624997	136.00458774885124	240078.5999221682	-1010778.0841866655	240078.58630658986	148902376.00640526	823199.27268839	-1010778.0846154857	823199.247705422	-46.91095364447202	-0.003922491979638267	0.0	0.0	0.0	0.010873996551902626	0.0	0.0	0.0	-0.00625538299066202	148920029.59774238	0.010726852047772125
76	118.0	nan	nan	1	1	6.000000000000838e-05	6.000000000000867e-05	5.999999999999513e-05	0.9957640001383188	3.883984876339869e-20	6.523508946573719e-19	-2.4750302718770655e-20	1.0118000000000202	4.37082553310375e-19	-5.46776708111596e-20	2.2148217504805445e-20	0.9932405639168239	134.315713770138	238540.8471105584	-1027963.9381462644	242382.35021491075	148868656.66317067	827783.878111766	-1025358.9025988558	812599.8224778228	-30.045135878807574	1599.565890624997	133.65268916609273	241185.88519371886	-1020297.4077729259	241185.87470755755	150519372.9703888	821610.2858206318	-1020297.4085910688	821610.2603246672	-29.821059976688463	-0.004244997126359359	0.0	0.0	0.0	0.011730922875719108	0.0	0.0	0.0	-0.006782384542146604	150537001.01092082	0.011589371628627939
80	126.66666666666666	nan	nan	1	1	6.000000000000838e-05	6.000000000000867e-05	5.999999999999513e-05	0.9954426435760249	3.967163511760241e-20	-1.695285621952647e-19	-2.6342724659608742e-20	1.0126666666666635	4.1707902322801747e-19	2.531612072753653e-20	1.8116340675874977e-20	0.9927181351372297	133.083011038482	239693.0864968718	-1037785.7448447986	243840.4585184742	150312944.89513502	828144.139964582	-1034945.3448776532	811830.4933963236	-15.740347312399827	1599.565890624997	132.38236876692366	242556.71967539305	-1029496.6662388952	242556.7113938705	152108746.11098927	821529.5261993763	-1029496.6670057323	821529.499613824	-15.614624853014721	-0.004567772832334807	0.0	0.0	0.0	0.01258711550546829	0.0	0.0	0.0	-0.007308507056068121	152126374.12935457	0.012451127705096099
84	135.33333333333331	nan	nan	1	1	6.000000000000838e-05	6.000000000000867e-05	5.999999999999513e-05	0.9951212010024647	2.1147024561150863e-20	8.883681550803102e-19	1.5334684477091853e-20	1.0135333333333365	2.6709998145538206e-19	1.4040418133687283e-20	6.27143194147084e-21	0.9921967783432935	132.57317772795506	241124.14427217847	-1047373.8669992216	245585.51290052326	151728831.8772744	829901.6377184396	-1044295.8869971861	812430.8067308208	-3.745770048837352	1599.565890624997	131.83168932654874	244211.94800647532	-1038455.0872549629	244211.94086664924	153671851.12607387	822834.715247463	-1038455.0879674403	822834.6876298216	-3.7138734175666803	-0.004890739189058003	0.0	0.0	0.0	0.01344257569649155	0.0	0.0	0.0	-0.00783382610363576	153689503.2088926	0.013312128712317888
88	144.0	nan	nan	1	1	6.000000000000838e-05	6.000000000000867e-05	5.999999999999513e-05	0.9947997308248773	6.622950614581374e-20	8.830826694894434e-20	9.90350921929728e-21	1.0143999999999802	1.2445895551140008e-18	6.918565113173125e-21	-3.435904447242344e-20	0.9916764368360469	132.27458418114728	242792.6995383139	-1056761.1731674706	247576.37160989334	153117360.74672544	832865.5173033854	-1053443.344274321	814208.4783631656	6.050674324874475	1599.565890624997	131.49134578591404	246110.40252708338	-1047205.5825032665	246110.39595631024	155209672.11501575	825334.466614016	-1047205.5830328375	825334.4385229382	5.995962088506396	-0.005213837635073967	0.0	0.0	0.0	0.01429730470080535	0.0	0.0	0.0	-0.008358397447405769	155227369.16912118	0.014172381368882636
92	152.66666666666666	nan	nan	1	1	6.000000000000838e-05	6.000000000000867e-05	5.999999999999513e-05	0.9944782764781623	3.798095735488283e-20	1.3304854722291648e-18	6.445920728605226e-21	1.0152666666666739	-9.329559694237766e-20	-3.6049722235143024e-21	-9.3952894509447e-21	0.9911570680671795	131.833106652147	244639.0680022133	-1065970.14854436	249752.95169100264	154479366.39337945	836827.5363993829	-1062410.182561017	816955.3147677752	13.870304183376954	1599.565890624997	131.00922466489638	248192.14385331233	-1055770.72256917	248192.13769377608	156722985.57778722	828820.5950012945	-1055770.7227567988	828820.5668063505	13.737590203567189	-0.0055370245886649655	0.0	0.0	0.0	0.015151303767350634	0.0	0.0	0.0	-0.008882262693238531	156740744.88599506	0.015031891024368206
96	161.33333333333331	nan	nan	1	1	6.000000000000838e-05	6.000000000000867e-05	5.999999999999513e-05	0.9941568711819254	-3.4872346438459546e-20	1.4218566103153807e-18	-3.0984465210562305e-20	1.0161333333333271	6.10792070133287e-19	2.076247160309741e-20	-1.514494909690689e-21	0.9906386392690603	130.98074748530044	246604.2983400986	-1075021.1343977032	252055.63559020235	155815566.7482106	841595.6671190192	-1071216.7310300963	820480.0802006497	19.83317849856446	1599.565890624997	130.11923548955676	250397.77198011818	-1064170.9165099922	250397.76633976356	158212452.15995175	833101.4188950427	-1064170.9164234446	833101.3912538325	19.633001682286444	-0.00586026668705955	0.0	0.0	0.0	0.016004574141709527	0.0	0.0	0.0	-0.009405453663957864	158230287.7960199	0.015890662025600417
100	170.0	nan	nan	1	1	6.000000000000838e-05	6.000000000000867e-05	5.999999999999513e-05	0.9938355413043585	-1.112848826761645e-19	1.7300614066351195e-18	1.5856456772600503e-21	1.0170000000000168	-8.05020113070487e-21	-1.451475658414969e-20	-3.33663218582414e-20	0.9901211243089995	129.74172517724685	248637.49043566902	-1083931.168272682	254432.7625615188	157126614.60389307	847007.027352581	-1079880.022570071	824620.9663912634	24.25637993342808	1599.565890624997	128.8458364432593	252675.8664170409	-1072423.2671179373	252675.86095392634	159678668.78260437	838014.5069477287	-1072423.2668890823	838014.4795681178	23.998854335109264	-0.006183537418222379	0.0	0.0	0.0	0.016857117066439616	0.0	0.0	0.0	-0.009927995550512913	159696591.9276358	0.01674869801698615
104	208.75	nan	nan	1	1	6.000000000000838e-05	6.000000000000867e-05	5.999999999999513e-05	0.9924001672581141	-9.740878893424454e-20	3.8116482626443515e-19	5.443372532235035e-20	1.020875000000004	1.870018354575842e-18	-1.3343818237865346e-19	-1.6755666949405668e-19	0.9878185049246297	9136.881186841125	257431.53569738814	-1122125.966027868	264817.7784868873	162693607.1361445	875602.915040802	-1116945.8118989966	847249.2406386993	6450.932350532334	1599.565890624997	9060.418357325882	262601.8377598179	-1107598.132145331	262601.62658176996	165961175.30816886	864266.7423811435	-1107598.5482707906	864265.5493997814	6367.4140322567455	-0.0076288586254947485	0.0	0.0	0.0	0.020660102696306595	0.0	0.0	0.0	-0.01225629757808155	165971923.59730107	0.0205759726701371
108	247.5	nan	nan	1	1	6.000000000000838e-05	6.000000000000867e-05	5.999999999999513e-05	0.9909677304909337	1.4785129500913263e-19	-1.4158663933123982e-18	-1.15426873788238e-19	1.0247499999999983	-2.619893234648285e-18	1.7049079162334557e-20	-8.031227592686374e-20	0.9855321580661653	7693.349070931871	265979.81373984466	-1158019.952708849	275047.1802931803	167813901.18765846	909158.1562614243	-1151668.1725079222	874362.8635165422	5303.4409479088	1599.565890624997	7617.749919097799	272344.3469806121	-1140351.144733046	272344.4128309469	171829458.37357473	895286.4256016528	-1140351.2367712012	895285.1712326709	5222.522238779121	-0.009073307754537399	0.0	0.0	0.0	0.02444868040230842	0.0	0.0	0.0	-0.014573521702910073	171842034.43962094	0.024389015289702786
112	286.25	nan	nan	1	1	6.000000000000838e-05	6.000000000000867e-05	5.999999999999513e-05	0.9895390465534941	4.185359198972949e-20	6.296504116709567e-19	-4.845028458294598e-21	1.0286250000000259	1.0738886993197361e-18	7.616520261710669e-20	1.157385819128276e-20	0.9832618340201961	6975.426957557211	274447.8043542805	-1190906.9480328262	285288.6176274154	172540060.91174012	945075.0674197163	-1183352.17150432	903395.1899705412	4812.686055567283	1599.565890624997	6896.750864996208	282070.4833733736	-1170005.2698289282	282070.8370064403	177332292.73651057	928487.9990762459	-1170005.0996269966	928486.633411818	4728.218318271755	-0.010516053825207941	0.0	0.0	0.0	0.02822295894376532	0.0	0.0	0.0	-0.016879832125868733	177346024.19033605	0.028187745748997992
116	325.0	nan	nan	1	1	6.000000000000838e-05	6.000000000000867e-05	5.999999999999513e-05	0.9881144221935938	5.503681278079542e-20	-9.391765793884122e-19	4.186375638509654e-20	1.0325000000000182	-8.408665473982891e-19	9.519295074422729e-20	-3.3942304262374325e-20	0.9810071905752727	6554.487326160845	282900.5724579919	-1220479.951287603	295609.0114048432	176912143.0590002	982084.0400256246	-1211701.0826912837	933104.0957520963	4539.595582046124	1599.565890624997	6471.075651079545	291846.43822448835	-1196281.4025038762	291847.12407736434	182506448.7562926	962612.1850990381	-1196281.109781777	962610.6602466091	4449.588675308622	-0.011956776003118038	0.0	0.0	0.0	0.03198304585306816	0.0	0.0	0.0	-0.019175489601361367	182521065.71917832	0.031972257142747866
120	363.75	nan	nan	1	1	6.000000000000838e-05	6.000000000000867e-05	5.999999999999513e-05	0.9866940528949029	-1.1275702593849246e-20	-3.2926406826755407e-18	-2.761327408049019e-20	1.0363750000000287	3.0415123544735857e-18	-8.641091314709471e-20	-1.5467499243221328e-19	0.9787679806851161	6288.4259964153725	290913.6284559333	-1246925.3564472073	305562.43567502085	180965130.32974955	1019283.954344229	-1236908.4752328524	962625.3294336674	4366.19052639193	1599.565890624997	6199.3373894779625	301232.48404501844	-1219385.4756457428	301233.50952685456	187384056.30597112	996771.8140141403	-1219385.0992671668	996770.1435269205	4269.757836149811	-0.013395264404938448	0.0	0.0	0.0	0.03572904745427405	0.0	0.0	0.0	-0.0214606607755081	187399403.4912819	0.035742633620752855
124	402.5	nan	nan	1	1	6.000000000000838e-05	6.000000000000867e-05	5.999999999999513e-05	0.9852780706076352	2.565493390643825e-20	-1.213899857369083e-19	2.3540739670091516e-20	1.040250000000004	1.316926168809518e-18	-8.863352760068999e-21	4.146395683399251e-20	0.9765440039005674	6106.613376858979	298199.53200598387	-1270735.6212616235	314838.42139929946	184729369.31931227	1055883.0948553644	-1259470.6895189988	991218.0797617647	4241.739905323297	1599.565890624997	6011.334328539002	309924.79528732353	-1239820.071805937	309926.12331945624	191992963.85446838	1030194.6625077963	-1239819.6716341889	1030192.966396387	4138.543207578265	-0.014831372465242647	0.0	0.0	0.0	0.03946106888091756	0.0	0.0	0.0	-0.02373546680249898	192008939.92764428	0.03949895696422698
128	441.25	nan	nan	1	1	6.000000000000838e-05	6.000000000000867e-05	5.999999999999513e-05	0.9838665729709105	3.129278520336287e-19	-1.6230506522108002e-18	1.6769219476561736e-19	1.0441249999999909	-3.5274517681815885e-19	-2.799952110443815e-20	-8.055622141567298e-20	0.9743350795191474	5971.744311317463	304728.5737198297	-1292394.9128187099	323393.7248247438	188231241.52520573	1091182.1378063282	-1279873.9736231142	1018245.3259274273	4144.26416855166	1599.565890624997	5870.030680222243	317883.9745239672	-1258075.0218822758	317885.52683257684	196357349.93669057	1062205.5056717887	-1258074.5424326723	1062203.8730895678	4034.2121303814856	-0.01626498769820817	0.0	0.0	0.0	0.04317921409392497	0.0	0.0	0.0	-0.026000010355371396	196373879.0556493	0.043241309694024586
132	480.0	nan	nan	1	1	6.000000000000838e-05	6.000000000000867e-05	5.999999999999513e-05	0.9824596225298771	2.695733176613646e-19	1.293724242318328e-19	7.90451146377713e-20	1.0479999999999945	2.902517635960944e-18	-1.1397675338253866e-19	-7.930261265373661e-20	0.9721410497884307	5867.606436816868	310370.1959533487	-1312262.4493225308	331076.7527843675	191493794.21971413	1124703.6756872353	-1298479.3695600023	1043290.9579489382	4069.2538785939746	1599.565890624997	5759.3094181666465	324964.57303789735	-1274514.287381175	324966.1477775337	200498307.7929618	1092350.775162041	-1274513.6441800885	1092349.0886835512	3952.1988988763455	-0.017696032744914426	0.0	0.0	0.0	0.04688358589884538	0.0	0.0	0.0	-0.028254372098503348	200515321.01814505	0.0469697737465048
136	518.75	nan	nan	1	1	6.000000000000838e-05	6.000000000000867e-05	5.999999999999513e-05	0.9810572388033708	-2.605473345754228e-19	-1.9340269403339548e-18	-1.6734660532313762e-19	1.0518750000000006	-1.1687699419393739e-19	-1.813870234568249e-19	2.5138582621792026e-19	0.9699617898441368	5782.7468823777635	314956.4642670338	-1330574.9135759962	337693.1505818089	194537287.9035329	1156362.8608808375	-1315525.7979483844	1066310.9513480552	4012.4937916145464	1599.565890624997	5667.811833130517	330979.8490386579	-1289379.767587459	330981.3266541774	204434356.76910055	1120561.3916184397	-1289379.0504858613	1120559.435180285	3888.265335300561	-0.01912447371486982	0.0	0.0	0.0	0.050574285962934146	0.0	0.0	0.0	-0.030498600173851104	204451793.27034923	0.050684428289996995
140	557.5	nan	nan	1	1	6.000000000000838e-05	6.000000000000867e-05	5.999999999999513e-05	0.9796594273448119	-1.3566079683224874e-19	1.5595028523759935e-18	-5.2244992186645245e-20	1.055750000000017	7.256565140445481e-19	1.304295213500062e-19	-2.6144180136772333e-19	0.9677971806882989	5709.218988422032	318722.41975579946	-1347328.1037568375	343479.144102697	197379625.15589228	1186454.6088607535	-1331013.2575373398	1087610.8907680276	3963.6139420888303	1599.565890624997	5587.676554778269	336165.4989342414	-1302678.2335763692	336166.8845511228	208181841.1796139	1147136.0166685937	-1302677.5795993821	1147133.7912829586	3832.2614916602442	-0.020550290835210948	0.0	0.0	0.0	0.05425141483193122	0.0	0.0	0.0	-0.032732737741133194	208199653.33582258	0.054385353384044974
144	596.25	nan	nan	1	1	6.000000000000838e-05	6.000000000000867e-05	5.999999999999513e-05	0.9782662061411681	-2.714571189360582e-20	-2.6924399125147214e-18	3.3855568088575485e-19	1.0596250000000114	7.6238386263749455e-19	1.387236679695203e-19	-5.940072652504957e-20	0.9656470847187082	5642.475033251506	322037.78662131727	-1362416.30143406	348821.86788848136	200036710.7493245	1215237.4001884982	-1344841.2486753738	1107455.7575320676	3920.3864584230987	1599.565890624997	5514.409532466699	340903.41211580054	-1314318.3880308205	340904.7664511553	211755266.2323264	1172335.400867791	-1314317.8051558665	1172332.7578136434	3781.983528139609	-0.021973451567127215	0.0	0.0	0.0	0.05791507194644351	0.0	0.0	0.0	-0.03495684825145615	211773412.602585	0.05807263333272304
148	635.0	nan	nan	1	1	6.000000000000838e-05	6.000000000000867e-05	5.999999999999513e-05	0.9768775897271446	3.57298825942598e-19	-4.569234530668598e-19	1.2153906353562505e-19	1.0634999999999994	-2.6851622054319124e-18	-1.5433617925331155e-19	3.0005295123536335e-20	0.963511362566897	5577.320708206646	325091.7382616721	-1375904.7212787347	353920.01260146714	202522723.4320941	1242876.8727074715	-1357078.255834853	1126020.4401084385	3875.5955297744586	1599.565890624997	5442.911629993808	345389.3526300416	-1324374.225156167	345390.8163899523	215167548.43760625	1196328.5464466542	-1324373.728522831	1196325.2986275621	3730.4464091041873	-0.023393926777644274	0.0	0.0	0.0	0.06156535565815473	0.0	0.0	0.0	-0.037170998185423826	215185997.43353707	0.06174635380850934
152	673.75	nan	nan	1	1	6.000000000000838e-05	6.000000000000867e-05	5.999999999999513e-05	0.975493580935471	1.18774347995787e-19	3.2965370342329104e-18	1.101278356702151e-19	1.0673750000000073	-6.70687463899533e-19	-5.1553813301685733e-20	-2.4882439858542328e-20	0.9613898824566252	5513.89482879186	327908.0472634434	-1388065.5107021763	358795.30384703947	204850384.3308993	1269291.0692998767	-1367996.257524794	1143252.9905479946	3831.2703301420884	1599.565890624997	5373.310091646717	349645.63561965857	-1333117.7806357318	349647.29775579926	218430268.58918357	1219045.124483946	-1333117.2109975691	1219041.1973423779	3679.606301110973	-0.024811699222045177	0.0	0.0	0.0	0.06520236324564041	0.0	0.0	0.0	-0.03937524733818301	218448990.36396676	0.06540660009355033
156	712.5	nan	nan	1	1	6.000000000000838e-05	6.000000000000867e-05	5.999999999999513e-05	0.9741141738804819	-3.707971429900425e-19	1.3679107759706488e-18	3.3215888806809036e-19	1.0712499999999943	3.2057418785508274e-18	-7.914675859144182e-21	-1.020098719037299e-19	0.9592825180307905	5457.577560281418	330513.2688851409	-1399060.5540099584	363473.08046015404	207031146.14359462	1294161.8245506338	-1377758.0466445715	1158891.4928342642	3791.1409011696874	1599.565890624997	5310.831854568286	353697.920869218	-1340712.981442833	353699.85907929274	221553846.2136844	1240189.0349132284	-1340712.2924388582	1240184.737245602	3633.032041471524	-0.02622676056631663	0.0	0.0	0.0	0.06882619092984693	0.0	0.0	0.0	-0.04156965099697624	221572803.55927315	0.06905345721433082
160	751.25	nan	nan	1	1	6.000000000000838e-05	6.000000000000867e-05	5.999999999999513e-05	0.972739356858518	-1.3782920117721975e-19	4.100317091068617e-19	-9.154732093924478e-20	1.0751250000000057	-1.364387118910071e-18	-1.0636023312082798e-19	3.628011519679619e-19	0.9571891461116745	5403.8120905306505	332836.2924588681	-1408953.473958762	367871.3081291844	209075371.58424312	1316990.3374156458	-1386429.1785384237	1172518.8099892954	3750.690753146935	1599.565890624997	5251.01806806092	357467.3844085473	-1347228.3209120163	357469.66277612775	224547706.83909288	1259294.0176715597	-1347227.576500947	1259289.4515206537	3586.375915895054	-0.027639108469010777	0.0	0.0	0.0	0.0724369338895118	0.0	0.0	0.0	-0.043754262218565695	224566858.90717867	0.07268701013025691
164	790.0	nan	nan	1	1	6.000000000000838e-05	6.000000000000867e-05	5.999999999999513e-05	0.9713691112901371	3.065039541616521e-19	7.479639737434373e-19	-3.5941302017894474e-20	1.0790000000000017	9.060433609972552e-18	9.004299042492114e-20	-1.0015317568334847e-20	0.9551096484176181	5333.908165677678	334739.04628750496	-1417657.2030123489	371831.6584046177	210992506.37564093	1337510.9299671918	-1393926.5316776277	1183933.8795046743	3696.590054897478	1599.565890624997	5175.720997045488	360801.9308215127	-1352587.8906924936	360804.2849621346	227420447.4604886	1276120.2663791785	-1352586.9951729986	1276115.3335048973	3526.9195786430714	-0.02904874771263279	0.0	0.0	0.0	0.07603468627599942	0.0	0.0	0.0	-0.045929129995173	227439761.76259562	0.07630734329637137
168	828.75	nan	nan	1	1	6.000000000000838e-05	6.000000000000867e-05	5.999999999999513e-05	0.970003420507178	-3.1230443578444956e-19	-5.743100222818654e-18	2.66496893996937e-19	1.0828750000000127	2.10717402727989e-18	-4.90059381963448e-20	4.464473495752186e-19	0.9530439039065267	5270.015370198925	336188.19459957874	-1425123.6329526044	375309.9600036092	212791202.28224826	1355750.2100129968	-1400205.6869262287	1193197.6710128204	3643.48064861097	1599.565890624997	5106.468375866635	363660.62890499027	-1356753.4948964913	363662.780329587	230179951.8557763	1290708.2537329304	-1356752.4110897426	1290702.7147854394	3468.685094604048	-0.03045568119486609	0.0	0.0	0.0	0.07961954122817883	0.0	0.0	0.0	-0.04809430723218489	230199377.22653258	0.07991454158943642
172	867.5	nan	nan	1	1	6.000000000000838e-05	6.000000000000867e-05	5.999999999999513e-05	0.9686422753339442	-3.3076297777101525e-19	-2.105432527540335e-18	6.08237418764368e-20	1.0867500000000139	2.0973891026732084e-19	-3.2461013044216005e-19	5.141557752469384e-19	0.9509917828863471	5207.875684037448	337450.3148963791	-1431495.3330892923	378598.02574664296	214479338.1174241	1371892.6204420838	-1405409.6247475522	1200508.3336059477	3590.107163693794	1599.565890624997	5039.1141387533	366327.611157269	-1359868.3568958354	366329.53246014443	232833398.301242	1303247.9537128387	-1359867.2357929563	1303241.782895665	3410.470867017294	-0.03185990415300375	0.0	0.0	0.0	0.08319159088677676	0.0	0.0	0.0	-0.050249856972134015	232852892.81314576	0.0835086913404306
176	906.25	nan	nan	1	1	6.000000000000838e-05	6.000000000000867e-05	5.999999999999513e-05	0.9672856693369852	8.927320688245643e-19	2.1081972430801733e-18	-4.0185953523175223e-19	1.0906250000000162	1.6507520177178048e-18	8.543513119185775e-20	3.788473441207474e-19	0.9489531523444947	5142.498263580857	338975.5188760011	-1437033.2050909598	382200.43894327024	216064134.56078902	1386295.8108983804	-1409796.842055573	1206210.4273042371	3534.3884320523457	1599.565890624997	4968.8276419512495	369291.071580878	-1362186.5917242144	369292.90170821344	235387369.70364097	1314091.8101817218	-1362185.6847188356	1314085.284766997	3350.3029122991857	-0.03326140902073285	0.0	0.0	0.0	0.08675092640866976	0.0	0.0	0.0	-0.05239584687575787	235406907.04836458	0.0870898793491403
180	945.0	nan	nan	1	1	6.000000000000838e-05	6.000000000000867e-05	5.999999999999513e-05	0.9659335922414028	-2.350821360491695e-19	-5.9808462774869376e-18	-3.4602312334874874e-19	1.0944999999999938	1.0435933801150598e-17	4.3324718812520757e-19	-5.74356100874196e-20	0.9469278824880367	5074.9926581543	341014.08603066724	-1441996.821705361	386405.0048691857	217552188.7570255	1399414.0459072008	-1413623.4903548262	1210723.9726829154	3471.7553372867283	1599.565890624997	4896.691547236073	372827.67628366314	-1363958.848188159	372829.33170602506	237847878.80408126	1323680.5667411692	-1363958.268012998	1323673.7831284283	3283.8709071747558	-0.03466019222438665	0.0	0.0	0.0	0.09029763798077473	0.0	0.0	0.0	-0.05453234235161215	237867446.82021996	0.09065819186291685
184	983.75	nan	nan	1	1	6.000000000000838e-05	6.000000000000867e-05	5.999999999999513e-05	0.9645860411755636	-2.8807251722939853e-19	8.412470345981956e-18	1.5390249838431735e-19	1.0983750000000096	4.1298887053231596e-18	-2.0534789146875453e-19	3.344763702117781e-20	0.9449158359940907	5011.750993409478	343387.3962953111	-1446613.7913690202	391016.81681304745	218949551.9578512	1411629.664639861	-1417113.4742070402	1214397.604226784	3407.664419619877	1599.565890624997	4828.87227409851	376747.38839262025	-1365403.4281807244	376748.6189752355	240220441.34349936	1332383.2490196386	-1365403.0245813343	1332376.0009794603	3216.36411072453	-0.0360562425533999	0.0	0.0	0.0	0.09383181483387877	0.0	0.0	0.0	-0.0566594178948053	240240030.65401933	0.09421371616842285
188	1022.5	nan	nan	1	1	6.000000000000838e-05	6.000000000000867e-05	5.999999999999513e-05	0.9632430286657498	-1.0630602301220371e-19	-4.939286284665056e-18	3.680866375588288e-20	1.1022499999999937	-9.969238976004213e-20	-1.7889335846010822e-19	-3.998266561583419e-19	0.942916860283534	4949.078242706332	345731.9141331033	-1450975.274918849	395625.7719230051	220261781.39561096	1423216.1285832184	-1420356.640972393	1217479.732012903	3338.224998985103	1599.565890624997	4761.7962749963035	380653.8219388706	-1366608.2241078478	380654.58549010986	242510122.6929963	1340463.135123745	-1366607.806638777	1340455.6946553811	3144.1236914189335	-0.03744953280727638	0.0	0.0	0.0	0.09735354525590448	0.0	0.0	0.0	-0.058777165364261454	242529730.96125755	0.09775654176979302
192	1061.25	nan	nan	1	1	6.000000000000838e-05	6.000000000000867e-05	5.999999999999513e-05	0.9619045651324821	-2.848741208205663e-20	1.2798600070376697e-18	9.985502008591496e-20	1.106124999999999	-9.622727961677847e-18	9.833713704443526e-20	-2.6416585932609317e-19	0.9409308051748729	4861.966780155889	347788.60317687027	-1454930.23656747	399933.96384703263	221494036.17822695	1434413.2483840743	-1423205.5968837219	1220184.3877238515	3254.4589538492014	1599.565890624997	4671.432650801354	384260.4378748136	-1367432.7453506268	384261.07403792976	244721634.208414	1348149.6204468943	-1367432.0279647575	1348142.4716966134	3058.740295611808	-0.0388400378815262	0.0	0.0	0.0	0.10086291660537662	0.0	0.0	0.0	-0.0608856753896508	244741274.8235096	0.10128675753948743
196	1100.0	nan	nan	1	1	6.000000000000838e-05	6.000000000000867e-05	5.999999999999513e-05	0.9605706396525447	1.1655173354219172e-21	-3.0441822023233313e-18	2.9883322379131717e-19	1.1100000000000083	1.790017786773568e-18	6.895525817007808e-20	-4.729831977468013e-19	0.9389575425063342	4769.54284352888	349501.1621565576	-1458322.9267812597	403871.7240982767	222651138.74403498	1445349.329386493	-1425509.3822095944	1222626.024850282	3169.4532041275093	1599.565890624997	4576.229754916312	387501.4761173257	-1367733.2871811404	387502.505296804	246859393.5143178	1355565.5973742784	-1367732.4357471012	1355558.8383329017	2972.5697716458762	-0.04022775481091537	0.0	0.0	0.0	0.10436001532425046	0.0	0.0	0.0	-0.06298501644433874	246879063.28819707	0.10480444847147129
200	1138.75	nan	nan	1	1	6.000000000000838e-05	6.000000000000867e-05	5.999999999999513e-05	0.9592412287846234	-3.1333442784831076e-20	6.71232275491207e-18	2.3776553642607113e-19	1.113875000000002	-5.692061405548899e-20	2.4752335597844065e-19	2.1147363374329763e-19	0.9369969568563069	4694.51639893708	350993.47208163346	-1461220.033941925	407577.13740630477	223737510.50309002	1456142.9872384337	-1427334.3058982238	1224908.5286221062	3097.1309229090184	1599.565890624997	4497.966570749448	390510.77567572636	-1367575.5399316158	390512.7138272222	248927446.58794355	1362823.8634383401	-1367574.72924532	1362817.3105532285	2898.6466074585337	-0.04161269372317861	0.0	0.0	0.0	0.1078449269507486	0.0	0.0	0.0	-0.06507524450106304	248947128.08893603	0.10830969727944262
204	1177.5	nan	nan	1	1	6.000000000000838e-05	6.000000000000867e-05	5.999999999999513e-05	0.9579163067778769	3.167496646916401e-19	9.114318457945081e-18	4.639301096065473e-19	1.117749999999992	-8.594958512270212e-18	-2.8059152223924856e-19	1.094773143667238e-19	0.9350489350569038	4622.092378711242	352391.4848479885	-1463709.19050926	411192.775858375	224757181.04811147	1466845.4301456476	-1428766.9875528913	1227077.0924788178	3028.407334153067	1599.565890624997	4422.416102929024	393426.4003377352	-1367044.1942436076	393429.08024508227	250929470.46651623	1369973.3130975987	-1367043.6709984378	1369966.4838356865	2828.407917913201	-0.0429948672724021	0.0	0.0	0.0	0.11131773613194602	0.0	0.0	0.0	-0.06715641410372554	250949160.0988002	0.11180258615281068
208	1216.25	nan	nan	1	1	6.000000000000838e-05	6.000000000000867e-05	5.999999999999513e-05	0.9565958331090838	-2.207435623180487e-19	-1.1352409897552596e-18	2.3193794974896155e-19	1.1216250000000019	-7.949858219641337e-18	2.0458894994801469e-19	-3.8594886835052746e-19	0.9331133790871986	4530.407178167853	353793.3218598737	-1465731.8563893177	414832.0398366348	225713939.62088567	1477376.8184734932	-1429750.75318628	1229067.8890909841	2951.7489650795305	1599.565890624997	4328.676591144693	396357.1799475908	-1366087.0091913727	396360.34234429087	252868935.20966065	1376940.3118308515	-1366086.6171838914	1376933.515656311	2751.080218398542	-0.044374303684081434	0.0	0.0	0.0	0.1147785266360868	0.0	0.0	0.0	-0.06922856452408883	252888643.28798616	0.11528319457179502
212	1255.0	nan	nan	1	1	6.000000000000838e-05	6.000000000000867e-05	5.999999999999513e-05	0.9552797534261128	-1.7883914835148395e-19	6.516055056637881e-19	-1.090978436063539e-19	1.125500000000004	6.7354433662403235e-18	2.608590427000124e-19	-8.543513119185775e-19	0.9311902055425801	4432.925439859553	355147.4739445249	-1467294.997511875	418434.22826686816	226611364.4179881	1487835.1634378252	-1430293.3790934673	1230965.0717152755	2869.0456382494185	1599.565890624997	4229.670419786585	399245.2496386182	-1364713.112315736	399248.5102530111	254749132.10882014	1383817.2691593282	-1364712.689000226	1383810.933229816	2668.4642208899522	-0.04575104587391495	0.0	0.0	0.0	0.11822738136465437	0.0	0.0	0.0	-0.07129172016317817	254768862.64342707	0.11875159927503376
216	1293.75	nan	nan	1	1	6.000000000000838e-05	6.000000000000867e-05	5.999999999999513e-05	0.9539680262529568	2.664426838883127e-19	-6.884683795282953e-21	2.4665599424045225e-19	1.1293750000000051	1.0868584678080939e-18	3.140933693690506e-19	-5.112013243269153e-20	0.9292793191367789	4345.932439808573	356304.8259836251	-1468480.023533049	421821.9713164145	227452756.02269068	1498550.5771375184	-1430475.2934031659	1233041.4816836906	2789.4690986991604	1599.565890624997	4140.936097893096	401921.84717145277	-1363000.6225158337	401924.75426182797	256573094.65990502	1390911.2393614603	-1363000.1988384116	1390905.4096845433	2589.104418913513	-0.047125123553622555	0.0	0.0	0.0	0.12166438236435984	0.0	0.0	0.0	-0.07334591890430904	256592844.7647102	0.12220787846739413
220	1332.5	nan	nan	1	1	6.000000000000838e-05	6.000000000000867e-05	5.999999999999513e-05	0.9526606337542961	-8.140189911021167e-19	6.204645087645733e-18	-5.776087073916524e-20	1.1332499999999868	-3.0538722592399205e-18	2.237793284010081e-19	5.814576251039761e-19	0.9273806020956596	4263.1761639901215	357180.133033808	-1469328.9697248333	424890.8655340949	228241139.76262686	1510204.5127699408	-1430338.1202855217	1235851.7089017872	2714.770004534543	1599.565890624997	4056.4819115659643	404288.2017773207	-1360990.5012339284	404290.61435160047	258343595.9398797	1398852.1557465924	-1360990.1372058196	1398846.7410309191	2514.6010630269116	-0.04849654183867703	0.0	0.0	0.0	0.12508961083881032	0.0	0.0	0.0	-0.07539122368124658	258363375.01972294	0.1256521135009439
224	1371.25	nan	nan	1	1	6.000000000000838e-05	6.000000000000867e-05	5.999999999999513e-05	0.9513575660838353	3.8191021525801893e-19	-1.1173787589635608e-18	-3.910175135068972e-19	1.1371250000000048	1.1878627421968436e-17	-8.413408858487515e-20	2.549501408599664e-19	0.9254939298701411	4200.565701428318	357904.3944970051	-1469881.067819405	427793.2660888134	228979286.81437594	1523440.3747475427	-1429920.5971596325	1239907.4994930862	2659.701229915501	1599.565890624997	3991.406861506383	406489.82565483724	-1358720.76298898	406492.14866286115	260063167.1666259	1408229.6273235066	-1358720.5363724162	1408224.629388526	2458.5603308672057	-0.04986529753020582	0.0	0.0	0.0	0.12850314716009312	0.0	0.0	0.0	-0.07742770574736954	260082980.81788746	0.12908438634144276
228	1410.0	nan	nan	1	1	6.000000000000838e-05	6.000000000000867e-05	5.999999999999513e-05	0.9500588150493917	2.786399583287746e-19	-3.515010548252318e-18	-6.532318089225165e-20	1.1409999999999834	-1.2341527539511121e-17	-3.1008182133085425e-19	-8.080558791534465e-19	0.9236191768363066	4141.180051467846	358618.7322657627	-1470219.0554448667	430696.0693466844	229669721.19957396	1538270.7302885805	-1429303.5657093062	1245198.6992766748	2606.0055812291803	1599.565890624997	3929.5745047397586	408685.7900568213	-1356269.2365587065	408688.4106370754	261734100.91422278	1419046.543617142	-1356269.1748585324	1419041.9194680708	2404.026248355186	-0.051231385725624225	0.0	0.0	0.0	0.1319050708799242	0.0	0.0	0.0	-0.07945543857712821	261753973.0498054	0.13250477882815748
232	1448.75	nan	nan	1	1	6.000000000000838e-05	6.000000000000867e-05	5.999999999999513e-05	0.9487643979393942	-3.6087669311180015e-19	4.130701856952523e-18	-2.322632104007072e-19	1.1448750000000056	-7.31614204982356e-18	-3.5496779127175415e-19	2.913793338554793e-19	0.9217561941415398	4060.140701731869	359336.6603158465	-1470290.581139334	433614.7535450908	230314895.5480308	1554359.1098459354	-1428436.4145759947	1251434.2443428875	2537.567328789152	1599.565890624997	3847.3965153792988	410891.4296344801	-1353588.7104586563	410894.10795414634	263358647.05445147	1430984.439453904	-1353588.8747738106	1430980.0878641892	2336.1521404946147	-0.05259477469375096	0.0	0.0	0.0	0.13529546074101986	0.0	0.0	0.0	-0.08147452191048928	263378614.80346626	0.13591337580301482
236	1487.5	nan	nan	1	1	6.000000000000838e-05	6.000000000000867e-05	5.999999999999513e-05	0.9474743558882217	4.499439015814843e-20	4.635723228896271e-18	2.506675422786486e-19	1.1487500000000042	1.6874847873216137e-17	6.537739100087592e-19	-7.495089618392292e-19	0.9199048118166369	3964.7580534204803	359999.6675397987	-1469853.196768527	436478.3158983655	230917210.97569007	1571600.94322541	-1427083.8844568057	1258514.8658739612	2466.238019799647	1599.565890624997	3751.874259556286	413039.65077643254	-1350457.6599754118	413042.04095398844	264939034.05930948	1443940.4811782509	-1350458.0153893325	1443936.1687467755	2265.906576577333	-0.053955407417443584	0.0	0.0	0.0	0.13867439468776396	0.0	0.0	0.0	-0.0834850797086651	264959120.1014631	0.13931026465237464
240	1526.25	nan	nan	1	1	6.000000000000838e-05	6.000000000000867e-05	5.999999999999513e-05	0.9461887344601374	-5.766871355450398e-19	1.820375447603162e-18	3.6860163359075938e-19	1.1526249999999834	-2.0870458139476967e-17	-2.840609691912022e-20	-7.225123277443401e-19	0.9180648569600925	3865.0386946824997	360433.00569858385	-1468672.954540134	439073.0513182384	231478925.56371376	1589667.6880003568	-1425019.5995521154	1266165.0182857218	2400.305664421905	1599.565890624997	3652.518699401969	414928.6446305267	-1346664.1212163793	414930.5238650625	266477362.8556173	1457607.3137789739	-1346664.586188827	1457602.7350703436	2200.9021874046434	-0.05531322194333008	0.0	0.0	0.0	0.1420419498771542	0.0	0.0	0.0	-0.08548724057393461	266497572.16908127	0.14269553271208893
244	1565.0	nan	nan	1	1	6.000000000000838e-05	6.000000000000867e-05	5.999999999999513e-05	0.9449075652594663	-7.052735132018206e-20	1.3145951341386741e-18	-2.6034404666808176e-19	1.1565000000000059	-5.446543823589556e-18	-6.908536243077634e-19	4.042989901198446e-19	0.9162361712623345	3750.95174118531	360440.9317274707	-1466635.4010347584	441155.23578757525	232002167.5537408	1607865.2603420208	-1422133.9606075007	1273825.3853746029	2333.065452725389	1599.565890624997	3539.8789137041344	416329.6531054964	-1342107.1819377395	416330.6340862528	267975619.40163717	1471345.5791198905	-1342107.914730523	1471340.3338191544	2134.9708985780594	-0.05666817081279573	0.0	0.0	0.0	0.14539820268936188	0.0	0.0	0.0	-0.08748111865115134	267995951.80243838	0.14606926466791986
248	1603.75	nan	nan	1	1	6.000000000000838e-05	6.000000000000867e-05	5.999999999999513e-05	0.9436308606059242	8.1022428349841745e-19	-7.785059489423541e-18	-1.4121733296623695e-19	1.160374999999985	4.8134239649666456e-18	-1.2587587222556707e-19	5.0957502106818706e-20	0.9144186163179745	3626.758847112491	360193.29455436306	-1463806.2818950617	442926.68700575124	232488938.6316028	1625659.5391841256	-1418491.8197605023	1281074.681479858	2266.2847884523726	1599.565890624997	3418.0251704618745	417434.5857321898	-1336851.3146443204	417434.58241241705	269435675.93358475	1484667.1441448128	-1336852.2552570107	1484660.8391673733	2069.731381995923	-0.05802022680545859	0.0	0.0	0.0	0.1487432287379469	0.0	0.0	0.0	-0.08946680765587586	269456122.2755367	0.14943154169063358
252	1642.5	nan	nan	1	1	6.000000000000838e-05	6.000000000000867e-05	5.999999999999513e-05	0.9423586137622723	5.39499001028787e-19	1.8978959029358755e-19	1.478038611640864e-19	1.1642499999999876	6.7679152213062645e-18	3.7470027081099033e-19	-1.2703596855012656e-18	0.9126120729847239	3482.6450050699273	360130.0999400395	-1460397.3329836074	444927.2673083547	232941061.30251515	1642751.1014187662	-1414299.4379351558	1287684.786734593	2190.4662670532953	1599.565890624997	3277.7569852080974	418752.1088060921	-1331093.5527788333	418751.6833344972	270859227.4408561	1497301.6935408162	-1331094.571832412	1497294.2278704622	1996.5220832725831	-0.05936938283620375	0.0	0.0	0.0	0.15207710288033868	0.0	0.0	0.0	-0.09144438135792675	270879788.2974996	0.15278244164508512
256	1681.25	nan	nan	1	1	6.000000000000838e-05	6.000000000000867e-05	5.999999999999513e-05	0.9410908030196058	-1.49890950346121e-19	2.31829529531713e-18	4.689716497086049e-19	1.1681249999999788	4.346945980254757e-18	2.1543097167286974e-19	-2.325613659981407e-20	0.9108164379245369	3296.3346395929684	360424.4073726134	-1456527.7606172801	447375.05996038776	233360260.11923975	1659117.6264670223	-1409673.3546009825	1293648.3641095778	2097.460011954512	1599.565890624997	3098.2118851724663	420486.2549024232	-1324945.2072597798	420486.048731439	272247882.81097513	1509233.1275142215	-1324946.4083461515	1509224.5271356592	1907.9757114141203	-0.060715647750838354	0.0	0.0	0.0	0.15539989922767225	0.0	0.0	0.0	-0.09341389716826058	272268575.05662394	0.1561220394703675
260	1720.0	nan	nan	1	1	6.000000000000838e-05	6.000000000000867e-05	5.999999999999513e-05	0.9398273965889488	-7.415400758714608e-19	4.514834686664138e-18	-4.6783323742749516e-20	1.1720000000000048	1.2796404560977414e-17	6.19079440489223e-19	4.895714909858296e-19	0.909031619089357	3077.5045302654853	361102.43454723613	-1452119.0067106192	450308.0459685923	233748172.4636467	1674926.078513921	-1404538.3566135988	1299105.2176435743	1993.2412908782458	1599.565890624997	2888.6312121524993	422671.851180016	-1318337.1711531542	422671.6366705292	273603175.47853935	1520617.317199489	-1318338.7045183098	1520607.8793334735	1809.6065630285857	-0.06205904122847752	0.0	0.0	0.0	0.1587116911548246	0.0	0.0	0.0	-0.09537540093288417	273624010.2267049	0.15945040780171593
264	1750.0	nan	nan	1	1	6.000000000000838e-05	6.000000000000867e-05	5.999999999999513e-05	0.9388522327377835	-2.1423834928313567e-19	-4.728314094426533e-18	-3.225501463144376e-19	1.1749999999999878	8.978549240895584e-18	1.6566609195578508e-19	-3.8321125786500154e-19	0.9076570840229972	1581.625036721518	361946.80376710143	-1448135.544401745	452986.3082165767	234027683.10561058	1687082.8638863228	-1400019.2753847742	1303223.8837908446	1149.8878340543952	1599.565890624997	1483.009260582717	424742.48233972205	-1312726.0494184727	424742.1951506702	274630133.5553493	1529330.3389400782	-1312726.7855430935	1529325.6956122054	1042.3663168189069	-0.06309717878372952	0.0	0.0	0.0	0.1612681475961123	0.0	0.0	0.0	-0.09688863248025528	274652042.07650554	0.1620196045228652
268	1780.0	nan	nan	1	1	6.000000000000838e-05	6.000000000000867e-05	5.999999999999513e-05	0.9378797534395126	2.0014372104082413e-19	8.841831346945162e-18	-2.252701063881757e-19	1.1779999999999955	1.7281965788984443e-17	-1.7076184216646694e-19	-4.285851187835199e-19	0.9062890196363069	1434.0476341366216	362954.90290319687	-1443597.0287454214	455879.8959400646	234290915.91423288	1698923.7510365988	-1394973.2404843688	1307055.5276497658	1085.5463377903388	1599.565890624997	1343.2336675598435	427010.7303470759	-1306632.7173152592	427010.3795813241	275639574.8286798	1537734.7785604638	-1306633.7389077004	1537730.255195826	982.5528404913025	-0.06413353282093125	0.0	0.0	0.0	0.16381808522939115	0.0	0.0	0.0	-0.0983970175897348	275661562.2162111	0.16458208806732746
272	1810.0	nan	nan	1	1	6.000000000000838e-05	6.000000000000867e-05	5.999999999999513e-05	0.9369098577785707	3.9855271860567145e-19	-3.2793863111169052e-18	-1.5666721392415538e-20	1.1809999999999958	-1.6760681384453413e-18	6.418476861114186e-20	-2.9495720102468147e-19	0.9049273068873	1244.9178248746646	364131.97749254404	-1438410.8005798536	458997.8914979046	234537528.72314012	1710497.8876043023	-1389310.2402350334	1310645.1174411066	994.1553239236798	1599.565890624997	1164.8690168358123	429484.32473831373	-1299975.685225893	429484.1088428486	276630997.48363423	1545876.6456838779	-1299976.9312367553	1545872.288152137	898.4761153890599	-0.06516820438265185	0.0	0.0	0.0	0.16636153721522173	0.0	0.0	0.0	-0.0999006623897833	276653086.651083	0.16713794955870087
276	1840.0	nan	nan	1	1	6.000000000000838e-05	6.000000000000867e-05	5.999999999999513e-05	0.9359425221219232	-5.596651614370174e-19	-3.0485596685947412e-18	-3.421742056364252e-19	1.1840000000000042	1.2437099961015719e-17	5.342948306008566e-19	-8.077306185017008e-20	0.9035719134907262	1038.0522562776619	365588.9746653204	-1432590.0861975832	462482.96950425947	234768158.2660807	1721923.3340652513	-1383043.7949828093	1314085.5418819215	882.4290634050944	1599.565890624997	970.2972297708931	432295.9713199432	-1292769.3896513234	432296.10206267424	277605004.651845	1553863.7318888227	-1292770.720171417	1553859.4571824388	796.30404586749	-0.06620121237949107	0.0	0.0	0.0	0.16889853646181727	0.0	0.0	0.0	-0.101399577772295	277627206.97294426	0.16968722035955763
280	1870.0	nan	nan	1	1	6.000000000000838e-05	6.000000000000867e-05	5.999999999999513e-05	0.9349777200155177	3.5789513713746503e-19	1.1619394682527152e-18	4.579127875492528e-19	1.1870000000000012	-9.533606543099538e-18	2.9663771439203404e-19	9.168555671623668e-19	0.9022228094605832	729.9005246636334	367349.5402653973	-1426256.595974894	466369.2352219939	234983367.70925668	1733358.2337554889	-1376292.2912819192	1317498.6209418466	703.3070785261084	1599.565890624997	681.5522476953598	435476.21163828543	-1285125.9255608611	435477.15035277815	278562120.13795817	1561839.3007051686	-1285127.3192895225	1561834.8341253242	633.7135707523707	-0.06723257883777073	0.0	0.0	0.0	0.17142911562753216	0.0	0.0	0.0	-0.10289377228288762	278584511.3590399	0.1722299315543629
284	1900.0	nan	nan	1	1	6.000000000000838e-05	6.000000000000867e-05	5.999999999999513e-05	0.9340154257117188	-4.60894343523588e-19	5.403500997341882e-18	9.584889305858102e-19	1.19000000000001	-1.2989826228548828e-18	-1.507041019754851e-19	-4.43980789632814e-19	0.9008799636843452	162.33112609043525	369288.3562723082	-1419587.5463383242	470501.1884989902	235183629.75142202	1744834.2230466648	-1369227.1587739245	1320908.4908303723	344.8016361279091	1599.565890624997	151.42162829603626	438878.83522768016	-1277206.6481660663	438881.05623101967	279502767.24623066	1569831.938418373	-1277207.9568597898	1569826.8576616314	310.2189386607561	-0.06826232513837302	0.0	0.0	0.0	0.17395330712344637	0.0	0.0	0.0	-0.1043832559046798	279525549.0717705	0.17476611448175677
288	1930.0	nan	nan	1	1	6.000000000000838e-05	6.000000000000867e-05	5.999999999999513e-05	0.9330556257995669	-6.118152859335701e-19	-3.194059600142296e-18	5.20796513553412e-19	1.1930000000000023	-1.4305071883990994e-17	-7.023461673361097e-19	1.8919327909872054e-19	0.8995433402945907	-90.99526923155383	371232.51817407215	-1412731.8651118896	474658.9229294214	235369775.61717737	1756256.2398424316	-1361992.403624252	1324244.4553839746	173.94552790291422	1599.565890624997	-84.7922731120427	442299.43327687774	-1269146.5152163098	442302.21381822356	280427800.0160771	1577756.219469423	-1269147.6473437855	1577751.2568598234	156.26628522176225	-0.06929045954806481	0.0	0.0	0.0	0.17647114311578116	0.0	0.0	0.0	-0.10586804410127813	280450740.75882554	0.1772957990816723
292	1960.0	nan	nan	1	1	6.000000000000838e-05	6.000000000000867e-05	5.999999999999513e-05	0.9320983034725553	-3.9584221317445765e-19	-3.080001531596821e-18	-4.344398105149416e-19	1.1959999999999928	1.9418819850736124e-17	-4.72928987638177e-19	-2.4188550468151603e-19	0.8982128985328987	-396.4723409291117	373010.70465399756	-1405784.2453773203	478623.54403148603	235542119.69539404	1767536.432321076	-1354679.647007631	1327440.523335122	-41.454791677014555	1599.565890624997	-369.06463195800956	445533.42407279264	-1261031.034023169	445536.8102361619	281337467.77748895	1585533.699252132	-1261032.0916012542	1585528.5498121923	-37.18620334918405	-0.07031699402980801	0.0	0.0	0.0	0.178982655528434	0.0	0.0	0.0	-0.10734815800754018	281360610.076152	0.17981901837099112
296	1990.0	nan	nan	1	1	6.000000000000838e-05	6.000000000000867e-05	5.999999999999513e-05	0.9311434472461237	-6.873841773558098e-19	-1.5681900222830337e-18	-9.12356128146552e-20	1.1989999999999832	-1.198824026160672e-17	6.4336556915289835e-19	7.680488189887313e-19	0.8968885972261522	-648.171838779826	374511.51589390164	-1398778.283063119	482249.2498760425	235701194.10570064	1778680.2804546726	-1347321.3855346558	1330502.657458065	-232.54138103064219	1599.565890624997	-602.7434125039453	448445.92555834213	-1252890.4720648264	448449.8417810642	282232283.01444745	1593169.9849894606	-1252891.657844084	1593164.6167341033	-208.28810697294819	-0.07134193489929341	0.0	0.0	0.0	0.1814878760453628	0.0	0.0	0.0	-0.10882361947879868	282255589.04267293	0.18233580401415853
300	2020.0	nan	nan	1	1	6.000000000000838e-05	6.000000000000867e-05	5.999999999999513e-05	0.9301910445079836	-5.388484797252957e-20	1.154458473262565e-18	1.6263032587282566e-21	1.2019999999999873	1.0018028073766061e-18	5.902396627011086e-19	-5.3852321907355e-19	0.8955703955175076	-881.8362130860924	375688.5388287866	-1391695.4470490087	485472.27478834696	235847456.53400823	1789758.2123470758	-1339899.713567313	1333485.0874070488	-421.69614940122284	1599.565890624997	-819.1882848628778	450978.7342461711	-1244708.2978534333	450983.06718497025	283112675.6074892	1600728.7390236626	-1244709.7680465824	1600723.3511295402	-377.15773048301224	-0.07236528972936479	0.0	0.0	0.0	0.18398683611300545	0.0	0.0	0.0	-0.11029445027785643	283136134.7753406	0.18484618780890125
