6	header
postResults v2.0.3	--cr f,p,texture --time RVE_1_40_D_tensionX.spectralOut
addCauchy v2.0.3	RVE_1_40_D_tensionX.txt
addStrainTensors v2.0.3	--left --logarithmic RVE_1_40_D_tensionX.txt
addMises v2.0.3	-s Cauchy RVE_1_40_D_tensionX.txt
addMises v2.0.3	-e ln(V) RVE_1_40_D_tensionX.txt
inc	time	elem	node	ip	grain	1_pos	2_pos	3_pos	1_f	2_f	3_f	4_f	5_f	6_f	7_f	8_f	9_f	1_p	2_p	3_p	4_p	5_p	6_p	7_p	8_p	9_p	texture	1_Cauchy	2_Cauchy	3_Cauchy	4_Cauchy	5_Cauchy	6_Cauchy	7_Cauchy	8_Cauchy	9_Cauchy	1_ln(V)	2_ln(V)	3_ln(V)	4_ln(V)	5_ln(V)	6_ln(V)	7_ln(V)	8_ln(V)	9_ln(V)	Mises(Cauchy)	Mises(ln(V))
0	0.0	nan	nan	1	1	6.000000000000838e-05	6.000000000000867e-05	5.999999999999513e-05	1.0	0.0	0.0	0.0	1.0	0.0	0.0	0.0	1.0	2.7716487604837305e-06	-1.193192284640359e-09	-2.8066754232013673e-08	-1.19319228464005e-09	2.7018729684353462e-06	-1.6832583398956398e-08	-2.8066754232013544e-08	-1.6832583398956544e-08	2.6991213888906947e-06	1599.565890624997	2.7716487604837305e-06	-1.193192284640359e-09	-2.8066754232013673e-08	-1.19319228464005e-09	2.7018729684353462e-06	-1.6832583398956398e-08	-2.8066754232013544e-08	-1.6832583398956544e-08	2.6991213888906947e-06	0.0	0.0	0.0	0.0	0.0	0.0	0.0	0.0	0.0	9.102600058541354e-08	0.0
2	2.0	nan	nan	1	1	6.000000000000838e-05	6.000000000000867e-05	5.999999999999513e-05	0.9999331859138993	-1.8267456647621063e-23	1.725267147214101e-22	2.1142736456855388e-24	1.000200000000001	2.445443675727269e-22	2.3227231600489016e-24	-2.5702155993247675e-23	0.9999338800589289	-3.593354889062539e-06	-494.1626033477003	2741.2009144821027	-494.29446170109014	14158906.77612274	727.4803459784947	2741.2028174002157	727.286787663318	2.6271183933204155e-06	1599.565890624997	-3.59287392240172e-06	-494.22830092271045	2740.8359103718185	-494.228300922707	14160789.164295547	727.3834784650518	2740.8359103718	727.3834784650151	2.62676857984752e-06	-6.681631826113055e-05	0.0	0.0	0.0	0.0001999800026677987	0.0	0.0	0.0	-6.61221270905273e-05	14160790.041951522	0.00017763326904640764
4	4.0	nan	nan	1	1	6.000000000000838e-05	6.000000000000867e-05	5.999999999999513e-05	0.9998663539893823	6.292528355813392e-23	-2.6327504536337763e-22	2.0183206946293875e-24	1.0003999999999935	-4.830734777309681e-25	-6.140988867593678e-24	1.5577465295598618e-23	0.9998677425139982	1.1705402309871715e-05	-988.3614006085994	5482.594259821043	-988.8889062260753	28326310.375543933	1455.4063112452864	5482.601873555609	1454.6319700774077	1.072663591185119e-05	1599.565890624997	1.1702269733837373e-05	-988.6242617820388	5481.134630758546	-988.6242617820164	28333843.942900915	1455.018838955899	5481.134630758478	1455.0188389558782	1.0723780163499618e-05	-0.00013365494204156818	0.0	0.0	0.0	0.00039992002132045463	0.0	0.0	0.0	-0.00013226623279451486	28333845.697185393	0.000355254643916501
6	6.0	nan	nan	1	1	6.000000000000838e-05	6.000000000000867e-05	5.999999999999513e-05	0.9997995042228786	-1.1995773243244008e-22	1.3250771668609462e-22	1.5365707058785043e-23	1.000599999999987	5.969199997978664e-22	-1.6477437802056313e-23	-2.594038400966295e-24	0.9998015873617156	8.432641583567601e-06	-1482.5963387279694	8224.17977104973	-1483.7833888348066	42502212.496055506	2183.777960922229	8224.196906593594	2182.0354505052305	7.482371755031636e-06	1599.565890624997	8.42925750376955e-06	-1483.1879358746728	8220.896477144386	-1483.1879358746683	42519172.06015562	2182.90614329794	8220.89647714436	2182.9061432978706	7.479384609046762e-06	-0.00020051587908671828	0.0	0.0	0.0	0.0005998200719549005	0.0	0.0	0.0	-0.00019843232467592876	42519174.69006937	0.0005328641403784183
8	8.0	nan	nan	1	1	6.000000000000838e-05	6.000000000000867e-05	5.999999999999513e-05	0.9997326366108243	-9.850066734281453e-24	-6.087784610594266e-22	2.0037623158484543e-23	1.0008000000000166	1.3381664728739851e-21	-2.3266936269891563e-23	9.102957205023559e-23	0.9997354145986068	6.302747941845155e-06	-1976.8673654659833	10965.957183066826	-1978.9779656143598	56686614.836122684	2912.595360149443	10965.98765450879	2909.497132231167	5.348847482309793e-06	1599.565890624997	6.299376497078184e-06	-1977.9193773677105	10960.121765223636	-1977.919377367691	56716781.24714144	2911.045453410717	10960.121765223574	2911.0454534107357	5.346001149835792e-06	-0.000267399137138532	0.0	0.0	0.0	0.000799680170581106	0.0	0.0	0.0	-0.0002646204102856375	56716784.75167025	0.0007104617742034843
10	10.0	nan	nan	1	1	6.000000000000838e-05	6.000000000000867e-05	5.999999999999513e-05	0.9996657486137109	-3.402690167798135e-23	-2.257051636857092e-21	5.558653716356346e-25	1.0010000000000012	-2.4233083225353498e-21	1.164670302474663e-23	-5.762471019289412e-23	0.9996692150059093	0.00040594349194543613	-2474.36767396014	13686.83968214764	-2477.6702063349	70877013.31315407	3663.934564927811	13686.887141965904	3659.063526827909	0.0004089593812896055	1599.565890624997	0.0004056721442492517	-2476.014039613473	13677.738318626292	-2476.014039613035	70924172.62644352	3661.4981514701935	13677.738318626753	3661.498151470532	0.0004086874348007869	-0.0003343072607347695	0.0	0.0	0.0	0.0009995003330847542	0.0	0.0	0.0	-0.0003308397155142905	70924176.99586666	0.0008880514707439219
12	12.0	nan	nan	1	1	6.000000000000838e-05	6.000000000000867e-05	5.999999999999513e-05	0.999598777367368	1.903177153362006e-23	-5.1597541377587735e-22	-2.9116757561866577e-23	1.001199999999962	-3.9303387543783606e-21	2.2155205526620292e-23	2.2245202777266062e-22	0.9996027529366652	0.005631239479509532	-3040.22593927718	15804.25382453895	-3045.0959718221966	85009607.989325	5015.314093524578	15804.316680667966	5007.312999131046	0.0070450189701005	1599.565890624997	0.005626725291498297	-3042.6549220756697	15791.647417148895	-3042.65492207124	85077526.25580801	5011.3135824372475	15791.64741715234	5011.313582437836	0.007039399446382789	-0.00040130314396848307	0.0	0.0	0.0	0.001199280575444041	0.0	0.0	0.0	-0.0003973259868513288	85077531.25221442	0.0010657325675996875
14	14.0	nan	nan	1	1	6.000000000000838e-05	6.000000000000867e-05	5.999999999999513e-05	0.9995310529695357	-8.877964078409136e-23	-1.537364799266555e-22	-6.908612476042887e-23	1.001399999999977	-2.102653412440394e-21	-4.499862532288471e-25	1.2964898048911134e-22	0.9995333827134355	-3.8107395474511505	-4232.495759526046	10206.50841798709	-4240.409784150762	98374096.49863979	13257.521197942942	10206.532203444918	13232.809079148774	-4.757254631641688	1599.565890624997	-3.8071884706458814	-4236.458311736401	10197.02114577703	-4236.458314720267	98466196.41218252	13245.197912909065	10197.02114153198	13245.197915392206	-4.752832613081118	-0.00046905702051066694	0.0	0.0	0.0	0.0013990209136845702	0.0	0.0	0.0	-0.00046672618628820393	98466205.22210401	0.0012446090722321994
16	16.0	nan	nan	1	1	6.000000000000838e-05	6.000000000000867e-05	5.999999999999513e-05	0.9994608650985501	-4.0234064994579265e-24	1.3596466990207622e-21	-5.039846036163087e-23	1.0015999999999843	7.710646797974303e-21	-6.919200387883566e-23	1.4420735927004464e-22	0.99945226035596	90.13195560356972	-5645.3911944194415	-30530.3018904942	-5657.473996885117	108702645.216022	47677.20328473559	-30530.039055044184	47574.96862332761	209.1745199499137	1599.565890624997	90.0372918380027	-5651.532031798998	-30497.973962377	-5651.532066650093	108820887.73350407	47626.71884451792	-30497.97397401376	47626.71882727135	208.95302922017427	-0.0005392802869281086	0.0	0.0	0.0	0.0015987213636813335	0.0	0.0	0.0	-0.0005478897081987006	108820782.76625481	0.0014282128906092757
18	18.0	nan	nan	1	1	6.000000000000838e-05	6.000000000000867e-05	5.999999999999513e-05	0.9993887459564528	-4.493509785184063e-22	5.7244604157813755e-21	8.597384414631149e-23	1.0017999999999867	-8.237395412048071e-23	-9.486769009248164e-23	-1.2049043674692421e-22	0.9993547838648908	-87.8365228922679	-2904.338321810841	-116461.04009340145	-2911.343601985251	115110610.0367425	116320.15254645115	-116457.08292198791	116036.23629149883	292.38702621967417	1599.565890624997	-87.73530946734208	-2907.9909788702057	-116322.88971371895	-2907.988880653053	115255379.52836849	116182.16929277139	-116322.8902213745	116182.16990207351	292.0401859488498	-0.0006114409354629434	0.0	0.0	0.0	0.0017983819413660985	0.0	0.0	0.0	-0.0006454243766183251	115255629.26128075	0.0016179953640767224
20	20.0	nan	nan	1	1	6.000000000000838e-05	6.000000000000867e-05	5.999999999999513e-05	0.999316772514079	-4.294457042579303e-22	-5.52424300287414e-21	-8.809142651444723e-23	1.001999999999993	-1.3975408354985515e-20	2.956674381509542e-22	1.7872395187065737e-22	0.9992456940274111	-168.6052085851149	4983.596646978129	-218701.2416884565	4996.980862363757	119051478.26606001	207404.88907430792	-218685.68772530826	206834.77255695203	206.15751742656374	1599.565890624997	-168.39569311970925	4990.768471584424	-218413.93867013787	4990.771417354395	119222803.59227037	207132.42582633984	-218413.94028627116	207132.4256007956	205.88669282333584	-0.0006834609921843936	0.0	0.0	0.0	0.0019980026626659664	0.0	0.0	0.0	-0.00075459060448102	119223925.14474592	0.0018118177764868467
22	22.0	nan	nan	1	1	6.000000000000838e-05	6.000000000000867e-05	5.999999999999513e-05	0.9992457322207094	-1.1545059071076114e-21	-1.5583712163584617e-20	-4.573977915173222e-23	1.0022000000000022	-2.2406986070191633e-20	-5.1377842206893656e-23	-1.5005188660609931e-21	0.999130056476347	-97.24809478326749	17564.363077523107	-315123.480771589	17616.293981064762	121777249.2057921	305872.8042887812	-315087.00274862366	304935.85288636596	239.90564122144983	1599.565890624997	-97.11910676024725	17592.926163092183	-314669.0757084146	17592.92806383394	121975282.8022328	305431.73861314246	-314669.0773419152	305431.73815249436	239.5596995677584	-0.0007545523823522681	0.0	0.0	0.0	0.0021975835434891954	0.0	0.0	0.0	-0.0008703221441221541	121977580.25391395	0.002007793397431461
24	24.0	nan	nan	1	1	6.000000000000838e-05	6.000000000000867e-05	5.999999999999513e-05	0.9991755314785375	7.623296525288702e-24	7.435678727471875e-21	2.541098841762901e-23	1.002400000000016	5.22458392195925e-20	-4.750796042912557e-22	7.640237184233789e-22	0.9990107360631867	-61.446413552366735	34228.76876001282	-400336.0313765646	34339.230296817215	123881534.92638409	400915.1697762347	-400270.00476460624	399559.6161802882	228.53104390971976	1599.565890624997	-61.359996475456846	34290.935374256755	-399707.07121382206	34290.93625109464	124106529.74427284	400285.2997404017	-399707.07258050103	400285.30014224106	228.1720032256351	-0.0008248085825598538	0.0	0.0	0.0	0.002397124599736957	0.0	0.0	0.0	-0.0009897535813338419	124110328.06569922	0.002204994537520029
26	26.0	nan	nan	1	1	6.000000000000838e-05	6.000000000000867e-05	5.999999999999513e-05	0.9991058887394243	-1.6483261153568684e-21	-1.0743554144736732e-20	1.4052276594948843e-21	1.0026000000000037	9.470675383250331e-21	-4.785736151986796e-22	-3.418624975118356e-21	0.9988892167006865	-38.915900840796894	53328.321477330595	-475276.6018870618	53514.82420571509	125621589.40491636	486996.13578874775	-475173.5316557132	485193.6863850326	195.46179977475154	1599.565890624997	-38.85814486624797	53435.40075149411	-474468.31472316396	53435.401636584305	125873828.1448599	486167.9176019845	-474468.3157977301	486167.9189565362	195.12938437041012	-0.000894511216469998	0.0	0.0	0.0	0.002596625847269679	0.0	0.0	0.0	-0.0011114006763064189	125879283.22697462	0.002402986093044738
28	28.0	nan	nan	1	1	6.000000000000838e-05	6.000000000000867e-05	5.999999999999513e-05	0.9990365537053868	-1.4187801866509531e-21	4.802994448287103e-20	3.1289397071573854e-21	1.002800000000021	5.202857526862177e-20	-7.964227286558559e-22	-2.3191762095822743e-21	0.9987662922190486	-8.910965202154257	72856.65023737447	-541199.4733292408	73131.10786667757	127113496.87176971	562043.9742910487	-541053.0676611417	559783.1847685216	156.05495057086006	1599.565890624997	-8.897060539302863	73016.99303238606	-540208.8081350551	73016.99414546238	127393248.04487073	561015.1532548663	-540208.8088945678	561015.1546731746	155.76929211121688	-0.0009639107073095925	0.0	0.0	0.0	0.0027960873020220016	0.0	0.0	0.0	-0.001234469424890981	127400379.20681572	0.002601545462848332
30	30.0	nan	nan	1	1	6.000000000000838e-05	6.000000000000867e-05	5.999999999999513e-05	0.9989673262286156	3.1035287187397566e-21	-7.50922765707315e-20	4.9636130709102e-21	1.0029999999999868	-2.4761314147084962e-20	2.7316812548951187e-22	1.24090326772755e-21	0.9986424299640937	30.547731700526523	91467.53917988921	-598608.515306283	91836.78029601322	128414114.78604068	625558.1991573042	-598413.8287042531	622840.4395931775	124.85673132390474	1599.565890624997	30.49776546524662	91686.56388355704	-597435.0165946659	91686.56494724005	128721610.35977057	624331.868889722	-597435.0167108475	624331.8697107622	124.61196498731104	-0.0010332073463142901	0.0	0.0	0.0	0.0029955089797855305	0.0	0.0	0.0	-0.0013584923689562607	128730332.02619998	0.0028005433332751605
32	32.0	nan	nan	1	1	6.000000000000838e-05	6.000000000000867e-05	5.999999999999513e-05	0.9988980484443695	-1.5924219408380846e-22	-3.715319440717856e-20	7.074419175467917e-21	1.0031999999999939	-2.6187717630261205e-20	1.4475793068575993e-21	-3.222960364302613e-21	0.9985179427945486	66.79093053286591	108600.79516993847	-647836.5716374738	109068.50683281645	129556314.69472286	677888.0097761124	-647590.0529618947	674724.2236792478	100.5456209433451	1599.565890624997	66.6766999963311	108881.96931140394	-646482.4996903582	108881.97021841136	129891743.96573986	676471.1259854926	-646482.499007873	676471.1262136361	100.33546608225015	-0.0011025591506472053	0.0	0.0	0.0	0.0031948908965135337	0.0	0.0	0.0	-0.00148315653854831	129901907.91992578	0.0029998910752154417
34	34.0	nan	nan	1	1	6.000000000000838e-05	6.000000000000867e-05	5.999999999999513e-05	0.9988286034846066	9.483380877459146e-21	-4.8027826900502894e-21	3.1204693776848426e-21	1.0034000000000143	4.009006939354603e-21	1.90074193363865e-21	4.7984416461956115e-21	0.9983930622952946	91.727662108211	124052.2977742369	-689572.3479386269	124620.05582432295	130564435.67196476	720010.8275924458	-689271.6570709953	716417.9935158545	75.24248199427326	1599.565890624997	91.5639824515625	124397.6819495249	-688041.7160695032	124397.68268758277	130927950.82440938	718412.6319540598	-688041.7145915517	718412.6316023031	75.07546755235623	-0.001172083136547706	0.0	0.0	0.0	0.003394233068029558	0.0	0.0	0.0	-0.0016082302139389653	130939380.8905827	0.003199517562270396
36	36.0	nan	nan	1	1	6.000000000000838e-05	6.000000000000867e-05	5.999999999999513e-05	0.9987589147445511	8.018013878709206e-21	-1.6134177700181507e-20	-2.9815559743351372e-21	1.0036	-6.821071620944155e-20	4.06448759739976e-21	1.6154612370034015e-20	0.9982679652578034	102.56862970056862	137796.41575312125	-724900.2084120127	138464.3298172084	131459809.93337621	753321.3047938059	-724543.8748350077	749318.9769130778	49.26924499373804	1599.565890624997	102.37802945867138	138207.02473196233	-723197.4783960201	138207.02566062225	131851536.94616072	751551.8159973149	-723197.4764458326	751551.8151059648	49.15351565424744	-0.0012418560395597036	0.0	0.0	0.0	0.003593535510130218	0.0	0.0	0.0	-0.0017335364486263695	131864053.68074876	0.003399361270632516
38	38.0	nan	nan	1	1	6.000000000000838e-05	6.000000000000867e-05	5.999999999999513e-05	0.9986889406014579	7.692753226963556e-21	1.123457914426005e-19	-6.837249950236712e-21	1.0037999999999938	-1.9712150748502076e-20	4.3274913275222204e-21	1.7879171450643772e-20	0.9981427835586584	101.87877925888351	150023.00883226225	-755059.2352980546	150790.79303566282	132261734.67362677	779352.3045309837	-754646.3108349796	774960.0291205132	25.672631924621587	1599.565890624997	101.68195084904765	150499.4662006197	-753188.3466452598	150499.467283362	132681784.09489553	777421.2224185969	-753188.3444711244	777421.2210332139	25.60902017933092	-0.001311919588837981	0.0	0.0	0.0	0.003792798238690732	0.0	0.0	0.0	-0.0018589432061115645	132695221.92229764	0.0035993690896365736
40	40.0	nan	nan	1	1	6.000000000000838e-05	6.000000000000867e-05	5.999999999999513e-05	0.9986186644188542	5.981746673509869e-21	-1.5352345114042106e-19	-7.768986192216443e-21	1.004000000000016	-2.2921558585648623e-19	5.254992404765679e-21	3.31698102144784e-21	0.9980176128806099	95.16169157845975	160987.8548222486	-781126.5100509055	161855.38373507455	132987171.99543148	799519.6174915981	-780656.3609249266	794755.6354921028	6.864340893945249	1599.565890624997	94.97083028379822	161530.7571705433	-779090.6378609403	161530.75806296614	133435647.11828536	797435.8068237504	-779090.6354606085	797435.8047589428	6.846450167476991	-0.001382290504620857	0.0	0.0	0.0	0.00399202126955338	0.0	0.0	0.0	-0.0019843546494365313	133449860.5118781	0.0037994963819954104
44	48.666666666666664	nan	nan	1	1	6.000000000000838e-05	6.000000000000867e-05	5.999999999999513e-05	0.9983105816518083	-2.459783678826488e-21	-3.0502926980048235e-20	-4.260575724689131e-21	1.0048666666666732	1.671450114816911e-20	-2.3242584072658003e-21	-2.5114526886090004e-20	0.997476728972422	271.85589688105995	195262.85790732116	-860215.9217326316	196545.1725046374	135529570.79933208	842087.401119	-859497.3845319404	835894.5282949951	-595.3783820700114	1599.565890624997	271.22364318277533	196088.0801833182	-857498.4863207601	196088.06852557452	136102347.52747467	839427.233984355	-857498.4564002693	839427.1959642374	-593.4975725453039	-0.0016908470246842255	0.0	0.0	0.0	0.004854862726188422	0.0	0.0	0.0	-0.0025264598412078937	136118801.20668924	0.004667344897518455
48	57.33333333333333	nan	nan	1	1	6.000000000000838e-05	6.000000000000867e-05	5.999999999999513e-05	0.9979982187835745	1.598012358289963e-20	2.3195065524317035e-19	-8.104411239329145e-21	1.0057333333333347	2.3387257300049036e-19	5.431175257794574e-21	1.0720048980450426e-20	0.9969390491687532	192.63660450525285	214142.30935211683	-909113.2836280061	215802.03413453227	137589253.31902516	852517.1118667147	-908148.4274234179	845062.5455246125	-424.343158684756	1599.565890624997	192.12654061531902	215230.64564513433	-905743.8483657885	215230.63273722798	138288523.71715114	849357.4382923673	-905743.8287713685	849357.4101916964	-422.77042091059513	-0.0020037874582632736	0.0	0.0	0.0	0.005716960329230423	0.0	0.0	0.0	-0.003065645123020813	138305863.93952158	0.005535173321148756
52	66.0	nan	nan	1	1	6.000000000000838e-05	6.000000000000867e-05	5.999999999999513e-05	0.9976828191532304	-1.8832930549252115e-20	1.2227428813384178e-19	-1.7277778058093218e-20	1.0066000000000026	4.353410535708202e-20	1.5692132380833168e-20	1.1733100385366569e-20	0.9964045116856916	154.90500914067175	224732.9494051745	-941562.8922122456	226741.57485766005	139420237.37397358	851406.4617669428	-940356.4654894485	842782.8513486271	-289.8803758791323	1599.565890624997	154.44464341056164	226067.72963859665	-937561.8229814133	226067.71639927512	140248310.771659	847788.50249382	-937561.7986597556	847788.4808926027	-288.64856071081465	-0.00231986966476265	0.0	0.0	0.0	0.006578315360125595	0.0	0.0	0.0	-0.0036019676179202503	140266011.986517	0.006402423732232214
56	74.66666666666666	nan	nan	1	1	6.000000000000838e-05	6.000000000000867e-05	5.999999999999513e-05	0.9973653325614307	-8.763402872292991e-21	2.8283785361536695e-19	3.979360786200703e-21	1.0074666666666456	8.228416862807176e-20	2.2043185419345913e-20	2.676624113323589e-22	0.9958726517293146	150.06542467502626	230690.50272611852	-964654.6875065295	233026.92503182022	141129685.59016973	846470.1760389606	-963210.9446676554	836728.8990446012	-198.63760416104714	1599.565890624997	149.57057031418088	232258.51281516295	-960034.6866204143	232258.49759228152	142088948.1876932	842416.1938067501	-960034.6691370679	842416.1698251179	-197.68627316237453	-0.0026381442830539126	0.0	0.0	0.0	0.00743892909697771	0.0	0.0	0.0	-0.004135889281811787	142106762.19217598	0.007268915072489755
60	83.33333333333333	nan	nan	1	1	6.000000000000838e-05	6.000000000000867e-05	5.999999999999513e-05	0.9970464385964739	-2.3903269771516355e-20	-1.5859336684621168e-19	1.3721933745519666e-21	1.0083333333333648	3.0588392604426198e-19	9.266540442962045e-21	-3.079811796216636e-21	0.9953429989546049	147.48670256229363	234023.89377593776	-981921.0878591567	236673.1044484635	142764653.0708006	840829.0113823683	-980243.4796686227	829996.6066650522	-139.55624118114338	1599.565890624997	146.95216055935376	235815.33755046636	-976690.7536594298	235815.32057306307	143857510.9189453	836350.2230268355	-976690.7437006485	836350.1983000739	-138.81287616937192	-0.0029579317735672094	0.0	0.0	0.0	0.008298802814726334	0.0	0.0	0.0	-0.004667878659275099	143875325.62273178	0.00813460127263556
64	92.0	nan	nan	1	1	6.000000000000838e-05	6.000000000000867e-05	5.999999999999513e-05	0.9967265936606283	1.0721743046344933e-20	3.629400653713116e-19	-4.001383642829315e-21	1.009200000000006	-2.860769076056674e-19	-1.621221061044731e-20	8.605854744103692e-21	0.9948151926462654	144.13618450654081	235842.54137409767	-995541.1575657012	238793.9450859552	144347224.1217813	835690.260820646	-993632.0247219093	823778.5810474553	-98.34328204940184	1599.565890624997	143.56658516831843	237850.2931901492	-989705.3812397453	237850.2759194787	145576066.88985848	830791.5166523446	-989705.376145388	830791.4928507542	-97.76680221947292	-0.0032787756544047893	0.0	0.0	0.0	0.009157937784771445	0.0	0.0	0.0	-0.005198295108522135	145593830.55565584	0.00899947923171615
68	100.66666666666666	nan	nan	1	1	6.000000000000838e-05	6.000000000000867e-05	5.999999999999513e-05	0.996406106229752	2.2175322559117583e-20	8.683781775251087e-20	-5.192311966668861e-21	1.010066666666667	1.0084435456830798e-19	-2.5258522487123236e-20	-2.177891113980257e-20	0.9942889705744197	140.14214055942765	236864.6007428007	-1007178.6379900189	240111.95839722402	145888538.72148925	831622.9073047476	-1005038.611629142	818632.5590318837	-68.99067539451481	1599.565890624997	139.54236706308663	239084.355138206	-1000737.2979364768	239084.33895152205	147255719.4823574	826304.3215641332	-1000737.2964098356	826304.2972968431	-68.54945038836648	-0.0036003673212878233	0.0	0.0	0.0	0.01001633527548878	0.0	0.0	0.0	-0.005727399711339322	147273421.607606	0.009863558606561903
72	109.33333333333333	nan	nan	1	1	6.000000000000838e-05	6.000000000000867e-05	5.999999999999513e-05	0.9960851909433454	1.3723627811414176e-20	3.4931638744767344e-19	2.3506858352201342e-20	1.0109333333333217	5.854691731421724e-21	-3.7350764842125625e-20	-2.362205483302793e-20	0.9937641411859036	136.63414214791072	237647.50264339705	-1017828.9914753874	241189.9811029627	147394552.47642627	828941.682266134	-1015457.2753550124	814863.321653282	-47.238241266255265	1599.565890624997	136.00453691689802	240078.59992817117	-1010778.0841881572	240078.58631259025	148902376.00636098	823199.2726893475	-1010778.0846170126	823199.247706357	-46.91100313257095	-0.003922491979635815	0.0	0.0	0.0	0.010873996551867045	0.0	0.0	0.0	-0.00625538299066269	148920029.5977483	0.010726852047748231
76	118.0	nan	nan	1	1	6.000000000000838e-05	6.000000000000867e-05	5.999999999999513e-05	0.9957640001383162	1.8974385051443582e-20	7.789314982950546e-21	2.405573570202213e-21	1.0118000000000202	9.274536433984126e-19	-1.5646392601681437e-20	3.98478179706313e-20	0.9932405639168213	134.3157300732555	238540.84711701173	-1027963.9381468119	242382.35022146007	148868656.66316614	827783.8781126305	-1025358.9025993948	812599.8224786692	-30.045122497509933	1599.565890624997	133.65270538873398	241185.88520024507	-1020297.407773472	241185.87471407518	150519372.97038504	821610.2858214919	-1020297.4085916079	821610.2603255274	-29.821046695188326	-0.004244997126361923	0.0	0.0	0.0	0.01173092287571889	0.0	0.0	0.0	-0.006782384542149287	150537001.01090237	0.011589371628629537
80	126.66666666666666	nan	nan	1	1	6.000000000000838e-05	6.000000000000867e-05	5.999999999999513e-05	0.9954426435760234	-9.083920139534019e-20	8.168108116962669e-20	-1.4853569763051412e-20	1.012666666666655	9.422191217349496e-19	-8.673617379884036e-22	7.589415207398531e-22	0.9927181351372298	133.08299005686388	239693.0865038833	-1037785.7448443699	243840.45852559584	150312944.89511672	828144.1399653555	-1034945.3448771986	811830.4933970588	-15.74036781305197	1599.565890624997	132.38234789576828	242556.7196824886	-1029496.6662384798	242556.71140095664	152108746.11097097	821529.5262001515	-1029496.6670052884	821529.4996145689	-15.614645189922687	-0.0045677728323362575	0.0	0.0	0.0	0.01258711550545974	0.0	0.0	0.0	-0.007308507056068009	152126374.12935692	0.012451127705090772
84	135.33333333333331	nan	nan	1	1	6.000000000000838e-05	6.000000000000867e-05	5.999999999999513e-05	0.9951212010024618	-8.039189702390564e-21	3.7492388750906547e-19	-2.385922405825913e-20	1.0135333333333318	8.366246063984395e-19	-6.410345344820545e-21	-6.129130406332117e-21	0.9921967783432969	132.5731405342635	241124.1442796097	-1047373.866997663	245585.51290808752	151728831.8772465	829901.6377188158	-1044295.8869956736	812430.8067312057	-3.7458068381075282	1599.565890624997	131.83165234088406	244211.9480140016	-1038455.0872534255	244211.9408741715	153671851.12604555	822834.7152478425	-1038455.0879659377	822834.687630211	-3.713909893562495	-0.004890739189060903	0.0	0.0	0.0	0.013442575696487607	0.0	0.0	0.0	-0.007833826103631621	153689503.20890102	0.013312128712314351
88	144.0	nan	nan	1	1	6.000000000000838e-05	6.000000000000867e-05	5.999999999999513e-05	0.994799730824879	2.884994218348147e-21	-9.23008414491222e-19	4.284462053801702e-20	1.0143999999999893	3.522776146312745e-19	-2.3432319452842966e-20	-4.6085368594211974e-20	0.9916764368360426	132.27456919366378	242792.69954606032	-1056761.173164978	247576.37161778874	153117360.7467157	832865.5173033227	-1053443.344271882	814208.4783631131	6.050661201895331	1599.565890624997	131.49133088717642	246110.40253493626	-1047205.582500785	246110.39596415774	155209672.11500624	825334.4666139449	-1047205.583030408	825334.4385228871	5.9959490841896095	-0.005213837635072182	0.0	0.0	0.0	0.01429730470081345	0.0	0.0	0.0	-0.008358397447410583	155227369.16912562	0.01417238136888948
92	152.66666666666666	nan	nan	1	1	6.000000000000838e-05	6.000000000000867e-05	5.999999999999513e-05	0.9944782764781597	-2.2412491784348788e-20	1.0526789943204885e-18	-3.407782953393501e-20	1.0152666666666692	8.031227592686374e-20	4.899238566918873e-21	-8.167091677425964e-20	0.9911570680671741	131.83311606913773	244639.0680104345	-1065970.1485411597	249752.95169938094	154479366.3933945	836827.5363989826	-1062410.1825579111	816955.3147674003	13.870315189561923	1599.565890624997	131.00923402303792	248192.143861655	-1055770.722566008	248192.13770210455	156722985.57780376	828820.5950009043	-1055770.7227537232	828820.5668059769	13.737601104442707	-0.005537024588667645	0.0	0.0	0.0	0.01515130376734648	0.0	0.0	0.0	-0.008882262693243125	156740744.88600144	0.015031891024368004
96	161.33333333333331	nan	nan	1	1	6.000000000000838e-05	6.000000000000867e-05	5.999999999999513e-05	0.994156871181925	-2.4104863612962878e-20	-1.9958129116384726e-19	-1.1916059501973497e-20	1.016133333333323	-5.004744990828869e-19	5.64327230778705e-20	1.3753443371157527e-19	0.9906386392690583	130.9807721347893	246604.29834880697	-1075021.1343941293	252055.63559909182	155815566.7482302	841595.667118223	-1071216.7310265638	820480.0801998818	19.833202272441355	1599.565890624997	130.1192599769188	250397.77198896112	-1064170.9165064592	250397.76634859614	158212452.15997204	833101.4188942584	-1064170.9164199417	833101.391253055	19.63302521621311	-0.005860266687059997	0.0	0.0	0.0	0.016004574141705592	0.0	0.0	0.0	-0.009405453663959881	158230287.7960162	0.01589066202559875
100	170.0	nan	nan	1	1	6.000000000000838e-05	6.000000000000867e-05	5.999999999999513e-05	0.9938355413043573	-6.576533209071838e-20	2.9313438612219023e-19	4.279549262707627e-20	1.0170000000000365	-1.798691404153452e-19	-2.453007415248454e-20	4.824699667560495e-20	0.9901211243089981	129.7417652492767	248637.4904448451	-1083931.1682686813	254432.76257090227	157126614.60393474	847007.027351609	-1079880.0225661462	824620.9663903229	24.256417873355907	1599.565890624997	128.84587623858417	252675.86642636667	-1072423.2671139596	252675.8609632405	159678668.7826471	838014.5069467516	-1072423.2668851651	838014.4795671642	23.998891872235383	-0.006183537418223608	0.0	0.0	0.0	0.01685711706645883	0.0	0.0	0.0	-0.009927995550514258	159696591.9276398	0.016748698016999714
104	208.75	nan	nan	1	1	6.000000000000838e-05	6.000000000000867e-05	5.999999999999513e-05	0.9924001672581132	-1.24386788304294e-19	6.755121635670936e-19	7.685299337027718e-20	1.020874999999989	-1.6817873049052023e-18	-1.2183721913305856e-19	-2.1982199047143604e-20	0.9878185049246304	9136.881205899217	257431.53570835007	-1122125.9660222025	264817.7784981445	162693607.1361602	875602.9150397099	-1116945.811893396	847249.2406376424	6450.932369619125	1599.565890624997	9060.418376224612	262601.83777100005	-1107598.132139756	262601.6265929367	165961175.30818492	864266.742380079	-1107598.5482652527	864265.5493987036	6367.414051096524	-0.007628858625495644	0.0	0.0	0.0	0.020660102696291805	0.0	0.0	0.0	-0.012256297578080652	165971923.5972982	0.020575972670127188
108	247.5	nan	nan	1	1	6.000000000000838e-05	6.000000000000867e-05	5.999999999999513e-05	0.9909677304909305	-7.8265844326297355e-22	-2.0271124731054135e-18	-2.2893606498389228e-20	1.0247500000000072	-3.053384368262302e-20	3.065581642702764e-20	6.044427111606687e-21	0.9855321580661704	7693.349031783432	265979.81375202193	-1158019.9527019977	275047.1803057417	167813901.1876282	909158.1562602568	-1151668.1725011573	874362.8635154371	5303.440909404291	1599.565890624997	7617.7498803339495	272344.34699308017	-1140351.144726293	272344.4128433811	171829458.3735434	895286.4256004982	-1140351.236764487	895285.1712315376	5222.522200862076	-0.009073307754540648	0.0	0.0	0.0	0.024448680402316656	0.0	0.0	0.0	-0.01457352170290534	171842034.43962786	0.024389015289707137
112	286.25	nan	nan	1	1	6.000000000000838e-05	6.000000000000867e-05	5.999999999999513e-05	0.989539046553494	1.5920492463412927e-19	-1.3601451779102214e-18	4.5306098282738016e-20	1.0286250000000314	-7.408760020408134e-19	9.378348791999613e-21	9.292290244558576e-20	0.9832618340202012	6975.4269950658445	274447.8043669724	-1190906.9480252303	285288.6176405858	172540060.91178247	945075.0674183901	-1183352.1714968565	903395.189969294	4812.686095109332	1599.565890624997	6896.750902081711	282070.48338641657	-1170005.2698214597	282070.83701945917	177332292.73655322	928487.9990749382	-1170005.0996196049	928486.6334105314	4728.218357119776	-0.010516053825208054	0.0	0.0	0.0	0.028222958943770714	0.0	0.0	0.0	-0.016879832125863088	177346024.19034064	0.0281877457489993
116	325.0	nan	nan	1	1	6.000000000000838e-05	6.000000000000867e-05	5.999999999999513e-05	0.9881144221935925	1.6721785631515495e-19	-2.2571733978432597e-18	4.398133875323229e-20	1.0324999999999795	1.7780915628762273e-20	8.112542755622787e-20	2.287327770765513e-19	0.9810071905752799	6554.487300670279	282900.57247058506	-1220479.9512801196	295609.0114179707	176912143.05897453	982084.0400242693	-1211701.0826839001	933104.0957508123	4539.59555603501	1599.565890624997	6471.075625913566	291846.438237478	-1196281.4024965875	291847.12409033364	182506448.75626507	962612.1850977468	-1196281.1097745234	962610.6602452787	4449.588649813405	-0.011956776003119386	0.0	0.0	0.0	0.031983045853031175	0.0	0.0	0.0	-0.019175489601353672	182521065.71917602	0.03197225714272064
120	363.75	nan	nan	1	1	6.000000000000838e-05	6.000000000000867e-05	5.999999999999513e-05	0.9866940528949043	1.6012310834895293e-19	-7.732123318351935e-19	-1.1385478063813403e-19	1.0363750000000307	1.2625263248050578e-18	-2.6346112791397757e-20	5.934651641642529e-20	0.9787679806851189	6288.42600187058	290913.62846796436	-1246925.3564400119	305562.4356876196	180965130.3297614	1019283.9543437358	-1236908.4752258395	962625.3294331855	4366.190534579395	1599.565890624997	6199.337394855851	301232.4840574749	-1219385.475638702	301233.50953927333	187384056.3059825	996771.8140136545	-1219385.0992602473	996770.143526417	4269.757844156431	-0.013395264404936985	0.0	0.0	0.0	0.03572904745427576	0.0	0.0	0.0	-0.021460660775505833	187399403.49128652	0.035742633620752695
124	402.5	nan	nan	1	1	6.000000000000838e-05	6.000000000000867e-05	5.999999999999513e-05	0.9852780706076227	-3.795385230057069e-20	-3.697698614316125e-18	-1.0481524502503614e-19	1.0402500000000043	-8.55814984851433e-19	-1.5867298794325358e-19	-2.2329143742338963e-19	0.9765440039005817	6106.61337549819	298199.53201718046	-1270735.621254607	314838.4214110856	184729369.31930685	1055883.0948561255	-1259470.6895121748	991218.0797624647	4241.739900411099	1599.565890624997	6011.334327199359	309924.79529895977	-1239820.0717991064	309926.1233310538	191992963.85446236	1030194.6625085514	-1239819.6716274526	1030192.9663971125	4138.543202785626	-0.014831372465255267	0.0	0.0	0.0	0.039461068880918417	0.0	0.0	0.0	-0.023735466802484315	192008939.92764127	0.03949895696422481
128	441.25	nan	nan	1	1	6.000000000000838e-05	6.000000000000867e-05	5.999999999999513e-05	0.9838665729709014	6.193504910323444e-20	-4.752600223090208e-19	-9.100521985300203e-20	1.044125000000001	-4.338272362874873e-18	-8.351067233569598e-20	6.678685382510707e-20	0.9743350795191468	5971.744318810692	304728.5737297913	-1292394.912812092	323393.72483525635	188231241.5252143	1091182.1378082982	-1279873.973616718	1018245.3259292392	4144.264174552671	1599.565890624997	5870.030687587789	317883.9745343619	-1258075.021875833	317885.52684290736	196357349.93670145	1062205.5056737058	-1258074.5424263736	1062203.8730914684	4034.212136223135	-0.016264987698217423	0.0	0.0	0.0	0.04317921409393433	0.0	0.0	0.0	-0.026000010355372537	196373879.05565354	0.0432413096940336
132	480.0	nan	nan	1	1	6.000000000000838e-05	6.000000000000867e-05	5.999999999999513e-05	0.9824596225298763	-2.243078769600948e-19	2.545842226267525e-19	-1.6966408746682538e-19	1.0480000000000107	-1.4556769418333503e-18	1.189911884302841e-19	3.936602563023306e-19	0.9721410497884363	5867.606408902169	310370.1959614318	-1312262.4493164807	331076.752792936	191493794.2196925	1124703.6756902654	-1298479.3695541753	1043290.9579517094	4069.253851789162	1599.565890624997	5759.30939076704	324964.5730463589	-1274514.2873752802	324966.14778593706	200498307.79293817	1092350.7751649676	-1274513.6441743418	1092349.0886864471	3952.1988728425345	-0.017696032744915217	0.0	0.0	0.0	0.04688358589886021	0.0	0.0	0.0	-0.028254372098497866	200515321.01814812	0.04696977374651259
136	518.75	nan	nan	1	1	6.000000000000838e-05	6.000000000000867e-05	5.999999999999513e-05	0.9810572388033644	1.1503385050071201e-19	-3.42336835962298e-20	1.4413112630479173e-20	1.0518750000000034	1.238158880978446e-18	-4.87890977618477e-21	6.289727853131533e-20	0.9699617898441452	5782.746867852798	314956.4642729777	-1330574.913570526	337693.1505881024	194537287.90350854	1156362.8608848653	-1315525.797943112	1066310.9513517288	4012.493745497287	1599.565890624997	5667.811818894175	330979.8490449036	-1289379.7675821632	330981.3266603422	204434356.76907453	1120561.391622347	-1289379.0504806791	1120559.4351841433	3888.265290611126	-0.019124473714876383	0.0	0.0	0.0	0.05057428596293646	0.0	0.0	0.0	-0.030498600173842517	204451793.2703527	0.05068442828999673
140	557.5	nan	nan	1	1	6.000000000000838e-05	6.000000000000867e-05	5.999999999999513e-05	0.9796594273448025	1.386830103880521e-19	2.7239495381525812e-18	2.0915615159960987e-19	1.0557500000000202	1.2857553563505597e-18	-2.5278173651499537e-19	-9.494900525541805e-20	0.9677971806883156	5709.218953618687	318722.4197599488	-1347328.10375204	343479.14410707314	197379625.15585968	1186454.608865682	-1331013.2575328022	1087610.8907725175	3963.61390595981	1599.565890624997	5587.67652071573	336165.4989386152	-1302678.2335717392	336166.8845553989	208181841.17957792	1147136.0166733665	-1302677.5795949146	1147133.7912876853	3832.2614567285495	-0.02055029083522058	0.0	0.0	0.0	0.05425141483193438	0.0	0.0	0.0	-0.032732737741115986	208199653.33582112	0.05438535338404255
144	596.25	nan	nan	1	1	6.000000000000838e-05	6.000000000000867e-05	5.999999999999513e-05	0.9782662061411639	-2.6047957193964242e-19	-4.579968132176204e-18	-7.644980568738413e-20	1.0596249999999927	5.765895573495161e-18	-7.773729576721066e-20	-3.1303627225087725e-19	0.9656470847186952	5642.475004091709	322037.7866243514	-1362416.3014303988	348821.86789164506	200036710.74930438	1215237.4001936621	-1344841.2486719606	1107455.7575366804	3920.386429433172	1599.565890624997	5514.409503968906	340903.4121190185	-1314318.3880273174	340904.7664542578	211755266.23230886	1172335.4008727984	-1314317.8051525715	1172332.7578185473	3781.9835001732085	-0.021973451567131527	0.0	0.0	0.0	0.05791507194642612	0.0	0.0	0.0	-0.03495684825146937	211773412.60259575	0.058072633332718
148	635.0	nan	nan	1	1	6.000000000000838e-05	6.000000000000867e-05	5.999999999999513e-05	0.9768775897271399	-1.9038590148845458e-19	2.6146890642203545e-19	-1.3034820618706978e-19	1.063500000000007	-1.0066817171527909e-18	2.2193618470778277e-19	2.8380347117523684e-19	0.9635113625669052	5577.320682539641	325091.7382646047	-1375904.7212760316	353920.01260452403	202522723.43207207	1242876.8727125658	-1357078.2558323832	1126020.4401129833	3875.5955023020897	1599.565890624997	5442.911604945272	345389.35263315606	-1324374.2251535621	345390.8163929301	215167548.43758208	1196328.546451555	-1324373.7285204001	1196325.2986323864	3730.446382660707	-0.023393926777649048	0.0	0.0	0.0	0.06156535565816141	0.0	0.0	0.0	-0.037170998185415756	215185997.4335387	0.061746353808511706
152	673.75	nan	nan	1	1	6.000000000000838e-05	6.000000000000867e-05	5.999999999999513e-05	0.9754935809354786	6.769216263913247e-19	-2.1000996081044221e-19	1.4547282649324256e-19	1.0673749999999969	2.6717723086017164e-18	2.1890041862482336e-19	2.2936296958930846e-19	0.9613898824566299	5513.894830594471	327908.04726671864	-1388065.5107003113	358795.3038504704	204850384.33090305	1269291.0693046476	-1367996.2575232058	1143252.990552203	3831.2703310638144	1599.565890624997	5373.310093403399	349645.63562314655	-1333117.7806339436	349647.2977591445	218430268.58918476	1219045.124488531	-1333117.210996028	1219041.1973468498	3679.60630199622	-0.024811699222037437	0.0	0.0	0.0	0.06520236324563043	0.0	0.0	0.0	-0.03937524733817828	218448990.36396673	0.06540660009353984
156	712.5	nan	nan	1	1	6.000000000000838e-05	6.000000000000867e-05	5.999999999999513e-05	0.9741141738804673	2.295527049694934e-19	-7.030231160675554e-18	-2.4123498337802474e-20	1.0712500000000178	-3.187174916347013e-18	-1.1340754724198377e-19	-1.2206761209471173e-19	0.9592825180307805	5457.577540712986	330513.26888886065	-1399060.5540084844	363473.0804640808	207031146.14357838	1294161.8245554974	-1377758.0466434394	1158891.4928384265	3791.140880378544	1599.565890624997	5310.831835525967	353697.9208732076	-1340712.9814414107	353699.8590831099	221553846.21367264	1240189.0349178803	-1340712.2924377408	1240184.7372500878	3633.0320215474458	-0.026226760566331678	0.0	0.0	0.0	0.06882619092986932	0.0	0.0	0.0	-0.041569650996986424	221572803.55928093	0.0690534572143536
160	751.25	nan	nan	1	1	6.000000000000838e-05	6.000000000000867e-05	5.999999999999513e-05	0.9727393568585094	1.1679567903100097e-19	1.342147421846962e-18	-3.5822039778921065e-19	1.0751249999999992	2.93124899353181e-18	-3.209238430557093e-19	1.5337394982523067e-19	0.9571891461116815	5403.812091539764	332836.2924628095	-1408953.4739577426	367871.30813335703	209075371.58424667	1316990.337421006	-1386429.1785377478	1172518.8099939309	3750.69075142504	1599.565890624997	5251.018069041494	357467.3844127809	-1347228.3209110617	357469.66278018197	224547706.83909705	1259294.0176767039	-1347227.5765002884	1259289.451525634	3586.375914248647	-0.027639108469019565	0.0	0.0	0.0	0.07243693388950603	0.0	0.0	0.0	-0.04375426221855839	224566858.9071833	0.0726870101302524
164	790.0	nan	nan	1	1	6.000000000000838e-05	6.000000000000867e-05	5.999999999999513e-05	0.9713691112901219	2.0472447521957537e-19	-1.2482622899732954e-18	3.2334974541664565e-19	1.0790000000000044	-3.0074413012032286e-18	-1.8886801844697487e-19	1.8384003087207334e-19	0.9551096484176099	5333.908149328833	334739.0462913706	-1417657.2030116997	371831.6584086958	210992506.37562993	1337510.929973271	-1393926.5316772896	1183933.879509891	3696.590037540083	1599.565890624997	5175.720981181533	360801.93082568806	-1352587.890691892	360804.28496609395	227420447.46048224	1276120.2663849955	-1352586.9951726787	1276115.3335105511	3526.919562082414	-0.029048747712648447	0.0	0.0	0.0	0.07603468627600127	0.0	0.0	0.0	-0.0459291299951816	227439761.7626056	0.07630734329638009
168	828.75	nan	nan	1	1	6.000000000000838e-05	6.000000000000867e-05	5.999999999999513e-05	0.9700034205071729	1.8106176280507923e-19	-2.7967130564535146e-18	9.589768215634286e-20	1.082875000000022	2.561969733583247e-19	-1.6696713456276768e-20	2.895090851079418e-19	0.9530439039065244	5270.01537364149	336188.1946030359	-1425123.632952072	375309.9600072275	212791202.28224894	1355750.2100192404	-1400205.686926051	1193197.6710181318	3643.480652833033	1599.565890624997	5106.46837920233	363660.62890873273	-1356753.49489598	363662.78033309086	230179951.85577884	1290708.2537388701	-1356752.4110895619	1290702.7147911948	3468.6850986235468	-0.030455681194871357	0.0	0.0	0.0	0.07961954122818805	0.0	0.0	0.0	-0.04809430723218688	230199377.22653157	0.0799145415894447
172	867.5	nan	nan	1	1	6.000000000000838e-05	6.000000000000867e-05	5.999999999999513e-05	0.9686422753339358	1.1297386637298957e-19	2.7842447314699315e-18	4.689174395999806e-21	1.086750000000019	5.969888212248308e-19	2.23562487966511e-19	9.294323123631986e-20	0.9509917828863476	5207.875654069328	337450.31489896844	-1431495.3330881651	378598.02574929723	214479338.11739495	1371892.620448524	-1405409.6247467818	1200508.3336114155	3590.1071334007597	1599.565890624997	5039.114109756267	366327.611160083	-1359868.3568947702	366329.53246271086	232833398.30121225	1303247.9537189617	-1359867.235792204	1303241.7829016112	3410.4708382400286	-0.031859904153012465	0.0	0.0	0.0	0.08319159088678227	0.0	0.0	0.0	-0.05024985697213284	232852892.81314504	0.083508691340436
176	906.25	nan	nan	1	1	6.000000000000838e-05	6.000000000000867e-05	5.999999999999513e-05	0.9672856693369801	2.5478751053409354e-21	-2.8184953557251065e-18	-1.3579632210380942e-19	1.0906250000000108	1.1576297646170853e-18	-3.7621815385247006e-19	-1.9957451490026924e-19	0.9489531523444888	5142.498239730513	338975.51887763577	-1437033.2050885267	382200.43894483	216064134.560768	1386295.8109049925	-1409796.8420535242	1206210.4273098153	3534.3884079173386	1599.565890624997	4968.827618906432	369291.0715826631	-1362186.591721922	369292.90170972445	235387369.70362076	1314091.810188003	-1362185.6847168712	1314085.2847730892	3350.302889421263	-0.03326140902073813	0.0	0.0	0.0	0.08675092640866527	0.0	0.0	0.0	-0.05239584687576314	235406907.04836738	0.08708987934914081
180	945.0	nan	nan	1	1	6.000000000000838e-05	6.000000000000867e-05	5.999999999999513e-05	0.9659335922414112	-6.689527404235562e-20	8.524988508629323e-19	-2.646537503037116e-19	1.094500000000015	3.3698629824108204e-18	1.9190378452993427e-20	-6.301925127571995e-20	0.9469278824880196	5074.99267757237	341014.08603138936	-1441996.821701375	386405.0048696992	217552188.75704345	1399414.0459143424	-1413623.4903513077	1210723.972688776	3471.755356759417	1599.565890624997	4896.691565971907	372827.67628445616	-1363958.8481843509	372829.33170652017	237847878.80410314	1323680.5667478878	-1363958.2680096014	1323673.783134848	3283.870925593531	-0.03466019222437803	0.0	0.0	0.0	0.0902976379807942	0.0	0.0	0.0	-0.054532342351629966	237867446.82022333	0.09065819186293471
184	983.75	nan	nan	1	1	6.000000000000838e-05	6.000000000000867e-05	5.999999999999513e-05	0.964586041175569	-8.028517087255161e-20	1.4884062949152565e-19	6.301925127571995e-20	1.0983750000000068	1.6028031766396334e-18	8.590133812602652e-19	-4.274467065024101e-20	0.9449158359940857	5011.750986449986	343387.3962957803	-1446613.7913636242	391016.8168132409	218949551.95784768	1411629.6646475384	-1417113.4742021265	1214397.6042330856	3407.66441106787	1599.565890624997	4828.872267393021	376747.38839313487	-1365403.428175627	376748.6189754249	240220441.3434954	1332383.2490268808	-1365403.0245766107	1332376.0009863735	3216.3641026526057	-0.036056242553394256	0.0	0.0	0.0	0.09383181483387655	0.0	0.0	0.0	-0.05665941789480989	240240030.6540228	0.09421371616842178
188	1022.5	nan	nan	1	1	6.000000000000838e-05	6.000000000000867e-05	5.999999999999513e-05	0.9632430286657578	-2.3575976240697295e-19	1.9373269806964577e-18	1.005326464437184e-19	1.102249999999988	6.1830965694675836e-18	-6.657001339060997e-20	-5.518589057951218e-20	0.942916860283538	4949.078266775458	345731.9141341589	-1450975.274912215	395625.7719238821	220261781.39563543	1423216.1285907084	-1420356.6409663095	1217479.732018987	3338.2250225717826	1599.565890624997	4761.796298154606	380653.8219400281	-1366608.2241015953	380654.58549095393	242510122.6930202	1340463.1351307957	-1366607.8066329248	1340455.6946620625	3144.1237136341547	-0.03744953280726808	0.0	0.0	0.0	0.09735354525589944	0.0	0.0	0.0	-0.05877716536425627	242529730.96125874	0.09775654176978546
192	1061.25	nan	nan	1	1	6.000000000000838e-05	6.000000000000867e-05	5.999999999999513e-05	0.9619045651324798	7.101253179236933e-19	4.3473999899144854e-18	-2.308808526307882e-19	1.106125000000015	-4.039845714898238e-18	-3.0661237437890064e-19	-4.946943462508236e-19	0.9409308051748895	4861.966796712703	347788.6031790302	-1454930.2365600378	399933.963849169	221494036.17823777	1434413.2483904473	-1423205.596876849	1220184.3877289582	3254.458972033195	1599.565890624997	4671.432666709175	384260.4378771942	-1367432.7453436253	384261.0740399703	244721634.2084222	1348149.620452868	-1367432.0279581104	1348142.471702235	3058.7403127022053	-0.03884003788152862	0.0	0.0	0.0	0.10086291660539087	0.0	0.0	0.0	-0.06088567538963369	244741274.82350132	0.10128675753949058
196	1100.0	nan	nan	1	1	6.000000000000838e-05	6.000000000000867e-05	5.999999999999513e-05	0.9605706396525513	-3.8689754525145223e-19	-5.484152086447647e-18	-4.0137164425413374e-19	1.110000000000022	-9.755488517698696e-18	1.9905951886833862e-19	4.570183207569523e-19	0.9389575425063164	4769.542825986593	349501.162160154	-1458322.9267732804	403871.72410203045	222651138.74401867	1445349.3293912273	-1425509.3822021876	1222626.0248539536	3169.4531862986423	1599.565890624997	4576.2297380850605	387501.4761213179	-1367733.2871736302	387502.5053004081	246859393.51430273	1355565.5973786928	-1367732.4357400034	1355558.8383369893	2972.569754924465	-0.040227754810908546	0.0	0.0	0.0	0.10436001532426285	0.0	0.0	0.0	-0.06298501644435754	246879063.28819874	0.10480444847148529
200	1138.75	nan	nan	1	1	6.000000000000838e-05	6.000000000000867e-05	5.999999999999513e-05	0.9592412287846326	2.688821387764051e-19	-1.2461142144190585e-18	-2.7863995832877465e-20	1.1138749999999775	-2.5951463200613034e-18	-9.84455572616838e-20	3.674903263639617e-19	0.9369969568563016	4694.516379394276	350993.4720866016	-1461220.0339335008	407577.1374116249	223737510.50308424	1456142.9872416668	-1427334.3058904049	1224908.5286244173	3097.1309032708937	1599.565890624997	4497.966552024998	390510.7756812524	-1367575.5399237485	390512.7138323304	248927446.58793616	1362823.863441383	-1367574.7292378664	1362817.3105557945	2898.6465890789846	-0.041612693723169	0.0	0.0	0.0	0.10784492695072666	0.0	0.0	0.0	-0.06507524450106825	248947128.08894712	0.10830969727942773
204	1177.5	nan	nan	1	1	6.000000000000838e-05	6.000000000000867e-05	5.999999999999513e-05	0.9579163067778717	3.7708551559045846e-19	-9.088595761402862e-19	3.1225022567582527e-19	1.1177500000000218	-4.416443339511078e-18	5.724587470723464e-20	2.065405138584886e-20	0.935048935056908	4622.092374686744	352391.4848546729	-1463709.1904999146	411192.7758657703	224757181.04810873	1466845.4301477247	-1428766.9875441706	1227077.0924801836	3028.407330959146	1599.565890624997	4422.416099078263	393426.4003451983	-1367044.1942348506	393429.0802521458	250929470.46651337	1369973.3130995096	-1367043.6709900512	1369966.4838372127	2828.407914930149	-0.04299486727240755	0.0	0.0	0.0	0.11131773613197264	0.0	0.0	0.0	-0.06715641410372103	250949160.09880066	0.11180258615282787
208	1216.25	nan	nan	1	1	6.000000000000838e-05	6.000000000000867e-05	5.999999999999513e-05	0.956595833109085	3.8201863547526747e-19	-2.2697501430440915e-18	4.016426947972551e-19	1.1216249999999912	-5.522654816098038e-18	2.938187887435717e-19	-1.2272084390363426e-18	0.9331133790871896	4530.4071617189975	353793.321868591	-1465731.856378881	414832.039846376	225713939.62088132	1477376.8184752276	-1429750.7531765066	1229067.88909205	2951.748948954388	1599.565890624997	4328.676575428359	396357.1799573601	-1366087.0091816564	396360.3423536059	252868935.20965785	1376940.3118324785	-1366086.617174579	1376933.5156575167	2751.080203369656	-0.04437430368408016	0.0	0.0	0.0	0.1147785266360771	0.0	0.0	0.0	-0.0692285645240987	252888643.2879987	0.11528319457179224
212	1255.0	nan	nan	1	1	6.000000000000838e-05	6.000000000000867e-05	5.999999999999513e-05	0.9552797534261162	-2.1917146916794473e-19	-2.364644938190885e-18	-2.404218317486606e-20	1.1255000000000062	1.1208482059155144e-17	1.4745149545802861e-19	1.0684812409844647e-19	0.9311902055425784	4432.92540504392	355147.4739555749	-1467294.9975004608	418434.22827939806	226611364.41796276	1487835.163439367	-1430293.3790827498	1230965.071716138	2869.045601750158	1599.565890624997	4229.670386567296	399245.2496510396	-1364713.1123051126	399248.5102649664	254749132.10879126	1383817.269160755	-1364712.68899	1383810.9332307833	2668.4641869424236	-0.04575104587391146	0.0	0.0	0.0	0.11822738136465555	0.0	0.0	0.0	-0.07129172016318056	254768862.6434317	0.1187515992750346
216	1293.75	nan	nan	1	1	6.000000000000838e-05	6.000000000000867e-05	5.999999999999513e-05	0.9539680262529653	3.8819858785843484e-19	-1.0547389784482108e-18	1.2292142130554407e-19	1.1293749999999958	5.620991953142473e-18	3.4867941867133825e-19	4.663695644946397e-19	0.9292793191367992	4345.9324524901385	356304.82599746546	-1468480.023520772	421821.9713322623	227452756.02270994	1498550.5771386405	-1430475.2933915886	1233041.481684226	2789.4691098476314	1599.565890624997	4140.936109976423	401921.8471870528	-1363000.6225044383	401924.7542769229	256573094.65991887	1390911.239362501	-1363000.198827362	1390905.4096851049	2589.1044292612005	-0.04712512355361371	0.0	0.0	0.0	0.12166438236435237	0.0	0.0	0.0	-0.07334591890428695	256592844.76471278	0.12220787846737802
220	1332.5	nan	nan	1	1	6.000000000000838e-05	6.000000000000867e-05	5.999999999999513e-05	0.952660633754284	-1.49890950346121e-19	6.363101235154489e-18	1.2522535092207577e-20	1.133250000000008	-3.85309189068761e-18	4.950467119568813e-19	4.412702842016003e-20	0.9273806020956514	4263.17611515379	357180.13306059875	-1469328.9697012296	424890.8655659739	228241139.76259437	1510204.5127728977	-1430338.1202644503	1235851.7089053048	2714.769963304	1599.565890624997	4056.481865097356	404288.2018076537	-1360990.501212057	404290.61438193003	258343595.9398485	1398852.1557493228	-1360990.1371857563	1398846.741034931	2514.6010248364164	-0.048496541838689726	0.0	0.0	0.0	0.1250896108388289	0.0	0.0	0.0	-0.07539122368125592	258363375.01973397	0.12565211350096325
224	1371.25	nan	nan	1	1	6.000000000000838e-05	6.000000000000867e-05	5.999999999999513e-05	0.9513575660838393	-1.1194387430912833e-19	1.4362697229458598e-18	1.0202342443088596e-19	1.1371249999999897	4.439807896328141e-18	4.588343593958655e-19	2.624853459587406e-19	0.9254939298701513	4200.565729937844	357904.39451583097	-1469881.0678056697	427793.266110706	228979286.814407	1523440.3747476875	-1429920.597146668	1239907.499492844	2659.7012581621752	1599.565890624997	3991.4068885963384	406489.8256762125	-1358720.7629762955	406492.14868366445	260063167.16665718	1408229.6273236533	-1358720.5363601001	1408224.6293882295	2458.560356977737	-0.049865297530201615	0.0	0.0	0.0	0.12850314716007927	0.0	0.0	0.0	-0.07742770574735898	260082980.81789204	0.12908438634142824
228	1410.0	nan	nan	1	1	6.000000000000838e-05	6.000000000000867e-05	5.999999999999513e-05	0.950058815049402	-8.695301423333746e-20	-9.140772990953728e-18	2.7828759262271684e-19	1.1410000000000164	7.995340500777104e-18	-9.80118763926896e-20	1.0316183671199575e-19	0.9236191768363073	4141.1800223004475	358618.7322886786	-1470219.0554294963	430696.0693735998	229669721.19955558	1538270.7302880234	-1429303.5656948036	1245198.6992758664	2606.0055499992027	1599.565890624997	3929.5744770626434	408685.7900829317	-1356269.2365444736	408688.41066260316	261734100.91419873	1419046.5436165712	-1356269.1748447304	1419041.9194671328	2404.0262195456035	-0.05123138572561336	0.0	0.0	0.0	0.131905070879953	0.0	0.0	0.0	-0.07945543857712761	261753973.0498095	0.13250477882817344
232	1448.75	nan	nan	1	1	6.000000000000838e-05	6.000000000000867e-05	5.999999999999513e-05	0.9487643979393975	-1.306463617845033e-19	-1.5599500857721438e-18	4.0706370565968266e-19	1.1448749999999939	7.174816296640074e-18	-2.4405390902648704e-19	-8.996709627284716e-19	0.9217561941415449	4060.1406942853014	359336.66034367663	-1470290.5811225406	433614.7535780297	230314895.54803708	1554359.109844394	-1428436.4145600917	1251434.2443413085	2537.567320706001	1599.565890624997	3847.396508322944	410891.4296662993	-1353588.7104432047	410894.10798536125	263358647.0544562	1430984.4394524943	-1353588.8747587472	1430980.0878623705	2336.1521330530645	-0.05259477469374745	0.0	0.0	0.0	0.1352954607410094	0.0	0.0	0.0	-0.08147452191048374	263378614.80347812	0.13591337580300475
236	1487.5	nan	nan	1	1	6.000000000000838e-05	6.000000000000867e-05	5.999999999999513e-05	0.9474743558882281	1.2002118049414534e-19	-1.7616116898544477e-18	-5.0578031346448785e-20	1.1487500000000024	-2.521800043092659e-18	-6.25584653524136e-19	4.168757353206765e-19	0.9199048118166413	3964.7580052957633	359999.6675724948	-1469853.1967505696	436478.31593733915	230917210.97565264	1571600.9432236436	-1427083.8844398109	1258514.8658722201	2466.2379699827984	1599.565890624997	3751.874214015575	413039.6508139411	-1350457.6599589058	413042.04099086806	264939034.05926347	1443940.4811766206	-1350458.0153732458	1443936.1687447608	2265.9065308070767	-0.05395540741743678	0.0	0.0	0.0	0.13867439468776163	0.0	0.0	0.0	-0.083485079708661	264959120.10146266	0.13931026465236968
240	1526.25	nan	nan	1	1	6.000000000000838e-05	6.000000000000867e-05	5.999999999999513e-05	0.9461887344601517	-3.5187781508017045e-19	6.5014183273093275e-19	-2.043721095135176e-20	1.1526250000000249	-1.7988540344793247e-18	1.929879867024198e-19	4.3091615345436373e-19	0.9180648569600816	3865.0387210245563	360433.0057353274	-1468672.954521852	439073.0513623018	231478925.5637442	1589667.6879989954	-1425019.5995348278	1266165.0182843667	2400.3056926679365	1599.565890624997	3652.5187242955167	414928.6446728243	-1346664.1211995475	414930.5239066932	266477362.85565153	1457607.3137776514	-1346664.5861724573	1457602.735068779	2200.9022133040467	-0.05531322194331494	0.0	0.0	0.0	0.14204194987718985	0.0	0.0	0.0	-0.08548724057394731	266497572.16909	0.14269553271211366
244	1565.0	nan	nan	1	1	6.000000000000838e-05	6.000000000000867e-05	5.999999999999513e-05	0.9449075652594786	2.6416585932609317e-19	-6.351635797180455e-18	3.0552817220641516e-19	1.1564999999999972	-6.407634839389331e-20	6.112731848473274e-19	5.583641188300348e-19	0.9162361712623286	3750.9517616799926	360440.9317667553	-1466635.4010172233	441155.2358349337	232002167.55375946	1607865.2603412827	-1422133.96059095	1273825.3853737146	2333.065472352316	1599.565890624997	3539.8789330456043	416329.65315086965	-1342107.1819216858	416330.6341309521	267975619.40165693	1471345.5791192069	-1342107.9147149222	1471340.3338181186	2134.9709165385016	-0.05666817081278269	0.0	0.0	0.0	0.14539820268935438	0.0	0.0	0.0	-0.087481118651158	267995951.80243948	0.14606926466791417
248	1603.75	nan	nan	1	1	6.000000000000838e-05	6.000000000000867e-05	5.999999999999513e-05	0.9436308606059407	9.638557313396135e-19	-9.368265711795498e-18	4.776994771971132e-19	1.1603750000000055	-2.8054815415234914e-18	-3.9410748969848084e-19	2.797783706098844e-19	0.9144186163179788	3626.7588975873787	360193.29459492303	-1463806.2818785722	442926.6870549374	232488938.63164815	1625659.5391834253	-1418491.8197449783	1281074.6814790287	2266.28484108369	1599.565890624997	3418.025218031668	417434.58577918616	-1336851.314629214	417434.5824587631	269435675.9336313	1484667.144144121	-1336852.25524235	1484660.839166379	2069.731430062489	-0.05802022680544106	0.0	0.0	0.0	0.1487432287379645	0.0	0.0	0.0	-0.08946680765587088	269456122.2755354	0.14943154169063866
252	1642.5	nan	nan	1	1	6.000000000000838e-05	6.000000000000867e-05	5.999999999999513e-05	0.9423586137622793	-4.0055849262476963e-19	-1.1635711925223057e-17	7.031051088568496e-20	1.1642499999999758	7.594294117174716e-18	-1.3552527156068805e-19	-8.760353553682876e-20	0.9126120729847385	3482.645006041089	360130.09998072084	-1460397.332968432	444927.2673578916	232941061.30252227	1642751.1014175469	-1414299.4379209462	1287684.7867333863	2190.466268863448	1599.565890624997	3277.7569861221223	418752.1088533857	-1331093.5527650048	418751.68338111707	270859227.440858	1497301.6935397089	-1331094.5718190307	1497294.2278690238	1996.5220849224722	-0.059369382836196326	0.0	0.0	0.0	0.1520771028803282	0.0	0.0	0.0	-0.09144438135791166	270879788.29750025	0.1527824416450702
256	1681.25	nan	nan	1	1	6.000000000000838e-05	6.000000000000867e-05	5.999999999999513e-05	0.9410908030196092	1.689186984732416e-19	-2.6783046266909415e-18	-2.793446897408902e-19	1.1681249999999883	4.836788521783708e-18	4.816026050180611e-19	-2.4665599424045227e-20	0.9108164379245397	3296.3346591317327	360424.4074126053	-1456527.7606034952	447375.0600092793	233360260.11926076	1659117.6264644924	-1409673.3545881095	1293648.364107398	2097.460031468156	1599.565890624997	3098.2119035368464	420486.2549490766	-1324945.2072472246	420486.0487773874	272247882.81099784	1509233.1275119022	-1324946.4083340375	1509224.5271331063	1907.9757291648812	-0.0607156477508347	0.0	0.0	0.0	0.15539989922768022	0.0	0.0	0.0	-0.09341389716825851	272268575.0566285	0.15612203947037104
260	1720.0	nan	nan	1	1	6.000000000000838e-05	6.000000000000867e-05	5.999999999999513e-05	0.9398273965889561	1.294483183839068e-18	-8.799167991457857e-18	5.486062992776652e-20	1.1720000000000097	-5.6550901114671425e-18	-2.185751579730777e-19	7.183381493802709e-19	0.9090316190893413	3077.5045107181177	361102.4345852744	-1452119.0066977562	450308.04601529904	233748172.46363783	1674926.0785096826	-1404538.3566016462	1299105.217640016	1993.2412708003721	1599.565890624997	2888.6311938048552	422671.85122454393	-1318337.1711414603	422671.63671437546	273603175.4785315	1520617.317195623	-1318338.704507108	1520607.879329323	1809.6065448004404	-0.06205904122846972	0.0	0.0	0.0	0.15871169115482897	0.0	0.0	0.0	-0.09537540093290127	273624010.22671527	0.15945040780172362
264	1750.0	nan	nan	1	1	6.000000000000838e-05	6.000000000000867e-05	5.999999999999513e-05	0.9388522327378017	2.2963402013242983e-19	3.988020851053431e-18	1.4574387703636393e-19	1.1749999999999967	3.9215592578800695e-19	-3.174543961037557e-19	-2.1586465254186394e-19	0.9076570840229714	1581.6250299919432	361946.80380285694	-1448135.5443892928	452986.30826057686	234027683.10560715	1687082.8638812753	-1400019.275373236	1303223.883786691	1149.8878251348362	1599.565890624997	1483.0092542727555	424742.4823816847	-1312726.0494071494	424742.1951919358	274630133.5553477	1529330.3389354614	-1312726.785532302	1529325.6956073444	1042.3663087333537	-0.06309717878371011	0.0	0.0	0.0	0.1612681475961191	0.0	0.0	0.0	-0.09688863248028463	274652042.07651114	0.1620196045228764
268	1780.0	nan	nan	1	1	6.000000000000838e-05	6.000000000000867e-05	5.999999999999513e-05	0.9378797534395099	-4.856683631648817e-19	-2.6301660502325852e-18	2.5847379792054425e-19	1.1780000000000004	6.955265356711759e-18	3.036850285131898e-19	-9.300286235580656e-19	0.9062890196362989	1434.0475967807397	362954.9029366797	-1443597.0287328644	455879.89598139486	234290915.9142123	1698923.7510312342	-1394973.2404727456	1307055.527645413	1085.546299529765	1599.565890624997	1343.233632569621	427010.730386473	-1306632.7173038921	427010.3796200389	275639574.82865876	1537734.7785556058	-1306633.7388968193	1537730.255190723	982.5528058607788	-0.06413353282093409	0.0	0.0	0.0	0.16381808522939567	0.0	0.0	0.0	-0.0983970175897429	275661562.21622473	0.16458208806733443
272	1810.0	nan	nan	1	1	6.000000000000838e-05	6.000000000000867e-05	5.999999999999513e-05	0.9369098577786023	1.8263385595518323e-19	-5.7106012626984e-18	2.229119666630197e-19	1.1810000000000056	1.0954995591228034e-17	4.0700949555105836e-19	6.527981280535222e-19	0.9049273068872735	1244.9178865737008	364131.9775241069	-1438410.8005670223	458997.89153695584	234537528.7231901	1710497.8875988396	-1389310.2402231959	1310645.117436693	994.1553879917691	1599.565890624997	1164.869074567599	429484.3247755396	-1299975.6852142424	429484.1088793979	276630997.483692	1545876.6456788767	-1299976.9312257061	1545872.2881469252	898.4761732910899	-0.0651682043826182	0.0	0.0	0.0	0.16636153721523017	0.0	0.0	0.0	-0.09990066238981238	276653086.6510829	0.1671379495587093
276	1840.0	nan	nan	1	1	6.000000000000838e-05	6.000000000000867e-05	5.999999999999513e-05	0.9359425221219497	-4.982993184743378e-19	3.719626603254644e-18	-4.893004404427081e-19	1.1839999999999882	-5.416674053737581e-19	1.3227266504323154e-20	1.0533566206782919e-18	0.9035719134906995	1038.0522723127779	365588.9746952532	-1432590.0861847545	462482.96954136033	234768158.26609045	1721923.3340591446	-1383043.7949710009	1314085.5418770239	882.4290787221756	1599.565890624997	970.2972447594083	432295.9713553382	-1292769.3896397278	432296.10209737206	277605004.65185684	1553863.7318832893	-1292770.720160435	1553859.4571766492	796.3040596896155	-0.06620121237946272	0.0	0.0	0.0	0.16889853646180414	0.0	0.0	0.0	-0.10139957777232449	277627206.9729416	0.16968722035955333
280	1870.0	nan	nan	1	1	6.000000000000838e-05	6.000000000000867e-05	5.999999999999513e-05	0.93497772001553	2.1315414711065017e-19	-9.038939301903026e-18	-9.280770596475918e-20	1.1870000000000056	-5.432611825673117e-18	-3.8012128167341783e-19	4.0093796338513953e-19	0.9022228094605619	729.9005374711303	367349.5402938312	-1426256.595962597	466369.23525736626	234983367.70926067	1733358.2337475636	-1376292.2912705957	1317498.6209356156	703.3070904303801	1599.565890624997	681.5522596545221	435476.2116719971	-1285125.9255497593	435477.1503858161	278562120.1379658	1561839.300698001	-1285127.3192789748	1561834.8341179537	633.7135814786827	-0.06723257883775755	0.0	0.0	0.0	0.1714291156275359	0.0	0.0	0.0	-0.10289377228291101	278584511.3590361	0.17222993155437127
284	1900.0	nan	nan	1	1	6.000000000000838e-05	6.000000000000867e-05	5.999999999999513e-05	0.9340154257117338	7.103692634125025e-19	-1.1371275015353844e-17	3.7605552352659723e-19	1.1900000000000126	-1.0373429545906809e-17	-2.380907970778168e-19	7.079840186330344e-20	0.9008799636843154	162.33110622667877	369288.3562995345	-1419587.5463267674	470501.1885329463	235183629.75141543	1744834.223036124	-1369227.158763388	1320908.490822192	344.8016152207585	1599.565890624997	151.4216097672566	438878.83526004443	-1277206.6481556452	438881.0562627074	279502767.24622756	1569831.9384088605	-1277207.9568500004	1569826.857651936	310.2189198505328	-0.06826232513835698	0.0	0.0	0.0	0.1739533071234488	0.0	0.0	0.0	-0.10438325590471308	279525549.0717859	0.1747661144817675
288	1930.0	nan	nan	1	1	6.000000000000838e-05	6.000000000000867e-05	5.999999999999513e-05	0.9330556257995731	-8.726743286335825e-19	-3.4516118262162276e-18	1.2148485342700078e-19	1.1930000000000023	2.1762106006129045e-17	3.189722791452354e-19	-5.406916234185211e-19	0.8995433402945728	-90.99525455152266	371232.51820024697	-1412731.865100882	474658.92296208214	235369775.61719215	1756256.2398285728	-1361992.4036142412	1324244.455373336	173.94554248481336	1599.565890624997	-84.79225943272625	442299.4333080692	-1269146.5152064129	442302.2138486666	280427800.0160985	1577756.2194569623	-1269147.6473344823	1577751.2568471693	156.26629832160248	-0.06929045954805815	0.0	0.0	0.0	0.17647114311578135	0.0	0.0	0.0	-0.10586804410129776	280450740.7588334	0.17729579908167853
292	1960.0	nan	nan	1	1	6.000000000000838e-05	6.000000000000867e-05	5.999999999999513e-05	0.9320983034725787	2.7647155398380364e-20	5.065717810504022e-18	-6.759458444360877e-19	1.1959999999999764	-7.558623865699942e-18	3.400058012914542e-19	-6.602791230436722e-19	0.8982128985328772	-396.47230742382203	373010.7046792573	-1405784.2453667163	478623.5440631338	235542119.69541934	1767536.432304059	-1354679.6469980234	1327440.5233221422	-41.45475742694654	1599.565890624997	-369.0646007689299	445533.42410296295	-1261031.0340136425	445536.8102656388	281337467.7775188	1585533.6992368489	-1261032.0915923582	1585528.549796687	-37.18617262583721	-0.07031699402978288	0.0	0.0	0.0	0.17898265552842066	0.0	0.0	0.0	-0.10734815800756378	281360610.0761507	0.17981901837098513
296	1990.0	nan	nan	1	1	6.000000000000838e-05	6.000000000000867e-05	5.999999999999513e-05	0.9311434472461287	8.470871573629246e-19	-6.6704454459998176e-18	-4.832289082767893e-19	1.1990000000000087	-6.908536243077634e-19	3.7686867515596134e-19	-6.376192976387252e-19	0.8968885972261398	-648.1718895714394	374511.51591850375	-1398778.283052419	482249.24990699225	235701194.10566485	1778680.2804343202	-1347321.3855249444	1330502.6574426703	-232.5414339603861	1599.565890624997	-602.7434597357142	448445.925587805	-1252890.4720552093	448449.841809842	282232283.01440704	1593169.9849711882	-1252891.6578350444	1593164.6167156834	-208.28815438229606	-0.07134193489928804	0.0	0.0	0.0	0.18148787604538483	0.0	0.0	0.0	-0.10882361947881204	282255589.04267955	0.18233580401417707
300	2020.0	nan	nan	1	1	6.000000000000838e-05	6.000000000000867e-05	5.999999999999513e-05	0.9301910445080062	4.858309934907545e-19	1.7878493824285966e-18	-3.312237636943216e-20	1.2019999999999946	-6.342040607953958e-18	3.259111730491426e-19	3.157196726277789e-19	0.8955703955174946	-881.8362096340857	375688.53885270545	-1391695.4470377672	485472.27481852117	235847456.5340153	1789758.2123234272	-1339899.7135570827	1333485.0873892817	-421.69614608254193	1599.565890624997	-819.1882816561183	450978.7342748791	-1244708.2978433412	450983.06721300475	283112675.607495	1600728.7390024636	-1244709.7680370891	1600723.3511081971	-377.1577275148286	-0.07236528972934056	0.0	0.0	0.0	0.183986836113011	0.0	0.0	0.0	-0.11029445027787169	283136134.77534294	0.18484618780890463
