6	header
postResults v2.0.3	--cr f,p,texture --time RVE_1_40_D_tensionX.spectralOut
addCauchy v2.0.3	RVE_1_40_D_tensionX.txt
addStrainTensors v2.0.3	--left --logarithmic RVE_1_40_D_tensionX.txt
addMises v2.0.3	-s Cauchy RVE_1_40_D_tensionX.txt
addMises v2.0.3	-e ln(V) RVE_1_40_D_tensionX.txt
inc	time	elem	node	ip	grain	1_pos	2_pos	3_pos	1_f	2_f	3_f	4_f	5_f	6_f	7_f	8_f	9_f	1_p	2_p	3_p	4_p	5_p	6_p	7_p	8_p	9_p	texture	1_Cauchy	2_Cauchy	3_Cauchy	4_Cauchy	5_Cauchy	6_Cauchy	7_Cauchy	8_Cauchy	9_Cauchy	1_ln(V)	2_ln(V)	3_ln(V)	4_ln(V)	5_ln(V)	6_ln(V)	7_ln(V)	8_ln(V)	9_ln(V)	Mises(Cauchy)	Mises(ln(V))
0	0.0	nan	nan	1	1	6.000000000000838e-05	6.000000000000867e-05	5.999999999999513e-05	1.0	0.0	0.0	0.0	1.0	0.0	0.0	0.0	1.0	2.7711270076138675e-06	-1.6177076240211824e-09	-2.8714517427568177e-08	-1.6177076240215463e-09	2.7017567038677423e-06	-1.658960694234971e-08	-2.8714517427568157e-08	-1.6589606942349504e-08	2.6997594063282734e-06	1599.565890624997	2.7711270076138675e-06	-1.6177076240211824e-09	-2.8714517427568177e-08	-1.6177076240215463e-09	2.7017567038677423e-06	-1.658960694234971e-08	-2.8714517427568157e-08	-1.6589606942349504e-08	2.6997594063282734e-06	0.0	0.0	0.0	0.0	0.0	0.0	0.0	0.0	0.0	9.089470842103485e-08	0.0
2	4.0	nan	nan	1	1	6.000000000000838e-05	6.000000000000867e-05	5.999999999999513e-05	0.9998682277966677	1.2085108749399735e-24	-2.0226220338146634e-23	-3.41791029106911e-24	1.0003999999999897	1.19067686093333e-22	-2.8554274745330515e-24	-9.247879248342849e-24	0.9998686810637032	-3.5610670726100578e-06	-333.15960167403483	1832.6891995268354	-333.3367900379658	28919865.38541138	483.5978450539064	1832.6900303339098	483.34100309806325	-3.4264599007656216e-06	1599.565890624997	-3.560110725277544e-06	-333.24727031158676	1832.1978497076666	-333.24727031157653	28927475.447327007	483.4681909293669	1832.1978497076634	483.46819092936596	-3.425541255938639e-06	-0.00013178088605182454	0.0	0.0	0.0	0.0003999200213166814	0.0	0.0	0.0	-0.000131327559383471	28927475.63928006	0.000354316259357003
4	8.0	nan	nan	1	1	6.000000000000838e-05	6.000000000000867e-05	5.999999999999513e-05	0.9997363855114919	1.9463559813372742e-23	-2.3030031742456375e-22	-4.473392752686774e-24	1.0007999999999984	-4.209025828914826e-22	-9.330597309598151e-25	3.288870115510838e-24	0.9997372923476447	-6.999190933584032e-06	-666.3660272612464	3665.632491880964	-667.0749707102513	57874428.68282866	967.7798989037551	3665.635816885587	966.7522539153773	-6.890920018122415e-06	1599.565890624997	-6.995433810733134e-06	-666.716888949081	3663.6681260160603	-666.7168889490775	57904901.30433004	967.2612779557039	3663.6681260160967	967.2612779556944	-6.887227261663232e-06	-0.0002636492409149923	0.0	0.0	0.0	0.0007996801705622474	0.0	0.0	0.0	-0.000262742166055809	57904901.687790796	0.0007085841095596993
6	12.0	nan	nan	1	1	6.000000000000838e-05	6.000000000000867e-05	5.999999999999513e-05	0.9996043600457476	1.120995166131863e-23	-8.246659834908665e-23	-2.2247849755226233e-23	1.0012000000000165	-4.357322769133333e-22	-1.2771668657818748e-24	-4.3489847885587983e-23	0.9996053885585929	-0.006959803739059225	-1119.5757346396172	4369.325461427	-1121.362881482012	86744413.71343419	2560.0730870082257	4369.329957112018	2555.9956580844414	-0.009010833239739441	1599.565890624997	-0.006954206194007557	-1120.4610055821477	4365.815846342456	-1120.4610055838257	86813004.25761212	2558.016735014533	4365.81584634144	2558.0167350114652	-0.00900359538196444	-0.00039571824038853274	0.0	0.0	0.0	0.0011992805754988203	0.0	0.0	0.0	-0.00039468932099047963	86813004.7296787	0.0010629897367824075
8	16.0	nan	nan	1	1	6.000000000000838e-05	6.000000000000867e-05	5.999999999999513e-05	0.9994678341432537	3.040848280642938e-22	-8.108421410938803e-22	-1.7575933655526733e-23	1.0015999999999987	-1.3078188705606398e-21	1.4055452968501047e-23	-3.731180132655193e-22	0.9994519149843735	1688.2010764851816	-2309.8886905308536	-57314.416135361855	-2314.8149534291765	110083566.20578125	54077.9862295236	-57313.5031911169	53962.006630579024	2625.080437367221	1599.565890624997	1686.4285758861051	-2312.3859730369427	-57253.32782632009	-2312.384549285467	110202580.4964787	54020.34745453646	-57253.327765241134	54020.34640067463	2622.2825073553604	-0.0005323075072524617	0.0	0.0	0.0	0.0015987213636953	0.0	0.0	0.0	-0.0005482352691225656	110200510.55583477	0.001426024818672266
10	20.0	nan	nan	1	1	6.000000000000838e-05	6.000000000000867e-05	5.999999999999513e-05	0.9993258144149438	-1.0630263488041468e-21	1.0039352128213188e-20	2.676624113323589e-22	1.001999999999995	-1.8497081985665782e-20	1.0005576689441423e-23	-2.6628598279307065e-21	0.9992440237105645	-4771.965623004909	9635.88775613419	-243051.18679170514	9661.698816386366	120595359.61501922	219738.2600413911	-243031.30859912306	219133.83823332403	-1636.847423358336	1599.565890624997	-4766.0437575970445	9649.683447363603	-242729.6995468412	9649.708939567863	120768015.87535076	219447.609134706	-242729.71407537317	219447.57193868587	-1634.6823421038714	-0.0006744129503543939	0.0	0.0	0.0	0.001998002662667296	0.0	0.0	0.0	-0.0007562621836062293	120772547.30804174	0.00180951063667772
12	24.0	nan	nan	1	1	6.000000000000838e-05	6.000000000000867e-05	5.999999999999513e-05	0.999185795684776	6.708500942254059e-22	3.7034186278089335e-20	3.5321273900504323e-22	1.0024000000000002	4.0516550482488576e-20	6.6280328122649e-23	-2.6359665318553827e-21	0.9990086712429774	-1909.6744486555408	39578.569839342745	-420318.57070534676	39705.89659312468	125593134.11068831	412480.7491954563	-420244.0790353116	411085.22151849524	-60.60431801807892	1599.565890624997	-1906.9926600307779	39650.12745240837	-419653.90539472195	39650.13692063474	125820205.09710526	411828.47812204005	-419653.9230579018	411828.45901640947	-60.508482167207305	-0.0008145359595872529	0.0	0.0	0.0	0.002397124599721673	0.0	0.0	0.0	-0.0009918204483537374	125825329.00129631	0.002202581408612911
14	28.0	nan	nan	1	1	6.000000000000838e-05	6.000000000000867e-05	5.999999999999513e-05	0.9990473281266484	-8.648206391466406e-22	-7.952313238759835e-20	1.6034333691523906e-21	1.0027999999999848	-4.595746661917657e-20	7.369186641112413e-22	-2.202285662861181e-21	0.9987638735873252	-1126.338743807915	77704.32390353555	-559518.6640752918	77996.20106249212	128852590.39617816	571143.640306621	-559359.9278639934	568844.871481638	684.9195317940294	1599.565890624997	-1124.583929062655	77874.68417176686	-558488.4424246472	77874.68443665361	129135088.98518129	570092.0140041377	-558488.4555340931	570092.0165569612	683.6584140227933	-0.0009531259536166162	0.0	0.0	0.0	0.0027960873019856882	0.0	0.0	0.0	-0.001236891047117238	129142777.90425284	0.002599232238292531
16	32.0	nan	nan	1	1	6.000000000000838e-05	6.000000000000867e-05	5.999999999999513e-05	0.9989089737036295	-1.9498698445793994e-21	7.374587799640139e-20	3.5998900258307764e-21	1.0031999999999992	9.491512393752788e-20	2.0650663254059844e-21	-5.0813506505785475e-21	0.9985153434948817	1628.172234765832	112741.85537572818	-663675.967967113	113226.1549436319	131280961.38679168	684150.8874987772	-663414.430104904	680956.0785691324	1699.6852353658003	1599.565890624997	1625.3918515021996	113032.80894727417	-662281.545815652	113032.80186986696	131619758.93863417	682713.4463399657	-662281.536213871	682713.42593995	1696.1140969532325	-0.0010916218988115249	0.0	0.0	0.0	0.0031948908965179603	0.0	0.0	0.0	-0.0014857596996327676	131628554.05528632	0.0029977038084287025
18	36.0	nan	nan	1	1	6.000000000000838e-05	6.000000000000867e-05	5.999999999999513e-05	0.9987697629007775	-5.370188885592264e-22	-1.1809841570387807e-19	3.2627709128235648e-21	1.0035999999999807	4.379880315309899e-20	3.350015306390758e-21	2.1311348952918197e-21	0.9982653754543507	1673.5779361093703	141503.79326511902	-738753.2977095885	142188.12542117765	133166945.27467312	757537.3410406164	-738380.1963237204	753510.6335956767	818.9271619478724	1599.565890624997	1670.4723095781183	141924.2762418946	-737010.0228095087	141924.2696393767	133562655.04516879	755749.7404483705	-737009.9983315164	755749.7141668438	816.9946965756791	-0.0012309944621036923	0.0	0.0	0.0	0.0035935355101109697	0.0	0.0	0.0	-0.0017361307488563333	133574151.85516258	0.003397273238380268
20	40.0	nan	nan	1	1	6.000000000000838e-05	6.000000000000867e-05	5.999999999999513e-05	0.9986293523056635	6.596692593216491e-21	-1.2879061847618752e-19	-1.3552527156068806e-21	1.0039999999999965	-1.6087357954022024e-19	2.4436900528286563e-21	1.4762090204747947e-20	0.9980151560350444	893.0353413549518	164632.88362299337	-793880.080803035	165518.27411940214	134686939.62654376	802731.2597622533	-793391.7805910758	797946.1507918569	-255.07340191255824	1599.565890624997	891.2464166999165	165186.71687964385	-791802.4942182872	165186.70860601286	135140033.22947472	800630.5096152629	-791802.4614995733	800630.4815622319	-254.405874044365	-0.0013715878911046975	0.0	0.0	0.0	0.003992021269534139	0.0	0.0	0.0	-0.0019868163781250328	135154090.80272284	0.0037974643275742958
24	66.0	nan	nan	1	1	6.000000000000838e-05	6.000000000000867e-05	5.999999999999513e-05	0.997691947843598	2.515687853345272e-21	-7.1470522506949725e-19	-1.9888333601530972e-20	1.0065999999999873	9.028693591373038e-20	-7.521652571618187e-22	-5.5260429478870554e-21	0.9964041999679889	2315.262197693084	226822.46253669623	-948802.7127047833	228847.57170600022	141185272.9404491	854061.852600553	-947578.1952079284	845411.0308029307	2597.8947772312445	1599.565890624997	2308.38213931584	228167.63690888172	-944762.2341705126	228167.52576805127	142022574.54085287	850424.8282369373	-944762.3615168111	850424.7549283137	2586.8316363473264	-0.0023107198142997974	0.0	0.0	0.0	0.006578315360110154	0.0	0.0	0.0	-0.003602280460493253	142037741.56930935	0.006400132055880315
28	92.0	nan	nan	1	1	6.000000000000838e-05	6.000000000000867e-05	5.999999999999513e-05	0.9967357726843233	-1.303329595940192e-20	3.9081422559955614e-19	6.027486452661601e-21	1.0091999999999952	1.8420933723707622e-19	1.1092743477242317e-20	-3.490453369045521e-20	0.9948156247450928	9174.814556824209	239277.1951842727	-1005035.3494842453	242269.2215761562	146263912.98254603	842307.2960909372	-1003099.1044684744	830301.6315897496	6055.002996886508	1599.565890624997	9138.553430285725	241311.859464852	-999134.7178243384	241311.71395073843	147507650.22651598	837362.0520244123	-999134.6097822338	837361.99967289	6019.45365784824	-0.00326956652776157	0.0	0.0	0.0	0.009157937784760664	0.0	0.0	0.0	-0.005197860757763137	147517944.83360264	0.008996914704111313
32	118.0	nan	nan	1	1	6.000000000000838e-05	6.000000000000867e-05	5.999999999999513e-05	0.9957733778670786	-1.9668105035244854e-21	-5.542339861792228e-19	-1.1204551826279885e-20	1.0117999999999974	7.719654993368352e-19	5.021211311323492e-21	1.925136482519574e-20	0.9932414068015686	7412.725225293045	242873.886498937	-1039603.4568206385	246782.9305684158	150911202.90426356	836732.8752960138	-1036960.1366963057	821385.2337401804	5256.673278927438	1599.565890624997	7376.12742282106	245564.45006169644	-1031840.4017138026	245564.52402130896	152583001.3408904	830484.7204077169	-1031840.4997071126	830484.56184312	5217.420000116933	-0.004235579548900356	0.0	0.0	0.0	0.011730922875696286	0.0	0.0	0.0	-0.006781535921562988	152594544.08396032	0.01158660360786805
36	144.0	nan	nan	1	1	6.000000000000838e-05	6.000000000000867e-05	5.999999999999513e-05	0.9948093485396343	-2.7279543099272e-20	1.8905775382715984e-20	-4.284631460391153e-20	1.0143999999999893	1.8116340675874975e-19	7.15573433840433e-21	-4.042718850655325e-20	0.9916775777474397	5721.335553746583	247478.6948904155	-1069811.0114134916	252352.3019893437	155271183.9849739	843293.1041090676	-1066443.2883450785	824403.1608906051	3765.8433815526732	1599.565890624997	5687.451227265586	250857.7169605169	-1060127.170414115	250857.75797798278	157391224.0868838	835659.6845153834	-1060127.330783021	835659.3883268466	3731.7552780031247	-0.005204169690896516	0.0	0.0	0.0	0.014297304700814107	0.0	0.0	0.0	-0.008357246960518995	157404479.99638695	0.014169435891655167
40	170.0	nan	nan	1	1	6.000000000000838e-05	6.000000000000867e-05	5.999999999999513e-05	0.9938453918491778	-1.0416811185333386e-20	-2.994092061954501e-19	3.1929753979698104e-20	1.0170000000000015	-9.126813887982976e-19	-1.8539857149502127e-20	4.743384504624082e-22	0.9901225310266663	4578.656002981613	253342.46761920644	-1098071.0243371315	259244.8321189557	159382037.74474117	858349.0492978651	-1093957.9313103002	835664.1316640201	2952.2338442717937	1599.565890624997	4547.0331423850275	257454.3443722296	-1086402.2348551482	257454.33657154083	161968889.0611068	849227.6954543253	-1086402.4217595004	849227.3843970335	2920.8615609978688	-0.0061736258225984966	0.0	0.0	0.0	0.016857117066424548	0.0	0.0	0.0	-0.009926574798412247	161983377.8309334	0.01674558577951463
44	247.5	nan	nan	1	1	6.000000000000838e-05	6.000000000000867e-05	5.999999999999513e-05	0.9909782486166109	9.549110634166081e-20	5.63920654964023e-19	8.537414481965544e-20	1.0247500000000014	-8.424521930755491e-19	-1.1449174941446927e-19	-6.490982881399155e-20	0.9855353080105912	4716.043765969413	270539.42668614705	-1174427.5637639319	279759.4423421415	170314732.6024298	921650.492902429	-1167976.2572396458	886380.2667764149	4189.938538236528	1599.565890624997	4669.686356457509	277009.2396728925	-1156496.1371058438	277009.48418291943	174387722.93261042	907578.5239468429	-1156495.3727644554	907577.6006786479	4125.965605449175	-0.009062693816732656	0.0	0.0	0.0	0.024448680402311452	0.0	0.0	0.0	-0.014570325521673413	174402574.00376022	0.024385009203479677
48	325.0	nan	nan	1	1	6.000000000000838e-05	6.000000000000867e-05	5.999999999999513e-05	0.9881251376285994	-4.967001202699217e-21	5.448658017825903e-19	7.041215483935548e-20	1.0325000000000097	-5.303103876169724e-19	-2.732189474663471e-20	-1.3017202333404088e-19	0.9810110401852364	-8128.9979953173115	287684.6613575243	-1238241.0015284747	300597.6089499949	179609242.38469008	995930.7446228625	-1229326.2187556443	946268.2042194421	-6775.072066335742	1599.565890624997	-8025.517779713081	296777.4263502233	-1213677.1415406235	296771.0727148795	185286099.20359117	976173.7640848943	-1213677.187689571	976176.6267277168	-6640.6701837945875	-0.011945931735830213	0.0	0.0	0.0	0.0319830458530602	0.0	0.0	0.0	-0.01917156546864604	185313782.73009068	0.03196789748871646
52	402.5	nan	nan	1	1	6.000000000000838e-05	6.000000000000867e-05	5.999999999999513e-05	0.9852890699028659	-5.928553004422299e-20	-1.8706959809336452e-18	3.0222135558033436e-20	1.040249999999979	3.80834144601827e-18	2.0724524527060417e-19	4.557714882585939e-20	0.9765484629000315	-8170.859358750361	303119.3956908988	-1289651.2235751909	320021.9718334494	187599118.10240984	1070858.4940756217	-1278211.2387991431	1005285.6298376372	-6929.120273111283	1599.565890624997	-8043.335978554654	315033.1535559745	-1258261.4322879016	315027.35844050295	194972484.83692577	1044794.0636212628	-1258262.074259768	1044797.2208126298	-6760.467202264329	-0.014820208881922156	0.0	0.0	0.0	0.039461068880893874	0.0	0.0	0.0	-0.02373090071099035	195001226.73385093	0.03949425433693764
56	480.0	nan	nan	1	1	6.000000000000838e-05	6.000000000000867e-05	5.999999999999513e-05	0.9824708642736903	-1.653950414126637e-19	1.8943722458752976e-19	-5.2123019442240627e-20	1.048000000000033	-1.7688487393557884e-18	-8.364619760725666e-20	1.218236666059025e-19	0.9721460474372032	-7800.35701940022	315268.7054335941	-1332097.7200452276	336290.26833926927	194511535.52880785	1140589.295502217	-1318099.7133776566	1058038.524065552	-6637.5049902492565	1599.565890624997	-7656.348321932807	330087.9486216997	-1293764.1786149174	330081.7418072068	203654573.50946903	1107766.7582692744	-1293765.208894901	1107771.7513738181	-6446.498678393267	-0.017684590361696385	0.0	0.0	0.0	0.046883585898881815	0.0	0.0	0.0	-0.028249231243760622	203683792.38138846	0.046964765124443905
60	557.5	nan	nan	1	1	6.000000000000838e-05	6.000000000000867e-05	5.999999999999513e-05	0.9796708432803751	-1.9525125873748328e-19	-2.9370359226274512e-18	1.7692824202247827e-20	1.0557500000000075	-3.0627085069456772e-18	-2.676353062780468e-19	-1.6207467225942684e-19	0.9678026887332709	-7502.65025881182	323629.38646871096	-1367813.9069466253	348752.9351413201	200524995.78024286	1203403.0314987795	-1351245.384257352	1103160.8374557435	-6385.801208360237	1599.565890624997	-7342.886030904655	341335.09447971307	-1322469.735423967	341326.4602969451	211495683.7728664	1163509.217585907	-1322471.4619656336	1163514.5769300552	-6174.106573709337	-0.020538637939591993	0.0	0.0	0.0	0.05425141483192345	0.0	0.0	0.0	-0.03272704643575576	211525271.94688764	0.05438006583243245
64	635.0	nan	nan	1	1	6.000000000000838e-05	6.000000000000867e-05	5.999999999999513e-05	0.9768891275904227	6.478107980600889e-20	3.9264381676562545e-19	-1.6100402261409742e-19	1.063500000000005	1.4281653117065307e-18	1.7878493824285968e-19	-3.7526947695154524e-20	0.9635173535313958	-7219.989347350085	330175.25823134143	-1396937.8196758137	359437.3721960284	205778805.3531076	1260957.1534011846	-1377819.436768067	1142414.9360664564	-6126.183248080399	1599.565890624997	-7045.949425753045	350783.94592881046	-1344603.7091700989	350773.03086995665	218622987.43082425	1213717.3478210168	-1344606.7026193659	1213721.5287058766	-5896.675286761333	-0.02338211588622516	0.0	0.0	0.0	0.06156535565815933	0.0	0.0	0.0	-0.037164780359557364	218652812.92970842	0.06174081041804306
68	712.5	nan	nan	1	1	6.000000000000838e-05	6.000000000000867e-05	5.999999999999513e-05	0.9741257815256246	2.5912431922403557e-19	-2.360674047734157e-18	-1.6912198638058261e-19	1.0712499999999745	3.5000756633263298e-19	-1.0636023312082798e-19	1.5338750235238673e-19	0.9592889775030128	-6867.201932476515	335919.14713307633	-1420659.9229237663	369400.28571690543	210383727.33398172	1313159.5638211935	-1399024.932348492	1175915.6006738343	-5771.565560395679	1599.565890624997	-6682.508639344181	359476.3033379867	-1361395.3299749424	359465.27056460246	225137403.53873378	1258379.481852981	-1361398.1777444526	1258379.5737021132	-5530.797535553849	-0.026214844533991602	0.0	0.0	0.0	0.06882619092982932	0.0	0.0	0.0	-0.04156291737017311	225167268.0491141	0.0690476759494476
72	790.0	nan	nan	1	1	6.000000000000838e-05	6.000000000000867e-05	5.999999999999513e-05	0.9713807369762902	-4.045971457172781e-19	9.53725217290452e-19	-3.15746777682091e-19	1.078999999999994	9.1905107656165e-18	-3.8597597340483956e-20	3.292993048381598e-19	0.9551165715518651	-6396.120028472071	340371.0250154682	-1439649.6328703025	378068.83387866226	214429569.58793157	1357191.9365918115	-1415547.3722261377	1201366.7484055886	-5281.079192645193	1599.565890624997	-6206.385964193495	366865.3670987093	-1373554.4467300694	366853.82601302705	231120680.02885884	1294882.4332036765	-1373556.6724087857	1294880.6472406676	-5038.621649997631	-0.029036779433583782	0.0	0.0	0.0	0.07603468627599161	0.0	0.0	0.0	-0.04592188149845129	231150300.88790762	0.07630133827488327
76	867.5	nan	nan	1	1	6.000000000000838e-05	6.000000000000867e-05	5.999999999999513e-05	0.9686538741820793	-6.61417535324782e-19	5.4403198254931314e-18	-5.963111948670274e-22	1.086750000000002	-8.319462740241646e-18	-1.0722759485881639e-19	-6.152847328855238e-21	0.9509991657930473	-5774.968325484009	343246.1121419983	-1453730.5812008162	385079.4998998348	217990557.98015252	1392138.4709240214	-1427237.014228725	1218235.8699001984	-4648.259973502927	1599.565890624997	-5587.786726723254	372612.02896068693	-1380974.495384479	372598.0814090752	236640419.89106157	1322464.93762385	-1380976.5862788486	1322460.249887443	-4415.624569183735	-0.031847929888626975	0.0	0.0	0.0	0.08319159088676675	0.0	0.0	0.0	-0.05024209362635569	236669474.30871832	0.08350247469731409
80	945.0	nan	nan	1	1	6.000000000000838e-05	6.000000000000867e-05	5.999999999999513e-05	0.9659451337704648	-1.0316183671199575e-19	-1.7632312168495978e-18	2.503693866812151e-19	1.0945000000000018	3.9077898902895036e-18	-4.745552908969053e-19	8.82811618946322e-20	0.9469357136120851	-5025.908179353453	347001.5612364389	-1464465.2127875064	393166.12055678584	221128641.72703788	1420194.5611268103	-1435648.5505629946	1228713.4945476218	-3877.9181328586387	1599.565890624997	-4849.291463113675	379366.05954118795	-1385194.7439430195	379349.77002441214	241753095.18714708	1343320.4314254802	-1385198.0600991102	1343314.4077815902	-3668.009160048612	-0.03464824372171239	0.0	0.0	0.0	0.09029763798078244	0.0	0.0	0.0	-0.05452407235364132	241781346.85104477	0.09065177537319802
84	1022.5	nan	nan	1	1	6.000000000000838e-05	6.000000000000867e-05	5.999999999999513e-05	0.9632545071697485	2.0635077847830364e-19	-1.9892805935492473e-18	1.5780562620526517e-19	1.1022499999999908	-6.294444132581844e-18	3.979021973021801e-20	3.0211293536308583e-19	0.9429251081749932	-4216.136574223503	351632.01364030736	-1473694.9805957559	402351.7494410177	223895597.95888686	1444456.041032939	-1442595.8937565477	1235660.3397294346	-3047.908262814574	1599.565890624997	-4056.5549459238237	387141.88259279286	-1387990.3510212996	387122.65375242603	246505892.3409314	1360451.8396457103	-1387993.3452737592	1360444.5886927838	-2870.653232376832	-0.03743761635912604	0.0	0.0	0.0	0.09735354525590206	0.0	0.0	0.0	-0.05876841819286765	246533251.72439656	0.09774993927534115
88	1100.0	nan	nan	1	1	6.000000000000838e-05	6.000000000000867e-05	5.999999999999513e-05	0.9605820304698436	5.421010862427522e-20	6.0229870136457865e-18	-1.4728886513215578e-19	1.110000000000007	-3.0184188481996443e-18	1.3010426069826053e-21	2.6405743910884463e-19	0.9389661996254729	-3323.979423188713	355265.23917024897	-1481224.0991031178	410506.69027339964	226335503.15661445	1467042.3862238878	-1447893.0684530004	1240989.8025363348	-2116.5831250247925	1599.565890624997	-3189.22668155809	393883.9631477917	-1389195.3867442338	393864.91999463196	250939059.48297605	1375894.7861667206	-1389196.0863956136	1375890.2581931553	-1985.079445254447	-0.04021589649535708	0.0	0.0	0.0	0.10436001532424846	0.0	0.0	0.0	-0.06297579656075815	250965424.43891117	0.10479766883398771
92	1177.5	nan	nan	1	1	6.000000000000838e-05	6.000000000000867e-05	5.999999999999513e-05	0.9579275488741505	6.055269133331542e-20	3.1981253582891166e-18	6.467265958876034e-20	1.1177500000000005	-5.4148309100443546e-18	1.0711917464156784e-19	3.7621815385247e-20	0.9350580318469001	-2375.104486485365	358148.19086715166	-1486786.7762698638	417888.678493605	228486039.830408	1489108.1089955934	-1451289.9497024894	1245716.5060564505	-1107.073158858894	1599.565890624997	-2272.4768958374693	399844.8746623102	-1388581.4139849131	399831.8273205869	255087068.11244228	1390749.4178507465	-1388580.12294877	1390746.5483014844	-1033.9486716244523	-0.04298313135118843	0.0	0.0	0.0	0.11131773613195359	0.0	0.0	0.0	-0.0671466854730562	255112372.04439738	0.11179563182945454
96	1255.0	nan	nan	1	1	6.000000000000838e-05	6.000000000000867e-05	5.999999999999513e-05	0.9552907663012178	-5.594483210025203e-20	-2.9156635873023307e-18	4.0565424283545147e-19	1.1255000000000013	1.787686752102724e-18	4.668574554722582e-19	2.696139752428328e-19	0.9311997947764208	-1355.0902891774049	361013.43059377704	-1490536.09511771	425327.47306624916	230379388.7568115	1510757.1899577803	-1452943.8723346784	1249948.3662880117	-18.611196069559664	1599.565890624997	-1292.9444376579017	405830.7096760955	-1386313.3906299353	405821.5123199845	258979370.0476625	1405120.5665459093	-1386310.3536109265	1405120.6674355897	-17.309846042227342	-0.04573951751106063	0.0	0.0	0.0	0.11822738136465102	0.0	0.0	0.0	-0.07128142239113378	259003544.76131222	0.11874446843983849
100	1332.5	nan	nan	1	1	6.000000000000838e-05	6.000000000000867e-05	5.999999999999513e-05	0.9526713731581867	-2.214482937301643e-19	3.1657619234404246e-18	8.023096076392732e-21	1.133249999999993	6.209984783345224e-18	4.87890977618477e-19	7.226207479615887e-20	0.9273907033881061	-288.86522696277103	363060.5552841769	-1492744.4948639197	431867.5435842036	232043613.59402692	1533944.9803206797	-1453127.9090764842	1255302.6977984076	1121.9934747951254	1599.565890624997	-274.8569985845022	410935.0774509784	-1382663.935658205	410924.56182312354	262641752.0064377	1420826.1433023643	-1382659.9340030772	1420831.6046353295	1039.2534817450285	-0.04848526883864157	0.0	0.0	0.0	0.1250896108388156	0.0	0.0	0.0	-0.07538033145704999	262664781.1415078	0.12564480889696736
104	1410.0	nan	nan	1	1	6.000000000000838e-05	6.000000000000867e-05	5.999999999999513e-05	0.9500692701788479	-3.2493539109390567e-19	-8.599078480525657e-18	2.5343225781848665e-19	1.1410000000000073	-3.167062966047407e-18	-6.420645265459157e-19	-4.1356891869459564e-19	0.9236297789867445	744.5190565976292	364670.8881667568	-1493795.0538964088	437946.34587020887	233502407.14536557	1562834.5012909677	-1452219.7093236444	1265110.0552280974	2272.1072849814427	1599.565890624997	706.4675971345301	415573.54879062803	-1378002.8048443652	415563.4431369287	266095888.47733957	1441690.625945696	-1377998.5340411894	1441700.7014320116	2095.9837853559193	-0.051220381068056584	0.0	0.0	0.0	0.1319050708799452	0.0	0.0	0.0	-0.07944395972323054	266117880.56307915	0.13249730754511105
108	1487.5	nan	nan	1	1	6.000000000000838e-05	6.000000000000867e-05	5.999999999999513e-05	0.9474845599626343	4.48697069083126e-19	1.4162932979178145e-18	2.8801830712077424e-19	1.1487500000000128	2.471547272397956e-18	-3.467278547608643e-19	1.308089921103761e-19	0.9199158633626251	1710.8058119910197	366094.30771526264	-1493406.9178996885	443850.9069347838	234776317.97703338	1596911.6979853406	-1449950.1160476836	1278812.8748914294	3364.9811022236136	1599.565890624997	1618.9263229377327	420022.66548553854	-1372083.345556164	420013.721990021	269360579.47749066	1467179.453146658	-1372079.9832240338	1467191.3248836605	3091.611852826819	-0.053944637712277636	0.0	0.0	0.0	0.1386743946877711	0.0	0.0	0.0	-0.08347306598783105	269381677.0297462	0.13930263936541884
112	1565.0	nan	nan	1	1	6.000000000000838e-05	6.000000000000867e-05	5.999999999999513e-05	0.9449175668046322	7.371490570728945e-19	1.4000844754391562e-18	2.419939248987646e-19	1.156499999999995	4.391127218783541e-18	-1.0473392986209973e-19	2.6020852139652105e-19	0.9162475581383044	-1488.6092753729133	366423.6412711857	-1489969.7397243	448462.9237427906	235881227.11743188	1633788.0625327518	-1444758.8339206248	1294391.0981468868	119.98508028133644	1599.565890624997	-1404.8250844993636	423230.2811819191	-1363445.830633931	423221.8454933191	272449882.68800676	1495051.518571078	-1363442.7008627197	1495060.4893493783	109.79629524431631	-0.056657586187799105	0.0	0.0	0.0	0.14539820268935266	0.0	0.0	0.0	-0.08746869084534047	272474056.17481196	0.1460615213558118
116	1642.5	nan	nan	1	1	6.000000000000838e-05	6.000000000000867e-05	5.999999999999513e-05	0.9423684586963925	4.2825985813177427e-19	-4.2739249639378587e-19	1.8951853975046617e-19	1.1642499999999893	-2.7029160160063625e-18	7.58941520739853e-20	-2.333745176275048e-19	0.9126237851379118	-525.898757435195	366260.33249634964	-1483468.1309453158	452483.38491797843	236840147.3863045	1669078.2676504191	-1436639.2253597127	1308346.5792304052	1090.5148418369254	1599.565890624997	-494.9531753058765	425870.3064986313	-1352107.5334935621	425857.80052142974	275386595.8432498	1521281.9558465497	-1352102.7313862569	1521283.9318569715	993.9501242231943	-0.05935893577013862	0.0	0.0	0.0	0.1520771028803406	0.0	0.0	0.0	-0.09143154778013363	275409896.89119136	0.1527745716391278
120	1720.0	nan	nan	1	1	6.000000000000838e-05	6.000000000000867e-05	5.999999999999513e-05	0.9398370726303944	-5.916491255253398e-19	1.0317755764349679e-17	-4.451192019139239e-19	1.1719999999999806	-1.6203509888013112e-17	9.937797113002134e-19	1.1960376265773842e-18	0.9090436574229521	585.6290848315358	367439.62297312525	-1474974.6676005486	458192.9678212599	237664799.44476742	1701623.1085942762	-1426638.8836599044	1319833.903508064	2122.1456173762267	1599.565890624997	549.6804420784142	430079.43218772614	-1339073.3832307989	430066.94789017976	278181055.0782419	1544838.8796505993	-1339065.1396387496	1544834.5260368816	1926.6152660040027	-0.06204874572988808	0.0	0.0	0.0	0.15871169115480413	0.0	0.0	0.0	-0.0953621579899205	278203350.6600316	0.15944241367210735
124	1780.0	nan	nan	1	1	6.000000000000838e-05	6.000000000000867e-05	5.999999999999513e-05	0.9378892444241862	-6.402213828526904e-20	-3.823601591596004e-18	-2.398255205537936e-19	1.1779999999999964	1.3421338693198059e-18	-6.873841773558098e-20	-8.295772922772838e-19	0.9063009649028909	6577.670851860406	369443.09167915455	-1466141.237932382	464029.463483722	238221990.12659508	1726127.0963700835	-1416764.7273290271	1327983.9793633122	3964.3139802983665	1599.565890624997	6161.045337676553	434633.85527610814	-1327024.5681474148	434638.1305674989	280257891.70849746	1562341.338859267	-1327027.7449997785	1562315.847001535	3588.155023267152	-0.06412341325430602	0.0	0.0	0.0	0.1638180852293915	0.0	0.0	0.0	-0.09838383726027702	280276516.91816074	0.16457416534218144
128	1840.0	nan	nan	1	1	6.000000000000838e-05	6.000000000000867e-05	5.999999999999513e-05	0.9359519430809685	-9.69276742202041e-19	-1.1436381355811598e-17	2.855246421240576e-19	1.1839999999999904	-1.2496514240067924e-18	-5.780965983692709e-19	-4.689174395999807e-19	0.9035840310934476	5760.63227086558	372271.1423909874	-1454819.7728894488	470937.3546168427	238710054.34606874	1749663.157028999	-1404510.19906289	1335256.7373302884	3449.328178189426	1599.565890624997	5384.556067831983	440187.063082942	-1312816.2459356925	440192.75508968247	282259530.1803048	1578880.2573810972	-1312818.378104808	1578856.5772036605	3112.6426477535583	-0.06619114668484799	0.0	0.0	0.0	0.16889853646180603	0.0	0.0	0.0	-0.1013861670837955	282278717.2813435	0.1696792199374456
132	1900.0	nan	nan	1	1	6.000000000000838e-05	6.000000000000867e-05	5.999999999999513e-05	0.934024762479813	-1.7368918803217782e-19	1.118647275505369e-17	-3.7952497047855085e-19	1.190000000000009	3.550697062759678e-17	-6.418476861114186e-20	7.645793720367777e-19	0.9008922609465975	4406.210633291255	376064.8186482731	-1441584.339086042	479136.8707735014	239135030.72908515	1773224.265899779	-1390448.8251367242	1342406.543842401	2723.48056948623	1599.565890624997	4110.034209061283	446921.71859328635	-1296984.255300027	446930.27492213005	284192069.0519553	1595358.5868212557	-1296985.7124130079	1595338.3828388453	2450.2981355073975	-0.06825232881371862	0.0	0.0	0.0	0.17395330712344637	0.0	0.0	0.0	-0.10436960571950665	284212154.70046866	0.17475803690576286
136	1960.0	nan	nan	1	1	6.000000000000838e-05	6.000000000000867e-05	5.999999999999513e-05	0.932107534558122	-6.603875432609208e-19	-7.787065263442638e-18	-1.0602955145821991e-18	1.1960000000000173	-2.8828935766389563e-18	6.862999751833243e-19	-1.3746599344943711e-18	0.898225377123681	1874.3801691367194	379727.86611524934	-1427602.725987548	487248.81424373813	239501039.6628579	1796522.0416171756	-1375712.6118541418	1349216.7832654568	1319.4859464583305	1599.565890624997	1744.782032652796	453545.77894207364	-1280590.1893814032	453559.52358127944	286059294.78549045	1611518.7086876365	-1280593.2791971723	1611500.3178147748	1183.6071249389781	-0.07030709052518586	0.0	0.0	0.0	0.1789826555284548	0.0	0.0	0.0	-0.10733426541690473	286081125.21964985	0.17981086877765132
140	2020.0	nan	nan	1	1	6.000000000000838e-05	6.000000000000867e-05	5.999999999999513e-05	0.9302001552434641	1.1600963245594898e-19	-2.36876490644633e-18	5.225854471380132e-19	1.2019999999999997	3.580143993764384e-18	-2.701831813833877e-19	-3.6093090322042445e-19	0.895583056944376	-1299.7135079251389	382319.33895709354	-1413300.956750518	494051.4074095598	239812347.07911134	1819310.0950452017	-1360714.3708025583	1355513.434777109	-642.3327943987565	1599.565890624997	-1207.3614250442156	458927.40250768495	-1264019.5110216718	458946.227501596	287865264.2435104	1627143.4939258802	-1264027.8275117774	1627127.3678790887	-574.485696631722	-0.07235549529958918	0.0	0.0	0.0	0.18398683611301545	0.0	0.0	0.0	-0.11028031254236477	287889373.08732694	0.1848379695329069
