6	header
postResults v2.0.3	--cr f,p,texture --time RVE_1_40_D_tensionX.spectralOut
addCauchy v2.0.3	RVE_1_40_D_tensionX.txt
addStrainTensors v2.0.3	--left --logarithmic RVE_1_40_D_tensionX.txt
addMises v2.0.3	-s Cauchy RVE_1_40_D_tensionX.txt
addMises v2.0.3	-e ln(V) RVE_1_40_D_tensionX.txt
inc	time	elem	node	ip	grain	1_pos	2_pos	3_pos	1_f	2_f	3_f	4_f	5_f	6_f	7_f	8_f	9_f	1_p	2_p	3_p	4_p	5_p	6_p	7_p	8_p	9_p	texture	1_Cauchy	2_Cauchy	3_Cauchy	4_Cauchy	5_Cauchy	6_Cauchy	7_Cauchy	8_Cauchy	9_Cauchy	1_ln(V)	2_ln(V)	3_ln(V)	4_ln(V)	5_ln(V)	6_ln(V)	7_ln(V)	8_ln(V)	9_ln(V)	Mises(Cauchy)	Mises(ln(V))
0	0.0	nan	nan	1	1	6.000000000000838e-05	6.000000000000867e-05	5.999999999999513e-05	1.0	0.0	0.0	0.0	1.0	0.0	0.0	0.0	1.0	2.7716487604837305e-06	-1.193192284640359e-09	-2.8066754232013673e-08	-1.19319228464005e-09	2.7018729684353462e-06	-1.6832583398956398e-08	-2.8066754232013544e-08	-1.6832583398956544e-08	2.6991213888906947e-06	1599.565890624997	2.7716487604837305e-06	-1.193192284640359e-09	-2.8066754232013673e-08	-1.19319228464005e-09	2.7018729684353462e-06	-1.6832583398956398e-08	-2.8066754232013544e-08	-1.6832583398956544e-08	2.6991213888906947e-06	0.0	0.0	0.0	0.0	0.0	0.0	0.0	0.0	0.0	9.102600058541354e-08	0.0
4	3.0	nan	nan	1	1	6.000000000000838e-05	6.000000000000867e-05	5.999999999999513e-05	0.9998904999999916	-2.2135353191919022e-23	-1.1038559838397644e-22	1.4558378780933287e-24	1.0002964000000167	-8.252483186421038e-22	-6.5512704514199795e-25	-7.82181987230143e-24	0.9999072045656949	-834078.1616715924	-779.1601154557864	4406.58943058802	-779.4764111868614	20707817.65637992	856.1134459656392	4406.663048811231	855.7803492461336	-0.00028447720458734695	1599.565890624997	-833908.3970508566	-779.3177599617803	4405.76613588985	-779.317759967589	20712007.390453693	855.953496037878	4405.7661358891955	855.9534960329365	-0.0002844240549626823	-0.0001095059955711033	0.0	0.0	0.0	0.00029635608221445525	0.0	0.0	0.0	-9.279974006775682e-05	21141301.580023784	0.00026518143858854175
8	6.0	nan	nan	1	1	6.000000000000838e-05	6.000000000000867e-05	5.999999999999513e-05	0.9997809999999981	-8.194712892440334e-23	-2.103156338252826e-22	2.3743392302722107e-23	1.0005927999999777	-1.066335071254359e-21	-6.180693536996223e-24	-5.886878983417388e-23	0.9998143509175598	-1664680.4663545582	-1558.1898514631212	8812.081263588716	-1559.4550670783187	41435234.47768404	1713.9498958646836	8812.375218959462	1712.6164635903165	-0.0005273303698395466	1599.565890624997	-1664003.1490737933	-1558.8205633965913	8808.789681591214	-1558.820563408181	41452006.30868183	1713.3096831325154	8808.789681589964	1713.3096831232442	-0.0005271333958103497	-0.00021902398400358518	0.0	0.0	0.0	0.0005926243634658793	0.0	0.0	0.0	-0.0001856663173640462	42308560.025478944	0.0005303294903988685
12	9.0	nan	nan	1	1	6.000000000000838e-05	6.000000000000867e-05	5.999999999999513e-05	0.9996714999999897	-4.9154380720351116e-23	3.6729466175314597e-22	4.249723115052435e-23	1.000889199999972	-1.9548991027037218e-21	1.8211208365967456e-23	2.2234614865425383e-23	0.9997214390393794	-2491807.999064865	-2337.0891699818208	13216.475518284862	-2339.935978657858	62182256.969910875	2573.5103913584044	13217.13575326194	2570.5078162685704	-0.0006169975622578931	1599.565890624997	-2490287.94885944	-2338.5085732521943	13209.073049425851	-2338.508573269331	62220022.62303013	2572.0689835864146	13209.07304942424	2572.0689835735225	-0.0006166519856149837	-0.00032855396795458566	0.0	0.0	0.0	0.0008888048958520127	0.0	0.0	0.0	-0.00027859976593183204	63501803.76589832	0.0007954442043346144
16	12.0	nan	nan	1	1	6.000000000000838e-05	6.000000000000867e-05	5.999999999999513e-05	0.9995619999999991	8.16063305120315e-23	2.2499312661442352e-23	1.095848875510251e-23	1.0011855999999961	1.5186771348677572e-21	2.6046263128069735e-23	1.49501315190384e-22	0.9996284319536163	-3313385.2214193004	-3110.9717550036044	17523.90290073291	-3116.0249438507612	82938882.31633626	3554.371430194116	17525.067556766084	3548.8432268590004	-1.3079109354448155	1599.565890624997	-3310691.671073052	-3113.4918317924576	17510.82090426818	-3113.491833600806	83006067.86756559	3551.7180101913045	17510.820903077765	3551.718006235863	-1.3069345498570506	-0.0004380959500193663	0.0	0.0	0.0	0.001184897731334693	0.0	0.0	0.0	-0.00037163709489494235	84709955.55825937	0.0010605371735750364
20	15.0	nan	nan	1	1	6.000000000000838e-05	6.000000000000867e-05	5.999999999999513e-05	0.9994525000000001	-1.852884572118782e-23	2.0938919153922322e-21	-3.779884527122315e-23	1.0014820000000175	9.492062965168503e-23	3.189608442004475e-23	1.1196716771517784e-22	0.9995329055628397	-4008616.9052041112	-3529.9599126218545	14911.65168879817	-3537.127556560851	103061873.7699012	12070.633575468555	14912.851551854576	12047.141800842346	167.1485465283187	1599.565890624997	-4004555.4317089478	-3533.5441231846025	14897.741837004465	-3533.543789351434	103166519.56354375	12059.373875497356	14897.742063283458	12059.374090715983	166.99262741497938	-0.0005476499328529119	0.0	0.0	0.0	0.0014809029217974666	0.0	0.0	0.0	-0.00046720355974817025	105225889.63573453	0.0013263665629159006
24	18.0	nan	nan	1	1	6.000000000000838e-05	6.000000000000867e-05	5.999999999999513e-05	0.9993430000000066	-1.130788984584491e-22	6.020339612169143e-21	-6.20451633863775e-23	1.0017783999999912	-8.937256384716936e-21	8.449153648861646e-23	4.2986922073155745e-23	0.9994148415048092	-3943210.508744125	899.5104029113027	-58958.83863794357	901.6941219236475	117589760.32615896	77718.12381325354	-58963.07906072454	77534.7455276125	6033.7543408160955	1599.565890624997	-3938515.007768944	900.6287803558769	-58892.86499008553	900.6204015073981	117735961.78779411	77631.15893655151	-58892.86693418061	77631.14586971885	6027.002701989092	-0.0006572159190710887	0.0	0.0	0.0	0.0017768205190667474	0.0	0.0	0.0	-0.0005853297672402878	119751058.93959369	0.001599267539018213
28	21.0	nan	nan	1	1	6.000000000000838e-05	6.000000000000867e-05	5.999999999999513e-05	0.9992334999999984	-8.296687718355872e-22	9.343832199399e-21	1.317136232980437e-22	1.002074799999981	2.0938654456126304e-21	8.32739266269384e-23	1.898200834796887e-21	0.9992648648353234	-3519618.3601816148	15450.287204848899	-209779.8791725772	15494.219011018282	124900763.05093938	209865.42867778818	-209786.46080470466	209276.94370427442	5043.059580163421	1599.565890624997	-3514914.913426646	15473.514058647725	-209506.11550640504	15473.513290491132	125088529.9011139	209591.55336913496	-209506.11238412836	209591.5556535823	5036.4783652021215	-0.0007667939113248422	0.0	0.0	0.0	0.00207265057503243	0.0	0.0	0.0	-0.000735405509033213	126881134.8624624	0.0018825874153622372
32	24.0	nan	nan	1	1	6.000000000000838e-05	6.000000000000867e-05	5.999999999999513e-05	0.999123999999998	-4.28598671310676e-22	-9.199413081892142e-21	-6.140988867593677e-22	1.0023711999999956	2.9430159752350663e-20	-7.16166356903511e-22	-6.928729508540176e-22	0.9990991307951136	-3298249.7695193854	36928.19437865892	-351694.1095957799	37048.21745654939	129015693.67379427	366242.3330802834	-351685.3502401731	365046.81457838224	2066.413825564637	1599.565890624997	-3293414.3961094446	36993.898503520984	-351169.76999541756	36993.90320563042	129245243.5716146	365696.3035810012	-351169.7646690218	365696.3205152179	2063.333015935141	-0.0008763839122230998	0.0	0.0	0.0	0.0023683931414820872	0.0	0.0	0.0	-0.0009012752314178606	130924990.36245221	0.00217152936249318
36	27.0	nan	nan	1	1	6.000000000000838e-05	6.000000000000867e-05	5.999999999999513e-05	0.9990144999999981	1.2527617289891103e-21	-2.431471602564513e-20	5.251604272976662e-22	1.002667599999997	-1.1850837965034916e-20	-5.251604272976662e-22	1.763522596183453e-21	0.9989267118166251	-3239900.3315570727	65646.77870996462	-467299.87311385287	65886.83986049025	131834537.71116218	515454.08964162885	-467258.80866276287	513530.97177850973	783.8747169740792	1599.565890624997	-3234752.389030469	65782.1406243113	-466516.37235804	65782.15094103257	132106377.02684948	514589.8508689326	-466516.3717832651	514589.8590046958	782.5604293644566	-0.0009859859244054272	0.0	0.0	0.0	0.002664048270111734	0.0	0.0	0.0	-0.001073864569592693	133758174.87636204	0.0024631716083425496
40	30.0	nan	nan	1	1	6.000000000000838e-05	6.000000000000867e-05	5.999999999999513e-05	0.9989049999999938	5.310896579284463e-22	4.424074259332892e-20	2.0261028098322863e-21	1.002963999999988	2.3803319883740348e-20	3.544832884259247e-22	-3.543985851311993e-21	0.998750988230926	-3245275.9549335493	96760.87850556061	-562769.6440524994	97154.07057332892	133980657.62573333	642772.0023840755	-562682.8815518991	640071.998824406	318.65574156469154	1599.565890624997	-3239731.846662146	96988.08707563432	-561721.6094768187	96988.09618663702	134295263.6329011	641574.9810274737	-561721.6151261437	641574.9806683415	318.06231539391564	-0.0010955999505100366	0.0	0.0	0.0	0.002959616012611408	0.0	0.0	0.0	-0.001249792434381	135952058.91908532	0.0027563128069235422
44	33.0	nan	nan	1	1	6.000000000000838e-05	6.000000000000867e-05	5.999999999999513e-05	0.9987954999999948	1.238362168885787e-21	-8.242498785555278e-20	2.9375102610779136e-21	1.0032603999999867	-1.0765788759602158e-20	-2.625802136488331e-23	-2.7003410358467096e-21	0.9985733402766058	-3253261.769305822	125206.07522936905	-640922.9152777379	125765.79016496352	135686959.56016615	743685.7990268897	-640780.3689291903	740211.4268724121	214.9968945581564	1599.565890624997	-3247322.128785556	125536.16520828796	-639610.4519968273	125536.17335688035	136044681.06480348	742162.9009053044	-639610.4645950873	742162.9006634741	214.55663017863253	-0.0012052259931612237	0.0	0.0	0.0	0.0032550964206399346	0.0	0.0	0.0	-0.0014276783713355063	137707587.8728841	0.0030504040114192896
48	36.0	nan	nan	1	1	6.000000000000838e-05	6.000000000000867e-05	5.999999999999513e-05	0.9986859999999994	1.2197274440461924e-22	-5.041264816349738e-20	3.803177933171809e-21	1.0035568000000277	-1.502890558313305e-20	1.328147661294743e-21	-4.3639137442541555e-21	0.9983944387019361	-3234380.615095823	149262.1886387131	-703072.1735903334	149990.1766254362	137066477.14660332	818759.5979818678	-702866.929754842	814547.8530443609	203.39212543365255	1599.565890624997	-3228100.255527795	149698.9280143475	-701502.123193432	149698.9331531982	137467532.01652962	816931.2027188129	-701502.1376747962	816931.2103032044	202.937924713927	-0.001314864054995709	0.0	0.0	0.0	0.003550489545830045	0.0	0.0	0.0	-0.0016068515928878157	139122321.7093114	0.0033451487262888646
52	39.0	nan	nan	1	1	6.000000000000838e-05	6.000000000000867e-05	5.999999999999513e-05	0.9985764999999981	2.7884324623611566e-21	4.711578417454683e-20	3.69306365002875e-21	1.0038531999999825	-4.473689214218313e-20	-2.5021353261892034e-21	5.038151970268579e-21	0.9982146818134413	-3181065.130492122	168960.99276249774	-752044.0323774873	169853.81997643874	138196496.6005002	872193.5805844123	-751771.5538892158	867294.5896168909	189.66053222423332	1599.565890624997	-3174522.431426601	169504.4710130508	-750225.324914122	169504.47081706987	138641018.07836923	870084.3091771341	-750225.3374989983	870084.3207765656	189.20186622781347	-0.001424514138658751	0.0	0.0	0.0	0.0038457954396019407	0.0	0.0	0.0	-0.0017869137664338643	140269557.37930873	0.003640357416539036
56	42.0	nan	nan	1	1	6.000000000000838e-05	6.000000000000867e-05	5.999999999999513e-05	0.998467	-6.877907531704919e-22	-6.197231855291363e-20	-1.9651164376299767e-21	1.0041496000000014	1.7227803114205213e-20	-2.9366632281306593e-21	-7.669036304440435e-21	0.9980343340509078	-3097345.9922788152	185221.91476740595	-791479.8872638686	186276.07370974703	139137787.96355233	909221.8040508337	-791136.9237870302	903684.658103664	167.7058381760262	1599.565890624997	-3090621.4881294616	185871.6575071129	-789419.3144478188	185871.65837038582	139625871.50194857	906854.6968591859	-789419.3231250523	906854.707103129	167.26922557626327	-0.0015341762467779108	0.0	0.0	0.0	0.00414101415361115	0.0	0.0	0.0	-0.001967600405817179	141212195.52241415	0.0039358978763277775
60	45.0	nan	nan	1	1	6.000000000000838e-05	6.000000000000867e-05	5.999999999999513e-05	0.9983574999999941	-4.504521213498369e-21	-1.1155296860397047e-19	-6.99649214432052e-22	1.0044459999999864	-3.717288792320223e-20	2.3420460991581405e-21	1.1955023017547196e-20	0.9978535749811643	-2991147.7139644143	199166.7636997223	-824227.6580361831	200381.389352625	139937124.62555286	934113.544022741	-823811.6319628378	927982.7354521923	143.0014812431636	1599.565890624997	-2984313.5405316288	199923.5542250725	-821929.3812005158	199923.55801211813	140468855.3626202	931508.8613247281	-821929.3873841111	931508.8686725805	142.60273583756737	-0.0016438503820017407	0.0	0.0	0.0	0.004436145739219833	0.0	0.0	0.0	-0.0021487318906257473	142001192.57929832	0.004231676094826325
64	48.0	nan	nan	1	1	6.000000000000838e-05	6.000000000000867e-05	5.999999999999513e-05	0.9982479999999903	1.2569968937253817e-21	-1.314933947317576e-19	8.256877169834919e-21	1.0047423999999874	-1.5197634546226107e-19	-1.1858461261560205e-23	-4.9636130709102e-21	0.9976725279952839	-2870260.3612008276	211252.87216901575	-851842.0414852093	212627.2437489121	140629192.0447593	949988.0382514268	-851350.9743573597	943303.4520651471	117.44593143606302	1599.565890624997	-2863377.117033091	212117.33393711114	-849309.3235276182	212117.33696302585	141204656.69408053	947163.5101736847	-849309.3279937906	947163.5168379958	117.09673826983291	-0.0017535365469588688	0.0	0.0	0.0	0.004731190247889027	0.0	0.0	0.0	-0.0023301847777682993	142675331.78707996	0.004527624396447776
68	51.0	nan	nan	1	1	6.000000000000838e-05	6.000000000000867e-05	5.999999999999513e-05	0.9981384999999954	-6.305313259361012e-21	1.9630666178976215e-19	-4.458781434346637e-21	1.0050388000000092	-3.5215394782097537e-19	-3.31105179081706e-21	1.2785115305856409e-20	0.9974912797113159	-2740909.1529852157	221521.97712119116	-875179.9300331413	223053.39542789033	141239199.12690142	959188.278856388	-874612.4429919592	951985.0886995501	94.2453554300763	1599.565890624997	-2734026.4089010493	222493.28273970983	-872416.1851131262	222493.28221284176	141858489.49912477	956159.2426067484	-872416.188653728	956159.250005875	93.94773649096854	-0.0018632347442815674	0.0	0.0	0.0	0.005026147730992682	0.0	0.0	0.0	-0.0025118724003755015	143263087.67746228	0.004823693126420207
72	54.0	nan	nan	1	1	6.000000000000838e-05	6.000000000000867e-05	5.999999999999513e-05	0.9980289999999966	-1.5653168865259471e-21	1.127062039616572e-19	-6.605162922689034e-21	1.0053351999999918	-1.0003459107073287e-19	2.8460307027744493e-22	-2.1663714658975986e-20	0.9973098911157392	-2607757.3408376183	230083.04703860453	-894906.4310577905	231767.39547657108	141785236.54972038	963555.6760784712	-894261.6288779875	955863.8891321091	73.72974761128216	1599.565890624997	-2600915.0126765147	231159.27995829826	-891915.2289390254	231159.27578994964	142448448.99003446	960335.0155939698	-891915.2328269267	960335.0233485203	73.48330779409343	-0.0019729449766228866	0.0	0.0	0.0	0.005321018239793706	0.0	0.0	0.0	-0.002693733729443185	143784995.68399915	0.005119845591356945
76	57.0	nan	nan	1	1	6.000000000000838e-05	6.000000000000867e-05	5.999999999999513e-05	0.9979194999999987	-1.824339561796312e-20	-3.884510036767166e-19	-3.5914196963582333e-22	1.0056316000000103	2.786060770108845e-20	1.5043305143236374e-21	2.4530074152484537e-21	0.9971284059511654	-2474185.0674229385	237235.50044234062	-911625.2589728797	239068.89252556028	142280352.8814465	964530.1322067332	-910902.5789942663	956374.4818119355	54.901068389848746	1599.565890624997	-2467414.8898599027	238414.72822577253	-908410.0474793772	238414.72203786825	142987586.600015	961128.3304944873	-908410.0523503957	961128.3376143558	54.70743778960464	-0.0020826672466190627	0.0	0.0	0.0	0.005615801825643493	0.0	0.0	0.0	-0.002875724985169205	144255875.18331912	0.00541605420562092
80	60.0	nan	nan	1	1	6.000000000000838e-05	6.000000000000867e-05	5.999999999999513e-05	0.9978099999999908	-1.5681967985466116e-20	-2.6080737369022984e-19	5.751353711856699e-21	1.0059279999999888	-5.184790314097243e-19	-1.2830855085008141e-20	-3.896351557369781e-21	0.9969468574374395	-2342459.872196025	243331.82383986676	-925850.0804010192	245311.51951997963	142734173.22421524	963151.303433543	-925049.1911416313	954552.0868271508	37.08940772613086	1599.565890624997	-2335787.09277869	244612.72766946568	-922414.071675765	244612.7200751236	143485528.90886194	959576.8626548543	-922414.0769712931	959576.8690536349	36.95176176026748	-0.002192401556922998	0.0	0.0	0.0	0.0059104985397003445	0.0	0.0	0.0	-0.0030578129108958293	144686536.17702734	0.005712297398543643
84	87.1	nan	nan	1	1	6.000000000000838e-05	6.000000000000867e-05	5.999999999999513e-05	0.9968208499999915	4.2490560766064723e-20	2.0803129184565615e-20	1.99527081055223e-20	1.008605479999987	8.218659043254806e-19	-1.1407839733620917e-20	2.519075985134289e-20	0.995306772713552	-1395759.0878511278	273812.6476960097	-987718.1551937901	277049.20344988565	145693331.9047468	910635.5782844792	-986217.6795977942	898628.4473420929	-7823.7893267763375	1599.565890624997	-1390375.7403515351	275981.1577240082	-982414.1289290955	275980.643589063	146847177.25815323	905745.4838791186	-982413.9053464006	905745.3019355646	-7781.775738324561	-0.0031842142335234505	0.0	0.0	0.0	0.008568663919559582	0.0	0.0	0.0	-0.004704275057649655	147570038.86757243	0.008387976035611661
88	114.2	nan	nan	1	1	6.000000000000838e-05	6.000000000000867e-05	5.999999999999513e-05	0.9958317000000074	-7.698682457594336e-20	-4.2754835045608063e-20	3.560587697078177e-20	1.01128296000002	-1.3596437344054468e-18	8.058332646998511e-20	-2.7464196281773434e-20	0.9936717714617703	-784461.899992509	290471.24097308086	-1010111.4302142794	294978.7774084941	147774390.82172674	858921.0540862047	-1007920.9952794033	843962.8204348731	11427.308958985323	1599.565890624997	-780649.7295051105	293544.6981657785	-1003022.4394946778	293545.2987530536	149337981.98085847	852893.1217223507	-1003022.9031325823	852892.735810128	11347.11178000371	-0.004177011579182274	0.0	0.0	0.0	0.011219782184526156	0.0	0.0	0.0	-0.006348336653834617	149742433.23766118	0.011059583177807095
92	141.3	nan	nan	1	1	6.000000000000838e-05	6.000000000000867e-05	5.999999999999513e-05	0.9948425500000019	-4.034587334361683e-20	-1.154404263153941e-19	-2.7918205941501738e-21	1.0139604399999844	3.521014317782456e-19	2.0599841277224584e-21	-5.4887734982078666e-21	0.9920439319331945	-426971.2405835846	304112.40082321124	-1022182.6031748357	309956.9880751407	149368318.40265426	826666.797354457	-1019307.3800681481	808798.4345832887	6595.890955885861	1599.565890624997	-424469.71249586996	308140.56373393495	-1013335.1840908001	308141.02007084695	151346797.14471814	819511.6495595953	-1013335.4882897461	819511.4862300506	6538.8007536675195	-0.005170795551033144	0.0	0.0	0.0	0.013863890601212027	0.0	0.0	0.0	-0.007987886454891518	151573971.0474176	0.013725527219865658
96	168.4	nan	nan	1	1	6.000000000000838e-05	6.000000000000867e-05	5.999999999999513e-05	0.9938533999999994	7.26618743472629e-20	-2.0556473190325163e-19	-3.606073366345733e-20	1.0166379199999882	-4.2947958557582045e-20	-2.7972416050126015e-20	1.3251661053204079e-19	0.9904246516198482	-216090.61958423018	315380.6340736485	-1031300.2301790767	322611.6784318118	150660375.38353857	810109.5958501494	-1027742.2142597836	789221.866492094	5648.632822549205	1599.565890624997	-214609.11753265234	320399.07442735165	-1020696.1632735459	320399.8755114476	153057732.81719843	801779.8620793	-1020696.0861036953	801780.2243458104	5590.552276630305	-0.006165568111989048	0.0	0.0	0.0	0.016501026141605958	0.0	0.0	0.0	-0.009621486792256455	153179864.06146014	0.01638497652635579
100	195.5	nan	nan	1	1	6.000000000000838e-05	6.000000000000867e-05	5.999999999999513e-05	0.9928642500000088	5.0012213337682907e-20	2.091222702817197e-19	2.0290250735003137e-20	1.0193154000000078	-8.392809017210289e-19	-3.930232875259953e-21	-1.1637555068916283e-19	0.9888142988316974	-108601.58892543912	323728.3468651889	-1039632.2659747372	332350.9463262062	151724102.45644656	803932.8789101302	-1035390.5277584164	779876.5005894287	-9760.163769853338	1599.565890624997	-107748.90262604838	329743.4049773981	-1027262.1598152976	329741.49004360556	154543223.18571144	794367.2513486787	-1027261.1502209967	794367.0526736589	-9644.032070291854	-0.007161331230842725	0.0	0.0	0.0	0.01913122548583783	0.0	0.0	0.0	-0.011248731590692566	154619357.8634984	0.019037665428614542
104	222.60000000000002	nan	nan	1	1	6.000000000000838e-05	6.000000000000867e-05	5.999999999999513e-05	0.9918751000000039	-2.1143297616182945e-19	8.480561630545835e-19	3.738591670943668e-21	1.0219928800000082	3.5918262721729155e-19	1.7672495411513723e-20	-8.51098705401121e-20	0.9872135012312614	-55180.7713192584	329394.98458131996	-1047428.8150650639	339393.0430263335	152630007.6424919	804918.0314502068	-1042505.1903771227	777526.3382628763	-7450.554834209321	1599.565890624997	-54692.63033416059	336394.516767078	-1033283.8921619887	336390.6990866358	155873343.7617836	794048.0770109153	-1033282.9649816857	794048.5103805335	-7349.939382162129	-0.008158086882309049	0.0	0.0	0.0	0.021754525025354913	0.0	0.0	0.0	-0.012868949636788732	155921796.94822586	0.02168328376479175
108	249.70000000000002	nan	nan	1	1	6.000000000000838e-05	6.000000000000867e-05	5.999999999999513e-05	0.9908859499999939	-1.9372659943242553e-19	-2.118598807672456e-18	-6.273380117249525e-20	1.0246703599999976	6.574330923408977e-19	4.1145472445824894e-20	9.809319155562602e-20	0.9856222116051354	-49337.42504218248	333414.5271838481	-1054397.371389508	344778.88948362845	153397796.98605445	810718.1625971945	-1048795.3731234532	779824.2434916623	-6077.986482800022	1599.565890624997	-48851.94097986042	341389.66229908465	-1038476.0146844953	341386.2386566691	157067007.70604455	798476.3518679697	-1038475.1458750057	798477.3110724693	-5986.209138255451	-0.009155837046978327	0.0	0.0	0.0	0.024370960865999117	0.0	0.0	0.0	-0.01448215033147584	157111928.03644362	0.02432182395036102
112	276.8	nan	nan	1	1	6.000000000000838e-05	6.000000000000867e-05	5.999999999999513e-05	0.9898967999999976	-3.073713158996405e-20	1.0686167662560252e-18	-4.083376432123531e-20	1.027347839999978	1.3365231230771934e-18	7.727650984390433e-20	1.523304052342134e-20	0.9840405281630591	-78640.58641163017	336628.6568567114	-1060493.2164091156	349361.19241375325	154052852.96581122	819648.6430315173	-1054218.7437303702	785098.1043162578	-5529.788691933342	1599.565890624997	-77788.65201170607	345579.66437795165	-1042798.6550063725	345576.4696465822	158149141.91055325	805972.6260439638	-1042798.1115376294	805973.9831028865	-5437.522957424521	-0.01015458371136543	0.0	0.0	0.0	0.026980568830940813	0.0	0.0	0.0	-0.016088195620470713	158208369.6577787	0.026953234297779134
116	303.9	nan	nan	1	1	6.000000000000838e-05	6.000000000000867e-05	5.999999999999513e-05	0.9889076499999874	4.0549161250957866e-20	-5.327227374507526e-19	-7.370457190533294e-20	1.0300253199999831	-2.115630804225277e-18	9.074772183703672e-20	1.2007539060276962e-20	0.982468502249579	-134845.25983718425	339497.7841392081	-1065833.6360272337	353611.1401616642	154613759.51059547	830529.9239975588	-1058892.3870548762	792185.7352775114	-5188.973894103118	1599.565890624997	-133250.59224636338	349431.91769468214	-1046371.2165307776	349429.3674716202	159137953.21155465	815364.2159181534	-1046370.023466848	815366.0895026257	-5094.221783389459	-0.011154328867990051	0.0	0.0	0.0	0.029583384463655018	0.0	0.0	0.0	-0.01768699453166857	159224893.1747493	0.029577490459718126
120	331.0	nan	nan	1	1	6.000000000000838e-05	6.000000000000867e-05	5.999999999999513e-05	0.9879184999999824	1.6883738331030518e-19	2.3623410085743535e-18	7.50640597856761e-21	1.0327028000000036	-8.986680757189225e-19	1.631724269590684e-20	-2.1547162925433793e-19	0.98090615165474	-212323.49845034725	342133.8961406289	-1070487.269670848	357641.19563149853	155094789.66591	842581.9946463777	-1062887.4334035786	800323.2721803706	-4992.537503554338	1599.565890624997	-209601.916217183	353059.19501440175	-1049264.632190193	353056.9177207522	160047403.10169926	825877.6276475944	-1049263.2440146627	825879.8482543543	-4893.55938718768	-0.012155074515306728	0.0	0.0	0.0	0.03217944303075673	0.0	0.0	0.0	-0.019278489992303617	160172615.18791047	0.03219458672615594
124	358.1	nan	nan	1	1	6.000000000000838e-05	6.000000000000867e-05	5.999999999999513e-05	0.9869293499999833	1.233415496473822e-19	-2.827124927391733e-18	6.426057805992112e-20	1.0353802799999892	9.717704071987575e-19	-3.9193908535350984e-20	-1.297654475193588e-19	0.9793534758400259	-306835.36904470157	344495.58551370894	-1074540.6835440125	361405.66773938306	155507414.35358244	855308.042146645	-1066290.43715033	809028.1168762152	-4853.050764934991	1599.565890624997	-302598.00564426393	356416.76787650783	-1051566.904997572	356414.69439117535	160888708.98617393	837021.4776170837	-1051565.081052418	837024.3296681185	-4749.292093666699	-0.013156822657794501	0.0	0.0	0.0	0.03476877952487159	0.0	0.0	0.0	-0.020862643558131708	161060596.76972705	0.03480452797668511
128	385.20000000000005	nan	nan	1	1	6.000000000000838e-05	6.000000000000867e-05	5.999999999999513e-05	0.9859401999999978	-2.337404358607187e-19	-3.4222841574504946e-19	1.986165206369246e-20	1.038057760000005	-1.2102948851455686e-18	-5.421010862427522e-20	7.840136959785804e-20	0.9778104611719659	-415142.02758166974	346515.1030911732	-1078171.965878952	364829.72688565863	155861003.09292328	868340.4878294463	-1069279.8157873077	817946.1959450237	-4707.221758031502	1599.565890624997	-408997.35881734756	359432.1448844009	-1053454.8850596575	359429.7488585014	161671032.93845055	848433.7914066275	-1053453.0147219882	848436.7722673306	-4599.3087494301735	-0.014159575305955194	0.0	0.0	0.0	0.03735142866761167	0.0	0.0	0.0	-0.0224394302120998	161896359.76609153	0.03740732647551279
132	412.3	nan	nan	1	1	6.000000000000838e-05	6.000000000000867e-05	5.999999999999513e-05	0.9849510499999926	-1.5043305143236375e-20	1.031523499429865e-18	4.031792125635744e-20	1.0407352399999987	-1.7883914835148397e-18	9.665662367708272e-20	1.519238294195313e-20	0.9762770826858204	-534819.5379543289	348108.8064699261	-1081523.3351123643	367822.9610301088	156163218.1450561	881427.7701521966	-1071997.4066121106	826839.323463948	-4580.500155572681	1599.565890624997	-526373.3698348108	362015.58533751813	-1055069.3004071806	362014.0958959698	162401863.36641005	859868.0681423492	-1055067.8263006553	859871.1555139537	-4468.461232186873	-0.01516333447638662	0.0	0.0	0.0	0.03992742491214972	0.0	0.0	0.0	-0.024008836665455443	162686202.44112745	0.04000300050830181
136	439.40000000000003	nan	nan	1	1	6.000000000000838e-05	6.000000000000867e-05	5.999999999999513e-05	0.9839618999999847	-3.7676025493871276e-20	-9.904728946741326e-19	-1.8858341537669742e-20	1.0434127200000078	-5.320722161472613e-19	5.632430286062195e-20	8.338869959129135e-20	0.9747533075758424	-664041.0818916786	349219.5643650098	-1084735.944181702	370318.25680865103	156420466.18427783	894366.126099569	-1074582.1569794968	835517.2758207128	-4522.209451886432	1599.565890624997	-652896.1447101508	364104.0974303196	-1056548.9483848617	364103.01829125674	163087462.6489362	871125.9132418468	-1056546.9013868605	871128.9247304869	-4404.699287780168	-0.016168102191713926	0.0	0.0	0.0	0.04249680244617237	0.0	0.0	0.0	-0.025570857869642926	163435505.9366672	0.042591572539856425
140	466.5	nan	nan	1	1	6.000000000000838e-05	6.000000000000867e-05	5.999999999999513e-05	0.9829727500000008	7.573152174811249e-20	2.5370330836160805e-20	-7.638204305160379e-20	1.046090199999993	-1.9739797903900457e-18	1.3552527156068805e-20	1.8145478609260523e-19	0.9732390980542336	-801413.9507537202	349869.8833213184	-1087907.1331700168	372333.7989628333	156638165.52291068	907030.1988171969	-1077131.880673129	843866.900875718	-4420.97724826766	1599.565890624997	-787169.4251465515	365717.3246768333	-1057989.1461379877	365715.84786683304	163733129.28085154	882086.4174056352	-1057986.6778199517	882090.057143233	-4299.398175983099	-0.017173880480655473	0.0	0.0	0.0	0.04505959519444868	0.0	0.0	0.0	-0.027125494142561903	164148825.9513601	0.04517306776700722
144	493.6	nan	nan	1	1	6.000000000000838e-05	6.000000000000867e-05	5.999999999999513e-05	0.9819835999999921	4.0142585436275804e-20	9.620261401735441e-19	1.166804825501744e-19	1.0487676800000036	-4.537087936254403e-18	8.185726402265558e-21	-8.657354347296753e-20	0.9717344098692984	-945952.6397742309	350083.9296588696	-1091064.5513678158	373891.3582173053	156820839.46491146	919373.7853064816	-1079674.0150487928	851847.9566413874	-4355.781978399367	1599.565890624997	-928202.0357678793	366876.89245303033	-1059416.9470240318	366875.36485563306	164343282.79742733	892706.2725869543	-1059414.1573230901	892709.732433552	-4229.437423911411	-0.018180671378133954	0.0	0.0	0.0	0.04761583682166705	0.0	0.0	0.0	-0.02867275273399462	164830133.05220985	0.047747514557436366
148	520.7	nan	nan	1	1	6.000000000000838e-05	6.000000000000867e-05	5.999999999999513e-05	0.9809944499999964	-1.256048216824457e-19	4.1713594384207294e-18	1.0105441873922705e-19	1.051445159999994	-2.5027722949655384e-18	-4.0549161250957866e-20	-9.410874857174178e-20	0.9702391978326027	-1096707.4229572234	349905.3203974394	-1094240.8657820935	375033.0308056946	156972435.76493755	931492.1038388637	-1082240.960353121	859554.0028617033	-4294.775569694745	1599.565890624997	-1075041.7743178841	367625.12020225514	-1060864.1011222808	367624.1871127495	164921786.55923128	903079.536090279	-1060861.0992349323	903083.2776804946	-4163.775423439048	-0.01918847692513604	0.0	0.0	0.0	0.050165560734920706	0.0	0.0	0.0	-0.030212642180717664	165482808.30722973	0.050314942033560475
152	547.8	nan	nan	1	1	6.000000000000838e-05	6.000000000000867e-05	5.999999999999513e-05	0.9800052999999914	2.797783706098844e-19	1.2402730752147929e-18	-9.725293487194975e-20	1.0541226399999912	3.481237650579394e-18	3.4423418976414766e-20	2.1212415504678893e-19	0.9687534145142872	-1252775.0025689157	349393.4023016604	-1097454.9185349066	375817.2934965922	157096387.09713104	943550.596891472	-1084850.5045049763	867139.4196781891	-4263.703254905076	1599.565890624997	-1226785.6626220732	368021.36274222727	-1062348.7807635292	368020.80699378304	165472003.99465546	913367.6557161222	-1062344.8283099146	913371.084900863	-4127.313002007224	-0.020197299168886962	0.0	0.0	0.0	0.05270880008648539	0.0	0.0	0.0	-0.03174517366088207	166109784.45344824	0.05287538052531969
156	574.9	nan	nan	1	1	6.000000000000838e-05	6.000000000000867e-05	5.999999999999513e-05	0.9790161499999894	3.94920641327845e-20	-4.8576865186583666e-18	-5.577542551080117e-20	1.056800119999979	6.559856824406296e-18	-5.139118297581291e-20	8.294146619514109e-21	0.9672770110663362	-1413279.948698353	348581.05367367214	-1100647.7379506615	376275.0294162998	157195728.93285483	955564.738661597	-1087445.5327558478	874620.2097752793	-4183.16248220353	1599.565890624997	-1382561.5581299867	368097.6595493935	-1063813.8382572494	368096.49173494446	165996916.07310984	923586.1368612084	-1063809.3263356087	923589.0729571114	-4043.170201332976	-0.0212071401627786	0.0	0.0	0.0	0.05524558777629329	0.0	0.0	0.0	-0.033270360160684576	166713571.04683173	0.055428861165011216
160	602.0	nan	nan	1	1	6.000000000000838e-05	6.000000000000867e-05	5.999999999999513e-05	0.9780269999999867	-1.1492543028346348e-19	-6.576499327753949e-19	8.864708012784606e-20	1.0594775999999981	4.602411117146654e-18	-2.168404344971009e-20	-2.6319007737085622e-19	0.9658099370181749	-1577561.072400218	347468.195768976	-1103754.8958204803	376403.8302751752	157273022.6095884	967498.509468857	-1089963.7755348769	881965.5601570945	-4077.9660805999515	1599.565890624997	-1541710.1535424101	367851.5119161506	-1065197.2082261585	367849.8519772498	166499034.6023649	933700.6931082403	-1065193.765955978	933703.7712006018	-3935.5096867471016	-0.022218001966446372	0.0	0.0	0.0	0.057775956454582576	0.0	0.0	0.0	-0.034788216697122204	167296363.13673943	0.05797541592682845
164	603.31	nan	nan	1	1	6.000000000000838e-05	6.000000000000867e-05	5.999999999999513e-05	0.9780856470291942	1.4791228138133494e-19	-4.631034054500271e-18	1.2603850255143989e-21	1.0593481719999844	2.819765905145988e-18	6.505213034913026e-21	-2.5888037373522633e-19	0.9658267149746909	519.2163199976068	344587.9917729757	-1096818.027997146	373216.47157685255	146651552.74192122	953967.6173210309	-1083070.957085901	869749.0074423609	777.4737161852457	1599.565890624997	507.47003046937067	364774.13751114387	-1058568.5154026768	364773.1531313335	155242477.8091169	920699.7502163415	-1058568.520333491	920699.3616016131	750.3607494578481	-0.022158039132185076	0.0	0.0	0.0	0.057653786900214665	0.0	0.0	0.0	-0.03477084494503898	155262151.19069353	0.057872125350886955
168	604.62	nan	nan	1	1	6.000000000000838e-05	6.000000000000867e-05	5.999999999999513e-05	0.9781257886769925	-9.503032041835446e-20	-3.302615342662407e-18	-1.0598076236045806e-20	1.059218743999999	-4.188245887257192e-18	-4.233809483555895e-20	-2.2150250383878857e-19	0.9658631030886063	76.3450019419601	342457.14189331373	-1091671.7995702834	370848.849844634	137795204.11952534	944672.6532062567	-1077985.5697155101	861412.5251194212	125.89936513059918	1599.565890624997	74.62414651742003	362489.92677235254	-1053687.2494655647	362489.7269327494	145855838.11953008	911802.9154861881	-1053687.2231566221	911802.748294276	121.51871634509598	-0.02211699893880797	0.0	0.0	0.0	0.05753160241864949	0.0	0.0	0.0	-0.03473317004135647	145877057.9124508	0.05776553318484923
172	605.93	nan	nan	1	1	6.000000000000838e-05	6.000000000000867e-05	5.999999999999513e-05	0.9781660234443625	2.1022680124493932e-19	3.183271788526065e-18	3.6049722235143024e-21	1.059089315999987	-6.266688556966215e-20	-6.434739893701469e-20	-2.1196152472091612e-19	0.9659015225649963	15.691572012011077	341156.50399580307	-1089290.5059006636	369380.21267549787	129394833.77358484	939292.4701442574	-1075632.6897478192	856645.4052943289	25.271410435089724	1599.565890624997	15.339140189966297	361083.9886117766	-1051474.0475682844	361083.9539399415	136952988.25461823	906683.4330079629	-1051474.0402253286	906683.402329136	24.394073090696956	-0.022075865231529327	0.0	0.0	0.0	0.05740940300618686	0.0	0.0	0.0	-0.034693393480709135	136975507.71085063	0.05765806295479723
176	607.24	nan	nan	1	1	6.000000000000838e-05	6.000000000000867e-05	5.999999999999513e-05	0.9782062730537874	-3.3642793412225205e-19	2.150108433310316e-18	-7.674796128481765e-20	1.058959887999985	-2.6934563520514264e-18	1.4474099002681485e-20	8.909431352399632e-20	0.9659404316810825	3.3672992579735	340421.10100094747	-1088398.9544953068	368523.79120794905	121107709.33068134	936026.5048820034	-1074751.3926100302	853805.5644096088	5.5194974062465185	1599.565890624997	3.2919396123000797	360276.291420245	-1050698.6214924539	360276.28476462024	128171362.62048997	903604.100590085	-1050698.6197714757	903604.099261188	5.3283111786556425	-0.022034718043437818	0.0	0.0	0.0	0.057287188659212465	0.0	0.0	0.0	-0.03465311159739493	128195350.50857948	0.05755037899305968
180	608.55	nan	nan	1	1	6.000000000000838e-05	6.000000000000867e-05	5.999999999999513e-05	0.9782465171102978	1.4314179182239871e-19	-4.3337729238590585e-18	-4.519090180191143e-20	1.0588304599999947	-7.513521055324545e-19	-2.5587171270657903e-20	-5.695314012066355e-19	0.9659794750766241	0.7595386465765187	340025.6958273245	-1088214.6169468777	368035.61778029357	112854029.29824741	933827.3524770127	-1074568.5936704318	851938.1453910104	1.5328897310830945	1599.565890624997	0.7426010368141702	359828.47561009676	-1050605.8587052021	359828.4729530263	119426542.83830243	901554.2267609606	-1050605.858410523	901554.2293774663	1.4799129759374106	-0.021993578224763558	0.0	0.0	0.0	0.057164959374077104	0.0	0.0	0.0	-0.03461269232803389	119452237.38617454	0.05744263509023091
184	609.86	nan	nan	1	1	6.000000000000838e-05	6.000000000000867e-05	5.999999999999513e-05	0.978286750483599	-9.004299042492114e-20	3.8728514752811585e-18	5.985473618477788e-20	1.058701032000001	-1.263962892683601e-18	-4.038653092508504e-20	3.653219220189907e-19	0.9660185625746047	0.03402431929850718	339820.9611740064	-1088345.6689542413	367753.93315130577	104613428.38936009	932167.6256666223	-1074697.2890505109	850562.3441628814	0.5131781938821659	1599.565890624997	0.033268302147100116	359582.4776918644	-1050817.6172855129	359582.47564292693	110696984.81849845	900024.8645771733	-1050817.6172368226	900024.866296812	0.4954829171660887	-0.021952451018829127	0.0	0.0	0.0	0.05704271514711453	0.0	0.0	0.0	-0.03457222903850183	110724672.3874934	0.05733487027588101
188	611.17	nan	nan	1	1	6.000000000000838e-05	6.000000000000867e-05	5.999999999999513e-05	0.9783269725175763	7.055445637449421e-20	-5.385774291821743e-18	8.192502665843593e-20	1.058571604000006	1.0978631198588217e-18	-3.5236570605778895e-21	-2.8937355983638114e-19	0.9660576674480416	-0.24227234600577505	339721.7757927826	-1088599.3901264758	367586.53632421774	96379994.66459525	930790.5913263232	-1074947.1463388014	849444.0854890486	0.13073312390694627	1599.565890624997	-0.2369084509248986	359448.1945547707	-1051147.8819058407	359448.1926612726	101976433.48749739	898768.2405892925	-1051147.8815890958	898768.2411342016	0.1262354613973202	-0.021911337094797954	0.0	0.0	0.0	0.0569204559746716	0.0	0.0	0.0	-0.034531749400241334	102006463.99021943	0.05722709590014994
192	612.48	nan	nan	1	1	6.000000000000838e-05	6.000000000000867e-05	5.999999999999513e-05	0.9783671840088352	-8.131516293641283e-23	1.2030036255356037e-18	6.650902701840766e-20	1.05844217599999	-1.7970651008947236e-19	2.336455681706262e-20	6.703079931391631e-20	0.966096779931833	-0.3345132190659642	339685.6811944169	-1088873.0172856671	367487.4379598275	88151759.05427693	929570.5969739628	-1075216.6799330285	848468.7984375287	-0.054117916244606025	1599.565890624997	-0.3271338712572918	359380.68196494924	-1051497.4447478259	359380.68024162244	93262804.52546974	897663.080923237	-1051497.4443390686	897663.081753332	-0.05226031846036321	-0.02187023563688189	0.0	0.0	0.0	0.056798181853076446	0.0	0.0	0.0	-0.03449126352309005	93295619.1062133	0.05711931584628971
196	613.79	nan	nan	1	1	6.000000000000838e-05	6.000000000000867e-05	5.999999999999513e-05	0.9784073861774393	-1.166872588137524e-19	1.2416012228760876e-18	4.399150314859934e-20	1.0583127480000034	-1.525743507230226e-18	5.0578031346448785e-20	9.546400128734866e-20	0.9661358957071479	-0.3745456176319858	339693.90530905785	-1089103.9542923141	367436.29885057034	79928018.12841281	928446.8769854957	-1075444.0726692814	847581.0746932442	-0.13711320739446092	1599.565890624997	-0.3663131204741279	359360.0658843441	-1051805.8567823535	359360.0642236188	84555352.36788833	896650.736668362	-1051805.8565044336	896650.737866405	-0.13241754748139598	-0.021829145396623964	0.0	0.0	0.0	0.056675892778720226	0.0	0.0	0.0	-0.03445077587808347	84591523.86327668	0.05701153161210194
200	615.1	nan	nan	1	1	6.000000000000838e-05	6.000000000000867e-05	5.999999999999513e-05	0.9784475803545357	8.269752070633185e-20	-1.9658482740964045e-18	-7.141504184890457e-20	1.058183319999984	1.3845803843726135e-18	8.711564455921028e-20	2.6308165715360764e-19	0.9661750125488415	-0.37462858502462043	339737.5496921774	-1089248.3018011057	367423.47109982814	71708545.85155311	927389.432234064	-1075585.9718991295	846753.5643772107	-0.16807830297475448	1599.565890624997	-0.3664242427203886	359376.92233483767	-1052030.7071811126	359376.92033671134	75853836.39985417	895702.2550434446	-1052030.7071876074	895702.2566909464	-0.16233537903874493	-0.021788065012242355	0.0	0.0	0.0	0.056553588747884964	0.0	0.0	0.0	-0.034410288768549506	75894131.16584922	0.056903743792577476
204	616.41	nan	nan	1	1	6.000000000000838e-05	6.000000000000867e-05	5.999999999999513e-05	0.9784877680284879	1.154404263153941e-19	2.311627451956344e-18	-2.1338454007230334e-20	1.058053891999985	5.560683207297967e-18	7.529784087911828e-20	-2.3697948985101914e-19	0.9662141292215267	-0.32595215197524524	339810.6329493084	-1089270.7563898177	367442.4683589471	63493362.643888675	926382.4660953041	-1075607.5143502946	845971.8706366095	-0.16152250622035352	1599.565890624997	-0.31883991125937067	359424.91541344405	-1052137.8740485648	359424.91342250066	67158276.65404212	894802.3920735555	-1052137.8746679984	894802.3945179944	-0.1560162570316608	-0.021746992961506444	0.0	0.0	0.0	0.0564312697569646	0.0	0.0	0.0	-0.0343698034730723	67203755.17876822	0.05679595252914047
208	617.72	nan	nan	1	1	6.000000000000838e-05	6.000000000000867e-05	5.999999999999513e-05	0.9785279509392296	7.125918778660978e-20	2.1742861417567427e-18	1.9694532463199188e-19	1.0579244640000043	5.279712214298349e-18	-1.870248747537495e-20	9.744267025213472e-20	0.9662532450931599	-0.26532897442521064	339909.4852405686	-1089137.7839990186	367489.3072097985	55282668.576560214	925419.1891145273	-1075475.5831748336	845229.8142674757	-0.14927500039461303	1599.565890624997	-0.25956076936164496	359500.1557485859	-1052094.9333021108	359500.15454335103	58468883.11870754	893944.5994363001	-1052094.9338485794	893944.6030976477	-0.14419798292836833	-0.021705927465345227	0.0	0.0	0.0	0.056308935802294915	0.0	0.0	0.0	-0.03432932064561717	58521074.494059175	0.05668815764625467
212	619.03	nan	nan	1	1	6.000000000000838e-05	6.000000000000867e-05	5.999999999999513e-05	0.9785681312163441	-4.0766001685454967e-20	-3.965008659942426e-18	1.0394788328704774e-19	1.057795036000021	-1.9630293484479422e-18	-6.884683795282953e-20	7.85504473965748e-20	0.966292359897761	-0.1523123857884202	340039.55722903524	-1088820.4309946345	367569.86282838753	47076818.57068157	924502.604870353	-1075161.5862094448	844530.1574746268	-0.13206346748277428	1599.565890624997	-0.14901334045415296	359608.4003341565	-1051873.8748865763	359608.39841350843	49786029.475451164	893131.7870655421	-1051873.8752883568	893131.7916016611	-0.1275822048498968	-0.021664866346796683	0.0	0.0	0.0	0.05618658688019562	0.0	0.0	0.0	-0.034288840561209157	49847257.38122827	0.05658035871459601
216	620.34	nan	nan	1	1	6.000000000000838e-05	6.000000000000867e-05	5.999999999999513e-05	0.9786083115983849	-9.337691210531407e-20	-3.709272472507408e-18	-1.0067494797885712e-19	1.0576656079999838	1.2842645783633921e-18	-8.586881206085196e-20	-1.0299920638612292e-20	0.9663314735522823	0.04297343689028639	340224.52705169073	-1088307.4457290645	367709.7097157817	38876327.234749794	923634.7444898101	-1074654.4113258393	843874.775365237	-0.06623105865082471	1599.565890624997	0.04204608667551218	359774.6788639556	-1051463.78167513	359774.67578720645	41110258.18008452	892365.9257676085	-1051463.7829849266	892365.9294624979	-0.06398886607506439	-0.02162380680697446	0.0	0.0	0.0	0.05606422298695528	0.0	0.0	0.0	-0.03424836330552213	41184309.16130042	0.05647255507055069
220	621.65	nan	nan	1	1	6.000000000000838e-05	6.000000000000867e-05	5.999999999999513e-05	0.9786484960714559	-1.1484411512052706e-19	2.526136851782601e-18	-7.594836218260959e-20	1.0575361799999838	2.9479186019337744e-18	5.464378949326942e-20	-5.112284293812275e-19	0.9663705861791974	0.33074731943040386	340496.43567170587	-1087600.4148392049	367943.4451003805	30681999.591433574	922805.1084886277	-1073955.6218520156	843254.0979659167	0.10449456426745746	1599.565890624997	0.3236364257809104	360032.85498550866	-1050866.1363089622	360032.8542885857	32442418.63435744	891636.8784826068	-1050866.140064454	891636.88239491	0.10096520516014484	-0.021582744772683255	0.0	0.0	0.0	0.05594184411899482	0.0	0.0	0.0	-0.03420788875154375	32536093.67981798	0.0563647456403185
224	622.96	nan	nan	1	1	6.000000000000838e-05	6.000000000000867e-05	5.999999999999513e-05	0.9786886909533653	6.049848122469115e-20	-1.4835138326119157e-18	1.6315209816833433e-19	1.0574067519999815	4.1301326508119685e-18	1.4826464708739272e-19	-3.6583691805092133e-19	0.966409698361297	0.8600100813073223	340862.61795668415	-1086691.43022495	368278.94279292016	22495197.671253428	922001.6473859118	-1073057.4015246115	842657.1310988555	0.40496221181360303	1599.565890624997	0.8415892576093306	360390.65875628544	-1050073.244620244	360390.66145189235	23783948.95924346	890933.0049794532	-1050073.250939988	890933.0110848049	0.3913162208513655	-0.02154167378891865	0.0	0.0	0.0	0.0558194502726123	0.0	0.0	0.0	-0.03416741629596411	23911400.82487269	0.05625692855057168
228	624.27	nan	nan	1	1	6.000000000000838e-05	6.000000000000867e-05	5.999999999999513e-05	0.9787289062456365	2.959600880342306e-19	1.8589188348350215e-18	1.535365801511035e-19	1.0572773239999989	-2.7659352672820825e-18	1.0939599920378739e-19	6.640738306473715e-20	0.9664488113038818	1.6294662162697642	341300.43289301964	-1085526.9089133288	368691.68804456096	14318142.140383156	921219.1465185198	-1071906.8292038785	842079.1235218889	0.9271285945645068	1599.565890624997	1.5946948315542655	360824.1254885506	-1049033.2666532658	360824.12970079534	15137194.736708403	890249.262953108	-1049033.2744390012	890249.2761624769	0.895960045004507	-0.02150058363796224	0.0	0.0	0.0	0.05569704144416005	0.0	0.0	0.0	-0.034126944691452575	15336370.256441148	0.05614910070925989
232	625.58	nan	nan	1	1	6.000000000000838e-05	6.000000000000867e-05	5.999999999999513e-05	0.9787691569158994	-5.559246639419424e-20	-3.678426920700195e-19	-5.658180087658726e-20	1.0571478960000023	-5.569004458971794e-18	-2.8189256484623114e-21	-7.399679827213568e-21	0.966487927569641	2.634760933689831	341803.24883123604	-1083980.6064422403	369174.4687332163	6154314.478272151	920428.4352485691	-1070379.231016685	841493.4171301287	1.7109280348052271	1599.565890624997	2.5787487593075333	361326.21972066024	-1047624.1158934468	361326.2178896916	6505833.964451737	889557.4514799693	-1047624.1235696726	889557.4760366755	1.6535438541682461	-0.021459459029947472	0.0	0.0	0.0	0.05557461762993993	0.0	0.0	0.0	-0.034086471286423004	6955861.145848759	0.056041257165362915
236	626.89	nan	nan	1	1	6.000000000000838e-05	6.000000000000867e-05	5.999999999999513e-05	0.9788094641907289	-3.04118709382184e-20	-8.66846741956473e-19	9.561307908606542e-21	1.0570184679999983	-2.885739607341731e-18	-1.1514227071796058e-19	-8.478460988836645e-20	0.9665270525417671	4.1965056665297595	342417.8964971525	-1081863.128539659	369777.8171226033	-1990993.6385254746	919546.0967785473	-1068287.5737074704	840823.727870664	3.028359362908348	1599.565890624997	4.107629123736091	361946.41626545927	-1045662.6228326237	361946.40294148866	-2104542.4892901746	888776.9238155612	-1045662.6295738765	888776.9539121661	2.9270266365145363	-0.02141827828307926	0.0	0.0	0.0	0.05545217882628667	0.0	0.0	0.0	-0.03404599051153657	3236067.6490041236	0.05593339016117352
240	628.2	nan	nan	1	1	6.000000000000838e-05	6.000000000000867e-05	5.999999999999513e-05	0.9788498563708341	2.5516698129446346e-19	5.887136481433353e-18	1.6769219476561736e-19	1.0568890400000115	-5.8253911677103035e-18	-1.2256905559948628e-19	1.4243706041028314e-19	0.9665661957223884	6.378711128555296	343202.5986684593	-1078948.7715970958	370564.5348841796	-10110259.172106061	918478.4488329125	-1065408.9673066011	839984.3473948651	4.875318113640126	1599.565890624997	6.244130028494123	362746.2102717831	-1042930.4539582	362746.18698584114	-10685986.10201623	887817.0778898094	-1042930.4590407845	887817.1082831799	4.7125664047266875	-0.021377012492155685	0.0	0.0	0.0	0.05532972502955403	0.0	0.0	0.0	-0.034005492536943675	10964166.172267405	0.05582548837845698
244	631.21	nan	nan	1	1	6.000000000000838e-05	6.000000000000867e-05	5.999999999999513e-05	0.9791508562811042	2.2545984176836064e-19	9.069513803167117e-18	2.349059531961406e-19	1.0569213815000142	-1.6692105597043704e-18	-4.98732999343332e-21	2.1334388249083515e-19	0.9664027737363531	25530737.280425478	344109.88806445483	-1069909.9976589384	371441.1027808435	-90.92212039804866	923400.1444611094	-1055980.092712892	844316.844534145	-127.22365770266333	1599.565890624997	24995538.932144318	363654.84368529567	-1033843.862691287	363654.6192763324	-96.08636841814696	892272.7839240977	-1033843.6853216713	892272.8487895567	-122.93501134939743	-0.021069556104937583	0.0	0.0	0.0	0.05536032521931213	0.0	0.0	0.0	-0.03417458163149884	25115217.031773176	0.055836602885510934
248	634.22	nan	nan	1	1	6.000000000000838e-05	6.000000000000867e-05	5.999999999999513e-05	0.9794518562811064	-5.746271514173174e-20	4.951659741958547e-18	-2.2882764476664373e-19	1.0568114060966949	-2.296069150781177e-19	9.540979117872439e-20	3.732365978781349e-20	0.9663008359708191	46691116.53494836	339693.475571382	-1034911.0428367716	366522.68723166164	-114.33986631783976	928492.7821513233	-1021015.1208442841	848971.7154691323	-226.90942346916464	1599.565890624997	45721915.03121585	358915.1219828762	-999821.4169287562	358914.5089318107	-120.80981831618863	897011.3668069892	-999821.1665357549	897011.007659418	-219.21584744671594	-0.0207621941264809	0.0	0.0	0.0	0.055256267219110845	0.0	0.0	0.0	-0.03428006885169811	45785459.86853271	0.055734080695592624
252	637.23	nan	nan	1	1	6.000000000000838e-05	6.000000000000867e-05	5.999999999999513e-05	0.9797528562811064	8.294146619514109e-21	-1.6689937192698735e-18	-3.7933523509836585e-20	1.0566998466151205	2.7907092869233764e-18	1.6647924358514922e-19	5.114723748700367e-20	0.9661953003693975	66733015.90013189	327154.6882470355	-973589.6607423517	352847.7226205424	-203.12037800767158	936733.5891109734	-960117.0390368247	856504.2706833764	-361.0636196929132	1599.565890624997	65361827.6550162	345598.3730418682	-940389.4982504218	345597.6284498071	-214.57149994467738	904790.2472451408	-940389.1550186236	904790.5871001041	-348.7510702410335	-0.020454926590385038	0.0	0.0	0.0	0.05515069931022478	0.0	0.0	0.0	-0.03438929090864499	65403918.70200094	0.05563329743392541
256	640.24	nan	nan	1	1	6.000000000000838e-05	6.000000000000867e-05	5.999999999999513e-05	0.9800538562811173	1.6894580352755372e-19	-7.741203511546501e-20	2.393511821033312e-19	1.056583064875281	6.142086622293319e-18	-1.1384122811097797e-21	-1.8615751301576112e-19	0.966086864255647	85053709.63380615	304689.4465606287	-895600.7508583082	328482.6558433427	-211.55800150232693	932421.6505940818	-882836.6825500532	852559.4834908879	-504.4224402379914	1599.565890624997	83324638.3983277	321803.8925120057	-864889.9720267107	321804.8764258704	-223.4412420384269	900448.2572469404	-864889.3464491973	900447.8608706909	-487.1254404476302	-0.02014775343861631	0.0	0.0	0.0	0.055040177676491685	0.0	0.0	0.0	-0.034501527222626116	83354914.48485245	0.05553171811067067
260	643.25	nan	nan	1	1	6.000000000000838e-05	6.000000000000867e-05	5.999999999999513e-05	0.980354856281124	4.81196029203379e-19	-1.0696467583198866e-18	7.070353417321095e-20	1.0564564930918003	-5.360322645822646e-18	-6.467265958876034e-20	2.4679151951201296e-19	0.9659767781510448	100980799.05817205	277308.23011250887	-811064.4856060212	298836.1531012315	76.5582216610958	893831.2373387894	-799169.4648965603	817280.5804909545	-492.213319812192	1599.565890624997	98951071.20128983	292828.11260923935	-783105.8423427455	292829.5055974454	80.84289292330631	863019.4965390982	-783106.0494710617	863020.6530843033	-475.2459678170182	-0.019840674613223266	0.0	0.0	0.0	0.05492037700058447	0.0	0.0	0.0	-0.034615484239678106	98973152.62540008	0.05542598725815648
264	646.26	nan	nan	1	1	6.000000000000838e-05	6.000000000000867e-05	5.999999999999513e-05	0.9806558562811097	-1.3961813476182083e-19	7.988943707959439e-19	-1.516256738220978e-19	1.0563192221542517	-2.1092069063533004e-18	1.6089560239684886e-19	-9.863529264186876e-20	0.9658647108960411	114242017.3514923	247889.92669275825	-722212.1066656704	267018.7930490754	327.8507409335772	817265.6891342493	-711320.1156622096	747283.8702152803	-273.6544481678351	1599.565890624997	111973275.29951136	261713.39665764032	-697192.8993298518	261716.043863583	346.1331896426623	788953.5914330599	-697193.9482832009	788955.8182164798	-264.17438363569977	-0.019533690056309408	0.0	0.0	0.0	0.05479043330921083	0.0	0.0	0.0	-0.03473150540990845	111989000.67756228	0.05531571289246023
268	649.2700000000001	nan	nan	1	1	6.000000000000838e-05	6.000000000000867e-05	5.999999999999513e-05	0.9809568562811115	-1.8220017508618903e-19	2.800304476149873e-18	-9.010397679712346e-20	1.0561745442687938	-1.848944174848155e-18	1.2197274440461925e-19	1.9575270224225784e-19	0.9657483001475133	124976628.92977613	217600.17147952222	-640841.2389241286	234288.35256635642	417.7774020909093	711933.6333103953	-630904.9038880636	650982.0045527976	180.23896116054988	1599.565890624997	122526254.45164935	229691.7379820408	-618535.8104404897	229694.74010803393	440.99238030661706	687153.7287437632	-618534.9649014631	687155.6534358537	173.96547716179626	-0.019226799709976972	0.0	0.0	0.0	0.05465345975881827	0.0	0.0	0.0	-0.03485203757448067	122537056.68634887	0.05520401525328069
272	652.2800000000001	nan	nan	1	1	6.000000000000838e-05	6.000000000000867e-05	5.999999999999513e-05	0.9812578562811116	-1.2945373939476922e-19	-7.267136111627215e-19	3.5426305985963856e-20	1.056026485143848	3.12196015567201e-19	-1.0072238182390337e-19	2.2264091611989835e-19	0.9656253034876691	133504835.39751671	185604.20049668095	-575646.9887414414	199748.01073529795	319.2977339864342	594140.0866566309	-566475.4537731656	543280.5951839078	613.9544939050339	1599.565890624997	130922276.2949244	195882.6705225997	-555518.1845270877	195884.02302419255	336.9799425751459	573364.629277174	-555517.3762235324	573366.6239392805	592.4861807790396	-0.018920003516437064	0.0	0.0	0.0	0.05451326559820007	0.0	0.0	0.0	-0.03497940460463917	130929553.18790235	0.05509443891317408
276	655.2900000000001	nan	nan	1	1	6.000000000000838e-05	6.000000000000867e-05	5.999999999999513e-05	0.9815588562811085	-1.274750704299832e-19	-4.1578069112646606e-18	5.2787093272888e-20	1.0558779894753303	-2.2825437286794203e-18	-1.833385873672988e-19	-1.5582695724047912e-19	0.965494920810211	140251226.83268863	150064.98136663	-528437.8685583492	161427.12180583616	120.647661667187	476427.2582549168	-519787.6223760601	435647.09283139725	834.5783891656905	1599.565890624997	137576082.49394628	158348.15929380018	-509875.15397357335	158348.06958810752	127.30708373211654	459691.54769821436	-509873.2212920222	459693.6248771429	805.2617157051584	-0.018613301417937544	0.0	0.0	0.0	0.054372638339205435	0.0	0.0	0.0	-0.035114437810770185	137581027.99819642	0.054989234708783793
280	658.3000000000001	nan	nan	1	1	6.000000000000838e-05	6.000000000000867e-05	5.999999999999513e-05	0.9818598562811085	5.502326025363934e-20	-3.1927856625896258e-18	2.1694885471434943e-19	1.055730794674804	-6.594551293925832e-18	1.4707202469765868e-19	-1.0652286344670081e-19	0.9653573244216419	145611498.85400966	112235.9686188123	-493478.18734830874	120679.6757189747	-36.71132247124455	366631.5635655205	-485182.4600727062	335247.8628394922	880.8606827112304	1599.565890624997	142874389.1367788	118411.65709572159	-476063.918534825	118411.21810620166	-38.731331688860294	353693.56393934577	-476062.31752526626	353694.5906480967	849.7761381270234	-0.018306693356771372	0.0	0.0	0.0	0.054233223498852234	0.0	0.0	0.0	-0.03525696180673295	142877823.55920947	0.05488947359917326
284	661.3100000000001	nan	nan	1	1	6.000000000000838e-05	6.000000000000867e-05	5.999999999999513e-05	0.9821608562811142	6.52960758379395e-20	1.8883007137093787e-18	4.246006757996357e-20	1.0555855946349377	-2.088227594315706e-18	1.6436504934880247e-19	2.0383000842727483e-20	0.9652133490223908	149916040.09529182	72696.25921164152	-463090.96561630187	78130.3913980447	-129.38319513837445	267545.4684526083	-455098.9555864365	244639.90508241032	762.9997992579706	1599.565890624997	147140195.14516667	76684.24084235026	-446673.5457704493	76683.72930454416	-136.48091668732116	258060.4933406534	-446672.3446856359	258060.39546509497	735.9500639429044	-0.01800017927528841	0.0	0.0	0.0	0.0540956789405568	0.0	0.0	0.0	-0.03540611500946099	147142668.17973194	0.054795276542037905
288	664.32	nan	nan	1	1	6.000000000000838e-05	6.000000000000867e-05	5.999999999999513e-05	0.9824618562811009	3.2363434848692306e-19	6.619298208512814e-18	-9.100521985300203e-20	1.0554424040007118	6.128181729431193e-19	-8.500145032286355e-20	3.9221013589663125e-19	0.9650641366893917	153424570.29861438	33196.63619089403	-431458.51296999864	35662.25625039127	-152.7405748136544	180766.4858415381	-423817.49093320896	165287.5560141525	624.4734845770455	1599.565890624997	150627476.43799564	35012.42600916775	-416091.46323093807	35012.09521151964	-161.09517974980102	174328.21310944977	-416090.84519710013	174328.45580809528	602.2319136965396	-0.0176937591159191	0.0	0.0	0.0	0.05396001931449942	0.0	0.0	0.0	-0.035560716961149576	150629294.8117238	0.054706193777574824
292	667.33	nan	nan	1	1	6.000000000000838e-05	6.000000000000867e-05	5.999999999999513e-05	0.9827628562811115	-7.741203511546501e-20	-2.9002408113987243e-21	-6.938216277549425e-20	1.0553009791395043	2.190115493475031e-18	-1.649613605436695e-19	8.765774564545303e-20	0.9649107607513835	156328269.72554505	-4723.809219927145	-395805.3049089777	-5072.674687671246	-140.46123153041717	103854.94751272739	-388615.23588754353	94960.17938872462	489.0259464302907	1599.565890624997	153523205.6905063	-4981.457918360624	-381642.3274367705	-4981.653547650831	-148.12234818422033	100138.73839739409	-381642.14891120815	100139.55168837281	471.5272838890957	-0.017387432821078425	0.0	0.0	0.0	0.05382601452495603	0.0	0.0	0.0	-0.03571965782461337	153524565.2852593	0.05462163387650048
296	670.34	nan	nan	1	1	6.000000000000838e-05	6.000000000000867e-05	5.999999999999513e-05	0.9830638562811181	-7.315654158845941e-20	3.3302353930064755e-18	2.656295322589486e-21	1.0551610108087741	1.4038168414179376e-17	3.7676025493871276e-20	-3.039560790563112e-19	0.9647541078382842	158762667.1100455	-40138.32265269147	-355651.0406758184	-43082.55234800904	-120.11838202980266	33991.924170011305	-349026.68292517134	31080.07731606025	384.60824308567936	1599.565890624997	155959923.8562672	-42321.48073900255	-342865.3674772863	-42321.98731627374	-126.65172472356774	32769.912748362745	-342865.08209820185	32770.549603675405	370.78155697164254	-0.017081200333305773	0.0	0.0	0.0	0.05369337216361354	0.0	0.0	0.0	-0.03588202064314515	155960959.98589477	0.05454103847955974
300	673.35	nan	nan	1	1	6.000000000000838e-05	6.000000000000867e-05	5.999999999999513e-05	0.9833648562811155	2.100641709190665e-20	-1.0464177267743846e-18	8.252133785330296e-20	1.0550222223999906	-1.2975189499220274e-19	1.5758878577076807e-19	-7.779150587583495e-20	0.9645948560309693	160823021.95745307	-72436.81473922794	-311253.5164477632	-77716.0295970487	-103.26492767183616	-30669.460288193462	-305312.34848202433	-28040.55932123223	314.3999362897237	1599.565890624997	158030774.8183079	-76365.94316778415	-300011.550788093	-76366.70560930838	-108.86623916584485	-29561.72976904814	-300011.4436661693	-29561.539491029867	303.0443271145748	-0.016775061595170726	0.0	0.0	0.0	0.05356183059243625	0.0	0.0	0.0	-0.03604710410980622	158031595.70639777	0.05446395587658098
304	676.36	nan	nan	1	1	6.000000000000838e-05	6.000000000000867e-05	5.999999999999513e-05	0.9836658562811212	1.5330618718945032e-19	7.079298085244101e-19	-1.0778324847221521e-19	1.0548844201522722	-2.3819108577877167e-18	6.559423143537302e-20	2.244298497044994e-19	0.9644334902876996	162578225.49812022	-100417.21765060478	-263229.7927719165	-107688.36555245565	-89.60944443948136	-91779.21542370792	-258083.16443386738	-83909.57617715166	260.6921924483143	1599.565890624997	159803106.61332232	-105849.37641748748	-253677.86078089097	-105850.18571009359	-94.4569470948635	-88448.78380848208	-253677.82994781036	-88448.73938561742	251.232343444766	-0.016469016549271995	0.0	0.0	0.0	0.05343120656847617	0.0	0.0	0.0	-0.0362144067250886	159803810.8731944	0.05439006773684893
308	679.37	nan	nan	1	1	6.000000000000838e-05	6.000000000000867e-05	5.999999999999513e-05	0.9839668562811068	-2.0843786766033824e-19	1.741174478903096e-18	-1.7336392738043216e-19	1.054747472432039	6.446340856947064e-18	-1.8431436932253577e-21	-2.431052321255622e-19	0.9642703644476244	164080509.28823808	-123802.15792816888	-212522.15933074272	-132708.46337722466	-78.22068391588394	-150010.81728981758	-208267.9271246559	-137142.80050613754	225.97899955567974	1599.565890624997	161327974.99513888	-130481.49535281451	-204774.20879502597	-130482.21116716712	-82.4408231299677	-144541.85162598238	-204774.1263432587	-144541.8883352272	217.74045108533733	-0.016163065138308143	0.0	0.0	0.0	0.05330137565256481	0.0	0.0	0.0	-0.036383562648184896	161328649.77885067	0.05431914991141585
312	682.3800000000001	nan	nan	1	1	6.000000000000838e-05	6.000000000000867e-05	5.999999999999513e-05	0.984267856281104	4.038653092508504e-19	9.472674381005852e-19	3.906515952736833e-20	1.0546112770687184	-5.844825491652106e-18	-2.824346659324739e-20	1.0476103491641187e-19	0.9641057569497271	165371314.8367188	-143578.65455291135	-160142.22875080857	-153840.3934954896	-69.36818208660273	-205370.3983727636	-156861.78088186335	-187745.7697659218	202.45844236477254	1599.565890624997	162645889.6136368	-151304.51953630394	-154276.63407158633	-151305.00524405405	-73.10083448269282	-197848.2130918312	-154276.59823047605	-197848.2357134634	195.04291448332708	-0.015857207304968843	0.0	0.0	0.0	0.053172241276023297	0.0	0.0	0.0	-0.036554284009511454	162646620.2841818	0.0542510278352714
316	685.3900000000001	nan	nan	1	1	6.000000000000838e-05	6.000000000000867e-05	5.999999999999513e-05	0.984568856281107	8.239936510889834e-20	-3.010043386417194e-18	2.127069137144999e-19	1.0544757416016746	-1.6773149709436996e-18	-5.59990422088763e-20	3.70498987392609e-19	0.9639399063590188	166485253.6346619	-160505.98394515284	-106954.27322315302	-171902.74306095592	-61.902727595083356	-257741.69205808203	-104713.38413278326	-235612.42687659414	177.79259635512344	1599.565890624997	163790692.39662376	-169120.07948795237	-103018.55493763361	-169120.49984089905	-65.22494647289227	-248257.27727217408	-103018.59964089566	-248257.36326027065	171.25015956024308	-0.01555144299203467	0.0	0.0	0.0	0.05304371602691754	0.0	0.0	0.0	-0.03672632411652065	163791562.93428925	0.05418554858349833
320	688.4000000000001	nan	nan	1	1	6.000000000000838e-05	6.000000000000867e-05	5.999999999999513e-05	0.9848698562810997	1.3552527156068806e-22	-1.1156982455962083e-18	-1.7831737605597532e-19	1.054340783086443	1.4860617077172567e-18	-1.126486057212439e-19	-1.800859808498423e-19	0.9637730179888163	167451499.67123336	-174895.11620777863	-53776.35602757379	-187232.3627403396	-54.94397727175837	-306864.5529575774	-52624.56326816007	-280505.0347975561	154.25875144292112	1599.565890624997	164790917.59501976	-184257.03295329688	-51788.28379903362	-184257.48900452888	-57.88505963036938	-295519.9967116029	-51788.428804899195	-295520.1183482803	148.55591914993897	-0.01524577214234905	0.0	0.0	0.0	0.05291572147278141	0.0	0.0	0.0	-0.03689947061412551	164792000.63940573	0.05412257815769285
324	763.4100000000001	nan	nan	1	1	6.000000000000838e-05	6.000000000000867e-05	5.999999999999513e-05	0.9923708562811066	-2.1494308069525126e-20	2.287558163727166e-18	-1.139835296461167e-19	1.051072201100797	-1.5439852087822948e-18	1.3590474232105799e-19	-1.025208021775137e-18	0.9595010907382124	175218827.3804797	-234412.46625901113	711765.3319142014	-248279.17826403945	-957.2601028928747	-852106.0471965019	688185.7951295908	-777869.4054200936	-1097.475766263667	1599.565890624997	173741172.02087203	-246184.79700331818	682386.2691177455	-246185.3903764844	-1005.3342634502412	-816934.2343147197	682382.1868999171	-816934.4605454662	-1052.1759911707488	-0.007658394503096789	0.0	0.0	0.0	0.04981078706217083	0.0	0.0	0.0	-0.0413418267573189	173752505.71338046	0.05322088028904006
328	838.4200000000001	nan	nan	1	1	6.000000000000838e-05	6.000000000000867e-05	5.999999999999513e-05	0.9998718562811089	1.1611805267319752e-19	4.491768285444509e-18	-2.167049092255402e-19	1.0478745714411368	1.8173125764658903e-18	2.4505679603603615e-19	1.423286401930346e-19	0.9552223524465797	177084570.71135876	-216037.90592583249	952768.8524420059	-226410.67882898738	744.9196149233705	-1014536.8314649854	910219.5568297867	-924830.2491216768	449.8464930970916	1599.565890624997	176915932.10941294	-226194.02992516896	909355.933814425	-226195.06670541305	779.9389137185394	-968309.4544929258	909352.7497843682	-968307.2984300585	429.34923486948253	-0.00012815192999895934	0.0	0.0	0.0	0.04676389499680713	0.0	0.0	0.0	-0.045811135815060716	176930721.53663388	0.053449738407938756
332	913.4300000000001	nan	nan	1	1	6.000000000000838e-05	6.000000000000867e-05	5.999999999999513e-05	1.0073728562811295	-1.1058862159352145e-20	1.5564264287115658e-18	-3.0520291155466947e-20	1.044723401468046	6.218577085562171e-19	-1.8444989459409643e-19	4.259051065384073e-19	0.950979013046524	178007868.25721198	-213472.69008182254	1041163.8719736215	-221384.02474677796	1907.3512316217323	-1081605.9761439636	982881.9415834986	-984551.8370958805	406.7803505132345	1599.565890624997	179170680.73719707	-222833.8406474553	989298.891304941	-222830.18614045813	1990.991916778753	-1027726.3952692469	989302.4857943525	-1027726.155942906	386.51682083872123	0.00734580963558566	0.0	0.0	0.0	0.04375216279044515	0.0	0.0	0.0	-0.050263284980440345	179186943.25503716	0.054738032181726334
336	988.44	nan	nan	1	1	6.000000000000838e-05	6.000000000000867e-05	5.999999999999513e-05	1.014873856281142	1.8913906899009624e-19	-5.107134333492968e-19	2.7538735181131813e-19	1.0416110501586573	-4.874606848812718e-18	-1.689186984732416e-19	-3.9444630287738256e-20	0.9467785653491176	178482801.61272854	-228615.17734809045	1077621.1460749272	-234633.30319550107	2118.548255214566	-1108751.6075041287	1005318.1852666648	-1007806.699694734	417.7451716046676	1599.565890624997	180984915.22038627	-237927.46472533478	1019408.9950340659	-237922.57911133405	2204.844057636643	-1048857.816186173	1019411.5336938116	-1048858.154445614	395.17894309790927	0.014764325244441894	0.0	0.0	0.0	0.04076860124717112	0.0	0.0	0.0	-0.05469004064682452	181001814.0863891	0.05698437139354795
340	1063.45	nan	nan	1	1	6.000000000000838e-05	6.000000000000867e-05	5.999999999999513e-05	1.0223748562811215	-5.100629120458056e-19	-3.1444844558053963e-18	-2.6386770372865963e-19	1.0385342236653359	8.475696273296806e-18	-1.1991953654047482e-19	-6.646769181058165e-19	0.9426232224824092	178675231.30539817	-251207.5565987381	1095099.8728851888	-255175.21461564582	1817.1047565883007	-1113505.096756531	1009672.5713867343	-1010669.3881957934	77.53953658967907	1599.565890624997	182517875.67742395	-260666.0100318965	1031389.6183890719	-260663.0911117859	1885.5222873189227	-1048724.0709765023	1031386.8996441106	-1048723.0577350345	73.02847441904477	0.022128211499445778	0.0	0.0	0.0	0.037810318692652695	0.0	0.0	0.0	-0.059088628171318075	182535235.12266767	0.06005832246051874
344	1138.46	nan	nan	1	1	6.000000000000838e-05	6.000000000000867e-05	5.999999999999513e-05	1.029875856281103	2.1933409949381756e-19	-4.046242507715903e-19	1.7965229998084809e-19	1.035490948827137	4.825502654794492e-18	3.757573679291637e-19	-8.326537159417113e-19	0.9385137320200458	178676663.21864685	-276286.1853727606	1100506.6346209783	-277788.66743165744	1979.0250242716647	-1106666.8896089552	1002882.3818665417	-1003020.4352843484	169.35528410193092	1599.565890624997	183857307.11258474	-285847.01528576313	1031956.7142887341	-285843.0162078818	2047.5088017906446	-1037733.2505644676	1031960.4740715487	-1037729.7631071683	158.80624162657236	0.02943826709505123	0.0	0.0	0.0	0.03487566094339007	0.0	0.0	0.0	-0.06345779118190899	183874343.8689078	0.06382042637508051
348	1213.4700000000003	nan	nan	1	1	6.000000000000838e-05	6.000000000000867e-05	5.999999999999513e-05	1.0373768562811205	1.7358076781492926e-19	4.524348560727698e-18	8.378172287881736e-20	1.0324792995283807	-1.6022271095322055e-17	2.461681032628338e-19	3.860843936220881e-19	0.9344506732461618	178544545.52103335	-303921.1150460676	1096814.1034363857	-302479.4648348879	946.3171746145915	-1094302.291809707	987991.9689451222	-990404.237376793	70.42448311798857	1599.565890624997	185058421.22816423	-313521.94010453066	1024035.7496648906	-313514.8825349588	976.2112003782238	-1021690.6075901448	1024037.073916385	-1021690.9672204031	65.75151444401028	0.036695273337086845	0.0	0.0	0.0	0.03196299676914474	0.0	0.0	0.0	-0.06779643759290681	185075657.0532028	0.06813851389115706
352	1288.48	nan	nan	1	1	6.000000000000838e-05	6.000000000000867e-05	5.999999999999513e-05	1.044877856281126	-2.655211120417e-19	-9.325764986634066e-19	-2.0288133152635003e-19	1.0294975317951773	2.798325807185087e-19	-1.9147010366094008e-19	-2.3527187142935446e-20	0.9304344266243637	178317986.50541872	-333212.5118035255	1091991.2830852175	-328310.116936075	380.21446171207526	-1078202.643688779	972387.15529804	-974448.2211107941	-159.66302798463263	1599.565890624997	186159014.29463187	-342744.1127824293	1015145.5996333407	-342746.6233189987	391.0905615194709	-1002327.295288751	1015145.1229937676	-1002322.4793970716	-148.4272107235185	0.04389999464380794	0.0	0.0	0.0	0.0290708500036469	0.0	0.0	0.0	-0.07210367650139977	186176237.4161292	0.07289724893977627
356	1363.4900000000002	nan	nan	1	1	6.000000000000838e-05	6.000000000000867e-05	5.999999999999513e-05	1.0523788562811005	1.5563722186029416e-19	-4.830662779509165e-18	-1.636603179366869e-19	1.026544196332629	-4.625992514398214e-18	-4.786752591523502e-19	-6.371856167697309e-19	0.9264650726642518	178023107.39888793	-361629.1093721273	1089635.8387560858	-352749.1079494257	-438.78975993279414	-1058790.1569302427	959268.2237182736	-955567.5492350976	-590.8473439362635	1599.565890624997	187184409.6733493	-370904.59750181454	1008629.3768409385	-370902.0390615105	-450.04435505305315	-980076.8460488613	1008633.4229228777	-980077.0680496459	-546.9221616305143	0.05105317902921054	0.0	0.0	0.0	0.026198011915440442	0.0	0.0	0.0	-0.07637893211707088	187201859.5362955	0.07800107083381842
360	1438.5	nan	nan	1	1	6.000000000000838e-05	6.000000000000867e-05	5.999999999999513e-05	1.0598798562810983	5.0962923117681135e-19	-5.280064580004407e-19	-1.3449527949682682e-19	1.0236181358715786	1.5821938485933995e-17	-1.0858284757442328e-19	-4.536301889679351e-19	0.9225424375538382	177678885.09267345	-388750.45693205716	1092059.1047403566	-375456.30357962754	-1191.1731382734492	-1035882.8732490098	950557.4675770027	-933594.6679797579	-815.152611916554	1599.565890624997	188153150.823861	-397583.1050969562	1006587.5024030054	-397589.6543831924	-1218.237320568914	-954807.985794578	1006593.3409615818	-954806.5098794887	-751.3535010556541	0.058155558569118325	0.0	0.0	0.0	0.023343542879616794	0.0	0.0	0.0	-0.08062190135716135	188170740.60294154	0.083373155039133
364	1513.5100000000002	nan	nan	1	1	6.000000000000838e-05	6.000000000000867e-05	5.999999999999513e-05	1.0673808562811054	-2.9674613460928257e-19	2.1291562263270338e-18	4.736337190502926e-19	1.0207184862461258	6.799601029797153e-18	-3.14960731107039e-19	7.916844263489153e-19	0.9186660716089384	177297601.7167654	-417547.88322838	1098837.8451503732	-399297.1174903795	-1443.5945104998405	-1012542.3529170878	945749.8874066069	-911311.8808940471	-1091.4122342609128	1599.565890624997	189077217.90119058	-425823.0828303413	1008575.0463198231	-425826.3358330956	-1472.2044812325885	-929368.2002319301	1008585.3153663733	-929372.7740680939	-1001.7594038846426	0.06520784985065935	0.0	0.0	0.0	0.020506777604667195	0.0	0.0	0.0	-0.08483258325753991	189094814.76671684	0.0889527944400171
368	1588.5200000000002	nan	nan	1	1	6.000000000000838e-05	6.000000000000867e-05	5.999999999999513e-05	1.0748818562811406	-6.260725445017545e-19	1.9562259798155956e-18	-4.2343515846421375e-19	1.0178449838002641	1.269465218708965e-18	3.6971294081755704e-20	-3.209238430557093e-19	0.9148350107226851	176888370.17577878	-445858.3767812678	1108155.7191570944	-422193.5976637224	-1257.0956716573528	-990963.156567363	943163.5874514898	-890668.6034647825	-1196.2485189938577	1599.565890624997	189965555.99090004	-453412.4298502952	1012880.9878437241	-453405.9612640912	-1278.3942900327643	-905764.1661626394	1012890.7576148134	-905758.9510905491	-1093.399926272747	0.07221075440623134	0.0	0.0	0.0	0.017687631287958163	0.0	0.0	0.0	-0.08901154611559814	189982943.415043	0.09469262038443364
372	1663.5300000000002	nan	nan	1	1	6.000000000000838e-05	6.000000000000867e-05	5.999999999999513e-05	1.0823828562810873	-1.5834772729150791e-19	2.965943463051346e-18	-5.216096651827762e-19	1.014997546949916	-6.315477654728064e-21	2.8037468180475143e-19	6.39354021114702e-19	0.9110481413799488	176457223.1483886	-470707.7681689041	1117443.9208033907	-441401.81797925965	-1786.7340817062006	-969143.6920058647	940566.0011970798	-869891.6129369343	-1364.1338463855395	1599.565890624997	190824055.50068775	-477341.4348464568	1017137.9060357824	-477339.9666464597	-1811.9144571768873	-882149.6696012462	1017145.2072752995	-882150.9623593377	-1241.684006001454	0.07916495913212739	0.0	0.0	0.0	0.014886195692717612	0.0	0.0	0.0	-0.09315953857400201	190841622.08794942	0.10055553759236621
376	1738.5400000000002	nan	nan	1	1	6.000000000000838e-05	6.000000000000867e-05	5.999999999999513e-05	1.0898838562811313	5.526178473158617e-19	-3.6313183363057e-18	1.6376873815393544e-19	1.0121759126526846	-1.7561364688833958e-19	-1.502704211064909e-19	-5.622130365423583e-19	0.9073045445644953	176009724.29473302	-490307.90391059144	1125353.977064468	-455340.57260292006	-1467.6569108521796	-946939.8819958481	936839.8247199857	-848823.6604226045	-1055.8980546905357	1599.565890624997	191658276.5455282	-495833.1833799709	1020123.9232112538	-495823.6809700014	-1484.1959356832033	-858393.0453479595	1020131.739450831	-858389.0537329107	-957.1627132574071	0.0860711366932636	0.0	0.0	0.0	0.012102382491059962	0.0	0.0	0.0	-0.09727711393064295	191675332.01263186	0.10651221301129764
380	1813.5500000000002	nan	nan	1	1	6.000000000000838e-05	6.000000000000867e-05	5.999999999999513e-05	1.097384856281109	-5.294159208246718e-19	-7.497962754149378e-18	5.597193715456416e-19	1.0093796620348	3.419926017725339e-18	5.015519249917944e-19	-1.1263234268865663e-18	0.9036034508230075	175548516.40393886	-505904.09920343885	1131961.2162371902	-465329.754943494	-1361.3021494736518	-925493.0717430643	932088.3298998356	-828504.8024227909	-1062.820928971894	1599.565890624997	192470747.41864607	-510189.3103311342	1021922.6723477325	-510185.8310441418	-1372.8329260146345	-835525.4045354197	1021938.2150927347	-835522.5712139142	-959.5035486926711	0.09292994591303065	0.0	0.0	0.0	0.009335946152385729	0.0	0.0	0.0	-0.10136467542368194	192487520.94745013	0.11253936031815413
384	1888.5600000000002	nan	nan	1	1	6.000000000000838e-05	6.000000000000867e-05	5.999999999999513e-05	1.1048858562811252	1.4322310698533513e-19	2.8744910098021936e-18	7.892991815694472e-20	1.006608039072223	-4.567933488061615e-18	1.205632815803881e-19	-5.332106284283711e-19	0.8999444222143627	175076402.92039698	-518980.2245137055	1135746.2678149866	-472806.1532818906	-1115.3867323572335	-906172.1515640176	925084.0575105945	-810159.12663456	-654.9018697010521	1599.565890624997	193264252.37774718	-521936.54432225635	1021182.8432978734	-521923.7213547837	-1121.7404231826406	-814766.0093409504	1021186.6121252641	-814774.1184223343	-588.8415153404287	0.09974203215101911	0.0	0.0	0.0	0.006586301690464194	0.0	0.0	0.0	-0.10542227065977954	193280467.4071324	0.11861824999685186
388	1963.5700000000002	nan	nan	1	1	6.000000000000838e-05	6.000000000000867e-05	5.999999999999513e-05	1.1123868562811108	1.4391157536486343e-18	1.9509675992790408e-18	-6.278072679777313e-19	1.0038600613233126	1.0147007474710368e-17	-1.5742615544489524e-19	-2.0415526907902049e-19	0.8963272442235505	174595007.79839683	-528661.7522193324	1137518.0895539892	-477089.9771180578	-626.2203875485724	-887992.0187626571	916583.6836833757	-792876.9575660543	-361.8775103008698	1599.565890624997	194040349.6129308	-530219.1940073563	1018660.0799026542	-530225.3891686767	-628.0652378635249	-795206.7128359763	1018667.2613044971	-795212.779481089	-324.06532866883396	0.10650802766701059	0.0	0.0	0.0	0.0038526304030029315	0.0	0.0	0.0	-0.10944970475862159	194055908.28323278	0.12473375372718153
392	2038.5800000000002	nan	nan	1	1	6.000000000000838e-05	6.000000000000867e-05	5.999999999999513e-05	1.1198878562810965	2.7424893953020836e-19	1.0348059215070649e-17	-3.9985376121265405e-19	1.001134664495024	9.63102210829736e-18	-3.5756987648571937e-19	1.0636023312082798e-19	0.8927517958195821	174105232.56395712	-535495.6459524687	1140835.925035527	-478712.58156986046	-230.05255320786884	-868957.0617235155	909457.3139143875	-774881.6053748322	52.13442108457	1599.565890624997	194799838.2670268	-535612.4658102922	1017550.9268587457	-535613.617654733	-230.10273980931953	-775052.7873056596	1017557.8014073026	-775050.6479425058	46.500489098987536	0.11322855197337875	0.0	0.0	0.0	0.001134021249798316	0.0	0.0	0.0	-0.11344668095028311	194814737.03175703	0.13087363061433627
396	2113.59	nan	nan	1	1	6.000000000000838e-05	6.000000000000867e-05	5.999999999999513e-05	1.127388856281108	-1.822543851948133e-19	1.0671259882688577e-18	5.410168840702667e-19	0.9984309269237762	7.054713800982993e-18	2.98806118737005e-19	-3.5388358909926862e-19	0.8892178493696626	173607607.13628757	-540816.2836763902	1145841.422571155	-478950.9830299441	75.74358519628115	-848640.8001357235	903801.3127499972	-755824.0012384143	352.3726659813179	1599.565890624997	195543126.3257777	-539470.6850832795	1017964.7870270015	-539466.9860575702	75.55512847861762	-753931.9441202518	1017997.6395489168	-753943.4444885473	313.04765110944896	0.11990421217538991	0.0	0.0	0.0	-0.0015703053605814303	0.0	0.0	0.0	-0.11741302357842592	195557473.56724277	0.13702802970400546
400	2188.6000000000004	nan	nan	1	1	6.000000000000838e-05	6.000000000000867e-05	5.999999999999513e-05	1.1348898562811185	8.988036009904831e-20	-9.768661574094394e-18	1.6653345369377348e-19	0.9957482611472837	-1.5047018535677135e-17	1.0907073855204175e-19	2.4757756608706495e-19	0.8857249206720064	173103439.08361453	-543427.1709969556	1153246.1145980328	-476800.6215429281	1253.6437330905758	-828254.9818799889	900079.7323048655	-736735.985004831	1442.8986696830364	1599.565890624997	196271515.2811029	-540615.845380538	1020513.4410831027	-540615.3740943233	1247.1582260552425	-732927.1097931971	1020545.9456409351	-732924.6099803159	1276.828482570444	0.1265356033002721	0.0	0.0	0.0	-0.004260803196289987	0.0	0.0	0.0	-0.12134884986602301	196284551.36577484	0.14318908458313329
