6	header
postResults v2.0.3	--cr f,p,texture --time RVE_1_40_D_tensionX.spectralOut
addCauchy v2.0.3	RVE_1_40_D_tensionX.txt
addStrainTensors v2.0.3	--left --logarithmic RVE_1_40_D_tensionX.txt
addMises v2.0.3	-s Cauchy RVE_1_40_D_tensionX.txt
addMises v2.0.3	-e ln(V) RVE_1_40_D_tensionX.txt
inc	time	elem	node	ip	grain	1_pos	2_pos	3_pos	1_f	2_f	3_f	4_f	5_f	6_f	7_f	8_f	9_f	1_p	2_p	3_p	4_p	5_p	6_p	7_p	8_p	9_p	texture	1_Cauchy	2_Cauchy	3_Cauchy	4_Cauchy	5_Cauchy	6_Cauchy	7_Cauchy	8_Cauchy	9_Cauchy	1_ln(V)	2_ln(V)	3_ln(V)	4_ln(V)	5_ln(V)	6_ln(V)	7_ln(V)	8_ln(V)	9_ln(V)	Mises(Cauchy)	Mises(ln(V))
0	0.0	nan	nan	1	1	6.000000000000838e-05	6.000000000000867e-05	5.999999999999513e-05	1.0	0.0	0.0	0.0	1.0	0.0	0.0	0.0	1.0	2.7716487604837305e-06	-1.193192284640359e-09	-2.8066754232013673e-08	-1.19319228464005e-09	2.7018729684353462e-06	-1.6832583398956398e-08	-2.8066754232013544e-08	-1.6832583398956544e-08	2.6991213888906947e-06	1599.565890624997	2.7716487604837305e-06	-1.193192284640359e-09	-2.8066754232013673e-08	-1.19319228464005e-09	2.7018729684353462e-06	-1.6832583398956398e-08	-2.8066754232013544e-08	-1.6832583398956544e-08	2.6991213888906947e-06	0.0	0.0	0.0	0.0	0.0	0.0	0.0	0.0	0.0	9.102600058541354e-08	0.0
4	3.0	nan	nan	1	1	6.000000000000838e-05	6.000000000000867e-05	5.999999999999513e-05	0.9998904999999916	-4.799136477910156e-23	9.637646752977836e-23	1.4558378780933286e-25	1.0002964000000167	-7.246763910454565e-23	-4.7116207691020454e-24	2.0540548970916784e-23	0.9999072045656949	-834078.1616760993	-779.1601154551898	4406.589430590416	-779.4764111862842	20707817.656375725	856.1134459609456	4406.663048813465	855.7803492414308	-0.0002875150897689309	1599.565890624997	-833908.3970553627	-779.3177599611836	4405.766135892245	-779.3177599670121	20712007.3904495	855.9534960331853	4405.766135891428	855.9534960282328	-0.00028746137256818434	-0.0001095059955711033	0.0	0.0	0.0	0.00029635608221489923	0.0	0.0	0.0	-9.279974006731269e-05	21141301.58002341	0.0002651814385886989
8	6.0	nan	nan	1	1	6.000000000000838e-05	6.000000000000867e-05	5.999999999999513e-05	0.9997809999999977	-1.5580774018048828e-23	6.645238169006003e-22	-1.1593763465543236e-23	1.0005927999999777	8.50725481508737e-22	-1.01908651466533e-24	-8.179161896924338e-24	0.9998143509175598	-1664680.4663661362	-1558.1898514618333	8812.08126358491	-1559.455067076912	41435234.4776727	1713.9498958713682	8812.375218955543	1712.6164635970601	-0.000529582135442979	1599.565890624997	-1664003.1490853666	-1558.8205633953037	8808.789681587414	-1558.8205634067747	41452006.308670506	1713.3096831391983	8808.789681586048	1713.3096831299913	-0.0005293843203104264	-0.00021902398400402935	0.0	0.0	0.0	0.000592624363466545	0.0	0.0	0.0	-0.00018566631736360203	42308560.02547481	0.0005303294903993306
12	9.0	nan	nan	1	1	6.000000000000838e-05	6.000000000000867e-05	5.999999999999513e-05	0.9996715000000084	-2.284441241299948e-22	-2.1713160207271954e-22	-1.801268501895473e-23	1.0008891999999974	-2.4417577589177326e-21	-7.676236084492097e-25	6.723324018831009e-24	0.9997214384361979	-2491767.721105722	-2337.1641816568426	13215.437593910996	-2340.011081770152	62182087.828274556	2575.8704506613694	13216.09776902004	2572.865120366496	-0.14244861879923337	1599.565890624997	-2490247.696973044	-2338.583631895603	13208.035706386636	-2338.5836319782243	62219853.416206814	2574.427721034172	13208.03570634117	2574.4277209052457	-0.1423688341801574	-0.0003285539679359278	0.0	0.0	0.0	0.0008888048958775251	0.0	0.0	0.0	-0.00027860036928118446	63501613.42479782	0.0007954443926991051
16	12.0	nan	nan	1	1	6.000000000000838e-05	6.000000000000867e-05	5.999999999999513e-05	0.9995619999999948	8.100414302609289e-23	-3.721651011998582e-23	-4.7777952181062877e-23	1.001185600000014	-3.3277806915253322e-22	-1.3234889800848443e-23	1.0519090413714343e-22	0.9996282606848698	-3304526.9716781816	-3086.565618170005	17065.69139123124	-3091.5791663135833	82893278.79531322	4083.396127838453	17066.82266698952	4077.044413865706	-6.078862253199768	1599.565890624997	-3301841.188181501	-3089.0664537572566	17052.951460194363	-3089.066458027426	82960441.61872281	4080.347778734258	17052.951456055966	4080.347767502828	-6.074324242748679	-0.000438095950023587	0.0	0.0	0.0	0.001184897731353101	0.0	0.0	0.0	-0.000371808427317342	84659675.56510176	0.00106059067294259
20	15.0	nan	nan	1	1	6.000000000000838e-05	6.000000000000867e-05	5.999999999999513e-05	0.999452499999999	3.6263598054324736e-23	-1.033512544548255e-21	-4.055170234979963e-23	1.0014820000000133	-4.788912525539e-22	-4.836028733230021e-23	-1.3647818362634913e-22	0.9995278630517517	-3798942.64431	-2760.1564198025603	-284.60858221076086	-2765.762211264022	101765967.89570668	25923.14502722137	-284.6296971070424	25872.561121966886	1429.2066615354906	1599.565890624997	-3795112.755627608	-2762.972934879345	-284.3430943036955	-2762.9739192620427	101869811.78688093	25898.96346015699	-284.34274882756375	25898.96196575684	1427.873472344963	-0.0005476499328540227	0.0	0.0	0.0	0.0014809029217930322	0.0	0.0	0.0	-0.00047224843999112674	103818740.387463	0.0013279484855522221
24	18.0	nan	nan	1	1	6.000000000000838e-05	6.000000000000867e-05	5.999999999999513e-05	0.9993429999999995	4.1928130889087866e-22	-1.59156961393491e-20	-3.8539999100070664e-23	1.0017783999999974	2.4796889530869644e-21	-1.8142386939003046e-22	4.595153738854579e-22	0.9993960857961115	-3481063.2744618165	5399.210083119377	-111409.51303959706	5412.361443365531	113091103.29892653	120830.40022932603	-111415.43313574117	120543.04247572461	6976.773086320373	1599.565890624997	-3476983.341197928	5406.024471204537	-111284.84823698044	5406.017958129	113233836.5237861	120695.19366048192	-111284.85017992536	120695.18085518197	6968.966230191328	-0.0006572159190781988	0.0	0.0	0.0	0.0017768205190731752	0.0	0.0	0.0	-0.0006040966335229253	115008779.70694068	0.00160527751344487
28	21.0	nan	nan	1	1	6.000000000000838e-05	6.000000000000867e-05	5.999999999999513e-05	0.9992334999999928	-2.134523027080837e-22	-1.4654728778683463e-20	-9.817111858677341e-22	1.0020747999999702	2.7363399361050174e-21	-3.5395389283389075e-22	1.320100848295827e-21	0.9992376611465751	-3118330.396265607	23108.52618132058	-261017.82487863113	23174.236407054133	118649945.28131942	266856.782900474	-261018.9066245753	266101.2529679188	3618.934461169999	1599.565890624997	-3114247.992582719	23143.895944925043	-260677.19546766952	23143.89754746133	118831550.13501516	266508.53362357966	-260677.19025385854	266508.54585793166	3614.2117357607663	-0.0007667939113305087	0.0	0.0	0.0	0.0020726505750215726	0.0	0.0	0.0	-0.0007626295814537633	120418881.80790524	0.001891576408914084
32	24.0	nan	nan	1	1	6.000000000000838e-05	6.000000000000867e-05	5.999999999999513e-05	0.999123999999986	-5.954641619197731e-22	4.9120817039816164e-20	-1.1545059071076114e-21	1.0023711999999931	2.6025087304388376e-21	-3.562832334388401e-23	-5.293955920339377e-22	0.9990680890234913	-2967030.8041423247	49249.370197667304	-387711.99544921995	49409.44156506898	122008740.78158455	419995.78245549515	-387690.296554027	418611.7850646109	1389.143690896015	1599.565890624997	-2962773.064371501	49338.52958917031	-387133.9569003764	49338.53817434177	122229621.2728979	419369.6121139516	-387133.95437109587	419369.6256599839	1387.0726211002757	-0.0008763839122351007	0.0	0.0	0.0	0.0023683931414794288	0.0	0.0	0.0	-0.0009323454755066538	123740923.19871482	0.0021820777683737498
36	27.0	nan	nan	1	1	6.000000000000838e-05	6.000000000000867e-05	5.999999999999513e-05	0.9990145000000046	1.8719428134320037e-21	3.05022917053378e-20	-1.4314856808597677e-22	1.0026676000000152	-2.367668845812583e-20	4.0572878173480985e-22	3.9971484780930436e-21	0.9988937004976374	-2926830.962783159	80232.75244838477	-490652.30057474715	80526.14923042484	124419862.7635017	555086.2681919814	-490592.97525263304	552997.0039895112	528.2119657885015	1599.565890624997	-2922277.0343156	80400.847242957	-489829.64585030725	80400.85660914729	124680533.50747737	554155.5799215607	-489829.64954493206	554155.5821879157	527.3263364565845	-0.0009859859243989816	0.0	0.0	0.0	0.0026640482701292285	0.0	0.0	0.0	-0.0011069119033649286	126173382.4932131	0.002474649844756634
40	30.0	nan	nan	1	1	6.000000000000838e-05	6.000000000000867e-05	5.999999999999513e-05	0.9989049999999902	-4.496050884025826e-21	4.387884776661452e-20	1.2925722775100623e-21	1.002963999999993	6.269653172281606e-20	-7.928228386300252e-22	8.424589693391271e-21	0.9987167929832734	-2912186.333643377	109538.4192539999	-574317.2756265508	109983.53029774321	126287762.4762721	663170.5756230354	-574209.0774965283	660362.2763828207	302.62811195116416	1599.565890624997	-2907310.803784532	109799.3906548821	-573247.7361291224	109799.39785410355	126588638.59363954	661935.5664142539	-573247.7470108338	661935.5660973432	302.0645337122703	-0.0010955999505137043	0.0	0.0	0.0	0.0029596160126162787	0.0	0.0	0.0	-0.0012840310318467712	128076022.41165748	0.002768426067803251
44	33.0	nan	nan	1	1	6.000000000000838e-05	6.000000000000867e-05	5.999999999999513e-05	0.9987955000000075	-4.607859233063394e-21	1.2297224328237933e-20	-1.5111067779016718e-21	1.0032603999999954	4.046276389033793e-20	9.910285482875313e-22	9.978048118655657e-22	0.9985383389916708	-2878704.65201491	134109.85313625188	-640286.8039577897	134709.36690052602	127774793.77155976	743183.4151772537	-640121.962409283	739685.4681117942	268.53090784949495	1599.565890624997	-2873549.5805265233	134468.13008088764	-638975.6432871015	134468.1346448858	128116146.48833166	741661.5458226693	-638975.6570822685	741661.5514741206	267.98101807656803	-0.001205225993148552	0.0	0.0	0.0	0.0032550964206490085	0.0	0.0	0.0	-0.0014627302768463872	129587993.71424611	0.0030629932070424886
48	36.0	nan	nan	1	1	6.000000000000838e-05	6.000000000000867e-05	5.999999999999513e-05	0.9986860000000046	-3.105222784634265e-21	1.4037665276608705e-20	-1.5297415027412665e-21	1.0035568000000046	-1.3542362760701753e-20	6.085931726022148e-22	-6.2900666663104345e-21	0.9983588582453239	-2811932.5403209906	153816.10138678103	-691329.6606448079	154566.29424460404	128977063.76119113	798994.4996868692	-691103.2133852313	794856.1033368343	247.9683965672299	1599.565890624997	-2806572.489152433	154271.66333996746	-689785.8327863767	154271.66297795536	129359059.16059051	797210.2424250018	-689785.8458689834	797210.2534919456	247.41465131308598	-0.0013148640549904842	0.0	0.0	0.0	0.0035504895458070345	0.0	0.0	0.0	-0.0016424899030089415	130797831.58418015	0.0033581092534972798
52	39.0	nan	nan	1	1	6.000000000000838e-05	6.000000000000867e-05	5.999999999999513e-05	0.9985764999999988	6.5492587481702504e-21	-5.741866942847451e-20	5.299038118022903e-21	1.0038532000000013	2.0400788534619824e-20	-1.4560496363301424e-21	-8.494046395066124e-21	0.9981786787940524	-2714109.1372052035	169698.52390976812	-731561.220042063	170595.24892846082	129967015.24705946	836414.5384892188	-731269.7840291157	831686.5145164154	218.0870988166161	1599.565890624997	-2708624.5493188933	170250.51499101156	-729792.0472363117	170250.51532032798	130389768.678376	834391.7934129488	-729792.0566436795	834391.8034477888	217.55968736567922	-0.001424514138658084	0.0	0.0	0.0	0.0038457954396211845	0.0	0.0	0.0	-0.0018229818280721675	131779174.93746953	0.0036536123756306382
56	42.0	nan	nan	1	1	6.000000000000838e-05	6.000000000000867e-05	5.999999999999513e-05	0.9984669999999986	1.6918636088457395e-20	9.341926375267678e-21	7.423396749736688e-21	1.0041496000000047	-2.197965794830184e-20	-1.539905898108318e-21	-6.14945919706622e-22	0.9979980180269041	-2593552.411307896	183060.79209104995	-764337.3597172329	184102.65373375223	130799865.94418058	860491.125648788	-763978.3551952515	855219.625726323	185.6742211857822	1599.565890624997	-2588015.841578535	183709.6385396432	-762347.4509260313	183709.6417493739	131263477.11686763	858250.8860034135	-762347.4571972705	858250.8931571104	185.190828924054	-0.0015341762467793562	0.0	0.0	0.0	0.0041410141536153515	0.0	0.0	0.0	-0.002003988617630908	132591632.20924225	0.003949390073955488
60	45.0	nan	nan	1	1	6.000000000000838e-05	6.000000000000867e-05	5.999999999999513e-05	0.9983574999999953	-5.9969932665604465e-21	2.19468777732431e-19	-1.7787691892340306e-22	1.004446000000019	3.3294324057724783e-19	4.0996394647108135e-22	7.96549783597944e-21	0.9978170219431717	-2458862.877455994	194540.9315306093	-791475.1605612201	195727.34512195113	131515948.12761249	874952.9977849157	-791046.686658559	869178.633090518	153.73475046984328	1599.565890624997	-2453334.7380003547	195287.29859545903	-789268.2108067313	195287.3010393646	132020516.35092999	872513.2783851541	-789268.2156263336	872513.2850843467	153.30607641067857	-0.0016438503820005175	0.0	0.0	0.0	0.004436145739251887	0.0	0.0	0.0	-0.0021853642266967213	133280055.99859491	0.0042453630732731
64	48.0	nan	nan	1	1	6.000000000000838e-05	6.000000000000867e-05	5.999999999999513e-05	0.9982479999999915	1.1523036214447501e-20	1.0829909153709308e-19	-2.8799120206646214e-22	1.0047423999999963	1.442378524561458e-19	6.168093921905815e-21	1.3759203195198855e-20	0.9976357906018393	-2316844.0913020936	204294.63153629578	-813970.2370691877	205623.73000768817	132143928.70636092	882538.8254078679	-813471.0476298875	876296.577234305	125.10810890650976	1599.565890624997	-2311373.1206462635	205138.17351225496	-811550.1205029961	205138.17234878583	132689557.09558351	879914.8390083563	-811550.1258692658	879914.846303481	124.73613436353419	-0.0017535365469576454	0.0	0.0	0.0	0.004731190247897646	0.0	0.0	0.0	-0.0023670085539306937	133876677.04622535	0.004541474448226674
68	51.0	nan	nan	1	1	6.000000000000838e-05	6.000000000000867e-05	5.999999999999513e-05	0.9981384999999963	-1.893626856881714e-20	-2.86448755069512e-19	7.767292126321934e-21	1.0050387999999844	-2.3550565252279665e-19	1.1519648082658485e-21	9.429170768834871e-21	0.9974543937075445	-2172385.457941106	212529.27633273808	-832613.6623712438	213998.52242154148	132703990.57008387	885306.7709839734	-832043.0104464527	878625.915813836	99.73944265912642	1599.565890624997	-2167010.4768681517	213469.04555237418	-829984.338159468	213469.04087697886	133290785.61221911	882511.0463484109	-829984.3447447993	882511.0539251788	99.4244738526985	-0.0018632347442806775	0.0	0.0	0.0	0.005026147730967496	0.0	0.0	0.0	-0.002548851857277523	134404236.39862642	0.004837682651798459
72	54.0	nan	nan	1	1	6.000000000000838e-05	6.000000000000867e-05	5.999999999999513e-05	0.9980289999999831	2.9747797107571028e-21	-1.1753683285984848e-19	6.752546655511283e-21	1.0053352000000058	1.6204756720511472e-19	-4.252105395216587e-21	4.787430217881306e-21	0.9972728810937409	-2028860.8213177766	219587.56296412696	-848126.1692431672	221195.07447053317	133210477.2800626	884779.3113147215	-847483.6260280841	877683.8017582152	76.64264683652704	1599.565890624997	-2023612.5187717262	220622.88965173071	-845291.3289667128	220622.88210508373	133838547.28701018	881821.9588376405	-845291.3364311415	881821.9662834357	76.38647072732842	-0.0019729449766364583	0.0	0.0	0.0	0.005321018239807841	0.0	0.0	0.0	-0.0027308442695706003	134878839.8676437	0.005133956685334457
76	57.0	nan	nan	1	1	6.000000000000838e-05	6.000000000000867e-05	5.999999999999513e-05	0.9979194999999942	-1.471973855738523e-20	1.324437656985769e-19	-4.1165801236558995e-22	1.0056316000000023	-1.1267232264376703e-20	4.445228907190568e-21	-5.000882520589389e-21	0.9970912902375029	-1888428.2043039876	225792.01039864426	-861096.7667900093	227536.96166027506	133673810.59683463	881999.7953096714	-860382.1185412857	874509.4338042173	55.75357486220368	1599.565890624997	-1883330.951103523	226922.8026214431	-858059.764255974	226922.79295457396	134343264.33502454	878889.0698759208	-858059.7715770951	878889.0771085313	55.556937556539125	-0.002082667246623624	0.0	0.0	0.0	0.005615801825636427	0.0	0.0	0.0	-0.002912948279811041	135312030.86187813	0.0054302725737149895
80	60.0	nan	nan	1	1	6.000000000000838e-05	6.000000000000867e-05	5.999999999999513e-05	0.9978100000000054	1.100465205072787e-20	1.4843066554505457e-19	-2.0735366548785272e-21	1.005927999999986	2.4603088392537858e-19	8.250100906256885e-22	-1.70185859762334e-20	0.996909650227009	-1752387.974959041	231344.9561404729	-871977.4867153785	233227.12566038885	134101710.37828901	877645.1545418267	-871190.6855235854	869776.892858479	37.55039908737951	1599.565890624997	-1747461.303774383	232571.44068213514	-868741.4096052583	232571.42990357536	134812655.96160042	874388.0436201686	-868741.4162361654	874388.0498578916	37.411042293409636	-0.0021924015569083108	0.0	0.0	0.0	0.005910498539696592	0.0	0.0	0.0	-0.0030951347645924265	135712198.48115605	0.0057266113391028295
84	87.1	nan	nan	1	1	6.000000000000838e-05	6.000000000000867e-05	5.999999999999513e-05	0.996820849999988	6.437450399132682e-21	-9.085953018607429e-20	-4.573977915173222e-21	1.008605479999984	3.5021763050355203e-19	-2.4303069322620385e-20	2.1419769170166747e-20	0.9952689055935376	-817504.3895105169	262969.38685711985	-919194.7534153287	266077.5588786108	136923086.8391082	815897.8794378953	-917763.6383569505	805109.1242974962	-8336.118770586303	1599.565890624997	-814382.3146257871	265062.1061378582	-914258.6964148155	265061.4003421869	138012725.39829952	811516.5245350963	-914258.6702586774	811516.2099573612	-8291.353983513949	-0.0031842142335270144	0.0	0.0	0.0	0.00856866391955716	0.0	0.0	0.0	-0.004742321458427954	138442776.6205795	0.00840291185956743
88	114.2	nan	nan	1	1	6.000000000000838e-05	6.000000000000867e-05	5.999999999999513e-05	0.9958316999999958	-2.249211288139069e-20	7.37833459694276e-20	-2.8629713617195353e-22	1.0112829599999948	-3.2457624912426986e-19	6.40356908124251e-21	8.950766560225642e-20	0.9936333180279487	-219102.6763232397	282208.22814289783	-938680.7563287049	286587.19245532335	138886613.73878485	765971.4579197251	-936608.6598038056	752602.6892367589	11577.350761108479	1599.565890624997	-218046.36314347078	285205.2919048318	-932093.0681081718	285205.53051662154	140361595.66894838	760595.8484629618	-932093.1874771378	760595.3628093501	11496.100584496542	-0.00417701157919398	0.0	0.0	0.0	0.011219782184501564	0.0	0.0	0.0	-0.006387035728304166	140481334.640706	0.011074951737603604
92	141.3	nan	nan	1	1	6.000000000000838e-05	6.000000000000867e-05	5.999999999999513e-05	0.9948425499999926	-1.589372622227969e-20	-1.6753566307696477e-18	1.821544353070373e-21	1.0139604399999873	-1.7999788942332783e-19	-1.7509865085640897e-20	4.316141086029013e-20	0.9920048521208101	139441.32014489526	295623.74190666055	-950664.1643987044	301305.0244740849	140343934.46401355	735219.8537211827	-947952.3073855035	719299.9309207675	7014.321300809307	1599.565890624997	138629.8260125498	299551.2674016679	-942435.7673936294	299551.5466731515	142208481.5302336	728856.2175718623	-942435.5944456998	728856.2297451708	6953.609408486408	-0.005170795551042519	0.0	0.0	0.0	0.013863890601214655	0.0	0.0	0.0	-0.008027280458409721	142151661.13981915	0.01374127725991764
96	168.4	nan	nan	1	1	6.000000000000838e-05	6.000000000000867e-05	5.999999999999513e-05	0.9938534000000011	-7.02969583585289e-20	-8.67056806127392e-19	5.969676454011495e-21	1.0166379200000046	-5.960062630060159e-19	-5.407458335271454e-21	7.270930819230914e-21	0.9903848882393542	358362.28535204	303756.84867059154	-960787.3876328663	310721.0700928547	141483939.85357162	719090.168823361	-957434.1166896571	700521.1617965596	4795.516264032843	1599.565890624997	355919.6681864855	308602.71725197916	-950908.3500429131	308603.1780865497	143741049.71597633	711696.317800947	-950908.1927743759	711696.6579323797	4746.207659397292	-0.006165568111987372	0.0	0.0	0.0	0.016501026141622778	0.0	0.0	0.0	-0.009661635407960424	143576773.24888018	0.016401096446774555
100	195.5	nan	nan	1	1	6.000000000000838e-05	6.000000000000867e-05	5.999999999999513e-05	0.9928642500000017	1.0980935128204748e-19	-3.940329507991225e-19	-4.2567217247791237e-20	1.0193153999999962	7.115347807479245e-19	2.0938654456126303e-20	-8.172851501467293e-20	0.9887738006898223	473506.3640129344	307345.1062134252	-970286.1698330895	315530.92475638475	142386686.41296032	713998.6008053753	-966287.7925668462	692604.8690576723	-11690.7616827593	1599.565890624997	469807.8663436189	313068.576450245	-958741.1809762848	313066.353045208	145038252.8291116	705503.059854307	-958740.2421634924	705502.7589989402	-11551.65868660072	-0.007161331230849882	0.0	0.0	0.0	0.019131225485826502	0.0	0.0	0.0	-0.01128968869585564	144825416.18093485	0.019054156115356987
104	222.60000000000002	nan	nan	1	1	6.000000000000838e-05	6.000000000000867e-05	5.999999999999513e-05	0.9918750999999993	6.632606790180074e-20	2.477700119726811e-18	1.1892342579450376e-20	1.0219928800000224	-3.284726006816396e-19	-4.916856852221763e-20	-1.700842158086635e-20	0.9871722900459527	535138.370536207	308133.10768346256	-979024.8905601935	317486.2416819324	143134012.8985773	717120.1541997537	-974382.0012935663	692686.0588476376	-6973.164472380823	1599.565890624997	530426.5639139316	314693.9690515265	-965803.72326176	314690.82677916746	146181664.68368486	707435.8595274003	-965802.7256910325	707434.935519334	-6878.995902227222	-0.008158086882313637	0.0	0.0	0.0	0.02175452502536838	0.0	0.0	0.0	-0.012910695465286023	145936383.0549765	0.02170012366144093
108	249.70000000000002	nan	nan	1	1	6.000000000000838e-05	6.000000000000867e-05	5.999999999999513e-05	0.9908859499999961	1.283830897494398e-19	5.621181688522658e-19	5.818523424573965e-20	1.024670360000002	3.3631951390500346e-19	-7.204523436166177e-20	-7.203168183450571e-20	0.9855802374126094	543778.4715650915	307575.9034374912	-986708.6187343941	318059.6812248973	143743293.9727713	725981.8081194417	-981424.2529125337	698285.6195114547	-7147.364675208389	1599.565890624997	538450.5802451292	314946.4020138155	-971809.3593953038	314943.3617980711	147187841.25928453	715019.5128386857	-971808.348584355	715018.7676773444	-7039.439764180882	-0.009155837046976086	0.0	0.0	0.0	0.02437096086600367	0.0	0.0	0.0	-0.01452473773040438	146938768.50663382	0.024339025097562143
112	276.8	nan	nan	1	1	6.000000000000838e-05	6.000000000000867e-05	5.999999999999513e-05	0.9898967999999971	3.038476588390626e-20	1.466817119155639e-18	4.493509785184063e-20	1.0273478399999887	2.61691167867395e-18	-3.5344990823027446e-20	-1.807229496261775e-20	0.9839978197759068	515848.18764480983	306477.63401045505	-993236.0094651829	318069.49146452034	144246872.99934462	738655.1087686503	-987315.9168710712	707486.433660994	-6318.219388173474	1599.565890624997	510282.01372643997	314640.57694811875	-976663.6492794036	314637.4156134794	148088846.64623693	726330.4866255492	-976662.4489762431	726330.1297296894	-6212.7985149512415	-0.010154583711365878	0.0	0.0	0.0	0.026980568830950322	0.0	0.0	0.0	-0.016131597607229892	147853523.26303264	0.026970779020783864
116	303.9	nan	nan	1	1	6.000000000000838e-05	6.000000000000867e-05	5.999999999999513e-05	0.9889076500000005	2.1049785178806069e-19	-1.2510337817767115e-18	-1.3078188705606398e-21	1.0300253199999947	-1.1624273592303337e-18	6.808789643208968e-20	-1.2869479787402938e-19	0.9824250778700282	459042.00933365274	305067.82024744916	-998619.2291291489	317748.74988487095	144663415.49100244	753820.2363346688	-992071.6550093753	718984.4822152692	-5812.00148403659	1599.565890624997	453633.47118375014	314008.3685515066	-980384.1634513494	314004.96129713184	148903030.97380936	740055.2685492955	-980382.8394228803	740055.5853158825	-5705.872715743897	-0.011154328867976803	0.0	0.0	0.0	0.029583384463665797	0.0	0.0	0.0	-0.017731194767241124	148695815.55130544	0.02959536698105809
120	331.0	nan	nan	1	1	6.000000000000838e-05	6.000000000000867e-05	5.999999999999513e-05	0.9879185000000001	2.1078245485833814e-19	2.1838677784560833e-18	1.1446167974484173e-20	1.0327028000000105	3.9260180393144165e-18	-3.241764495731658e-20	-7.723585226243612e-20	0.9808620342864712	379265.39370294346	303371.57099856145	-1002977.5201279428	317120.70446324913	145007777.28637904	770566.4845297356	-995812.1483612923	731885.1854182892	-5497.996578833333	1599.565890624997	374420.77482169337	313073.1604831081	-983093.2777702616	313069.90262900305	149645014.46278435	755289.840314279	-983091.9518544949	755290.3106756693	-5388.997628945325	-0.012155074515288748	0.0	0.0	0.0	0.03217944303076383	0.0	0.0	0.0	-0.019323467139544075	149477268.06961727	0.03221278233133731
124	358.1	nan	nan	1	1	6.000000000000838e-05	6.000000000000867e-05	5.999999999999513e-05	0.9869293500000074	1.2847795743953227e-20	-9.67135442911382e-19	1.7147334984216056e-20	1.035380279999995	-1.452858016184888e-18	-8.310409652101391e-20	-4.4675905769980817e-20	0.9793086893878278	280700.1338469559	301365.5422224615	-1006423.7362104766	316156.8325443432	145291482.7666339	788230.7742093909	-998650.5376929044	745544.09764334	-5280.486248150822	1599.565890624997	276836.3551309817	311808.4795746187	-984906.3042568029	311804.9997762097	150326132.18655318	771378.327831581	-984904.3216175756	771378.7376872661	-5167.588966977067	-0.01315682265777009	0.0	0.0	0.0	0.03476877952487674	0.0	0.0	0.0	-0.02090837523458048	150207097.23325726	0.03482303029136171
128	385.20000000000005	nan	nan	1	1	6.000000000000838e-05	6.000000000000867e-05	5.999999999999513e-05	0.9859401999999975	6.364266752489911e-20	8.381560419670753e-19	-1.699656311960479e-20	1.038057759999976	-5.758468788613635e-20	-9.134403303190375e-20	8.113898008338394e-20	0.9777650282816173	166546.5046430744	299046.6266929482	-1009003.0819533039	314851.3289382971	145523703.87162727	806213.121489959	-1000634.2781984294	759386.9082455161	-5110.601764055492	1599.565890624997	164089.01321936297	310208.5998272728	-985871.6970603609	310205.5127906198	150955404.2421863	787730.6942779196	-985869.3321419852	787731.1713530128	-4993.441273118168	-0.01415957530595553	0.0	0.0	0.0	0.03735142866758386	0.0	0.0	0.0	-0.02248589519450711	150892715.43182173	0.037426124150637646
132	412.3	nan	nan	1	1	6.000000000000838e-05	6.000000000000867e-05	5.999999999999513e-05	0.984951050000005	4.797594613248357e-20	1.121742672707815e-18	5.805902633659876e-20	1.040735239999985	3.607628518836892e-18	-3.057450126409122e-20	3.1092207801453054e-19	0.9762310261639379	39359.94045938041	296430.648266198	-1010805.5450461202	313216.2979603946	145711852.5231649	824010.348674327	-1001854.2997083782	772938.9958406577	-4940.339673922038	1599.565890624997	38740.17394366865	308287.4533125601	-986081.2657812042	308284.3551935761	151540119.73647934	803855.0754097	-986078.9773543748	803855.4582240739	-4819.499084591853	-0.015163334476373995	0.0	0.0	0.0	0.03992742491213649	0.0	0.0	0.0	-0.024056013444575884	151540126.6656406	0.04002208249671248
136	439.40000000000003	nan	nan	1	1	6.000000000000838e-05	6.000000000000867e-05	5.999999999999513e-05	0.9839618999999988	1.5929640419243273e-19	-3.3692395661616414e-18	1.2204050704039959e-20	1.0434127200000078	-2.0078611082802177e-18	-3.241764495731658e-20	-2.2975599287683445e-19	0.9747066495416534	-98814.3724054197	293504.2650359921	-1011986.9194173904	311234.4002557629	145861926.6785841	841305.0956473106	-1002465.4438729838	785908.2781323009	-4835.0633427916055	1599.565890624997	-97160.57157500263	306028.733696674	-985690.3159010302	306025.4443410755	152086173.9795512	819443.6801368537	-985687.7409621205	819444.7025465474	-4709.423632176496	-0.016168102191699597	0.0	0.0	0.0	0.04249680244617301	0.0	0.0	0.0	-0.02561872552040096	152154252.35926157	0.04261092835213052
140	466.5	nan	nan	1	1	6.000000000000838e-05	6.000000000000867e-05	5.999999999999513e-05	0.982972750000004	-1.3091741232762466e-19	-1.4233677170932823e-18	2.813504637599884e-20	1.0460901999999959	3.662245203275849e-18	2.146720301521299e-20	-2.2212592008796772e-20	0.973191860035388	-246323.64417815045	290267.8449055109	-1012777.140086479	308902.5706934098	145978942.29406962	858006.9252232003	-1002696.6923591159	798216.4605461252	-4743.141847640866	1599.565890624997	-241957.17193771034	303430.3250229207	-984925.2652162793	303426.7890061356	152598500.60626116	834411.3082081472	-984922.3236525507	834412.3688278287	-4612.703088704403	-0.017173880480652312	0.0	0.0	0.0	0.04505959519445144	0.0	0.0	0.0	-0.02717403223085986	152739193.3644905	0.045192687364832215
144	493.6	nan	nan	1	1	6.000000000000838e-05	6.000000000000867e-05	5.999999999999513e-05	0.9819835999999844	-3.3377163879966254e-19	7.877406409464993e-19	1.4873898553785513e-19	1.0487676799999999	1.3036989023051948e-18	1.6750923564901043e-19	5.484707740061045e-20	0.9716866144881143	-401844.2730112945	286719.5061528821	-1013408.4643888371	306215.27852664987	146067058.24965924	874163.7331752328	-1002779.2543797786	809916.8340342822	-4578.333808638809	1599.565890624997	-394323.1440702634	300487.7591930896	-984013.3657400905	300483.9921846694	153081189.39756832	848807.5909336744	-984010.7100004755	848808.9905608139	-4445.533877830068	-0.018180671378141756	0.0	0.0	0.0	0.047615836821662386	0.0	0.0	0.0	-0.028721939586040673	153298354.29422134	0.04776738760467862
148	520.7	nan	nan	1	1	6.000000000000838e-05	6.000000000000867e-05	5.999999999999513e-05	0.9809944500000097	2.222614453595284e-21	3.6212081510472724e-18	-1.4108180769467627e-19	1.0514451600000216	3.3587634626700002e-18	4.521123059264553e-20	3.2168278457644917e-19	0.9701908628856314	-564597.1176205162	282915.60745283874	-1014072.8805277975	303229.4902442142	146129582.18778464	889866.1349282529	-1002902.1973581478	821099.7834318673	-4478.746199959481	1599.565890624997	-553470.9745186409	297257.74305421946	-983141.4165880677	297253.94662935386	153537481.3206018	862723.2512240816	-983138.6650680453	862724.650091821	-4342.134542908613	-0.019188476925122457	0.0	0.0	0.0	0.05016556073494731	0.0	0.0	0.0	-0.030262460979095542	153834667.7111243	0.05033506032228557
152	547.8	nan	nan	1	1	6.000000000000838e-05	6.000000000000867e-05	5.999999999999513e-05	0.9800052999999991	5.979374981257557e-20	-1.0525434690489277e-18	-1.1446464436015713e-19	1.0541226399999972	-6.262487273547835e-19	-1.3791051634015617e-19	2.562918410484172e-19	0.968704554605792	-733902.9068338274	278987.1671849245	-1014900.7304271151	300081.9170280967	146169392.5060434	905158.5568396584	-1003195.1130762589	831812.4358167407	-4403.541267152894	1599.565890624997	-718714.0338868959	293876.2307830612	-982435.3924301567	293871.4141550737	153970200.70479804	876203.726472878	-982432.9618821256	876204.8298596797	-4262.6777803747245	-0.02019729916887914	0.0	0.0	0.0	0.052708800086490655	0.0	0.0	0.0	-0.03179561078961984	154350610.2899559	0.052895737275436776
156	574.9	nan	nan	1	1	6.000000000000838e-05	6.000000000000867e-05	5.999999999999513e-05	0.9790161499999923	1.2522535092207577e-20	-1.6784262781704973e-18	5.2461832621142346e-20	1.0568001200000094	-1.4139487107198146e-18	-1.3417001884508118e-19	1.433721847840519e-19	0.9672276368478255	-909218.4204936033	275011.0360896843	-1015990.9064910503	296855.9621411969	146188902.4831887	920032.932929244	-1003755.0647843835	842053.0143280089	-4352.925428422244	1599.565890624997	-889501.4792529917	290423.3756203442	-981990.1032832742	290418.46436229616	154381711.87993836	889243.4263526162	-981988.0402870402	889243.8730810612	-4207.251919019419	-0.02120714016277565	0.0	0.0	0.0	0.05524558777632165	0.0	0.0	0.0	-0.03332140601221572	154848283.6146263	0.05544945132508698
160	602.0	nan	nan	1	1	6.000000000000838e-05	6.000000000000867e-05	5.999999999999513e-05	0.9780270000000084	-2.413976137038976e-19	1.8717124204703506e-18	6.650225075482963e-20	1.059477600000014	5.6572720683392696e-18	1.3292318634672284e-19	2.5088438271314573e-19	0.9657600568474899	-1089947.422459739	271090.739242277	-1017371.1920143594	293661.8543201099	146190261.88615483	934470.5659616115	-1004608.2110731668	851810.5733700015	-4240.43423888146	1599.565890624997	-1065232.7994719627	287008.39377500425	-981831.1633923049	287003.0542111707	154774126.06114262	901826.5212693432	-981828.6598072296	901826.3963823485	-4092.3023127932092	-0.022218001966424122	0.0	0.0	0.0	0.05777595645459787	0.0	0.0	0.0	-0.03483986397975161	155329466.9216761	0.05799623547031181
164	603.31	nan	nan	1	1	6.000000000000838e-05	6.000000000000867e-05	5.999999999999513e-05	0.9780790456796733	-3.1989385099184807e-19	1.1289255121005315e-18	9.996344030316351e-20	1.0593481720000213	3.0873470013154104e-18	9.107298248878237e-20	-7.578573185673676e-20	0.9657804047563379	585.2406063863987	268598.7084091233	-1010394.4589440965	290915.934826605	135427398.78764632	921439.4009729896	-997689.516825568	840052.3458260153	768.2901023926414	1599.565890624997	572.028070011571	284348.915210201	-975165.391099553	284348.14488009637	143368648.95251498	889311.8978140387	-975165.4320508735	889311.6972534878	741.5024019040945	-0.0221647884100404	0.0	0.0	0.0	0.057653786900249256	0.0	0.0	0.0	-0.03481879488049846	143387060.8362287	0.05789321055091358
168	604.62	nan	nan	1	1	6.000000000000838e-05	6.000000000000867e-05	5.999999999999513e-05	0.978118973247968	3.469989053039857e-19	4.823073364301767e-19	9.284836354622739e-20	1.0592187439999956	-2.4352129470925356e-18	-9.231981498714071e-20	1.693523793422358e-19	0.9658169625520401	76.84900155807199	266485.7913636805	-1005478.119226344	288581.04744412494	126578539.92001681	912117.5148017331	-992831.9969139374	831686.999518687	119.16521102976158	1599.565890624997	75.12037432216266	282089.90601049084	-970499.4270837117	282089.7587056228	133990364.91312596	880386.6624459389	-970499.4174951873	880386.553908963	115.0196775258313	-0.022123966808225086	0.0	0.0	0.0	0.0575316024186453	0.0	0.0	0.0	-0.03478094248296977	134010380.14189081	0.05778660876843069
172	605.93	nan	nan	1	1	6.000000000000838e-05	6.000000000000867e-05	5.999999999999513e-05	0.9781591209378382	2.3093506273941243e-19	3.698972551868795e-18	-3.641564046835688e-20	1.0590893160000026	4.051446678143833e-18	-1.6875606814736876e-19	2.4717099027238287e-19	0.9658554251408166	16.205590228507702	265178.2355019725	-1003386.3441357276	287118.33177332854	118184337.57477203	906698.4477054114	-990765.3286703179	826879.8346259895	24.19097608811452	1599.565890624997	15.842369659707304	280683.0868061232	-968559.02058908	280683.0657751035	125094522.25530462	875227.1401855954	-968559.0195418368	875227.12398029	23.351312526761888	-0.02208292183614764	0.0	0.0	0.0	0.05740940300620154	0.0	0.0	0.0	-0.034741119385609094	125115879.61430228	0.057679147880757564
176	607.24	nan	nan	1	1	6.000000000000838e-05	6.000000000000867e-05	5.999999999999513e-05	0.9781993251058927	-8.364619760725666e-20	1.0696738633741986e-18	1.7076184216646695e-21	1.0589598880000042	-2.6972239546008138e-18	3.312237636943216e-20	-2.9539088189367567e-19	0.9658943380256436	3.678627117371245	264498.9468094194	-1002765.259326203	286336.09238262015	109903457.64798945	903451.4845224926	-990151.2526673382	824052.6262492945	5.3977151582503575	1599.565890624997	3.596471621338457	279941.29541716515	-968038.0110943612	279941.2926513874	116319995.50823183	872163.6196142884	-968038.0118538963	872163.6228304608	5.210784276429057	-0.02204182081180165	0.0	0.0	0.0	0.057287188659230284	0.0	0.0	0.0	-0.03470083167798423	116342892.91951175	0.05757147863564426
180	608.55	nan	nan	1	1	6.000000000000838e-05	6.000000000000867e-05	5.999999999999513e-05	0.9782395399466527	9.703609443745264e-21	1.0958844508940357e-18	-2.4516521625328468e-20	1.0588304599999876	-7.672559961501013e-18	1.8659119388475532e-19	-1.043544591017298e-19	0.9659333714070854	0.9310063539147377	264245.308039254	-1002800.8887045335	286014.79332071147	101656388.1774863	901324.6878240993	-990185.7412850468	822246.4615504831	1.5249219594968308	1599.565890624997	0.9102884829956749	279650.0500501818	-968150.938863862	279650.0488227484	107582663.44517913	870181.0624294216	-968150.9396035173	870181.0671015562	1.4722310714023517	-0.022000710566565763	0.0	0.0	0.0	0.0571649593740706	0.0	0.0	0.0	-0.0346604208470834	107607376.25307652	0.05746375092041536
184	609.86	nan	nan	1	1	6.000000000000838e-05	6.000000000000867e-05	5.999999999999513e-05	0.9782797513463787	1.459336124165489e-19	1.4532916970538822e-18	-4.676977121559345e-20	1.0587010319999994	-2.234974358361619e-18	-4.3747557659790107e-20	-2.331305721386956e-19	0.965972443367431	0.13741713980404893	264262.25279832166	-1003101.4290692144	285986.4146050406	93422695.42957523	899778.7007899319	-990481.8508924781	820969.6660553503	0.48390730226345474	1599.565890624997	0.13437015902938146	279645.1754788067	-968519.676319283	279645.1742913904	98860907.22553852	868758.9816881013	-968519.6767399318	868758.9842883678	0.46722467955356833	-0.021959605528746203	0.0	0.0	0.0	0.057042715147112226	0.0	0.0	0.0	-0.03461997171125886	98887773.96552555	0.0573560027007583
188	611.17	nan	nan	1	1	6.000000000000838e-05	6.000000000000867e-05	5.999999999999513e-05	0.9783199551415007	-9.481347998385737e-20	-2.3860037209888498e-18	1.4573032450920787e-19	1.058571603999999	-1.5291587440735554e-18	-1.362842130814279e-19	-1.3078188705606398e-19	0.9660115301110073	-0.15722632285027066	264445.39092585474	-1003486.3095847546	286137.8621844178	85196376.75694358	898546.1408931375	-990861.26220008	819978.478385031	0.11596457339305198	1599.565890624997	-0.15375268455464805	279816.15194486326	-968969.930037633	279816.1507991031	90148375.1344973	867639.3319576944	-968969.9302571566	867639.3326274118	0.11197580225487566	-0.02191850995360696	0.0	0.0	0.0	0.05692045597466489	0.0	0.0	0.0	-0.034579508908132224	90177821.75569162	0.057248245032235225
192	612.48	nan	nan	1	1	6.000000000000838e-05	6.000000000000867e-05	5.999999999999513e-05	0.9783601507553895	5.133697286718863e-20	-1.1510703414735479e-18	1.9882912590668544e-19	1.0584421759999791	1.431187525262334e-18	6.760000545447121e-20	-3.892285799222961e-20	0.9660506230005895	-0.24982879526150645	264730.1572753284	-1003865.0479688101	286399.19830412726	76975422.97779511	897489.963717234	-991234.6228890927	819147.9501541122	-0.05475116944967885	1599.565890624997	-0.24432925559464863	280094.6266981318	-969414.3433568978	280094.6258082049	81442940.18407868	866689.8460174106	-969414.3434418141	866689.8462585491	-0.0528722153317076	-0.02187742442943435	0.0	0.0	0.0	0.05679818185306616	0.0	0.0	0.0	-0.03453904138018538	81475521.69459923	0.05714048169144651
196	613.79	nan	nan	1	1	6.000000000000838e-05	6.000000000000867e-05	5.999999999999513e-05	0.9784003390651032	-1.4300626655083803e-19	5.335413100909792e-18	-9.490834767394985e-20	1.0583127479999905	-5.594415447389423e-18	1.772128450927557e-19	-5.637851296924623e-21	0.9660897181615057	-0.27385249129118167	265079.5798900334	-1004181.9173823507	286730.37684449466	68759154.55623975	896536.2786278747	-991546.90219835	818410.7044292573	-0.12733866605485672	1599.565890624997	-0.26784602688329434	280441.4597599561	-969799.0952341025	280441.4590530113	72743881.98295663	865839.2038409988	-969799.0949972061	865839.2046966737	-0.12297863663031648	-0.021836348058638475	0.0	0.0	0.0	0.05667589277870722	0.0	0.0	0.0	-0.03449857313873504	72780346.9355189	0.05703271408315921
200	615.1	nan	nan	1	1	6.000000000000838e-05	6.000000000000867e-05	5.999999999999513e-05	0.9784405216770872	-1.4338573731120796e-19	-6.092132007196049e-19	-1.66438586003681e-19	1.0581833200000001	-3.230651423463682e-19	2.927345865710862e-21	-1.021860547567588e-20	0.9661288135540376	-0.2291114123467123	265472.0302579053	-1004396.0494401751	287107.97104029584	60547439.21392259	895644.1895131667	-991757.7426856693	817729.4456957249	-0.1508182500336552	1599.565890624997	-0.22410460278764233	280833.75448248815	-970084.6972834511	280833.75309976964	64051059.0220258	865047.9289935853	-970084.696830245	865047.9305202657	-0.14566612095923423	-0.02179527919831794	0.0	0.0	0.0	0.05655358874790028	0.0	0.0	0.0	-0.03445810629516043	64092455.91362346	0.05692494265482799
204	616.41	nan	nan	1	1	6.000000000000838e-05	6.000000000000867e-05	5.999999999999513e-05	0.9784807007987463	-2.209604027525458e-19	-2.0887968004562608e-18	1.224335303279256e-19	1.0580538920000049	9.0408908658135e-19	-4.521123059264553e-20	-5.814034149953518e-20	0.9661679079516763	-0.13808598721661838	265890.726819573	-1004480.1752570977	287513.811126108	52340443.020238124	894793.0957906821	-991840.2163788088	817085.3875071865	-0.1367706644188147	1599.565890624997	-0.13507942776391585	281253.7482834819	-970244.7836731981	281253.7453260824	55364645.327586986	864296.1354966443	-970244.7841687032	864296.1364350246	-0.13210915155982061	-0.021754215591665536	0.0	0.0	0.0	0.05643126975698349	0.0	0.0	0.0	-0.03441764211881635	55412511.46001857	0.056817167357976116
208	617.72	nan	nan	1	1	6.000000000000838e-05	6.000000000000867e-05	5.999999999999513e-05	0.9785208794587559	1.255506115738214e-19	-1.953569684493006e-18	6.213833701057547e-20	1.0579244639999965	3.115698888125906e-18	2.5478751053409354e-21	4.2416699493064145e-19	0.9662070005024846	0.03452261904050829	266319.7204497805	-1004409.8769633287	287930.64011335926	44138578.39252149	893981.7236812391	-991770.2080637397	816477.3835267706	-0.03885775090032257	1599.565890624997	0.03377371979889102	281684.5644855132	-970255.7332453337	281684.5601638419	46685075.40676696	863582.5998054544	-970255.7349646742	863582.598399349	-0.03753642457768092	-0.02171315414294666	0.0	0.0	0.0	0.05630893580228757	0.0	0.0	0.0	-0.03437718149117866	46741799.470861666	0.05670938777440117
212	619.03	nan	nan	1	1	6.000000000000838e-05	6.000000000000867e-05	5.999999999999513e-05	0.9785610617602496	-2.744115698560812e-19	-3.636603821896567e-18	-8.206055192999661e-20	1.0577950360000086	4.0116971159950835e-18	4.732542482899227e-20	1.3284187118378643e-19	0.9662460907246974	0.2820008035573992	266747.397007808	-1004149.8346978024	288345.89823667594	35942549.88286223	893224.4847823004	-991512.8383434935	815918.6182008308	0.12664007626849344	1599.565890624997	0.2759059532270599	282113.916202077	-970083.3839543756	282113.9121147153	38013092.60928219	862921.2502826238	-970083.387513468	862921.2478354042	0.12234372748546438	-0.021672090658937056	0.0	0.0	0.0	0.056186586880184075	0.0	0.0	0.0	-0.03433672491047768	38082686.931687355	0.05660160305231941
216	620.34	nan	nan	1	1	6.000000000000838e-05	6.000000000000867e-05	5.999999999999513e-05	0.9786012534625429	-1.7379760824942636e-19	1.2410320167355327e-18	-8.468974219827396e-20	1.0576656079999898	2.288994731605709e-18	-1.0728180496744067e-19	-1.78649412971299e-19	0.9662851785904515	0.7076215907415025	267172.988302182	-1003630.733776707	288758.75432070007	27753485.01910723	892515.2401733294	-990999.6599273571	815403.5085608019	0.35104709588055266	1599.565890624997	0.6923845600473406	282540.989752136	-969660.7168063947	282540.98756515357	29349887.412647523	862306.1634336609	-969660.7233650709	862306.1628354429	0.3391651602212031	-0.021631019254704162	0.0	0.0	0.0	0.05606422298696073	0.0	0.0	0.0	-0.03429627240512382	29439884.350710437	0.056493811719825926
220	621.65	nan	nan	1	1	6.000000000000838e-05	6.000000000000867e-05	5.999999999999513e-05	0.9786414635650058	-1.40241551011e-19	3.064985331507897e-18	9.207586949833146e-20	1.057536180000006	3.600784492623077e-18	-1.9716216506648898e-19	-1.231653667943533e-19	0.9663242642418449	1.3606367608798318	267637.01346923487	-1002738.2674215096	289212.99030012114	19573192.16534839	891795.6863550332	-990117.795430165	814878.8051887101	0.7133367682874668	1599.565890624997	1.3314476066885352	283008.62937078334	-968877.2150388906	283008.62862931215	20697369.97630546	861681.0079475641	-968877.2249662377	861681.0162779227	0.6892483950178931	-0.021589930735514642	0.0	0.0	0.0	0.055941844119016024	0.0	0.0	0.0	-0.0342558238276379	20824625.217935406	0.05638601139157668
224	622.96	nan	nan	1	1	6.000000000000838e-05	6.000000000000867e-05	5.999999999999513e-05	0.9786817058872695	3.63207727782644e-20	-1.8541754503303974e-18	1.6597780008037466e-19	1.0574067519999846	-3.85188571577072e-18	-1.0793232627093197e-19	-3.247456557137207e-19	0.9663633480256694	2.3505718921179066	268268.6974694494	-1001338.9844709561	289848.2019945955	11404481.435377931	890956.760741522	-988735.4589132045	814244.8243556607	1.369774991535407	1599.565890624997	2.300334588105385	283653.4567977125	-967603.8218216394	283653.45751966425	12058509.295512134	860940.3809707856	-967603.8338794034	860940.3977682921	1.323627200578296	-0.02154881098288772	0.0	0.0	0.0	0.05581945027261482	0.0	0.0	0.0	-0.03421537881874847	12275235.523068797	0.05627819834427924
228	624.27	nan	nan	1	1	6.000000000000838e-05	6.000000000000867e-05	5.999999999999513e-05	0.9787219987121216	5.453536927602087e-20	1.3834690771458157e-18	5.818099908100338e-20	1.057277324	3.3494122189323128e-18	1.2083433212350947e-19	1.338989683019598e-19	0.9664024318409473	3.448999491876748	269262.49064455647	-999282.1276522675	290874.34709985746	3251363.9939353205	889853.4905698079	-986703.772270882	813368.9964706039	2.273379145312676	1599.565890624997	3.3755628493523453	284681.00770406926	-965694.7096627814	284681.0045095197	3437543.6994233523	859944.1383357293	-965694.7195380392	859944.1570796457	2.1969673557997362	-0.021507641320479207	0.0	0.0	0.0	0.05569704144416131	0.0	0.0	0.0	-0.03417493541304393	4132315.091120646	0.05617036704850766
232	625.58	nan	nan	1	1	6.000000000000838e-05	6.000000000000867e-05	5.999999999999513e-05	0.9787623646238263	2.0117371310468534e-19	1.1806961658367144e-18	-2.984266479766351e-20	1.0571478959999832	-1.5530789545040168e-18	2.275198258960831e-19	7.453889935837843e-20	0.9664415212986956	4.831809338422376	270794.3650626482	-996348.4094383499	292481.2923879314	-4880547.11649526	888294.3508654133	-983806.1898969947	812076.1288298216	3.443056365998433	1599.565890624997	4.72931736560428	286277.2133504183	-962937.7675013305	286277.20142131945	-5159595.650420728	858507.0955134713	-962937.7676953406	858507.1226870348	3.3276000433669166	-0.021466398680214563	0.0	0.0	0.0	0.055574617629922704	0.0	0.0	0.0	-0.03413448780454369	5644482.5774050355	0.056062509306850195
236	626.89	nan	nan	1	1	6.000000000000838e-05	6.000000000000867e-05	5.999999999999513e-05	0.9788028336640092	-2.157562323246154e-20	9.0408908658135e-19	-1.1180834903756764e-20	1.0570184679999792	-4.4671162385476194e-18	-3.7784445711119827e-20	9.725293487194975e-20	0.9664806268490101	7.286847610997676	272974.6068710417	-992332.0070227439	294787.8584225804	-12983182.716321707	886017.5067693106	-979839.468880465	810126.6184296642	5.360825777613645	1599.565890624997	7.132864253748885	288558.5043106527	-959133.8228819501	288558.49470605154	-13724382.017641595	856376.0438984869	-959133.8113675389	856376.0856582074	5.18148088089327	-0.021425052378978602	0.0	0.0	0.0	0.05545217882626902	0.0	0.0	0.0	-0.034094025181300794	13912892.6441028	0.05595461296010146
240	628.2	nan	nan	1	1	6.000000000000838e-05	6.000000000000867e-05	5.999999999999513e-05	0.9788434468452023	-9.909607856517511e-20	-8.573599729472248e-19	8.84573447476611e-20	1.0568890399999884	-2.1200353755509995e-18	-9.606031248221569e-20	2.572269654221859e-20	0.9665197634452106	10.8155661308961	275815.41274479683	-987242.1957706445	297806.8525725479	-21045385.2712789	882725.2717550672	-974812.7553603135	807247.9217423946	7.983502816944878	1599.565890624997	10.587882765422014	291537.58679645974	-954291.5479885732	291537.5860695666	-22245025.302003004	853263.0287081831	-954291.5319530363	853263.0889231362	7.717041769680924	-0.021383560530728728	0.0	0.0	0.0	0.0553297250295326	0.0	0.0	0.0	-0.03405353207389867	22360964.445784997	0.055846661117291176
244	631.21	nan	nan	1	1	6.000000000000838e-05	6.000000000000867e-05	5.999999999999513e-05	0.979144446605184	7.3075226425523e-20	1.369347343849192e-19	1.497554250745603e-20	1.057075801242667	4.024273861195915e-18	1.321100347173587e-19	-1.280713816248502e-19	0.9662854218844495	29379636.382877424	276493.13987352554	-975931.1347325904	298499.37553694274	-96.57675967005623	889106.0795686647	-963114.6369230617	812742.2086992449	-221.6531512967718	1599.565890624997	28763044.815672446	292234.95904667233	-942901.3928288608	292234.7575759356	-102.07524649598223	859014.8740644602	-942901.7127180316	859014.7523492601	-214.1514474173413	-0.021076102284066773	0.0	0.0	0.0	0.055506417886026976	0.0	0.0	0.0	-0.034296020622344735	28852364.82067288	0.05598437599212328
248	634.22	nan	nan	1	1	6.000000000000838e-05	6.000000000000867e-05	5.999999999999513e-05	0.9794454466051928	-2.237793284010081e-19	3.6253010142484055e-19	-2.5417764681207043e-19	1.0569671010009338	-6.02125229016981e-18	1.0657707355532508e-19	1.2067170179763664e-19	0.9661806972190489	50187146.78088463	273075.293394011	-936792.8165822367	294688.10261765507	-127.02811608416704	892545.8223399989	-924105.409371836	815881.6846312989	-259.3141960829777	1599.565890624997	49144246.379537396	288565.0971503401	-904902.5885880397	288564.4163711745	-134.23360349837404	862161.8470726225	-904902.2873747093	862161.4012114704	-250.48664244589008	-0.020768738293859317	0.0	0.0	0.0	0.05540358152285412	0.0	0.0	0.0	-0.034404405100051966	49194635.69504427	0.055884062877769564
252	637.23	nan	nan	1	1	6.000000000000838e-05	6.000000000000867e-05	5.999999999999513e-05	0.9797464466051895	9.394611824586896e-20	2.1575623232461538e-19	-4.9155015995061554e-20	1.0568568409009371	2.126920059346282e-18	1.2793585635328952e-20	7.060866648311848e-20	0.9660706797590127	69496555.48532414	262801.6104998109	-874021.1958853258	283485.35115974856	-172.88746899343056	890984.5095784704	-861821.4803546018	814447.5864654316	-421.929077794304	1599.565890624997	68067251.65237167	277654.9521759209	-844096.5105490125	277655.03775545233	-182.6589336491947	860479.0353243158	-844096.7926115996	860479.5276550115	-407.48309530935285	-0.02046146874725899	0.0	0.0	0.0	0.055299258643440145	0.0	0.0	0.0	-0.03451827999383218	68101255.23894697	0.055786242836279434
256	640.24	nan	nan	1	1	6.000000000000838e-05	6.000000000000867e-05	5.999999999999513e-05	0.9800474466051804	7.274996577377735e-20	-1.1409601562151206e-18	1.287761130369658e-19	1.056740371574848	7.060324547225604e-19	-1.2652639352905837e-19	-9.996344030316351e-20	0.965956180788969	86520535.90495116	244942.27230442842	-795693.4550370818	264110.5643288268	-33.87228950711561	861963.5137432083	-784253.7916115818	787913.1073592739	-464.0431987140603	1599.565890624997	84760493.29611255	258737.40328054904	-768299.2067917513	258737.89942562033	-35.77997439064124	832287.7104242047	-768300.1214806432	832288.3163077492	-448.0670529990779	-0.02015429358623775	0.0	0.0	0.0	0.055189049067538645	0.0	0.0	0.0	-0.034636807300585305	84784621.44604452	0.055687714499893584
260	643.25	nan	nan	1	1	6.000000000000838e-05	6.000000000000867e-05	5.999999999999513e-05	0.9803484466051704	-1.7455654977016622e-19	-6.255954955458609e-18	-2.6264797628461344e-20	1.056614219457545	1.4781199268038004e-18	2.1662359406260379e-19	1.7203577971913743e-19	0.9658376499475392	100631354.90859042	222870.32322716285	-710340.0346203787	240209.70662100372	329.988942496223	788456.2186525904	-699826.2832422106	720719.4642732252	-205.59509736798375	1599.565890624997	98608133.47783072	235378.9639911446	-685755.6210595482	235380.22353639678	348.5096368533831	761168.2540029238	-685756.0808152364	761169.9860818839	-198.47958275043175	-0.019847212752822606	0.0	0.0	0.0	0.05506966340647829	0.0	0.0	0.0	-0.034759523130496836	98624866.65763755	0.05558616552137329
264	646.26	nan	nan	1	1	6.000000000000838e-05	6.000000000000867e-05	5.999999999999513e-05	0.9806494466051919	1.243037790754631e-19	-1.1618852581440908e-18	-7.838781707070197e-20	1.0564799260296704	-2.1159289598227103e-18	1.3660947373317356e-19	3.082115725833168e-19	0.9657135896648265	111799953.8251879	201532.1643376108	-624632.7451411565	217118.09168918902	473.79425328406955	679396.2934690978	-615118.5170702083	621028.0392936247	361.63679383518956	1599.565890624997	109580185.61900146	212805.2012436881	-602906.1450887006	212807.2505803177	500.29672310427577	655764.8529784326	-602905.4482762446	655766.275890627	349.05798165310654	-0.01954022618906589	0.0	0.0	0.0	0.05494255744828654	0.0	0.0	0.0	-0.03488797976197471	109591242.52941468	0.05548325876351757
268	649.2700000000001	nan	nan	1	1	6.000000000000838e-05	6.000000000000867e-05	5.999999999999513e-05	0.9809504466051813	-3.9427012002435367e-19	-3.8407861960298996e-20	-5.128276275856436e-20	1.056341588392591	-4.706494525705263e-18	-2.1456360993488134e-19	-1.3864235280658389e-19	0.9655821991807355	120460157.28771588	180302.65530717562	-546523.1687156152	194161.633561198	356.1727639644192	554470.6327932044	-537960.5182465638	506832.3543328477	853.6470114340577	1599.565890624997	118099972.55996397	190355.66349588067	-527420.6505000892	190357.4103843017	376.0316379595214	535090.3284086743	-527420.2182180122	535091.4490185487	823.8096531682204	-0.019233333837171296	0.0	0.0	0.0	0.05481160683430142	0.0	0.0	0.0	-0.03502404435140973	118107002.36863913	0.05538239592254556
272	652.2800000000001	nan	nan	1	1	6.000000000000838e-05	6.000000000000867e-05	5.999999999999513e-05	0.9812514466051897	3.428789370485408e-19	-4.9042258969123064e-18	1.154810838968623e-19	1.0562026030750984	5.1885850217009425e-18	-1.8539857149502127e-20	-9.961107459710572e-20	0.9654429135422192	127182364.66407713	154572.87722054022	-481840.30932936847	166380.18344035072	135.16275656422522	436480.4293489474	-474075.8665229546	398974.9530414333	1047.4551390615932	1599.565890624997	124724870.8214224	163164.76576291223	-464917.16991048364	163165.28586060856	142.67573918033466	421150.4143699853	-464915.488619866	421151.8600730543	1010.6665412416259	-0.01892653563927848	0.0	0.0	0.0	0.05468002585412249	0.0	0.0	0.0	-0.035168305177268405	124729346.85449497	0.05528601101290029
276	655.2900000000001	nan	nan	1	1	6.000000000000838e-05	6.000000000000867e-05	5.999999999999513e-05	0.9815524466051906	1.443615192664449e-19	1.0528416246463613e-18	1.462317680139824e-19	1.0560648679299145	4.8936007156219486e-18	2.0979312037594511e-19	7.066287659174276e-20	0.9652962344035668	132469133.41791964	121850.31321777163	-427648.71908701234	131100.03871122774	-38.50377070830338	332477.01015223784	-420564.4124542834	303901.8151445515	991.842986980248	1599.565890624997	129946171.28725426	128603.42291667899	-412556.15463657235	128603.15189342322	-40.63770192725591	320743.24250592047	-412554.4854716694	320744.4661084466	956.8388970868547	-0.01861983153765976	0.0	0.0	0.0	0.054549611361384004	0.0	0.0	0.0	-0.03532024609491194	129949056.280868	0.055195133641684706
280	658.3000000000001	nan	nan	1	1	6.000000000000838e-05	6.000000000000867e-05	5.999999999999513e-05	0.9818534466051962	-2.3689817468808272e-19	1.8648277366750675e-20	-4.064402894105035e-20	1.0559291081272615	1.9731395337063697e-18	8.473039977974217e-20	2.984266479766351e-20	0.9651432117030602	136705208.9351431	84160.70455611772	-374676.9202018122	90509.44802385516	-115.57402784658322	240202.66953478355	-368299.68083977466	219551.0471973792	859.8908775233634	1599.565890624997	134140073.69211309	88811.8533534638	-361389.4838607331	88811.12960013414	-121.96123674007109	231684.18999064306	-361388.9091239213	231684.5552818708	829.3959506161708	-0.01831322147460085	0.0	0.0	0.0	0.054421050575341	0.0	0.0	0.0	-0.03547878274431141	134141868.84573905	0.05510981129676039
284	661.3100000000001	nan	nan	1	1	6.000000000000838e-05	6.000000000000867e-05	5.999999999999513e-05	0.9821544466051682	1.7276761618556512e-19	-3.2161502194066882e-18	-5.62158826433734e-20	1.0557953831545892	1.4362561704187038e-18	-1.3644684340730073e-19	-9.673793884001913e-20	0.9649849817523702	140157909.98818788	43744.8264546225	-317004.4390934967	47024.13322500786	-128.95920907592674	157409.64451315504	-311462.64120290935	143870.89004275788	696.6648902443308	1599.565890624997	137567960.83540198	46155.807812387866	-305707.2920002805	46155.18395188539	-136.0667523946033	151800.0072694586	-305707.18720266124	151800.28562918268	671.8377119175054	-0.018006705392492314	0.0	0.0	0.0	0.054294400556928524	0.0	0.0	0.0	-0.035642740715167	137568986.46005005	0.05502962645219971
288	664.32	nan	nan	1	1	6.000000000000838e-05	6.000000000000867e-05	5.999999999999513e-05	0.9824554466051804	-5.95226992694542e-20	1.8758459412529517e-18	-3.1807781235293486e-20	1.0556634119604154	3.9513748176234207e-19	-6.261267546103788e-20	-1.643108392401782e-19	0.9648226429052532	143015975.54020396	3306.220093158834	-254606.02946222725	3552.5274269487104	-115.54372830593708	81664.23332962485	-250036.31602744167	74637.23351440926	534.5875708382492	1599.565890624997	140414383.02632046	3487.9593039733804	-245488.04643890806	3487.9036761795705	-121.89503747629212	78739.66357499395	-245487.92480388124	78739.95853999286	515.4428537799922	-0.01770028323366308	0.0	0.0	0.0	0.05416939580225293	0.0	0.0	0.0	-0.0358109842700429	140414896.39869258	0.05495395457352258
292	667.33	nan	nan	1	1	6.000000000000838e-05	6.000000000000867e-05	5.999999999999513e-05	0.9827564466051913	-8.81456366230715e-20	-3.2813378750273792e-18	-2.995108501491206e-21	1.0555328234798678	1.5938585087166279e-18	1.3921155894713877e-19	-1.8500554820749526e-19	0.9646571263193431	145411989.7966841	-34046.6560706411	-188654.47939713753	-36567.81395409193	-91.05156444031536	10692.273887905116	-185179.70939408077	9771.880142416701	414.83756031347696	1599.565890624997	142808973.47345704	-35913.32248683297	-181865.14668695853	-35913.21444850561	-96.04362290061826	10307.478334227695	-181864.81213590276	10307.640260739478	399.9083085583772	-0.017393954940612685	0.0	0.0	0.0	0.054045685387729143	0.0	0.0	0.0	-0.03598255029416623	142809183.60800326	0.0548821794745716
296	670.34	nan	nan	1	1	6.000000000000838e-05	6.000000000000867e-05	5.999999999999513e-05	0.9830574466051898	1.12269134960874e-19	3.875751716092557e-18	7.254667786643631e-20	1.0554033091122397	9.640725717741105e-19	7.415942859800851e-20	-1.6906777627195834e-19	0.9644891307755383	147439199.00317734	-66865.53237553455	-120792.30281007526	-71786.54578479494	-67.02334072287474	-56966.083713689186	-118510.36888625527	-52058.75600686583	326.20267475983525	1599.565890624997	144842887.31878826	-70522.23567101207	-116423.83799155173	-70522.42980435626	-70.68867414935214	-54905.90002016695	-116423.47572934102	-54905.71493900497	314.4055248152963	-0.01708772045586278	0.0	0.0	0.0	0.05392297739501334	0.0	0.0	0.0	-0.03615671598389742	144842988.55609784	0.05481382015302184
300	673.35	nan	nan	1	1	6.000000000000838e-05	6.000000000000867e-05	5.999999999999513e-05	0.9833584466051785	8.700722434196173e-20	-2.977015877737854e-18	1.0706496453294357e-19	1.055274607942144	4.773986110942485e-18	3.1225022567582525e-20	3.1600427569805634e-19	0.9643192017737304	149166276.97681656	-94987.75143044625	-53596.23383646649	-101934.98612377877	-46.264649675957976	-121334.94937866558	-52558.31052435895	-110876.76559401865	259.4826054514907	1599.565890624997	146583250.32470524	-100169.3694402273	-51648.40716816405	-100169.83657874295	-48.7884039323449	-116925.32143879926	-51648.1884805175	-116925.13537661033	250.05233204084064	-0.016781579721973444	0.0	0.0	0.0	0.05380102494626148	0.0	0.0	0.0	-0.03633291700851989	146583419.5703142	0.05474848828710055
304	676.36	nan	nan	1	1	6.000000000000838e-05	6.000000000000867e-05	5.999999999999513e-05	0.9836594466051798	2.0420947918764475e-19	1.6664458441645325e-18	6.90365733330145e-20	1.0551465101061226	4.443548393823215e-18	-8.565197162635485e-20	9.894700076645835e-20	0.964147763010578	150645091.48225176	-118465.20900289011	11172.013334073876	-127075.18478330983	-30.66285791383311	-182126.39756530809	10950.619630699483	-166419.29773839895	209.40545151205828	1599.565890624997	148080755.22182378	-124911.5104515553	10764.005511175103	-124912.06416030022	-32.33138175348152	-175475.04541051085	10764.21414800597	-175475.0278479091	201.7578539108288	-0.016475532681537536	0.0	0.0	0.0	0.053679629424691865	0.0	0.0	0.0	-0.03651071498663895	148081141.6394453	0.054685877773139616
308	679.37	nan	nan	1	1	6.000000000000838e-05	6.000000000000867e-05	5.999999999999513e-05	0.9839604466051887	-2.496375502147874e-19	-1.9456414561067058e-18	-1.3349239248727773e-19	1.055018863971919	8.469977106836946e-18	1.9786689647860455e-20	-7.806255641895632e-20	0.9639751341632252	151916185.60468963	-137744.4556159097	73015.53856830233	-147692.39724182498	-20.35456262430793	-239074.50516423574	71532.67432491368	-218443.4655264288	167.43246548041654	1599.565890624997	149375025.00729594	-145221.41184682774	70335.96122963705	-145221.88958056655	-21.459435943246277	-230300.77509455424	70336.119707003	-230300.87367667386	161.28790708839023	-0.016169579277228584	0.0	0.0	0.0	0.05355864731027869	0.0	0.0	0.0	-0.03668977914076153	149375749.14940932	0.05462576246580385
312	682.3800000000001	nan	nan	1	1	6.000000000000838e-05	6.000000000000867e-05	5.999999999999513e-05	0.984261446605187	-2.345129299086146e-19	-6.00376953013848e-19	-2.0003530082357557e-19	1.054891565357697	3.2810532719571016e-18	2.093594395069509e-19	4.700558518810904e-19	0.9638015615127088	153013466.5714004	-153455.68983801315	132190.30324100688	-164467.9985794276	-11.943182028911076	-292331.2807299674	129442.50513228882	-267088.51571957074	132.54354031530534	1599.565890624997	150499206.07806057	-161765.12441136947	127315.50728887887	-161765.52146736262	-12.589890468147324	-281550.9488217735	127315.55392919855	-281551.0263570671	127.65571800180489	-0.015863719451785916	0.0	0.0	0.0	0.05343797999416158	0.0	0.0	0.0	-0.03686985461462242	150500360.98792875	0.054567976470338314
316	685.3900000000001	nan	nan	1	1	6.000000000000838e-05	6.000000000000867e-05	5.999999999999513e-05	0.9845624466051748	7.334627696864437e-20	9.529594995061342e-19	-8.264331059770757e-20	1.0547645392698648	4.770760609479341e-18	6.467265958876034e-20	1.259978449699717e-19	0.9636272410548374	153965638.45381254	-165964.60475642688	188950.61787397607	-177798.70764004946	-7.900110939388047	-342130.58345228405	184932.840818232	-312568.6567947825	107.35369179724879	1599.565890624997	151481367.8134721	-174929.534522906	181948.93967623546	-174929.885000684	-8.326852170286154	-329452.72997981834	181948.90731532054	-329452.7150521467	103.37563651613245	-0.015557953147982998	0.0	0.0	0.0	0.053317556492239175	0.0	0.0	0.0	-0.03705073855504594	151483025.88496062	0.05451239288762708
320	688.4000000000001	nan	nan	1	1	6.000000000000838e-05	6.000000000000867e-05	5.999999999999513e-05	0.9848634466051824	6.689527404235562e-20	-5.420197710798158e-19	6.910433596879484e-20	1.0546377329826204	2.3146767705664596e-18	-1.0863705768304754e-19	-1.1186255914619191e-19	0.9634523257548333	154796355.402922	-175612.2473976713	243078.88670644705	-188054.04227522635	-6.6652448668190045	-388339.089615469	237794.23713474735	-354762.67117754836	89.10598674699757	1599.565890624997	152344646.0983932	-185075.33857204567	234028.05017539975	-185075.5881378512	-7.024410134669425	-373879.61242126103	234027.98345113132	-373879.51269837643	85.78820077672249	-0.015252280308614892	0.0	0.0	0.0	0.05319732690012639	0.0	0.0	0.0	-0.0372322726271171	152346859.56563774	0.05445891674772424
324	763.4100000000001	nan	nan	1	1	6.000000000000838e-05	6.000000000000867e-05	5.999999999999513e-05	0.9923644466051873	-6.532318089225165e-20	-5.579575430153527e-18	-2.0374869326433843e-19	1.051503953894288	4.1783796474875733e-19	-1.4755991567527715e-19	1.7242880300666342e-19	0.959054493395588	161804574.93157163	-161448.46184564955	862352.6535956172	-171069.40582969578	-198.30851621973304	-881292.4737772756	833408.564697671	-803807.0100877712	-277.5016080453049	1599.565890624997	160448847.66314808	-169636.54980721333	826423.7652717689	-169636.05044790625	-208.36601417153634	-844574.4805769674	826425.6056720921	-844573.2238223591	-265.9398366011328	-0.0076648534761497205	0.0	0.0	0.0	0.050221476395381374	0.0	0.0	0.0	-0.04180738256855973	160462406.7998443	0.05371912624636228
328	838.4200000000001	nan	nan	1	1	6.000000000000838e-05	6.000000000000867e-05	5.999999999999513e-05	0.9998654466051868	2.0125502826762176e-19	1.5300803159201682e-18	-1.340548223642546e-19	1.0483949124192498	-4.108726434168958e-18	1.70572106786282e-19	5.281555357991574e-19	0.9546950687198453	163568230.38482153	-144077.5380740512	1030204.970657165	-151067.00307461756	616.7353080199917	-1062151.189477154	983659.3754036168	-967219.5708752439	298.48237025125303	1599.565890624997	163421567.2159827	-150935.02787016082	982781.9600056058	-150931.54910946928	646.0893359842572	-1013257.6113962696	982777.3789381951	-1013255.1877141815	284.7424514711109	-0.0001345624479332862	0.0	0.0	0.0	0.04726033974573466	0.0	0.0	0.0	-0.046363289258227254	163439598.90263924	0.054055025142738966
332	913.4300000000001	nan	nan	1	1	6.000000000000838e-05	6.000000000000867e-05	5.999999999999513e-05	1.0073664466051837	-3.5380227393633226e-19	6.957054290296361e-19	2.688821387764051e-20	1.0453167428482044	-1.981378623184312e-18	-9.517939821707122e-20	1.8218662255903295e-19	0.9503854601892026	164398701.19632712	-160278.78841238518	1083097.478399286	-166316.72094505868	-168.83457341382723	-1144546.1722782513	1021837.8399000841	-1040599.0299034463	-128.99609177528882	1599.565890624997	165481973.71671182	-167412.84856896478	1028565.9825180152	-167412.63187482397	-176.34945429841008	-1086920.8743486896	1028571.0369642818	-1086916.4256845333	-122.50143179533947	0.007339446851143402	0.0	0.0	0.0	0.044319942694300986	0.0	0.0	0.0	-0.05088762911325398	165502674.28868696	0.055422480752970495
336	988.44	nan	nan	1	1	6.000000000000838e-05	6.000000000000867e-05	5.999999999999513e-05	1.014867446605175	2.3744027577432547e-19	-4.584819936898077e-18	-2.2756725974112934e-19	1.042269811397878	-9.945779551497059e-18	-2.0682511692876603e-19	4.1203070686238184e-20	0.9461258517287159	164790770.1803233	-185067.4487019092	1099421.142651681	-190063.40220846748	-82.27090024339314	-1181455.37603894	1024951.477170046	-1072472.9804815857	-34.118641327291726	1599.565890624997	167110529.52790567	-192739.9786875759	1039380.5928849088	-192738.92434738306	-85.68168886932686	-1116934.8501454694	1039379.7170974511	-1116935.5867328676	-32.25538628960446	0.014758009487889287	0.0	0.0	0.0	0.04140084589543031	0.0	0.0	0.0	-0.055379683124682694	167131815.64048356	0.05772657284179842
340	1063.45	nan	nan	1	1	6.000000000000838e-05	6.000000000000867e-05	5.999999999999513e-05	1.0223684466051781	4.755310728521423e-19	3.2083168587104804e-18	-2.649654584283012e-19	1.0392534715646438	-1.0092499210488659e-18	1.1159150860307054e-19	2.368100832615683e-19	0.9419160582017084	164917739.09351045	-210299.84382161687	1101267.3503284506	-213770.97247239124	-93.76008193386102	-1196141.488622786	1014611.1459402201	-1084102.2487372088	-133.81085749517544	1599.565890624997	168474310.39460313	-218383.24339546703	1036486.9595594746	-218381.09937493678	-97.36398478312292	-1125780.2697735587	1036491.975153951	-1125772.4254534862	-125.9396356387536	0.022121942080752178	0.0	0.0	0.0	0.03850263959693648	0.0	0.0	0.0	-0.059839118565592445	168495694.3206393	0.0608404911074631
344	1138.46	nan	nan	1	1	6.000000000000838e-05	6.000000000000867e-05	5.999999999999513e-05	1.0298694466051945	1.1915381875615693e-19	2.575522260739316e-19	-3.636481849152162e-19	1.0362672350513908	-3.4210237724249802e-18	5.160802341031001e-20	-2.943608898298145e-20	0.9377554618142521	164872119.53497735	-235683.7907194028	1092353.802475897	-237149.37634663	-229.27103087681496	-1197534.0473078275	994651.722998687	-1083688.864299111	-142.70981146034225	1599.565890624997	169662496.07252946	-244038.2704450025	1023550.7575089184	-244039.77607916333	-237.39819216049932	-1122106.114782984	1023551.4319993823	-1122103.2865129153	-133.72108495718925	0.029432043339231013	0.0	0.0	0.0	0.03562505946550038	0.0	0.0	0.0	-0.06426606565506808	169683601.244108	0.06462872762634422
348	1213.4700000000003	nan	nan	1	1	6.000000000000838e-05	6.000000000000867e-05	5.999999999999513e-05	1.0373704466051883	-2.618890347638736e-19	-3.51238135798404e-18	-4.237875241702715e-20	1.0333103079496084	-5.662056110425362e-18	-3.797960210216722e-19	-3.348016308635238e-19	0.9336436049066349	164709813.38446718	-261438.59584404997	1074960.136783521	-260417.134914836	-155.62612675074755	-1190255.8054699576	967479.9189458794	-1075449.7548580226	-140.76814442613116	1599.565890624997	170729113.99439278	-269932.2061459921	1002830.9438761929	-269934.0482475529	-160.6821043088898	-1110390.3410084613	1002836.3579250694	-1110388.938522136	-131.32268473224877	0.03668909458372893	0.0	0.0	0.0	0.0327675399453182	0.0	0.0	0.0	-0.0686604929022963	170749567.29720035	0.06896304972244918
352	1288.48	nan	nan	1	1	6.000000000000838e-05	6.000000000000867e-05	5.999999999999513e-05	1.0448714466051687	3.188096488193626e-19	-6.415766355682973e-19	5.270577810995158e-20	1.0303821148786838	3.1187075491545536e-19	-1.5634195327240973e-19	4.30970363562988e-19	0.9295797766947632	164466211.63934797	-286355.96470116463	1055961.8779403004	-282383.5251351345	-443.82691832708775	-1179058.212029768	939448.0264504858	-1063711.3546811603	-263.3033232500281	1599.565890624997	171708466.74273175	-294819.8395683321	980814.9268969245	-294818.2587234903	-456.94519055627404	-1095151.1775168227	980816.5373203324	-1095151.6629359648	-244.56548587618113	0.043893860246779076	0.0	0.0	0.0	0.029929718762615815	0.0	0.0	0.0	-0.07302264796755573	171728456.6687632	0.07373173138067803
356	1363.4900000000002	nan	nan	1	1	6.000000000000838e-05	6.000000000000867e-05	5.999999999999513e-05	1.0523724466051774	-1.441988889405721e-19	-3.784841363929647e-18	-1.744752346072298e-19	1.0274822445407124	-8.397796347203723e-18	2.2854981795994435e-19	1.894643296418419e-20	0.925563122380045	164165836.33528626	-310809.79447367036	1042596.3570271808	-303464.0205923403	-367.51869614425664	-1170202.4169252242	916967.4822958901	-1054120.4363540693	-276.73308946605937	1599.565890624997	172624492.67474273	-319094.4017131749	964211.7256017786	-319100.0257373926	-377.3148740796493	-1082224.0880872621	964214.296738795	-1082217.922191403	-255.92770195937288	0.05104708835625135	0.0	0.0	0.0	0.027111386986599696	0.0	0.0	0.0	-0.07735294575026169	172643948.57828665	0.07884201273259292
360	1438.5	nan	nan	1	1	6.000000000000838e-05	6.000000000000867e-05	5.999999999999513e-05	1.0598734466051876	5.290364500643019e-19	-1.1301723445988898e-18	-4.2609145378680326e-19	1.0246100109811533	-5.200267300109473e-18	-4.119968255444917e-21	-5.501783924277692e-19	0.9215930111109295	163824217.41070834	-333561.07582162827	1037108.3921824308	-322463.3810316659	-507.7850396575837	-1166791.9277695976	901800.186462447	-1049479.4652825568	-460.45365244250746	1599.565890624997	173492351.93187848	-341493.2953868797	955017.9665383453	-341493.652594933	-519.8603767351798	-1074436.6380904445	955020.1905115271	-1074436.5185818316	-424.0072823202504	0.05814951100131693	0.0	0.0	0.0	0.0243120630990403	0.0	0.0	0.0	-0.08165157249924586	173511697.62435743	0.08421877317462735
364	1513.5100000000002	nan	nan	1	1	6.000000000000838e-05	6.000000000000867e-05	5.999999999999513e-05	1.067374446605217	-5.067018853111005e-19	-2.154038666185576e-18	4.4642024452090646e-20	1.0217644513833903	7.612075032803478e-18	3.3350058825654117e-19	-2.9598719308854273e-20	0.9176690798048008	163452531.88331553	-356080.196230358	1041102.2220115309	-340861.67255577334	-479.0402457820042	-1165404.888447171	895088.9338812116	-1046676.095596615	-433.0124418405292	1599.565890624997	174323029.43291506	-363533.90409998875	954609.5682879051	-363530.8593439907	-489.0678353184591	-1068585.4221804228	954617.2993969896	-1068585.8168709085	-397.03864945175445	0.06520184478218181	0.0	0.0	0.0	0.021530987118910366	0.0	0.0	0.0	-0.08591843286547284	174342275.46157333	0.08980207864499735
368	1588.5200000000002	nan	nan	1	1	6.000000000000838e-05	6.000000000000867e-05	5.999999999999513e-05	1.0748754466051738	-3.4336682802615923e-19	-1.0257636753885358e-18	2.396357851736086e-19	1.0189443651469505	-4.485235967355283e-18	3.3859633846722306e-19	1.09986889387792e-18	0.9137912099411875	163060131.33487004	-380035.79989403306	1051676.9756637127	-360257.8187889021	-430.46864110449167	-1162169.7863737908	894073.3089719681	-1042239.7528654443	-478.00648809023994	1599.565890624997	175125883.66597724	-386918.40709561465	960226.6422725715	-386915.35660190054	-438.2646081427154	-1061111.3655084667	960230.9099968014	-1061115.15047495	-436.4406330696026	0.07220479124382385	0.0	0.0	0.0	0.01876715524955053	0.0	0.0	0.0	-0.09015316913627723	175145143.89350274	0.09554443446057136
372	1663.5300000000002	nan	nan	1	1	6.000000000000838e-05	6.000000000000867e-05	5.999999999999513e-05	1.0823764466051744	-6.067195357228883e-19	-1.1357017756785659e-18	-1.7076184216646695e-20	1.0161486897493366	2.1952925588486495e-18	1.8323016715005024e-19	1.3834419720915037e-19	0.9099591570496265	162653407.3829238	-401863.515554639	1063089.541538016	-377268.36702090234	-365.65966698730074	-1157577.724623221	893755.6056180754	-1036609.4903016601	-284.56713172950924	1599.565890624997	175907357.40771037	-408017.082733299	966572.0909977482	-408010.39796192053	-371.2588598431844	-1052481.7318424077	966584.0346183181	-1052482.6559156221	-258.7314020106814	0.07915903729508583	0.0	0.0	0.0	0.016019686626920417	0.0	0.0	0.0	-0.09435556284153278	175926503.4370648	0.1014085135135129
376	1738.5400000000002	nan	nan	1	1	6.000000000000838e-05	6.000000000000867e-05	5.999999999999513e-05	1.0898774466052026	1.251711408134515e-19	9.028151490286795e-19	-2.731105272490986e-19	1.013376723237926	8.358981909428742e-18	2.5457067009959643e-19	4.292356400870112e-19	0.9061723663905251	162235046.91653433	-421274.484122234	1072688.2072440556	-391699.1685957339	-443.1683900144476	-1154140.30046297	891893.7050224147	-1032046.9603210482	-260.74865260654013	1599.565890624997	176670053.2286794	-426556.60932005226	971236.3228603053	-426550.9474105193	-448.72503065612636	-1044984.902338456	971250.7336451177	-1044987.2200801979	-236.08776607976347	0.08606525561268821	0.0	0.0	0.0	0.013288044818109737	0.0	0.0	0.0	-0.09852574115520414	176689220.01028875	0.10736508974572963
380	1813.5500000000002	nan	nan	1	1	6.000000000000838e-05	6.000000000000867e-05	5.999999999999513e-05	1.0973784466051872	6.017322057294549e-19	2.516433242338856e-19	-2.4231918555051025e-20	1.010628189017784	-4.0396830845723655e-18	3.5561831257524547e-20	-4.420834358309644e-19	0.9024299352641953	161807011.92249492	-439949.7346851906	1082804.5111274477	-405163.6944652084	-299.70958874922235	-1149399.908183443	890466.7852822363	-1026344.0144259902	-122.82358425866045	1599.565890624997	177415858.4583514	-444255.8351790845	976342.5635090857	-444248.14361032535	-302.643059340037	-1036390.2637277107	976366.3963782347	-1036389.5721772348	-110.74750047874494	0.0929241050317717	0.0	0.0	0.0	0.010572106834951004	0.0	0.0	0.0	-0.10266422584507363	177434873.60300127	0.11339127324938067
384	1888.5600000000002	nan	nan	1	1	6.000000000000838e-05	6.000000000000867e-05	5.999999999999513e-05	1.1048794466051979	1.951563910473908e-19	2.6195408689422274e-18	6.1295369821468e-19	1.0079028337832876	7.38422994625565e-18	-2.5673907444456744e-19	-7.034303695085953e-19	0.8987309558635087	161370001.50255615	-457291.40114844445	1096859.1807589899	-417156.4467506061	-316.03643456050344	-1141270.581716792	892221.856809826	-1017652.5103229394	-232.66832140093786	1599.565890624997	178145327.54647136	-460519.9401266301	984957.0967064863	-460522.2231675552	-318.26769442007424	-1024837.625871402	984973.3745152724	-1024837.2743215077	-208.9313909777024	0.09973623092324256	0.0	0.0	0.0	0.007871769946612987	0.0	0.0	0.0	-0.1067715597530142	178164388.21693617	0.11946886144294652
388	1963.5700000000002	nan	nan	1	1	6.000000000000838e-05	6.000000000000867e-05	5.999999999999513e-05	1.1123804466051874	-5.238864897449957e-19	-6.068604820053114e-18	-7.098271623262597e-19	1.0052001908586958	1.2643477844548334e-17	2.8406096919120217e-19	6.664048653182153e-19	0.895074750349978	160925357.15629795	-474626.1874966877	1114302.1807915908	-428891.25284717075	-170.99148692700837	-1132432.3045206151	896643.3035468796	-1008361.8849746169	1.4676780929283704	1599.565890624997	178859747.46886802	-476693.2962146307	996545.3610917965	-476689.20878234145	-171.73619508395126	-1012759.536213795	996570.0724608899	-1012753.5382339242	1.3125773423904936	0.10650226555794412	0.0	0.0	0.0	0.00518671655864699	0.0	0.0	0.0	-0.11084804425076832	178878667.9833358	0.12558314055200462
392	2038.5800000000002	nan	nan	1	1	6.000000000000838e-05	6.000000000000867e-05	5.999999999999513e-05	1.1198814466051839	-3.9464959078472363e-19	4.5087631544982186e-18	-2.7072528246963044e-19	1.0025197508792325	-6.73603967743519e-18	-3.679782173415802e-19	6.060148043107727e-19	0.8914606993565747	160474698.23490828	-491377.46237000276	1134070.7847091071	-439887.1006929512	375.16498827371186	-1127361.9659437286	902762.4268153295	-1002466.2094680251	463.3904234282491	1599.565890624997	179560757.3106176	-492199.2887099848	1010125.1293725161	-492205.0753195695	375.7924498339533	-1004149.535507753	1010132.4807805095	-1004142.8291727814	412.74523400716004	0.11322282845899317	0.0	0.0	0.0	0.002516581629682093	0.0	0.0	0.0	-0.11489392637856106	179579332.81403598	0.13172222820550397
396	2113.59	nan	nan	1	1	6.000000000000838e-05	6.000000000000867e-05	5.999999999999513e-05	1.1273824466051856	1.01871636126738e-18	4.12647346847983e-18	1.119980844177526e-19	0.9998610230120523	-3.135789154382063e-17	-3.3805423738098027e-19	-3.8098864341140624e-19	0.8878881868160781	160018346.21973157	-507419.80502660916	1152866.920063349	-450025.7969785915	263.5578867109361	-1125490.2826048222	907982.0198214197	-999443.7311671986	497.5111987144286	1599.565890624997	180248583.723727	-506918.18091437814	1022747.1323309162	-506920.0779837224	263.29733915324255	-998460.3937956196	1022773.1818618121	-998455.7029715996	441.3589660112192	0.11989852674209184	0.0	0.0	0.0	-0.00013898664614440316	0.0	0.0	0.0	-0.1189094596656801	180267370.0166164	0.1378765021103627
400	2188.6000000000004	nan	nan	1	1	6.000000000000838e-05	6.000000000000867e-05	5.999999999999513e-05	1.1348834466052045	-4.612196041753335e-19	-2.5928694954990838e-18	-3.356689926015122e-19	0.9972233738440657	-3.4620743771807126e-18	-1.3682631416767066e-19	-8.069174668723367e-19	0.8843567556940845	159557479.57090536	-520215.5166104724	1167297.2658954524	-457115.5225028887	257.6859781640639	-1124052.3331798036	909642.5147862326	-996829.1316525596	421.68487247311	1599.565890624997	180924433.00710684	-518327.84800144384	1031425.2463823616	-518329.61356618936	256.7509315988741	-993213.9726269911	1031456.2292501127	-993212.0095170145	372.60125264890974	0.12652995544468593	0.0	0.0	0.0	-0.0027804881328398873	0.0	0.0	0.0	-0.12289472796718967	180943343.6576442	0.14403803056779024
