6	header
postResults v2.0.3	--cr f,p,texture --time RVE_1_40_D_tensionX.spectralOut
addCauchy v2.0.3	RVE_1_40_D_tensionX.txt
addStrainTensors v2.0.3	--left --logarithmic RVE_1_40_D_tensionX.txt
addMises v2.0.3	-s Cauchy RVE_1_40_D_tensionX.txt
addMises v2.0.3	-e ln(V) RVE_1_40_D_tensionX.txt
inc	time	elem	node	ip	grain	1_pos	2_pos	3_pos	1_f	2_f	3_f	4_f	5_f	6_f	7_f	8_f	9_f	1_p	2_p	3_p	4_p	5_p	6_p	7_p	8_p	9_p	texture	1_Cauchy	2_Cauchy	3_Cauchy	4_Cauchy	5_Cauchy	6_Cauchy	7_Cauchy	8_Cauchy	9_Cauchy	1_ln(V)	2_ln(V)	3_ln(V)	4_ln(V)	5_ln(V)	6_ln(V)	7_ln(V)	8_ln(V)	9_ln(V)	Mises(Cauchy)	Mises(ln(V))
0	0.0	nan	nan	1	1	6.000000000000838e-05	6.000000000000867e-05	5.999999999999513e-05	1.0	0.0	0.0	0.0	1.0	0.0	0.0	0.0	1.0	2.7716487604837305e-06	-1.193192284640359e-09	-2.8066754232013673e-08	-1.19319228464005e-09	2.7018729684353462e-06	-1.6832583398956398e-08	-2.8066754232013544e-08	-1.6832583398956544e-08	2.6991213888906947e-06	1599.565890624997	2.7716487604837305e-06	-1.193192284640359e-09	-2.8066754232013673e-08	-1.19319228464005e-09	2.7018729684353462e-06	-1.6832583398956398e-08	-2.8066754232013544e-08	-1.6832583398956544e-08	2.6991213888906947e-06	0.0	0.0	0.0	0.0	0.0	0.0	0.0	0.0	0.0	9.102600058541354e-08	0.0
2	2.0	nan	nan	1	1	6.000000000000838e-05	6.000000000000867e-05	5.999999999999513e-05	0.9999331859138993	1.7366656960550817e-23	8.856375326165992e-20	1.5253210495477831e-24	1.000200000000001	6.586439193215529e-20	5.260868695837256e-25	2.3908828425232712e-23	0.9999338800589289	-1.2514184016026776e-05	-494.1626033373584	2741.200914488264	-494.2944616907412	14158906.776126452	727.480345980882	2741.202817406366	727.2867876657035	-6.4103057020474804e-06	1599.565890624997	-1.251250900580621e-05	-494.2283009123671	2740.835910377979	-494.2283009123594	14160789.164299259	727.3834784674387	2740.8359103779494	727.3834784674008	-6.409452138955071e-06	-6.681631826113055e-05	0.0	0.0	0.0	0.0001999800026669107	0.0	0.0	0.0	-6.612212709119347e-05	14160790.04196421	0.00017763326904603684
4	4.0	nan	nan	1	1	6.000000000000838e-05	6.000000000000867e-05	5.999999999999513e-05	0.9998663539893821	4.625759421519041e-23	-1.1869988850576743e-20	3.321957340012959e-24	1.0003999999999935	1.898854770701947e-19	-1.7403880088115703e-24	-3.044024654195142e-24	0.9998677425139986	-1.0638044122515566e-05	-988.3614005990029	5482.594259833027	-988.8889062164717	28326310.37548633	1455.406311254882	5482.601873567641	1454.631970087043	-1.1465334384411107e-05	1599.565890624997	-1.0635197190781814e-05	-988.6242617724396	5481.134630770528	-988.624261772415	28333843.94284329	1455.0188389654923	5481.134630770504	1455.018838965516	-1.1462281972635665e-05	-0.00013365494204179026	0.0	0.0	0.0	0.00039992002132067657	0.0	0.0	0.0	-0.00013226623279395967	28333845.69715003	0.00035525464391653896
6	6.0	nan	nan	1	1	6.000000000000838e-05	6.000000000000867e-05	5.999999999999513e-05	0.9997995042228786	9.415300604323582e-23	-7.581867349745107e-20	1.6675961149069038e-24	1.000599999999987	6.668360844977065e-20	-6.617444900424222e-26	5.847174314014842e-23	0.999801587361715	2.013615352097986e-06	-1482.5963387213935	8224.179771037188	-1483.7833888282726	42502212.4960829	2183.7779609409326	8224.196906580934	2182.0354505239134	1.0498600531718693e-06	1599.565890624997	2.012807273131584e-06	-1483.1879358680953	8220.89647713185	-1483.1879358681379	42519172.06018306	2182.9061433166366	8220.896477131713	2182.906143316562	1.0494409233365594e-06	-0.00020051587908671828	0.0	0.0	0.0	0.0005998200719544568	0.0	0.0	0.0	-0.00019843232467681713	42519174.69010323	0.0005328641403784174
8	8.0	nan	nan	1	1	6.000000000000838e-05	6.000000000000867e-05	5.999999999999513e-05	0.9997326366108239	8.04052642626045e-23	4.3779691972226565e-22	8.179161896924338e-24	1.0008000000000166	-1.063979260869808e-21	5.624828165360588e-24	1.7152417181899582e-23	0.9997354145986064	8.506436438437959e-06	-1976.86736547089	10965.957183086599	-1978.9779656192195	56686614.83616862	2912.5953601519473	10965.987654528666	2909.497132233714	7.577942918942427e-06	1599.565890624997	8.50188620403311e-06	-1977.9193773726217	10960.1217652434	-1977.919377372549	56716781.24718746	2911.0454534132214	10960.121765243442	2911.0454534132864	7.573910396966971e-06	-0.0002673991371389762	0.0	0.0	0.0	0.000799680170581106	0.0	0.0	0.0	-0.00026462041028630387	56716784.75171404	0.0007104617742038541
10	10.0	nan	nan	1	1	6.000000000000838e-05	6.000000000000867e-05	5.999999999999513e-05	0.9996657486137103	7.847958779658106e-23	-2.098259429026512e-22	3.274311736729905e-23	1.0010000000000012	-9.233717916255942e-22	6.5909751208225245e-24	-3.615771893591795e-23	0.9996692150059094	0.00039546224752211854	-2474.3676739505313	13686.839682147212	-2477.670206325317	70877013.31317797	3663.9345649391585	13686.887141965128	3659.0635268391984	0.0003984925286531507	1599.565890624997	0.00039519790587873397	-2476.0140396038596	13677.738318625876	-2476.0140396034585	70924172.6264675	3661.498151481536	13677.738318625976	3661.498151481831	0.00039822754232701285	-0.00033430726073543584	0.0	0.0	0.0	0.0009995003330843105	0.0	0.0	0.0	-0.00033083971551462366	70924176.99590111	0.0008880514707439596
12	12.0	nan	nan	1	1	6.000000000000838e-05	6.000000000000867e-05	5.999999999999513e-05	0.999598777367368	1.1507074937347678e-22	-1.4351385104448018e-21	4.1451674856257324e-23	1.001199999999962	-2.8789326388193585e-21	8.735027268559973e-24	-4.425747149403719e-23	0.9996027529366658	0.005659857957830354	-3040.2259389441056	15804.253824992762	-3045.0959714885616	85009607.98953229	5015.314091989653	15804.31668112164	5007.312997598427	0.007073605964429589	1599.565890624997	0.005655320828299352	-3042.6549217423276	15791.64741760235	-3042.6549217378706	85077526.25601543	5011.313580903548	15791.647417605644	5011.3135809039895	0.00706796363803479	-0.00040130314396848307	0.0	0.0	0.0	0.0011992805754438192	0.0	0.0	0.0	-0.00039732598685121774	85077531.25239326	0.001065732567599503
14	14.0	nan	nan	1	1	6.000000000000838e-05	6.000000000000867e-05	5.999999999999513e-05	0.9995310529695789	3.3193103620527895e-23	-2.374286290713007e-21	7.358598729271735e-24	1.0013999999999947	-1.2398444765434822e-22	1.760240343512843e-23	1.4558378780933288e-23	0.9995333827135727	-3.810699762525226	-4232.495678596766	10206.508575961916	-4240.409703069909	98374096.53606972	13257.520843807582	10206.532361421088	13232.808725674855	-4.75721468131305	1599.565890624997	-3.8071487227933587	-4236.458230730589	10197.021303604393	-4236.458233714312	98466196.44962974	13245.19755910208	10197.021299359358	13245.197561584966	-4.752792699887284	-0.000469057020467459	0.0	0.0	0.0	0.0013990209137018654	0.0	0.0	0.0	-0.0004667261861509163	98466205.25951129	0.001244609072183623
16	16.0	nan	nan	1	1	6.000000000000838e-05	6.000000000000867e-05	5.999999999999513e-05	0.9994608650994135	-1.2821961239061972e-22	2.0349172464396514e-21	-1.0164395367051604e-23	1.0016000000000043	4.209012594025025e-21	-3.176373552203626e-23	2.6999175193730824e-23	0.999452260359207	90.12963725494974	-5645.389343744703	-30530.29512957245	-5657.47214225099	108702646.08896342	47677.197279737244	-30530.03229415006	47574.96263149059	209.18501071766664	1599.565890624997	90.03497592400298	-5651.530179087927	-30497.967208587306	-5651.530213945379	108820888.60694753	47626.71284583606	-30497.967220120783	47626.712828720774	208.9635088792777	-0.0005392802860643335	0.0	0.0	0.0	0.0015987213637017289	0.0	0.0	0.0	-0.0005478897049495185	108820783.63560222	0.0014282128892471018
18	18.0	nan	nan	1	1	6.000000000000838e-05	6.000000000000867e-05	5.999999999999513e-05	0.9993887459612936	-4.311397701524389e-22	-9.924526224301027e-21	-3.684593320556206e-23	1.0017999999999965	3.2185134413295277e-21	-4.110756772143526e-23	2.14299335655338e-22	0.9993547838830397	-87.8413374091118	-2904.330055736016	-116461.01071072185	-2911.3353160176985	115110614.96450154	116320.12522937093	-116457.05354158323	116036.20904375448	292.3954553582799	1599.565890624997	-87.74011843485688	-2907.98270233261	-116322.8603653296	-2907.980604180526	115255384.45967361	116182.1420075318	-116322.86087271105	116182.1426173882	292.0486050870831	-0.0006114409306191883	0.0	0.0	0.0	0.0017983819413762941	0.0	0.0	0.0	-0.0006454243584573474	115255634.19059376	0.0016179953563226028
20	20.0	nan	nan	1	1	6.000000000000838e-05	6.000000000000867e-05	5.999999999999513e-05	0.9993167725271225	5.209252625613947e-23	-2.0194747770200216e-20	-2.0794658855093073e-22	1.0019999999999982	1.4293469226679504e-20	2.814796362844447e-22	-3.273782341137871e-22	0.9992456940820557	-168.61176826777003	4983.621413549302	-218701.15077499935	4997.005696688483	119051492.80366303	207404.83473200636	-218685.59682744878	206834.71837479775	206.15012014588183	1599.565890624997	-168.40224464183456	4990.793273458759	-218413.84787325977	4990.796220546062	119222818.14271834	207132.37155272192	-218413.84948941966	207132.37132663777	205.8793052576108	-0.0006834609791320206	0.0	0.0	0.0	0.001998002662671285	0.0	0.0	0.0	-0.0007545905497957035	119223939.70124541	0.0018118177533721445
22	22.0	nan	nan	1	1	6.000000000000838e-05	6.000000000000867e-05	5.999999999999513e-05	0.9992457322461032	-2.913793338554793e-22	3.227566105953308e-20	-7.27601301691444e-22	1.0022000000000242	-8.282711674726175e-21	6.32680672039759e-22	4.904320764602399e-22	0.9991300565962026	-97.24239282964344	17564.406200612346	-315123.2956475875	17616.337231054036	121777280.36508037	305872.73630772345	-315086.81767741597	304935.7851508935	239.9057812081139	1599.565890624997	-97.11341235793418	17592.969353750454	-314668.8908433566	17592.971254346416	121975313.99446027	305431.6707223441	-314668.8924784279	305431.6702624693	239.55983934646986	-0.0007545523569393018	0.0	0.0	0.0	0.0021975835435113513	0.0	0.0	0.0	-0.0008703220241617814	121977611.44069664	0.0020077933471980957
24	24.0	nan	nan	1	1	6.000000000000838e-05	6.000000000000867e-05	5.999999999999513e-05	0.9991755315203742	8.792201992499638e-22	-4.9249777806035633e-20	-1.3374650237145402e-21	1.0024000000000104	2.766917825500897e-20	1.3303711227812854e-21	2.3395050003163775e-21	0.9990107362817904	-61.44711047050822	34228.84705328229	-400335.7238154304	34339.30884173993	123881590.83395848	400915.12930289225	-400269.6973246938	399559.57593091513	228.5200918124346	1599.565890624997	-61.36069240003916	34291.01380078383	-399706.7641191572	34291.014678049876	124106585.72103357	400285.2593138879	-399706.7654855046	400285.2597154158	228.16106832542516	-0.0008248085406886871	0.0	0.0	0.0	0.0023971245997323055	0.0	0.0	0.0	-0.0009897533625127912	124110384.0432312	0.002204994446288353
26	26.0	nan	nan	1	1	6.000000000000838e-05	6.000000000000867e-05	5.999999999999513e-05	0.9991058888020933	-9.427476702940363e-22	-1.7324682507547426e-20	-1.9507168775266536e-21	1.0026000000000115	-6.060944254078147e-20	4.622682309640344e-22	1.0299920638612292e-21	0.9988892170564759	-38.912177066763995	53328.45612314392	-475276.15900694765	53514.959320099864	125621679.22499913	486996.1932790248	-475173.08901361196	485193.7438330249	195.4496431879978	1599.565890624997	-38.85442660491323	53435.535645281445	-474467.8725664765	53435.53653140938	125873918.09256478	486167.974963991	-474467.873643562	486167.976316219	195.11724844572026	-0.0008945111537449336	0.0	0.0	0.0	0.0025966258472776517	0.0	0.0	0.0	-0.0011114003201213767	125879373.17077099	0.0024029859447740045
28	28.0	nan	nan	1	1	6.000000000000838e-05	6.000000000000867e-05	5.999999999999513e-05	0.9990365537938302	-4.267351988267165e-21	8.308652058735839e-21	-1.0325331627029922e-21	1.0027999999999966	5.78116927160005e-20	7.115076756936123e-22	-1.0443916239645524e-21	0.9987662927540003	-8.907059689253874	72856.86495177005	-541198.8971889853	73131.32338243452	127113630.7042716	562044.2096291872	-541052.4919225749	559783.4194623532	156.03949904916104	1599.565890624997	-8.893161115798538	73017.20817375167	-540208.233001613	73017.20928582155	127393382.09239951	561015.3881125663	-540208.2337650538	561015.3895333671	155.75386885973083	-0.0009639106187809362	0.0	0.0	0.0	0.002796087301998088	0.0	0.0	0.0	-0.0012344688892784424	127400513.24868202	0.0026015452396619446
30	30.0	nan	nan	1	1	6.000000000000838e-05	6.000000000000867e-05	5.999999999999513e-05	0.9989673263489728	6.284984468626908e-22	-4.201410473323418e-20	-7.640237184233789e-22	1.0029999999999712	-4.122424650991954e-20	6.229927327055379e-22	-7.200627084608807e-21	0.9986424307232202	30.548473663959886	91467.86103915489	-598607.8369535223	91837.10344001815	128414303.62457529	625558.724535597	-598413.1509605778	622840.963163889	124.84487489178545	1599.565890624997	30.498506191883894	91686.88643279158	-597434.3394997623	91686.88749299049	128721799.53713319	624332.3931628641	-597434.3396216067	624332.393985384	124.60013178326534	-0.0010332072258327032	0.0	0.0	0.0	0.00299550897976937	0.0	0.0	0.0	-0.0013584916087984202	128730521.1950676	0.002800543015612461
32	32.0	nan	nan	1	1	6.000000000000838e-05	6.000000000000867e-05	5.999999999999513e-05	0.9988980486046452	-5.820810413531552e-21	-1.3053095354543989e-20	-1.692371828614092e-21	1.0032000000000252	9.503286151719622e-20	-1.624609192833748e-21	1.248187751073937e-20	0.9985179438246965	66.7861185266325	108601.23578765745	-647835.843840793	109068.9493237694	129556570.34978236	677888.9458079347	-647589.3259977421	674725.1560385389	100.53174244803787	1599.565890624997	66.67189615114249	108882.41094010738	-646481.7733111279	108882.41184025037	129892000.12785797	676472.0599523106	-646481.7726200451	676472.0601804208	100.32161657890146	-0.001102558990194713	0.0	0.0	0.0	0.0031948908965438567	0.0	0.0	0.0	-0.0014831555068718953	129902164.07601878	0.00299989064208263
34	34.0	nan	nan	1	1	6.000000000000838e-05	6.000000000000867e-05	5.999999999999513e-05	0.9988286036947653	-1.1824579943670032e-21	-3.1252551138368295e-20	-1.2790197503539935e-21	1.0033999999999947	3.271410648885559e-20	-6.152847328855238e-21	1.191267137018448e-20	0.9983930636450212	91.71980077037583	124052.86348510958	-689571.6459523023	124620.62409345008	130564770.72459815	720012.2964365386	-689270.9561858791	716419.4559953888	75.24124396930111	1599.565890624997	91.55613501779567	124398.24904109171	-688041.0154966115	124398.24977451397	130928286.60534045	718414.0973866406	-688041.0140269526	718414.0970312653	75.07423225961224	-0.0011720829261424588	0.0	0.0	0.0	0.0033942330680105273	0.0	0.0	0.0	-0.0016082288620396623	130939716.66122311	0.003199516991236802
36	36.0	nan	nan	1	1	6.000000000000838e-05	6.000000000000867e-05	5.999999999999513e-05	0.9987589150168413	-4.662069341687669e-21	9.89353540634336e-20	-4.37069000783219e-22	1.0035999999999798	2.1574776199514284e-20	-7.341234553853021e-21	1.0198276684941776e-21	0.9982679669762955	102.56920683167218	137797.106243584	-724899.6065001977	138465.02361189094	131460237.6336616	753323.4424268272	-724543.2742807327	749321.1044749597	49.253641041166034	1599.565890624997	102.3786053410692	138207.71700436436	-723196.877700896	138207.7179281285	131851965.65799108	751553.9484043347	-723196.8757626	751553.9475089298	49.137948340660714	-0.001241855766931158	0.0	0.0	0.0	0.0035935355101098633	0.0	0.0	0.0	-0.0017335347271525922	131864482.38788794	0.0033993605383868006
38	38.0	nan	nan	1	1	6.000000000000838e-05	6.000000000000867e-05	5.999999999999513e-05	0.9986889409494701	-4.907708896391416e-21	-2.2290519039944167e-20	-1.7414997395548415e-21	1.0037999999999887	8.7058046318797e-21	-7.917216957985945e-21	3.477917281426157e-21	0.9981427856966842	101.87574900890581	150023.82315121262	-755058.8025525751	150791.61146020715	132262268.86716695	779355.2364149085	-754645.8796849913	774962.9461378361	25.67560386935348	1599.565890624997	101.67892623567546	150500.2827309449	-753187.9147095798	150500.28380434983	132682319.65453671	777424.1467669843	-753187.9125407842	777424.1453785244	25.611984751241966	-0.0013119192403688315	0.0	0.0	0.0	0.0037927982386856446	0.0	0.0	0.0	-0.0018589410641073117	132695757.47429863	0.0035993681718183407
40	40.0	nan	nan	1	1	6.000000000000838e-05	6.000000000000867e-05	5.999999999999513e-05	0.998618664858623	-2.7291401560533557e-21	7.372447717959342e-20	-1.8634724839594606e-23	1.0040000000000164	-2.1488887058662698e-19	-3.108610916423282e-21	-1.7279472123987727e-21	0.998017615488506	95.14503253518619	160988.77825515493	-781126.3304448617	161856.31207079632	132987827.03295983	799523.4764752487	-780656.18313125	794759.4735489236	6.846150217578688	1599.565890624997	94.95420440465544	161531.6832243302	-779090.4583799148	161531.68411467428	133436303.95736746	797439.6553984478	-779090.4559877012	797439.6533239696	6.82830689897943	-0.0013822900642436605	0.0	0.0	0.0	0.00399202126955338	0.0	0.0	0.0	-0.00198435203636073	133450517.36734562	0.0037994952536851393
44	48.666666666666664	nan	nan	1	1	6.000000000000838e-05	6.000000000000867e-05	5.999999999999513e-05	0.9983105827401744	9.246211652227943e-21	2.539697002235195e-19	5.422704928322031e-21	1.004866666666672	-2.5839502385644963e-19	1.469771570075662e-20	1.488067481736355e-20	0.9974767342933749	271.8485465191981	195264.275177	-860218.003554547	196546.59884177856	135530949.62297806	842097.1187129971	-859499.4683066201	835904.1788384574	-595.4111191618869	1599.565890624997	271.2163084688282	196089.5021828787	-857500.5606313149	196089.49049946945	136103731.30390707	839436.9199651623	-857500.5307544651	839436.8818998805	-593.5302055731288	-0.001690845934476345	0.0	0.0	0.0	0.004854862726187538	0.0	0.0	0.0	-0.0025264545067941696	136120185.0620188	0.004667342514163563
48	57.33333333333333	nan	nan	1	1	6.000000000000838e-05	6.000000000000867e-05	5.999999999999513e-05	0.9979982209629455	-7.023597198632658e-21	7.957112209801623e-20	5.597193715456416e-21	1.0057333333333378	-5.0825364967047036e-20	1.4956907782616436e-20	1.5178830414797062e-21	0.9969390582294145	192.68727834786264	214144.24563508242	-909120.0797697009	215803.98489606293	137591672.6419616	852535.1026825928	-908155.2226625521	845080.3867161771	-424.3528907699286	1599.565890624997	192.17707853694904	215232.58934272858	-905750.617341099	215232.5763773875	138290953.77697545	849375.3605742885	-905750.5977861446	849375.3324832701	-422.7801160026172	-0.0020037852745208844	0.0	0.0	0.0	0.005716960329233735	0.0	0.0	0.0	-0.003065636034539906	138308294.14853555	0.005535169145331197
52	66.0	nan	nan	1	1	6.000000000000838e-05	6.000000000000867e-05	5.999999999999513e-05	0.9976828229302045	-1.6659444006597578e-20	5.89907625785785e-20	-5.6514038240806916e-21	1.0066000000000208	-5.250892765300969e-19	1.1189305233229308e-20	3.6117484870923367e-20	0.996404525556068	155.00600975256762	224735.5681872191	-941577.3971188345	226744.21620959125	139424037.45525774	851435.1563455117	-940370.9613551918	842811.2670057449	-289.88240123501316	1599.565890624997	154.54534170509527	226070.3599718101	-937576.2627015347	226070.3467543124	140252130.93984026	847817.0719282588	-937576.2383934262	847817.0503102498	-288.6505763674026	-0.0023198658790163315	0.0	0.0	0.0	0.006578315360143022	0.0	0.0	0.0	-0.003601953697493434	140269832.44540146	0.0064024171932704895
56	74.66666666666666	nan	nan	1	1	6.000000000000838e-05	6.000000000000867e-05	5.999999999999513e-05	0.9973653384850536	-1.3235736833795697e-20	-4.1497160525524877e-19	5.0838917494203104e-21	1.0074666666666667	-5.611085055791388e-19	8.683781775251088e-21	-2.6881437614062476e-20	0.99587267153506	150.18249614172564	230694.19098412702	-964679.8207021578	233030.64934081945	141135227.95415768	846512.2924629833	-963236.0537123858	836770.547335031	-198.65196223527047	1599.565890624997	149.68725275013406	232262.22014370924	-960059.6937440701	232262.20500083777	142094524.5534016	842458.1035198434	-960059.6762889208	842458.0794419454	-197.70056129756648	-0.0026381383437830007	0.0	0.0	0.0	0.007438929096998428	0.0	0.0	0.0	-0.004135869393982387	142112339.07893726	0.0072689055665836775
60	83.33333333333333	nan	nan	1	1	6.000000000000838e-05	6.000000000000867e-05	5.999999999999513e-05	0.9970464472644007	1.9409759986332292e-20	4.235317202202007e-19	1.5077186461126546e-21	1.008333333333347	-5.812136796151668e-19	1.4602848010664137e-20	-2.9815559743351374e-20	0.9953430258593502	147.67017863524995	234028.91372311636	-981959.8858998162	236678.17915317457	142772317.79147536	840887.4135716881	-980282.2293809882	830054.2788496161	-139.55593224403466	1599.565890624997	147.13496767543248	235820.3875006427	-976729.3365458483	235820.37051094894	143865229.17328304	836408.3068576835	-976729.3265692802	836408.2820829172	-138.8125676710791	-0.0029579230799633336	0.0	0.0	0.0	0.008298802814708057	0.0	0.0	0.0	-0.004667851628648931	143883044.65314397	0.00813458816771944
64	92.0	nan	nan	1	1	6.000000000000838e-05	6.000000000000867e-05	5.999999999999513e-05	0.9967266057264508	-2.5069634139885528e-20	3.801145054098398e-19	1.5795470400398192e-20	1.0091999999999983	1.574973062124646e-19	2.2632720350634906e-21	2.8768627020545056e-20	0.9948152278302956	144.3104847757587	235848.9282996176	-995596.5453693114	238800.40903272983	144357407.09118262	835767.7423701278	-993687.329436628	823854.9872810886	-98.34341237968201	1599.565890624997	143.7401915516408	237856.72319648598	-989760.4323833457	237856.7059095681	145586329.6365275	830868.533953642	-989760.4273009326	830868.5100948161	-97.76693060225644	-0.0032787635489563583	0.0	0.0	0.0	0.009157937784763525	0.0	0.0	0.0	-0.005198259741119119	145604094.43446186	0.008999461874011457
68	100.66666666666666	nan	nan	1	1	6.000000000000838e-05	6.000000000000867e-05	5.999999999999513e-05	0.9964061223986721	3.313762296248274e-20	-5.979374981257557e-20	2.428274053188628e-20	1.0100666666666611	-9.601287863716946e-20	-2.031523820694714e-20	3.7066161771848186e-21	0.9942890152322656	140.338130637761	236872.23982751393	-1007253.5112069201	240119.69829230162	145901649.9415296	831722.0822151509	-1005113.3546200348	818730.2215526965	-69.03811712424236	1599.565890624997	139.73751207642508	239092.0511934164	-1000811.6760665873	239092.03498311155	147268944.5687091	826402.848798149	-1000811.6745685191	826402.8245252271	-68.59658759471957	-0.0036003510940488897	0.0	0.0	0.0	0.010016335275483065	0.0	0.0	0.0	-0.005727354796987162	147286648.23925945	0.009863536322531116
72	109.33333333333333	nan	nan	1	1	6.000000000000838e-05	6.000000000000867e-05	5.999999999999513e-05	0.9960852119566875	1.838908528489086e-21	2.9382217687536073e-19	9.073416930988065e-21	1.0109333333333317	1.9325903724554116e-20	6.024098320872584e-21	-3.179422870813742e-20	0.9937641965350382	136.81235427177157	237656.1863447843	-1017926.3786918267	241198.78912148307	147411014.62189943	829065.0385430162	-1015554.4707769114	814984.6282737324	-47.29796142580744	1599.565890624997	136.18192026082718	240087.35402560455	-1010874.7754391626	240087.34037206206	148918995.12119833	823321.7570593659	-1010874.7758637441	823321.7320499829	-46.97030859588157	-0.003922470883707328	0.0	0.0	0.0	0.010873996551877369	0.0	0.0	0.0	-0.006255327294213988	148936650.7208862	0.010726824144572588
76	118.0	nan	nan	1	1	6.000000000000838e-05	6.000000000000867e-05	5.999999999999513e-05	0.9957640267719734	6.984125463290607e-20	5.0472660447810345e-19	3.3203691532368575e-22	1.0118000000000196	-7.977627347784122e-19	-6.7220534694101274e-21	-2.6108943566166555e-20	0.9932406311899568	134.46920951649412	238550.40884278735	-1028087.0124257324	242392.05932187452	148888903.14357957	827933.9841650215	-1025481.7070169363	812747.230119894	-30.16129176900984	1599.565890624997	133.80541814640344	241195.53016267958	-1020419.5368742576	241195.51955091298	150539829.7293311	821759.2504069885	-1020419.5376939308	821759.2248446246	-29.936348778343984	-0.0042449703794050055	0.0	0.0	0.0	0.011730922875717573	0.0	0.0	0.0	-0.006782316811193659	150557460.3173171	0.01158933739759676
80	126.66666666666666	nan	nan	1	1	6.000000000000838e-05	6.000000000000867e-05	5.999999999999513e-05	0.9954426766350922	1.2063443234795746e-20	-4.887041292478412e-19	-1.6119036986249336e-20	1.0126666666666748	-6.87221547029937e-19	8.219607720155731e-21	5.553148002199193e-20	0.9927182155826673	133.2675922509916	239703.60364187803	-1037937.7910711062	243851.14959415913	150337418.4880349	828323.6644137413	-1035097.024412913	812006.5471127911	-15.829664262301463	1599.565890624997	132.56596747197077	242567.33475726732	-1029647.4638353693	242567.32652766386	152133494.71129727	821707.5894483927	-1029647.4645555428	821707.5627818791	-15.703227882495943	-0.00456773962191627	0.0	0.0	0.0	0.012587115505479474	0.0	0.0	0.0	-0.007308426020543665	152151125.80197507	0.012451086422845628
84	135.33333333333331	nan	nan	1	1	6.000000000000838e-05	6.000000000000867e-05	5.999999999999513e-05	0.9951212413220516	-1.1406992700673663e-20	1.0855574252011113e-19	-8.768485069976517e-21	1.0135333333333376	1.3158013090555642e-18	-3.3406979439709605e-21	1.2119347409314529e-20	0.9921968732163591	132.67647010799075	241135.9275756038	-1047558.2962280668	245597.50415833568	151757983.65857366	830113.5148522698	-1044479.8316699171	812638.3011785356	-3.9698925842534516	1599.565890624997	131.9343913716856	244223.84895754515	-1038637.9039172619	244223.84170426865	153701355.29684886	823044.7548208268	-1038637.9045147037	823044.727177444	-3.936087306388896	-0.004890698671796353	0.0	0.0	0.0	0.013442575696492865	0.0	0.0	0.0	-0.007833730484436866	153719011.17454037	0.013312079644007989
88	144.0	nan	nan	1	1	6.000000000000838e-05	6.000000000000867e-05	5.999999999999513e-05	0.9947997792718501	-4.129963244222518e-20	8.464637411137454e-19	5.122177638636205e-20	1.0144000000000015	4.862850031504829e-19	-1.47925833908491e-20	-9.099505545763497e-20	0.9916765473969379	132.403060196326	242806.22516935176	-1056981.3442566108	247590.15155508945	153151648.98078096	833112.7594100224	-1053662.8901233037	814450.2724592037	5.878831161484355	1599.565890624997	131.6190463811269	246124.07355617278	-1047423.7117214248	246124.06686612248	155244404.02095938	825579.432868279	-1047423.7121073769	825579.4044274634	5.8256725052003615	-0.005213788934847985	0.0	0.0	0.0	0.014297304700826146	0.0	0.0	0.0	-0.008358285958536287	155262105.508447	0.014172323768658865
92	152.66666666666666	nan	nan	1	1	6.000000000000838e-05	6.000000000000867e-05	5.999999999999513e-05	0.9944783339504367	2.9136239319653426e-20	-2.266456878945167e-19	5.576864924722314e-20	1.015266666666673	2.0789576657409548e-20	-3.028312193023575e-20	2.5878550604513384e-20	0.9911571955697667	131.93412359311384	244654.87366884868	-1066229.3537698798	249769.07341148748	154519254.9899126	837113.3990438365	-1062668.5974712973	817234.4940379235	13.6335162141865	1599.565890624997	131.10959344144163	248208.13280362333	-1056027.3866354404	248208.1267331422	156763424.28054622	829103.6745369579	-1056027.3868732506	829103.6462344324	13.503067090972868	-0.005536966797284216	0.0	0.0	0.0	0.015151303767350197	0.0	0.0	0.0	-0.008882134053102949	156781188.80845705	0.015031824140022307
96	161.33333333333331	nan	nan	1	1	6.000000000000838e-05	6.000000000000867e-05	5.999999999999513e-05	0.9941569386052853	1.3745650668042787e-20	3.9599806723675246e-19	1.9373337569600357e-20	1.0161333333333231	-1.9673932621921964e-18	-1.5449880957918439e-21	6.52757470472054e-20	0.9906387849660939	131.06053132002842	246623.0299719242	-1075322.6627778674	252074.76414466716	155861524.98197916	841923.3950398552	-1071517.2771638902	820799.7060684891	19.581001294498563	1599.565890624997	130.19847540577214	250416.7379446487	-1064469.3293639978	250416.7322484364	158259083.352876	833425.7825263242	-1064469.3291912782	833425.7547764156	19.38336839510672	-0.005860198867423069	0.0	0.0	0.0	0.01600457414170603	0.0	0.0	0.0	-0.009405306590123478	158276925.03027722	0.015890585097346796
100	170.0	nan	nan	1	1	6.000000000000838e-05	6.000000000000867e-05	5.999999999999513e-05	0.9938356196364118	-3.3640760533151793e-20	1.3078188705606397e-20	-2.510605655661746e-21	1.0170000000000077	5.034899363751122e-19	3.2485407593096924e-20	8.611275754966119e-20	0.9901212894407165	129.80643850909195	248659.90029482637	-1084278.4070399066	254455.67466418966	157179115.7628863	847379.9415293189	-1080226.058424739	824984.1619941898	23.982990347882094	1599.565890624997	128.91008141898274	252698.57819558424	-1072766.7347607415	252698.57269973055	159731983.43692452	838383.3958824732	-1072766.7343918874	838383.3682979435	23.728365407122762	-0.006183458600302365	0.0	0.0	0.0	0.016857117066430446	0.0	0.0	0.0	-0.009927828771217903	159749913.51065835	0.01674861028103551
104	208.75	nan	nan	1	1	6.000000000000838e-05	6.000000000000867e-05	5.999999999999513e-05	0.9924003103761874	-4.975979751940113e-20	-5.512625946002548e-19	-5.037474343910775e-20	1.0208750000000417	1.9475388099085556e-18	5.724587470723464e-20	6.19282728396564e-20	0.9878187743545617	9167.62384085728	257482.36545828474	-1122730.0233872687	264870.0240890889	162782562.74062413	876227.1129997859	-1117547.2202272187	847853.4468725531	6469.170418870352	1599.565890624997	9090.90125905186	262653.5788771676	-1108194.209135037	262653.3633224885	166051848.27521285	864882.7343049792	-1108194.6213953183	864881.5299954874	6385.415056836805	-0.007628714411429008	0.0	0.0	0.0	0.020660102696343354	0.0	0.0	0.0	-0.012256024825654247	166062584.0413356	0.020575825222122517
108	247.5	nan	nan	1	1	6.000000000000838e-05	6.000000000000867e-05	5.999999999999513e-05	0.9909679609049492	-3.3844048440492827e-20	-1.7245251992918653e-18	-3.0987853342351326e-20	1.0247500000000103	9.252987915805978e-19	3.67544536472586e-20	8.998878031629686e-20	0.9855325539094756	7722.504327446991	266073.8966809514	-1158958.8613893033	275144.39885830705	167948903.40526786	910092.3451348607	-1152602.1183280572	875261.6402414574	5318.916294332119	1599.565890624997	7646.61560845542	272440.50842462835	-1141275.4623933309	272440.5666451154	171967581.95320445	896206.1524507581	-1141275.5467188954	896204.8861106044	5237.760247994025	-0.009073075240418465	0.0	0.0	0.0	0.02444868040231969	0.0	0.0	0.0	-0.014573120048608829	171980153.93525657	0.024388792985010482
112	286.25	nan	nan	1	1	6.000000000000838e-05	6.000000000000867e-05	5.999999999999513e-05	0.9895393885880813	-1.0025481963701899e-19	-6.949193824545841e-19	7.446436045902006e-20	1.0286250000000094	3.1425599969492345e-18	-8.847089727481716e-20	-7.982438494924526e-21	0.9832623764819278	7003.895819413135	274597.1871568359	-1192258.4651867398	285443.79121163837	172730637.91934246	946372.0788048235	-1184695.3483270062	904635.4864402638	4827.58453873279	1599.565890624997	6924.894805093717	282223.7619715106	-1171332.6615538178	282224.104680266	177528003.64081267	929761.9251653203	-1171332.4804902354	929760.5443069554	4742.85367790973	-0.010515708174847515	0.0	0.0	0.0	0.02822295894374891	0.0	0.0	0.0	-0.016879280429908054	177541739.15190923	0.028187433679604475
116	325.0	nan	nan	1	1	6.000000000000838e-05	6.000000000000867e-05	5.999999999999513e-05	0.9881149011071418	5.559246639419424e-20	-1.1363794020363693e-19	7.871985398602566e-20	1.0325000000000182	1.53910629900611e-18	-7.180128887285253e-20	-1.7835803363744352e-19	0.9810078981082851	6582.730123156552	283119.2392054041	-1222318.352470125	295837.3425109441	177167617.27275738	983795.7242954243	-1213526.5353155108	934731.0706027503	4554.515295512714	1599.565890624997	6498.954346140151	292071.6674284121	-1198082.7728865978	292072.3388155721	182769781.15793583	964289.4643084799	-1198082.4678049127	964287.9203628453	4464.210410794484	-0.011956291329054765	0.0	0.0	0.0	0.03198304585306859	0.0	0.0	0.0	-0.019174768370401496	182784410.9451248	0.031971840801012716
120	363.75	nan	nan	1	1	6.000000000000838e-05	6.000000000000867e-05	5.999999999999513e-05	0.9866946943937331	1.572770776461785e-19	-3.9437854024160226e-20	1.3017202333404088e-19	1.0363750000000034	9.144974274372108e-19	7.470152968425125e-20	8.334804200982315e-21	0.978768870031318	6316.619772939915	291211.49615111965	-1249320.5039202094	305875.08520548826	181294519.3092979	1021465.8184089562	-1239284.690851159	964686.7669678695	4381.173291572997	1599.565890624997	6227.126084431127	301540.44722226256	-1221726.9290342948	301541.45573561784	187724836.25818774	998904.8394886344	-1221726.5407513434	998903.1442286745	4284.406903020305	-0.013394614255462163	0.0	0.0	0.0	0.03572904745424877	0.0	0.0	0.0	-0.021459752137491208	187740206.02908576	0.03574209901058308
124	402.5	nan	nan	1	1	6.000000000000838e-05	6.000000000000867e-05	5.999999999999513e-05	0.9852789004106757	-1.5121909800741572e-19	1.7554588425255923e-19	7.781183466656905e-20	1.0402499999999928	-1.438465232345143e-18	6.028164079019405e-20	2.2808903203663797e-19	0.9765450902030418	6135.08263732628	298575.52190070867	-1273753.8583016628	315235.1060108098	185141313.7036962	1058596.3912105802	-1262462.4977943082	993766.2839654805	4257.316506501688	1599.565890624997	6039.352676367068	310314.96263655304	-1242763.8319205448	310316.27342528175	192420729.86663166	1032841.0775942485	-1242763.4174769504	1032839.3476969831	4153.737349516705	-0.014830530263720228	0.0	0.0	0.0	0.03946106888090647	0.0	0.0	0.0	-0.02373435440831535	192436738.9496347	0.039498290671264424
128	441.25	nan	nan	1	1	6.000000000000838e-05	6.000000000000867e-05	5.999999999999513e-05	0.9838676165500092	1.3674499900473423e-20	-2.100858549625162e-18	8.962286208308302e-20	1.0441250000000089	9.885213307636586e-20	-4.7000164177246617e-20	8.727827488508311e-21	0.9743363763268337	6000.623466443774	305176.38031773973	-1296093.317537116	323868.59896348143	188733951.374417	1094495.9149397565	-1283536.8826233402	1021338.9350726255	4160.246773059231	1599.565890624997	5898.410101052881	318350.3519411627	-1261673.8762318767	318351.8889699929	196881291.33956876	1065430.1544784042	-1261673.3837536098	1065428.487922472	4049.7660170186664	-0.016263927007080018	0.0	0.0	0.0	0.04317921409394178	0.0	0.0	0.0	-0.025998679389413127	196897864.94360262	0.043240498955636295
132	480.0	nan	nan	1	1	6.000000000000838e-05	6.000000000000867e-05	5.999999999999513e-05	0.9824609049980075	1.6342992497503371e-19	1.5317337242332086e-18	-9.524716085285156e-20	1.0479999999999896	-4.2411820583287965e-18	1.2359904766334751e-20	-4.4614919397778505e-20	0.9721425690058251	5897.418890172814	310883.8334732004	-1316686.5875870984	331624.2046526816	192095012.19865137	1128682.4871894778	-1302857.368126392	1046983.3760075521	4086.1729448659	1599.565890624997	5788.562584050645	325501.42949156486	-1278809.4928516662	325502.9867755953	201127219.67657652	1096213.702365108	-1278808.840602831	1096211.989336978	3968.6260956785964	-0.01769472738104601	0.0	0.0	0.0	0.0468835858988405	0.0	0.0	0.0	-0.028252809345642168	201144289.12204072	0.04696880650715942
136	518.75	nan	nan	1	1	6.000000000000838e-05	6.000000000000867e-05	5.999999999999513e-05	0.9810587841733083	-5.336985194059896e-20	1.624609192833748e-18	-1.4720754996921937e-19	1.0518750000000003	4.883409215200585e-18	1.1384122811097796e-20	-1.5021621099786663e-19	0.9699635423307794	5813.741633195838	315527.2836937146	-1335770.760172343	338304.61891290726	195244262.4739388	1161049.998876727	-1320663.1728564636	1070634.9931679734	4030.513612360185	1599.565890624997	5698.180252202671	331578.5874688895	-1294412.7096682652	331580.0426546996	205176604.71275228	1125101.6416263347	-1294411.978752708	1125099.6572264803	3905.721102666487	-0.019122898507369993	0.0	0.0	0.0	0.05057428596293393	0.0	0.0	0.0	-0.030496793417051683	205194109.44259706	0.05068329314991279
140	557.5	nan	nan	1	1	6.000000000000838e-05	6.000000000000867e-05	5.999999999999513e-05	0.979661258086577	3.3214533554093427e-19	2.0517712962658808e-18	2.664359076247347e-19	1.0557500000000115	-2.018133923864518e-18	-2.851451713636877e-20	-3.1521822912300435e-19	0.9677991766202505	5741.001461153062	319343.8401000668	-1353345.7471072492	344148.1668784622	198199095.82495025	1191885.8866701096	-1336958.2840014808	1092591.9183437522	3982.5557179692773	1599.565890624997	5618.77082888906	336819.6043739895	-1308494.009578366	336820.96999222384	209045338.16003364	1152385.1507587035	-1308493.3450061036	1152382.8910037708	3850.568349524578	-0.020548422083680188	0.0	0.0	0.0	0.05425141483192702	0.0	0.0	0.0	-0.03273067539797522	209063231.3143968	0.054384039568767965
144	596.25	nan	nan	1	1	6.000000000000838e-05	6.000000000000867e-05	5.999999999999513e-05	0.9782683437387275	1.892068316258766e-19	9.394747349858456e-19	8.277883586926826e-20	1.0596250000000018	2.3066401219629106e-20	-7.383416794626286e-20	1.2900650599861896e-19	0.9656493330012713	5674.662325169125	322712.8267114174	-1369302.5093133862	349552.26012789976	200974901.2476219	1221449.7692101889	-1351638.8215495555	1113119.7065271859	3939.7875098455092	1599.565890624997	5545.853367213554	341616.4555835573	-1320958.6030204135	341617.7858282775	212747457.62387452	1178325.8774604546	-1320958.020092192	1178323.1942127615	3800.691351841899	-0.021971266481707143	0.0	0.0	0.0	0.05791507194643492	0.0	0.0	0.0	-0.03495451998890389	212765698.69555748	0.058071130799169486
148	635.0	nan	nan	1	1	6.000000000000838e-05	6.000000000000867e-05	5.999999999999513e-05	0.9768800547930739	7.600257229123386e-20	-3.743180895451892e-18	-4.655293078109635e-20	1.0635000000000037	-2.4196681984445244e-19	4.9656459499836105e-20	-2.1408927148441893e-19	0.9635138707103621	5609.987798166361	325849.5368525841	-1383691.0819394714	354744.08184158674	203585339.14567792	1249922.7778049007	-1364758.179937537	1132406.800566876	3895.713018945964	1599.565890624997	5474.777217022796	346192.6907953101	-1331865.609553349	346194.1250165967	216295401.38706225	1203107.531792679	-1331865.1054302966	1203104.233781715	3749.80099412851	-0.02339140336750045	0.0	0.0	0.0	0.06156535565815848	0.0	0.0	0.0	-0.03716839506075103	216313959.29935384	0.061744653273306076
152	673.75	nan	nan	1	1	6.000000000000838e-05	6.000000000000867e-05	5.999999999999513e-05	0.9754963925687428	1.676989710291954e-19	3.645656910036821e-18	5.0618688927916987e-20	1.0673749999999818	4.6754050284092405e-18	1.3536264123481522e-19	4.2638960938423675e-19	0.9613926572048064	5546.828914566429	328808.81580797065	-1396767.0942309701	359779.8612213253	206042614.71128872	1277231.546071934	-1376572.0256301928	1150408.2812492275	3852.176991518658	1599.565890624997	5405.388874242603	350604.095214449	-1341471.038250461	350605.7405007081	219700266.6396256	1226667.7352810227	-1341470.455739967	1226663.7486087058	3699.674691421787	-0.024808816958876278	0.0	0.0	0.0	0.06520236324561628	0.0	0.0	0.0	-0.03937236115826015	219719112.34297502	0.06540469294341321
156	712.5	nan	nan	1	1	6.000000000000838e-05	6.000000000000867e-05	5.999999999999513e-05	0.9741173495930865	9.473216482092095e-20	-5.174625918730192e-19	2.699663409488906e-20	1.0712500000000025	-1.2736665021273464e-18	-6.591949208711867e-20	1.2048196641745169e-19	0.9592855654550781	5490.464138682409	331634.9147191083	-1408678.1158967835	364705.3673358187	208357672.05739558	1303046.3024525847	-1387229.043487977	1166851.0207491477	3812.669593411247	1599.565890624997	5342.817191500861	354895.9628352915	-1349925.043720096	354897.88426194125	222971989.24775547	1248698.9163509523	-1349924.3406178602	1248694.5677745042	3653.6509721381058	-0.026223500468565114	0.0	0.0	0.0	0.0688261909298548	0.0	0.0	0.0	-0.04156647422747387	222991086.20578563	0.06905133549153365
160	751.25	nan	nan	1	1	6.000000000000838e-05	6.000000000000867e-05	5.999999999999513e-05	0.9727429115914774	-1.588356182691264e-20	-3.1951776836326716e-18	-1.5598958756635195e-20	1.075124999999985	2.7396975747079332e-18	-4.466912950640278e-20	4.8626467435974875e-20	0.9571924726452354	5438.579983347771	334242.8166301734	-1419489.5745330374	369424.49139251484	210540377.3393363	1326852.0306471305	-1396796.5810538796	1181302.799138706	3774.423884699283	1599.565890624997	5284.78452446926	358975.4370860867	-1357297.8830902502	358977.6818671172	226119516.16983557	1268719.0414651649	-1357297.1213050336	1268714.4421746512	3609.056128695351	-0.027635454122716202	0.0	0.0	0.0	0.07243693388949281	0.0	0.0	0.0	-0.04375078690985107	226138822.0371911	0.07268466636070652
164	790.0	nan	nan	1	1	6.000000000000838e-05	6.000000000000867e-05	5.999999999999513e-05	0.9713730561613723	-1.9353008778866253e-19	-7.096591109895245e-18	-1.9886978348815364e-19	1.079000000000014	7.091386939467314e-18	2.1678622438847662e-19	-5.341999629107641e-19	0.9551132620626186	5369.683958423791	336461.41193907894	-1429128.2144150543	373743.29904426716	212599687.9404429	1348357.860211986	-1405205.1472197971	1193539.8723279533	3720.7024029569957	1599.565890624997	5210.416077225311	362655.55548442557	-1363526.8545228795	362657.8601596317	229150967.0648858	1286464.106832123	-1363525.963085354	1286459.1600485726	3549.910772838654	-0.029044686575441025	0.0	0.0	0.0	0.07603468627601094	0.0	0.0	0.0	-0.04592534651526536	229170450.56840405	0.07630477031441109
168	828.75	nan	nan	1	1	6.000000000000838e-05	6.000000000000867e-05	5.999999999999513e-05	0.9700077648470351	2.8479280565762987e-19	3.4377814722534594e-18	-2.3486529561467237e-19	1.0828750000000145	1.6664729492188446e-18	1.393199791643873e-19	2.7064396730669403e-19	0.953047812368847	5305.7692702487075	338237.9235822357	-1437538.6159233607	377596.4564607972	214543794.68942097	1367587.3097087662	-1412403.0951372453	1203620.493329427	3667.284474112629	1599.565890624997	5141.091623672206	365874.7173586778	-1368566.7411453445	365876.8183389017	232073770.4740709	1301971.638847187	-1368565.6785671767	1301966.0928025667	3491.3312978138542	-0.030451202519804956	0.0	0.0	0.0	0.07961954122818088	0.0	0.0	0.0	-0.048090206209881414	232093380.96596918	0.07991173279327489
172	867.5	nan	nan	1	1	6.000000000000838e-05	6.000000000000867e-05	5.999999999999513e-05	0.9686470272830827	1.4582519219930034e-19	8.157238990183502e-18	2.429426017996894e-19	1.0867499999999959	-9.114237142782144e-18	-6.537739100087592e-20	2.929514270055833e-19	0.9509959930797364	5243.548292670125	339800.45789711276	-1444840.6708785817	381232.8075789138	216380135.67704153	1384729.7739647175	-1418511.1612724313	1211747.1729291047	3613.7892072875557	1599.565890624997	5073.608312538231	368875.4248430622	-1372539.2076841579	368877.30093923124	234894664.26686156	1315436.328116704	-1372538.139740339	1315430.1085490119	3432.9511033849117	-0.03185499838169525	0.0	0.0	0.0	0.08319159088676041	0.0	0.0	0.0	-0.05024542982129481	234914359.0033062	0.08350564074930149
176	906.25	nan	nan	1	1	6.000000000000838e-05	6.000000000000867e-05	5.999999999999513e-05	0.967290835035657	-2.5148069390801277e-19	3.785529154682818e-18	-2.0274580625478933e-20	1.0906249999999946	1.6736015785029367e-18	-3.80934433302782e-19	2.115820539605462e-19	0.9489576712621934	5178.261017360448	341558.8562932656	-1451280.8659509586	385111.0747105813	218115510.28343004	1400150.0838478066	-1423773.7417117138	1218270.7579981883	3558.296930152959	1599.565890624997	5003.3588027255555	372101.6851383526	-1375684.8289557004	372103.46856220736	237619805.30111122	1327217.4076024564	-1375684.010481573	1327210.7973586805	3372.9481443438817	-0.033256068628496976	0.0	0.0	0.0	0.0867509264086498	0.0	0.0	0.0	-0.052391084884158765	237639556.70325375	0.08708658145337417
180	945.0	nan	nan	1	1	6.000000000000838e-05	6.000000000000867e-05	5.999999999999513e-05	0.9659391751760393	2.3706080501395556e-19	-2.9478643918251503e-18	-4.237062090073351e-19	1.0944999999999743	2.277149822871305e-18	1.2934531917752069e-19	5.047503214006266e-19	0.9469327179283672	5111.893016262847	343759.67096068576	-1457121.301544521	389513.73515782907	219756114.21834514	1414290.5978230096	-1428449.509423733	1223600.922579081	3496.411299080087	1599.565890624997	4932.270288534569	375825.30858907354	-1378256.8554431787	375826.9229780565	240254795.47858506	1337744.2975902013	-1378256.3624841287	1337737.4752338252	3307.1734228976834	-0.03465441240831319	0.0	0.0	0.0	0.09029763798075727	0.0	0.0	0.0	-0.05452723591417967	240274589.512149	0.09065464149324869
184	983.75	nan	nan	1	1	6.000000000000838e-05	6.000000000000867e-05	5.999999999999513e-05	0.9645920411941847	1.306463617845033e-19	-1.3027027915592238e-18	2.663884737796884e-19	1.098375000000016	-8.853649150625253e-18	5.147791914961175e-19	3.41144213572564e-19	0.9449209975620897	5048.438115147426	346247.2341176955	-1462571.4954636057	394270.89138408354	221307613.42464894	1427473.5068940078	-1432744.774956903	1228034.526245297	3432.111594299687	1599.565890624997	4864.194112827703	379880.62061129295	-1380456.707871174	379881.8773227221	242804751.20035973	1347329.2649366122	-1380456.398706692	1347322.005765351	3239.418713689356	-0.036050022268527264	0.0	0.0	0.0	0.09383181483388464	0.0	0.0	0.0	-0.0566539554465052	242824577.41639125	0.09420990833521387
188	1022.5	nan	nan	1	1	6.000000000000838e-05	6.000000000000867e-05	5.999999999999513e-05	0.9632494415186126	2.572269654221859e-20	-5.0887367778786054e-18	1.8821749714348357e-19	1.102249999999972	-2.0017082609513624e-18	4.0722633598555544e-19	-1.9466850006977233e-19	0.9429223599663158	4986.802875142262	348697.54568510246	-1467718.3951550184	399016.7489857223	222775202.96736813	1439937.9691527346	-1436745.4166170089	1231791.5109371664	3363.6676130871906	1599.565890624997	4798.06535457635	383914.212700754	-1382368.611330982	383915.00268585666	245274358.00682148	1356203.6541827112	-1382368.338876793	1356196.1475919802	3168.0658514818365	-0.03744287526465734	0.0	0.0	0.0	0.09735354525588392	0.0	0.0	0.0	-0.05877133275380084	245294210.4074064	0.0977524715431286
192	1061.25	nan	nan	1	1	6.000000000000838e-05	6.000000000000867e-05	5.999999999999513e-05	0.9619113834238027	-4.618701254788249e-19	-4.166846446877759e-18	-3.8185600514939464e-19	1.1061250000000054	4.114926715342859e-18	-1.6544925152128798e-19	2.1643385868241883e-19	0.9409366564172699	4901.5738350355705	350851.1357272296	-1472432.8694789708	403452.73278558266	224163693.3732311	1452005.1225870338	-1440325.4869713709	1235156.6671931292	3279.415266162448	1599.565890624997	4709.458270831694	387638.97326840024	-1383872.9847972528	387639.5364536867	247667956.84768224	1364673.8704267412	-1383872.4062100707	1364666.7020300156	3082.1739223872446	-0.03883294958253825	0.0	0.0	0.0	0.10086291660538245	0.0	0.0	0.0	-0.06087945684077192	247687848.3234516	0.10128242019255537
196	1100.0	nan	nan	1	1	6.000000000000838e-05	6.000000000000867e-05	5.999999999999513e-05	0.9605778567093659	7.025630077706069e-20	8.832236157718664e-18	-1.3885919324108099e-19	1.11000000000001	1.891282269683714e-18	-2.8297676701871664e-19	-5.89345195908808e-19	0.9389637565455805	4810.434311742621	352632.8842521567	-1476573.8319274946	407487.4895549762	225477584.82392722	1463845.5350269866	-1443348.4209241057	1238280.274960313	3194.1603049178275	1599.565890624997	4615.43331674177	390968.1769509375	-1384840.0586571558	390969.13367188163	249989618.71881083	1372902.5212003964	-1384839.2801743736	1372895.731724652	2995.7195829811835	-0.04022024153764694	0.0	0.0	0.0	0.10436001532425146	0.0	0.0	0.0	-0.06297839844682356	250009546.30303138	0.10479984001639053
200	1138.75	nan	nan	1	1	6.000000000000838e-05	6.000000000000867e-05	5.999999999999513e-05	0.9592488384383832	5.898059818321145e-20	7.112461119195002e-18	1.8192912454306764e-19	1.1138750000000113	3.0294777103589965e-18	2.0491421059976033e-19	-5.661974795262425e-19	0.9370035430428086	4735.476829800722	354181.32953359815	-1480185.8168609636	411275.5643925736	226720998.72583702	1475569.3044586855	-1445859.0164903798	1241258.6964290414	3121.4947917805107	1599.565890624997	4537.180179894159	394051.6486141636	-1385314.8822989867	394053.5254007989	252243062.73007783	1380994.2603457535	-1385314.110557583	1380987.632319938	2921.4259053250344	-0.04160476076184633	0.0	0.0	0.0	0.10784492695075737	0.0	0.0	0.0	-0.06506821548852779	252263009.29533967	0.10830481439317902
204	1177.5	nan	nan	1	1	6.000000000000838e-05	6.000000000000867e-05	5.999999999999513e-05	0.9579243049097144	3.987153489315443e-19	7.410183035759521e-18	9.139824314052802e-20	1.1177499999999883	-8.019355578897658e-18	4.2554935270056047e-19	-6.730184985703769e-20	0.9350558994781321	4664.962580234236	355609.2281953864	-1483350.7106434265	414943.9918179731	227897684.80619046	1487270.7565183407	-1447938.3722149106	1244173.071154267	3053.6347119809316	1599.565890624997	4463.401050007771	397012.568191146	-1385376.9991439914	397015.2851004791	254431656.8748027	1389038.1302249478	-1385376.525478171	1389031.2935912425	2851.9454390735764	-0.042986517797201765	0.0	0.0	0.0	0.11131773613194246	0.0	0.0	0.0	-0.06714896594242471	254451617.5984009	0.11179742635708106
208	1216.25	nan	nan	1	1	6.000000000000838e-05	6.000000000000867e-05	5.999999999999513e-05	0.956604218880305	-2.273571955702103e-19	-5.687182495772713e-18	-3.463483840004944e-19	1.1216249999999979	-6.2021785277033285e-19	-1.932048271369169e-19	-2.7576682257168804e-19	0.9331207233931423	4575.421999401694	356995.9717719053	-1486025.1367474475	418583.572488707	229011166.58984256	1498891.5706157552	-1449544.6921357387	1246976.4782276712	2977.747390481864	1599.565890624997	4371.652578093657	399938.4776580541	-1384988.5503183033	399941.67839757574	256558573.6949332	1396980.1803051534	-1384988.2680255095	1396973.3941323536	2775.286863978865	-0.044365537458915874	0.0	0.0	0.0	0.11477852663608304	0.0	0.0	0.0	-0.06922069380097476	256578559.52861813	0.11527775641168815
212	1255.0	nan	nan	1	1	6.000000000000838e-05	6.000000000000867e-05	5.999999999999513e-05	0.9552885268222877	4.499439015814844e-21	-9.606573349307812e-19	-4.839607447432171e-19	1.1255000000000066	-2.9727197266293805e-18	-8.990204414249803e-19	-8.798300629719869e-19	0.9311979294706929	4480.051266767393	358335.9354040619	-1488235.3385160298	422187.02913152124	230064778.50326666	1510455.656493001	-1450704.5383660432	1249690.6035021397	2896.6930843151517	1599.565890624997	4274.600013790064	402822.5735178258	-1384176.7546657694	402825.8993227467	258626827.4991544	1404843.4105561434	-1384176.4905023715	1404837.0126097894	2694.154028561215	-0.045741861804163925	0.0	0.0	0.0	0.11822738136465615	0.0	0.0	0.0	-0.07128342551399397	258646842.18924096	0.11874588189902369
216	1293.75	nan	nan	1	1	6.000000000000838e-05	6.000000000000867e-05	5.999999999999513e-05	0.9539771848041351	-4.578043673320043e-19	-4.362043495506618e-18	-1.0440866921035407e-19	1.1293750000000253	-4.056650848571763e-18	6.38378239159465e-19	-1.185575075612899e-19	0.9292874238259312	4395.234427417809	359486.6057629013	-1490075.0990374184	425584.8103133931	231061599.55798045	1522200.953003626	-1451510.3302320896	1252512.4925587468	2818.301840220118	1599.565890624997	4187.876000926945	405503.5544396179	-1383031.2683214322	405506.5646447436	260639196.0457685	1412849.2691627962	-1383030.9571559655	1412843.3704358395	2615.841021107067	-0.04711552311947464	0.0	0.0	0.0	0.12166438236437832	0.0	0.0	0.0	-0.07333719746432514	260659235.87297338	0.12220188108779116
220	1332.5	nan	nan	1	1	6.000000000000838e-05	6.000000000000867e-05	5.999999999999513e-05	0.9526701742289743	4.187188790139018e-19	-1.1145733858422546e-17	-3.8540676726428467e-19	1.133249999999982	-2.5165958726647287e-18	1.240327285323417e-19	4.1584574325681524e-19	0.927389088540569	4314.800777277403	360312.0962997361	-1491630.887346077	428612.33810248773	232004456.77358836	1534760.9233411218	-1452047.1041634725	1255958.5444072909	2744.7255311592817	1599.565890624997	4105.5660062759625	407825.419772024	-1381634.1884970556	407827.9243970976	262598219.5556346	1421583.7046859337	-1381633.9474488122	1421578.198038251	2542.3224096931463	-0.048486527331339756	0.0	0.0	0.0	0.1250896108388052	0.0	0.0	0.0	-0.07538207273927101	262618292.55801928	0.12564583560458045
224	1371.25	nan	nan	1	1	6.000000000000838e-05	6.000000000000867e-05	5.999999999999513e-05	0.9513674866800638	-1.7683337433238577e-19	2.6185921920413023e-18	-2.439454888092385e-20	1.1371250000000006	-9.854964067024241e-18	-2.912167035296065e-19	3.415236843329339e-19	0.9255027967978279	4255.165259942544	360968.05921597604	-1492973.0462967532	431450.8007881178	232895929.20631525	1548844.2474460236	-1452383.6767950642	1260595.384936005	2692.1427891146272	1599.565890624997	4043.2490059028746	409961.1793023106	-1380052.0110183458	409963.63591436937	264506200.35331556	1431697.3931605867	-1380051.8895640974	1431692.2437788423	2488.5225351400645	-0.04985486975325067	0.0	0.0	0.0	0.12850314716008962	0.0	0.0	0.0	-0.07741812504140794	264526311.41646093	0.12907782801638426
228	1410.0	nan	nan	1	1	6.000000000000838e-05	6.000000000000867e-05	5.999999999999513e-05	0.9500691135858512	-2.148346604780027e-19	-5.472889936380953e-18	4.2549514259193623e-19	1.141	-1.4036731846300833e-17	8.673617379884036e-21	2.824346659324739e-19	0.9236284224318742	4201.239346948468	361622.140025103	-1494138.6920534214	434298.62040545885	233738345.9796746	1564527.4938556086	-1452556.4078895366	1266465.6046413633	2641.825689650831	1599.565890624997	3986.52499134001	412099.9136984272	-1378320.0329012112	412102.7537287042	266365196.00141317	1443252.6232503264	-1378320.048722929	1443247.823096513	2437.0436900168356	-0.051220545890785306	0.0	0.0	0.0	0.1319050708799388	0.0	0.0	0.0	-0.0794454284457616	266385368.08993316	0.13249794051072242
232	1448.75	nan	nan	1	1	6.000000000000838e-05	6.000000000000867e-05	5.999999999999513e-05	0.9487750703619179	-1.7607443281164593e-19	-1.5236835231025036e-18	3.195685903401024e-19	1.1448749999999848	7.253854635014268e-18	-1.465841337200402e-19	-7.269575566515307e-20	0.921765817453067	4121.451327773097	362282.57028357947	-1495066.386586008	437165.0020246468	234533971.7506418	1581447.277941816	-1452505.8637001438	1273256.5009427385	2572.725264712824	1599.565890624997	3905.453799448369	414251.01064231305	-1376382.494939442	414254.0048059996	268177226.27839786	1455906.1521001738	-1376382.75766654	1455901.651325817	2368.492831094403	-0.052583525997529225	0.0	0.0	0.0	0.13529546074100124	0.0	0.0	0.0	-0.08146408177311468	268197500.4501675	0.13590625807742338
236	1487.5	nan	nan	1	1	6.000000000000838e-05	6.000000000000867e-05	5.999999999999513e-05	0.9474853986895008	-4.2235095629172827e-19	-3.635980405647388e-18	-7.2316284904783145e-19	1.1487500000000104	-2.4634157561043146e-18	-1.2370746788059606e-19	-6.949735925632084e-19	0.9199148106718408	4027.075974521125	362950.73185337853	-1495527.3566290105	440051.54744215665	235285059.4843697	1599533.5674465906	-1452009.9477741339	1280896.8042550616	2501.1779355821054	1599.565890624997	3810.804659689875	416416.125906669	-1374030.3046758056	416418.88509335124	269944332.2621017	1469587.0224479071	-1374030.7632392514	1469582.6130186673	2297.981555230627	-0.05394375249838526	0.0	0.0	0.0	0.1386743946877684	0.0	0.0	0.0	-0.08347421032225229	269964732.19332373	0.13930286849771467
240	1526.25	nan	nan	1	1	6.000000000000838e-05	6.000000000000867e-05	5.999999999999513e-05	0.9462001438264812	2.15485181781494e-19	-4.2928985019563546e-19	2.639761239459082e-19	1.1526250000000258	7.877704565062427e-18	2.0307106690653498e-19	-6.044427111606687e-19	0.9180752289051928	3928.967764439632	363527.4976771558	-1495256.6750170593	442837.715320539	235993737.5012908	1618566.5866738704	-1450812.1213308123	1289197.6960770867	2435.514754101715	1599.565890624997	3712.890668504001	418481.2340288274	-1371022.8882186974	418483.4591305855	271668446.3311821	1484087.564036837	-1371023.4112368557	1484083.1744744328	2233.159382103869	-0.05530116378078764	0.0	0.0	0.0	0.14204194987719043	0.0	0.0	0.0	-0.08547594302079091	271688979.18816024	0.1426878593287116
244	1565.0	nan	nan	1	1	6.000000000000838e-05	6.000000000000867e-05	5.999999999999513e-05	0.9449193327101598	7.188260403578895e-20	2.171602741379841e-18	4.2766354693690724e-19	1.1565000000000043	1.11949837421077e-17	2.2302038688026826e-19	6.561591547882272e-19	0.9162469178398113	3814.914995150217	363758.35032365896	-1494122.6292645272	445210.5112677958	236662012.0134885	1637819.5147842073	-1448786.064292606	1297572.0572337494	2367.3097524104114	1599.565890624997	3600.20061294789	420151.29871935246	-1367243.513670858	420152.7839007719	273351392.80384785	1498737.830678959	-1367244.219943942	1498732.8388300186	2166.280625457189	-0.05665571734342631	0.0	0.0	0.0	0.14539820268936035	0.0	0.0	0.0	-0.08746938967254211	273372061.402366	0.14606131480797221
248	1603.75	nan	nan	1	1	6.000000000000838e-05	6.000000000000867e-05	5.999999999999513e-05	0.9436429714694307	-6.310056643865636e-19	-1.1161807155629644e-17	-2.912167035296065e-19	1.1603749999999933	9.742423881520246e-18	-1.325979256949772e-19	-5.816202554298488e-19	0.9144297446202244	3684.8860766764387	363719.1089645683	-1492143.464515934	447257.1182758249	237291795.71379673	1656754.3361744145	-1445950.7911145906	1305594.5705826557	2296.581031471248	1599.565890624997	3472.7646954180245	421510.1768659508	-1362713.3423341042	421510.6512936207	274994918.64724946	1513045.690688442	-1362714.2750702223	1513039.553869384	2097.3731331876693	-0.05800739256455424	0.0	0.0	0.0	0.1487432287379534	0.0	0.0	0.0	-0.08945463791836507	275015718.4692814	0.14942331539692263
252	1642.5	nan	nan	1	1	6.000000000000838e-05	6.000000000000867e-05	5.999999999999513e-05	0.9423710516519276	-7.538457705291713e-19	6.9186735333903735e-18	-3.2873009869760495e-19	1.1642500000000118	1.120067580351325e-17	-5.888301998768775e-19	-7.058698243966877e-19	0.9126235914253241	3542.056695421619	363865.29864258965	-1489505.78783636	449536.4706949412	237884835.68242776	1675095.0702658992	-1442488.2412226843	1313054.7777532486	2223.2455400012923	1599.565890624997	3333.6313422469652	423084.3993342204	-1357606.8224278719	423084.38205655664	276600607.9471722	1526761.771709288	-1357607.8604214052	1526754.527049141	2026.3723294572976	-0.05935618424344666	0.0	0.0	0.0	0.15207710288035983	0.0	0.0	0.0	-0.09143176003912945	276621533.88801944	0.1527739388675272
256	1681.25	nan	nan	1	1	6.000000000000838e-05	6.000000000000867e-05	5.999999999999513e-05	0.9411035577640031	-3.2742905609062234e-19	-9.66652972944626e-18	9.817450671856242e-20	1.1681250000000003	6.75479637501919e-18	-1.951563910473908e-21	-5.475220971051797e-20	0.9108283482308263	3358.608281619656	364400.53001815	-1486365.073343607	452304.64572361164	238442756.661121	1692725.104403624	-1438550.2310124298	1319870.4960112257	2133.236527339424	1599.565890624997	3156.7013562579336	425113.6459059481	-1352068.6957357167	425113.78787791956	278169929.16839385	1539783.6407725066	-1352069.989862644	1539775.363814859	1940.493880636845	-0.060702094693127345	0.0	0.0	0.0	0.1553998992276903	0.0	0.0	0.0	-0.09340082073713744	278190997.0092546	0.1561132613887686
260	1720.0	nan	nan	1	1	6.000000000000838e-05	6.000000000000867e-05	5.999999999999513e-05	0.9398404698980534	-2.0014372104082413e-19	2.312223763151211e-18	1.633892673935655e-19	1.1719999999999904	-4.1660468477755505e-18	1.6132928326584306e-19	9.063930161978817e-20	0.9090439110020582	3135.8128698005803	365377.0961685647	-1482697.3676483417	455632.72525584063	238967125.63620305	1709806.4883974318	-1434114.2366774306	1326177.5050504843	2027.7459207842778	1599.565890624997	2943.32123927185	427663.6279067556	-1346079.663053772	427663.74564886495	279704308.1564144	1552262.6477981543	-1346081.2451551864	1552253.5183665827	1840.9067186361465	-0.062045130995358244	0.0	0.0	0.0	0.15871169115481285	0.0	0.0	0.0	-0.09536187903844301	279725534.8384274	0.1594413575907776
264	1750.0	nan	nan	1	1	6.000000000000838e-05	6.000000000000867e-05	5.999999999999513e-05	0.9388655593714773	1.4300626655083803e-19	3.837533589512443e-19	-4.687548092741079e-19	1.1749999999999878	8.567853457958075e-18	-2.424276057677588e-19	-3.200022712090966e-19	0.9076696591714523	1615.6316986674672	366462.1997174891	-1479306.8259773934	458631.1985261556	239350657.7540046	1722946.1247713924	-1430154.2652770763	1330945.9666721534	1174.5190282543924	1599.565890624997	1514.8745880177912	430029.21136657015	-1340963.591836894	430029.1635107458	280868735.36581105	1561817.9970800804	-1340964.252682327	1561813.5918541471	1064.6792316179422	-0.0630829842825643	0.0	0.0	0.0	0.1612681475961121	0.0	0.0	0.0	-0.09687477806148247	280891062.7370378	0.1620103465619832
268	1780.0	nan	nan	1	1	6.000000000000838e-05	6.000000000000867e-05	5.999999999999513e-05	0.9378933415840497	5.464378949326942e-20	2.0995575070181795e-19	-3.8546097737290897e-19	1.1780000000000008	-1.0464773578938713e-17	-1.3877787807814457e-19	-3.6543034223623925e-19	0.9063018643892747	1461.4202329624509	367700.001251931	-1475358.0087941801	461833.37284895906	239716519.65560877	1735763.6382839915	-1425663.775123709	1335417.2613929445	1106.2140250582775	1599.565890624997	1368.8534405710736	432580.8655503961	-1335360.9605120514	432580.7095973634	282014629.33448166	1571056.6421333998	-1335361.807410926	1571052.3601779991	1001.2451311672105	-0.06411904477376457	0.0	0.0	0.0	0.16381808522939548	0.0	0.0	0.0	-0.09838284477988406	282037051.3654687	0.16457262559103264
272	1810.0	nan	nan	1	1	6.000000000000838e-05	6.000000000000867e-05	5.999999999999513e-05	0.9369237169148057	1.2242810931706316e-18	-1.361215827555551e-19	1.490235886081326e-19	1.1809999999999787	-4.923145224822179e-18	-1.1709383462843448e-20	-3.3127797380294587e-19	0.9049404065613789	1260.604645687306	369090.3705727957	-1470742.9566279154	465241.39238418866	240064312.81792033	1748336.7865792245	-1420538.041725888	1339658.2266658768	1009.5452571275542	1599.565890624997	1179.530092804136	435319.88097694854	-1329176.4775857413	435319.847989335	283141410.3828497	1580050.4915876063	-1329177.5291492676	1580046.2604237974	912.3713989484518	-0.06515341210181923	0.0	0.0	0.0	0.16636153721520724	0.0	0.0	0.0	-0.0998861865538071	283163952.9920462	0.1671282859167235
276	1840.0	nan	nan	1	1	6.000000000000838e-05	6.000000000000867e-05	5.999999999999513e-05	0.935956663099908	2.222614453595284e-19	7.1047768362975105e-19	6.209225841824484e-19	1.1840000000000153	5.354007168167918e-18	4.653395724307785e-19	-6.651580328198569e-19	0.9035852519264046	1035.6975849235002	370735.2583575598	-1465449.5252629523	468986.2808898532	240394646.0252938	1760769.8687971618	-1414766.0875364612	1343751.149333236	887.9006211650977	1599.565890624997	968.0819601649483	438368.1744473163	-1322401.7697453692	438368.4626703592	284249635.6884961	1588894.8411197474	-1322402.9360832747	1588890.5221865098	801.2294743321509	-0.06618610368336394	0.0	0.0	0.0	0.16889853646182645	0.0	0.0	0.0	-0.10138481598407459	284272314.7755936	0.16967735918450053
280	1870.0	nan	nan	1	1	6.000000000000838e-05	6.000000000000867e-05	5.999999999999513e-05	0.934992154601852	-5.505578631881392e-19	-4.840149548518413e-18	1.3595895242968226e-19	1.1870000000000034	1.823736474337867e-18	2.8362728832220797e-19	5.848186518386811e-19	0.9022363695631459	708.297471970908	372678.88251051726	-1459568.8615582504	473127.85139771615	240708065.0094418	1773198.0802663255	-1408436.802151799	1347800.4828099941	695.9142979893437	1599.565890624997	661.370231163805	441780.4447447138	-1315121.5787895096	441781.4390586882	285339795.2069626	1597712.2561636057	-1315122.8266094893	1597707.636965815	627.0426386712923	-0.06721714052881127	0.0	0.0	0.0	0.1714291156275342	0.0	0.0	0.0	-0.10287874273528598	285362687.25141495	0.17221987664931254
284	1900.0	nan	nan	1	1	6.000000000000838e-05	6.000000000000867e-05	5.999999999999513e-05	0.9340301665356605	-1.1188966420050406e-19	2.7789727984062206e-18	3.78386558197441e-20	1.1899999999999975	4.2816227993625055e-18	-6.179952383167375e-19	-1.3725999503666486e-19	0.900893728632643	240.73866559989827	374816.77774550987	-1453284.7169954518	477536.99463534274	241005098.70797184	1785678.097530482	-1401728.1107741129	1351849.7418947753	401.1319179811293	1599.565890624997	224.5563413687267	445435.2230450901	-1307503.44592226	445437.2134875582	286412365.3794348	1606553.924723009	-1307504.6975306934	1606548.9248541524	360.89374566193436	-0.06824654305681871	0.0	0.0	0.0	0.1739533071234363	0.0	0.0	0.0	-0.10436797657369914	286435581.45873934	0.17475586929928769
288	1930.0	nan	nan	1	1	6.000000000000838e-05	6.000000000000867e-05	5.999999999999513e-05	0.9330706801851572	4.667490352550096e-19	-2.898993978900366e-18	1.9981846038907846e-19	1.1930000000000054	1.520604388932645e-17	-5.577135975265435e-19	-3.0791341698588324e-19	0.8995572960325126	-46.78692311210302	376977.1489727111	-1446788.830891472	481996.00241866807	241286431.17108408	1798107.1036442094	-1394825.2713740007	1355821.790841175	209.8357763310261	1599.565890624997	-43.5968600279995	449129.573250141	-1299721.074355429	449132.168857418	287468012.7382554	1615327.4387075282	-1299722.1889097523	1615322.477723495	188.50572718557666	-0.06927432517865767	0.0	0.0	0.0	0.17647114311578377	0.0	0.0	0.0	-0.10585252997423006	287491421.61080647	0.17728536734777392
292	1960.0	nan	nan	1	1	6.000000000000838e-05	6.000000000000867e-05	5.999999999999513e-05	0.9321136738904497	3.664603343001005e-20	-8.379690170923215e-18	3.058534328581608e-19	1.196000000000003	8.10625438302237e-18	-3.0487765090292383e-19	1.3314002678121994e-19	0.898227036948003	-372.3638120445405	378966.92864111456	-1440219.6350393002	486257.8828427792	241552439.20859072	1810332.275750797	-1387862.097413395	1359602.2332124976	-17.162064756838138	1599.565890624997	-346.61724393001435	452633.0999024162	-1291899.3176417598	452636.2705999292	288507046.61755675	1623896.0883792487	-1291900.339399348	1623890.9702751695	-15.394637879712704	-0.07030050404038465	0.0	0.0	0.0	0.17898265552844272	0.0	0.0	0.0	-0.10733241752568475	288530679.7060556	0.17980840254682856
296	1990.0	nan	nan	1	1	6.000000000000838e-05	6.000000000000867e-05	5.999999999999513e-05	0.9311591311811726	-1.0050554138940627e-19	-1.1658642801171126e-17	1.494572694771268e-19	1.1989999999999983	-2.7552829809374124e-18	1.960237527853792e-19	6.504128832740541e-19	0.8969029147341167	-653.9545712910283	380662.87879835605	-1433624.683633232	490161.7164205557	241803637.80076438	1822286.8341719713	-1380884.5692052827	1363143.4192553314	-226.86852813467198	1599.565890624997	-608.111142982198	455796.70979688386	-1284080.8830142014	455800.47101769934	289529945.43207824	1632201.0313037676	-1284081.999836994	1632195.6252712961	-203.2034906074688	-0.07132509130445458	0.0	0.0	0.0	0.18148787604537503	0.0	0.0	0.0	-0.10880765607628635	289553770.9454491	0.18232500595968673
300	2020.0	nan	nan	1	1	6.000000000000838e-05	6.000000000000867e-05	5.999999999999513e-05	0.9302070389027494	-3.961674738262033e-19	-1.3177176363954323e-17	6.862999751833243e-19	1.201999999999981	9.276325367568727e-18	6.218983661376853e-19	-1.049832963617714e-18	0.8955848893111248	-893.3538402597629	382039.81969579874	-1426982.4188713767	493670.95558957814	242040495.89968053	1834016.442436862	-1373871.8839638503	1366482.4147922967	-419.17237650225337	1599.565890624997	-829.8742393998543	458587.54205586255	-1276246.4094060054	458591.87067980174	290537138.7228649	1640284.3290128857	-1276247.8128552611	1640278.7865441195	-374.89406551785027	-0.07234809513546711	0.0	0.0	0.0	0.1839868361129999	0.0	0.0	0.0	-0.11027826654019886	290561125.9479014	0.18483520920024726
